-1.080537758231084899e-63
-2.546267750813052851e-03
-1.010644010777199397e-02
-2.254942806888294779e-02
-3.972758132169148387e-02
-6.147791421514642307e-02
-8.762335262769939404e-02
-1.179739939413145394e-01
-1.523283726796606785e-01
-1.904747247448583258e-01
-2.321922435866164702e-01
-2.772523220564116486e-01
-3.254197741335577154e-01
-3.764540311557414975e-01
-4.301103076401240344e-01
-4.861407322388691110e-01
-5.442954398315412723e-01
-6.043236212130361773e-01
-6.659745272865474908e-01
-7.289984251137731075e-01
-7.931475036065822604e-01
-8.581767270633899880e-01
-9.238446351574582938e-01
-9.899140883714916406e-01
-1.056152958241579398e+00
-1.122334762122535023e+00
-1.188239242514828709e+00
-1.253652891299818606e+00
-1.318369419514206387e+00
-1.382190173556167023e+00
-1.444924498954244685e+00
-1.506390053045820743e+00
-1.566413068104943962e+00
-1.624828566629823001e+00
-1.681480530648887362e+00
-1.736222027031498749e+00
-1.788915290895950916e+00
-1.839431769294119778e+00
-1.887652127419875647e+00
-1.933466219638172223e+00
-1.976773027664614046e+00
-2.017480568242259409e+00
-2.055505772664656838e+00
-2.090774340482723481e+00
-2.123220569709069583e+00
-2.152787165798140112e+00
-2.179425031634886878e+00
-2.203093040709938943e+00
-2.223757795596375431e+00
-2.241393373773249209e+00
-2.255981062764997436e+00
-2.267509086484711833e+00
-2.275972324583952933e+00
-2.281372026522976881e+00
-2.283715521984062580e+00
-2.283015929157495627e+00
-2.279291862335546703e+00
-2.272567140155150600e+00
-2.262870495735364695e+00
-2.250235289861746590e+00
-2.234699228276940897e+00
-2.216304084045437772e+00
-2.195095425871032457e+00
-2.171122353158299934e+00
-2.144437238524680822e+00
-2.115095478387811312e+00
-2.083155252173612304e+00
-2.048677290614735469e+00
-2.011724653536116847e+00
-1.972362517454890218e+00
-1.930657973255772042e+00
-1.886679834140161827e+00
-1.840498453987796879e+00
-1.792185556213698128e+00
-1.741814073150332209e+00
-1.689457995935385259e+00
-1.635192234839202063e+00
-1.579092489922600873e+00
-1.521235131875602331e+00
-1.461697092850110291e+00
-1.400555767065047030e+00
-1.337888920930470071e+00
-1.273774612407756912e+00
-1.208291119295967331e+00
-1.141516876109747169e+00
-1.073530419191582430e+00
-1.004410339680683606e+00
-9.342352439421356403e-01
-8.630837210431487883e-01
-7.910343168480760134e-01
-7.181655142902407807e-01
-6.445557193665556461e-01
-5.702832523900307482e-01
-4.954263440258730444e-01
-4.200631356284312279e-01
-3.442716833890711037e-01
-2.681299657988307494e-01
-1.917158939244343330e-01
-1.151073239919140345e-01
-3.838207176858077219e-02
3.838207176858055014e-02
1.151073239919142566e-01
1.917158939244347771e-01
2.681299657988311935e-01
3.442716833890719919e-01
4.200631356284303397e-01
4.954263440258739326e-01
5.702832523900311923e-01
6.445557193665558682e-01
7.181655142902425570e-01
7.910343168480771237e-01
8.630837210431492323e-01
9.342352439421354182e-01
1.004410339680684050e+00
1.073530419191583762e+00
1.141516876109748502e+00
1.208291119295967331e+00
1.273774612407756912e+00
1.337888920930470293e+00
1.400555767065047696e+00
1.461697092850111179e+00
1.521235131875602997e+00
1.579092489922601761e+00
1.635192234839201841e+00
1.689457995935386148e+00
1.741814073150332209e+00
1.792185556213697906e+00
1.840498453987796879e+00
1.886679834140162271e+00
1.930657973255772708e+00
1.972362517454890884e+00
2.011724653536116403e+00
2.048677290614735913e+00
2.083155252173611416e+00
2.115095478387810868e+00
2.144437238524681266e+00
2.171122353158299489e+00
2.195095425871032457e+00
2.216304084045437772e+00
2.234699228276941785e+00
2.250235289861747034e+00
2.262870495735365139e+00
2.272567140155150600e+00
2.279291862335546703e+00
2.283015929157495627e+00
2.283715521984062136e+00
2.281372026522976437e+00
2.275972324583952933e+00
2.267509086484711833e+00
2.255981062764996548e+00
2.241393373773250097e+00
2.223757795596374987e+00
2.203093040709938055e+00
2.179425031634886878e+00
2.152787165798140112e+00
2.123220569709068251e+00
2.090774340482722593e+00
2.055505772664656838e+00
2.017480568242258521e+00
1.976773027664613602e+00
1.933466219638171113e+00
1.887652127419874537e+00
1.839431769294120222e+00
1.788915290895949584e+00
1.736222027031498527e+00
1.681480530648887139e+00
1.624828566629822335e+00
1.566413068104943962e+00
1.506390053045820743e+00
1.444924498954244241e+00
1.382190173556165913e+00
1.318369419514205720e+00
1.253652891299818606e+00
1.188239242514828264e+00
1.122334762122534579e+00
1.056152958241578510e+00
9.899140883714906414e-01
9.238446351574585158e-01
8.581767270633899880e-01
7.931475036065822604e-01
7.289984251137723303e-01
6.659745272865467136e-01
6.043236212130366214e-01
5.442954398315412723e-01
4.861407322388689445e-01
4.301103076401234793e-01
3.764540311557409424e-01
3.254197741335582150e-01
2.772523220564116486e-01
2.321922435866163870e-01
1.904747247448580483e-01
1.523283726796602899e-01
1.179739939413148170e-01
8.762335262769950506e-02
6.147791421514638838e-02
3.972758132169136591e-02
2.254942806888281248e-02
1.010644010777185867e-02
2.546267750813074101e-03
1.275615141162416452e-35
