-1.149646938028500376e-64
-2.415622237856322393e-03
-9.589084018196337988e-03
-2.139816675322699091e-02
-3.770536658026969051e-02
-5.835899442821355226e-02
-8.319429567222239030e-02
-1.120345825772572218e-01
-1.446923730212527071e-01
-1.809705293029537643e-01
-2.206633911740845388e-01
-2.635578975873832386e-01
-3.094346920178193683e-01
-3.580692065908072097e-01
-4.092327206353608693e-01
-4.626933896688936176e-01
-5.182172412109034010e-01
-5.755691342124196197e-01
-6.345136792742194221e-01
-6.948161172071738445e-01
-7.562431538603657799e-01
-8.185637495049294943e-01
-8.815498614120585996e-01
-9.449771386007038698e-01
-1.008625568052787580e+00
-1.072280072000039386e+00
-1.135731056175874887e+00
-1.198774909197209748e+00
-1.261214453494197363e+00
-1.322859348440057925e+00
-1.383526446548249522e+00
-1.443040103800027341e+00
-1.501232445342056465e+00
-1.557943587951299280e+00
-1.613021820803251849e+00
-1.666323746200121914e+00
-1.717714382018304509e+00
-1.767067227720094280e+00
-1.814264295843665886e+00
-1.859196110938762692e+00
-1.901761677954016516e+00
-1.941868422106265868e+00
-1.979432102273581906e+00
-2.014376699952710847e+00
-2.046634285809512122e+00
-2.076144865828266628e+00
-2.102856209033801438e+00
-2.126723658719752219e+00
-2.147709929068185364e+00
-2.165784888990874180e+00
-2.180925334961834494e+00
-2.193114754544842615e+00
-2.202343082249654582e+00
-2.208606449277033867e+00
-2.211906928636289127e+00
-2.212252277040498427e+00
-2.209655674904511979e+00
-2.204135465689794238e+00
-2.195714895758704266e+00
-2.184421855819448588e+00
-2.170288624961963730e+00
-2.153351618205056273e+00
-2.133651138396294833e+00
-2.111231133228950174e+00
-2.086138958064904791e+00
-2.058425145179110682e+00
-2.028143179970097076e+00
-1.995349284612408791e+00
-1.960102209560758091e+00
-1.922463033252241438e+00
-1.882494970292311276e+00
-1.840263188352279755e+00
-1.795834633951062909e+00
-1.749277867241628259e+00
-1.700662905873183917e+00
-1.650061077953508981e+00
-1.597544884091901984e+00
-1.543187868462081003e+00
-1.487064498785762856e+00
-1.429250055101621619e+00
-1.369820527150820144e+00
-1.308852520179111911e+00
-1.246423168926642067e+00
-1.182610059549915160e+00
-1.117491159195767025e+00
-1.051144752924610515e+00
-9.836493876595452379e-01
-9.150838228189233092e-01
-8.455269872728643499e-01
-7.750579422485142089e-01
-7.037558497947655756e-01
-6.316999464045176538e-01
-5.589695213811276542e-01
-4.856438995257317259e-01
-4.118024277131211441e-01
-3.375244649161630583e-01
-2.628893752320184962e-01
-1.879765234576880051e-01
-1.128652727577210690e-01
-3.763498396304298943e-02
3.763498396304143512e-02
1.128652727577197368e-01
1.879765234576871169e-01
2.628893752320171640e-01
3.375244649161628363e-01
4.118024277131193678e-01
4.856438995257306157e-01
5.589695213811267660e-01
6.316999464045167656e-01
7.037558497947660197e-01
7.750579422485142089e-01
8.455269872728636837e-01
9.150838228189215329e-01
9.836493876595445718e-01
1.051144752924610071e+00
1.117491159195766581e+00
1.182610059549914716e+00
1.246423168926641623e+00
1.308852520179110801e+00
1.369820527150819700e+00
1.429250055101621619e+00
1.487064498785761302e+00
1.543187868462079670e+00
1.597544884091900874e+00
1.650061077953508537e+00
1.700662905873184139e+00
1.749277867241625817e+00
1.795834633951061798e+00
1.840263188352279755e+00
1.882494970292311720e+00
1.922463033252241216e+00
1.960102209560757425e+00
1.995349284612407681e+00
2.028143179970096632e+00
2.058425145179110238e+00
2.086138958064903459e+00
2.111231133228948398e+00
2.133651138396294389e+00
2.153351618205056273e+00
2.170288624961963286e+00
2.184421855819446812e+00
2.195714895758704266e+00
2.204135465689792461e+00
2.209655674904511091e+00
2.212252277040497983e+00
2.211906928636287795e+00
2.208606449277033423e+00
2.202343082249653250e+00
2.193114754544840839e+00
2.180925334961832718e+00
2.165784888990872847e+00
2.147709929068183587e+00
2.126723658719752219e+00
2.102856209033799662e+00
2.076144865828265740e+00
2.046634285809511677e+00
2.014376699952710403e+00
1.979432102273580352e+00
1.941868422106264980e+00
1.901761677954014962e+00
1.859196110938762692e+00
1.814264295843665220e+00
1.767067227720093392e+00
1.717714382018304065e+00
1.666323746200120581e+00
1.613021820803250517e+00
1.557943587951297504e+00
1.501232445342055577e+00
1.443040103800027341e+00
1.383526446548249078e+00
1.322859348440057259e+00
1.261214453494196253e+00
1.198774909197209748e+00
1.135731056175874887e+00
1.072280072000038942e+00
1.008625568052786914e+00
9.449771386007029816e-01
8.815498614120585996e-01
8.185637495049294943e-01
7.562431538603652248e-01
6.948161172071734004e-01
6.345136792742185339e-01
5.755691342124198417e-01
5.182172412109034010e-01
4.626933896688932291e-01
4.092327206353605917e-01
3.580692065908065991e-01
3.094346920178197013e-01
2.635578975873833496e-01
2.206633911740843723e-01
1.809705293029535700e-01
1.446923730212523740e-01
1.120345825772574577e-01
8.319429567222250133e-02
5.835899442821351063e-02
3.770536658026957255e-02
2.139816675322686254e-02
9.589084018196207884e-03
2.415622237856342776e-03
1.813541358695926060e-36
