-4.162104479435586485e-62
-2.458843247205167414e-03
-9.760252306137768424e-03
-2.177909760955147600e-02
-3.837454672283929780e-02
-5.939120527857154330e-02
-8.466027793293597059e-02
-1.140007422258610403e-01
-1.472205285354035997e-01
-1.841176996508374353e-01
-2.244816238441549872e-01
-2.680941356928726593e-01
-3.147306792946064635e-01
-3.641614289124600057e-01
-4.161523824965371321e-01
-4.704664239376990520e-01
-5.268643503219687663e-01
-5.851058608649366555e-01
-6.449505046123856777e-01
-7.061585843936950546e-01
-7.684920149060580075e-01
-8.317151331880880960e-01
-8.955954601091075107e-01
-9.599044118536286252e-01
-1.024417960717843190e+00
-1.088917244855023503e+00
-1.153189126908656492e+00
-1.217026701755005158e+00
-1.280229753840016027e+00
-1.342605164838645670e+00
-1.403967272587466786e+00
-1.464138182443819325e+00
-1.522948032406817642e+00
-1.580235213497420022e+00
-1.635846547036950316e+00
-1.689637420586311167e+00
-1.741471884412263638e+00
-1.791222710433324705e+00
-1.838771415666596409e+00
-1.884008252249330218e+00
-1.926832166145813208e+00
-1.967150726672385552e+00
-2.004880028981904427e+00
-2.039944571644820126e+00
-2.072277111448133979e+00
-2.101818497506909189e+00
-2.128517486746759335e+00
-2.152330542770621413e+00
-2.173221620070362459e+00
-2.191161935484072121e+00
-2.206129728734266493e+00
-2.218110013811537051e+00
-2.227094322893210077e+00
-2.233080444408118925e+00
-2.236072156777446196e+00
-2.236078959278305689e+00
-2.233115801392151933e+00
-2.227202811914613445e+00
-2.218365029017635770e+00
-2.206632132369359844e+00
-2.192038178332349485e+00
-2.174621339177047030e+00
-2.154423647165132127e+00
-2.131490744276923976e+00
-2.105871638278487001e+00
-2.077618465747987919e+00
-2.046786262607060092e+00
-2.013432742631900751e+00
-1.977618084350488026e+00
-1.939404726666858592e+00
-1.898857173490828831e+00
-1.856041807592042181e+00
-1.811026713840609759e+00
-1.763881511943107050e+00
-1.714677198732047714e+00
-1.663486000019370081e+00
-1.610381231979657102e+00
-1.555437171986906009e+00
-1.498728938789495535e+00
-1.440332381871418876e+00
-1.380323979813963264e+00
-1.318780747440494672e+00
-1.255780151497922326e+00
-1.191400034601573399e+00
-1.125718547145507564e+00
-1.058814086857692960e+00
-9.907652456587527912e-01
-9.216507634641286639e-01
-8.515494885524004243e-01
-7.805403441069598269e-01
-7.087023005243091589e-01
-6.361143530696806714e-01
-5.628555044495000548e-01
-4.890047518603111154e-01
-4.146410780649925076e-01
-3.398434460395360901e-01
-2.646907967270413220e-01
-1.892620494300323308e-01
-1.136361043675584437e-01
-3.789184691981906106e-02
3.789184691981795083e-02
1.136361043675586657e-01
1.892620494300321088e-01
2.646907967270424322e-01
3.398434460395363121e-01
4.146410780649920635e-01
4.890047518603102272e-01
5.628555044494998327e-01
6.361143530696800052e-01
7.087023005243100471e-01
7.805403441069609372e-01
8.515494885524004243e-01
9.216507634641286639e-01
9.907652456587525691e-01
1.058814086857693848e+00
1.125718547145508452e+00
1.191400034601573399e+00
1.255780151497922992e+00
1.318780747440494672e+00
1.380323979813964375e+00
1.440332381871419987e+00
1.498728938789495535e+00
1.555437171986906009e+00
1.610381231979657102e+00
1.663486000019371414e+00
1.714677198732047714e+00
1.763881511943105718e+00
1.811026713840609981e+00
1.856041807592042181e+00
1.898857173490828387e+00
1.939404726666858814e+00
1.977618084350487138e+00
2.013432742631899863e+00
2.046786262607060536e+00
2.077618465747988363e+00
2.105871638278487001e+00
2.131490744276922644e+00
2.154423647165131683e+00
2.174621339177045698e+00
2.192038178332349929e+00
2.206632132369360733e+00
2.218365029017634882e+00
2.227202811914613001e+00
2.233115801392151933e+00
2.236078959278305245e+00
2.236072156777446640e+00
2.233080444408118925e+00
2.227094322893210077e+00
2.218110013811537495e+00
2.206129728734266493e+00
2.191161935484071677e+00
2.173221620070362459e+00
2.152330542770621857e+00
2.128517486746759335e+00
2.101818497506908745e+00
2.072277111448133091e+00
2.039944571644820570e+00
2.004880028981904427e+00
1.967150726672385552e+00
1.926832166145813208e+00
1.884008252249329551e+00
1.838771415666595743e+00
1.791222710433325593e+00
1.741471884412262972e+00
1.689637420586310057e+00
1.635846547036950316e+00
1.580235213497419355e+00
1.522948032406818308e+00
1.464138182443819325e+00
1.403967272587466786e+00
1.342605164838645670e+00
1.280229753840016027e+00
1.217026701755005380e+00
1.153189126908656492e+00
1.088917244855023503e+00
1.024417960717842746e+00
9.599044118536278480e-01
8.955954601091077327e-01
8.317151331880883181e-01
7.684920149060577854e-01
7.061585843936947215e-01
6.449505046123851226e-01
5.851058608649370996e-01
5.268643503219689883e-01
4.704664239376991075e-01
4.161523824965368545e-01
3.641614289124595616e-01
3.147306792946068521e-01
2.680941356928728259e-01
2.244816238441549039e-01
1.841176996508371855e-01
1.472205285354033222e-01
1.140007422258613179e-01
8.466027793293612325e-02
5.939120527857154330e-02
3.837454672283920759e-02
2.177909760955134763e-02
9.760252306137638320e-03
2.458843247205188230e-03
3.064046667570234375e-36
