-3.148449133972258071e-62
-2.679902635212376254e-03
-1.063551350312656914e-02
-2.372645379231765050e-02
-4.179443656301185667e-02
-6.466462878476902931e-02
-9.214703559519273057e-02
-1.240378978906003099e-01
-1.601210947752465252e-01
-2.001695428428619805e-01
-2.439465847379294339e-01
-2.912073599394424117e-01
-3.417001512220849135e-01
-3.951677007742243064e-01
-4.513484904843818035e-01
-5.099779814436715686e-01
-5.707898082470812540e-01
-6.335169242076121865e-01
-6.978926941207009849e-01
-7.636519317287926434e-01
-8.305318795344619476e-01
-8.982731290924590439e-01
-9.666204803741652585e-01
-1.035323739240101570e+00
-1.104138452475674770e+00
-1.172826580240746486e+00
-1.241157106153830680e+00
-1.308906585575769999e+00
-1.375859632975152014e+00
-1.441809349547995112e+00
-1.506557692527429770e+00
-1.569915787855142852e+00
-1.631704188095752128e+00
-1.691753077658340709e+00
-1.749902427546958128e+00
-1.806002101994653497e+00
-1.859911919444568129e+00
-1.911501670427836030e+00
-1.960651094952600149e+00
-2.007249822062658673e+00
-2.051197274249324298e+00
-2.092402539407329343e+00
-2.130784213016437612e+00
-2.166270213206118456e+00
-2.198797571322607780e+00
-2.228312200567254209e+00
-2.254768645213520273e+00
-2.278129812838754820e+00
-2.298366691926971406e+00
-2.315458057111760670e+00
-2.329390164235113581e+00
-2.340156437299508507e+00
-2.347757149288179690e+00
-2.352199098722891346e+00
-2.353495283720894449e+00
-2.351664575203590957e+00
-2.346731390799880579e+00
-2.338725370877587473e+00
-2.327681058027662342e+00
-2.313637581218405792e+00
-2.296638345731417008e+00
-2.276730729887610938e+00
-2.253965789471064962e+00
-2.228397970660787486e+00
-2.200084832186127493e+00
-2.169086777330675009e+00
-2.135466796322294858e+00
-2.099290219563579196e+00
-2.060624482077491049e+00
-2.019538899467501647e+00
-1.976104455620009359e+00
-1.930393602309326662e+00
-1.882480070801951122e+00
-1.832438695497249803e+00
-1.780345249585843614e+00
-1.726276292654963962e+00
-1.670309030121591043e+00
-1.612521184329310797e+00
-1.552990877103298528e+00
-1.491796523519494544e+00
-1.429016736608918370e+00
-1.364730242685734840e+00
-1.299015806958238484e+00
-1.231952169055071877e+00
-1.163617988074583387e+00
-1.094091796743182687e+00
-1.023451964248650814e+00
-9.517766672964063090e-01
-8.791438689207899948e-01
-8.056313045690439711e-01
-7.313164749630092221e-01
-6.562766452323198774e-01
-5.805888498029723177e-01
-5.043299025165246530e-01
-4.275764114476841016e-01
-3.504047978815425513e-01
-2.728913189062975864e-01
-1.951120930726017999e-01
-1.171431285669584099e-01
-3.906035334353674671e-02
3.906035334353630262e-02
1.171431285669581879e-01
1.951120930726017999e-01
2.728913189062980305e-01
3.504047978815434394e-01
4.275764114476827693e-01
5.043299025165248750e-01
5.805888498029723177e-01
6.562766452323198774e-01
7.313164749630103323e-01
8.056313045690453034e-01
8.791438689207899948e-01
9.517766672964069752e-01
1.023451964248650814e+00
1.094091796743183576e+00
1.163617988074583609e+00
1.231952169055071877e+00
1.299015806958238928e+00
1.364730242685735062e+00
1.429016736608918592e+00
1.491796523519495432e+00
1.552990877103298528e+00
1.612521184329310797e+00
1.670309030121590599e+00
1.726276292654964184e+00
1.780345249585844503e+00
1.832438695497250025e+00
1.882480070801951566e+00
1.930393602309327106e+00
1.976104455620010469e+00
2.019538899467501647e+00
2.060624482077491493e+00
2.099290219563580084e+00
2.135466796322294858e+00
2.169086777330675453e+00
2.200084832186128381e+00
2.228397970660787486e+00
2.253965789471064518e+00
2.276730729887610938e+00
2.296638345731417896e+00
2.313637581218406236e+00
2.327681058027661454e+00
2.338725370877587917e+00
2.346731390799881467e+00
2.351664575203591401e+00
2.353495283720894449e+00
2.352199098722892234e+00
2.347757149288179690e+00
2.340156437299509395e+00
2.329390164235113136e+00
2.315458057111760670e+00
2.298366691926972294e+00
2.278129812838754820e+00
2.254768645213520273e+00
2.228312200567254209e+00
2.198797571322608668e+00
2.166270213206118012e+00
2.130784213016437167e+00
2.092402539407329343e+00
2.051197274249324298e+00
2.007249822062658229e+00
1.960651094952599038e+00
1.911501670427836475e+00
1.859911919444568129e+00
1.806002101994653497e+00
1.749902427546958128e+00
1.691753077658340709e+00
1.631704188095752572e+00
1.569915787855143297e+00
1.506557692527429104e+00
1.441809349547994445e+00
1.375859632975151348e+00
1.308906585575770665e+00
1.241157106153830680e+00
1.172826580240746486e+00
1.104138452475674548e+00
1.035323739240100904e+00
9.666204803741658136e-01
8.982731290924594880e-01
8.305318795344619476e-01
7.636519317287921993e-01
6.978926941207002077e-01
6.335169242076127416e-01
5.707898082470815870e-01
5.099779814436714576e-01
4.513484904843814149e-01
3.951677007742239178e-01
3.417001512220853021e-01
2.912073599394427448e-01
2.439465847379293506e-01
2.001695428428618140e-01
1.601210947752461922e-01
1.240378978906005597e-01
9.214703559519286935e-02
6.466462878476902931e-02
4.179443656301177340e-02
2.372645379231751173e-02
1.063551350312643383e-02
2.679902635212400974e-03
1.118580856915658311e-34
