-8.990367646389417766e-01
-8.990367108339227809e-01
-8.990359090119061092e-01
-8.990324665314097796e-01
-8.990232938732217738e-01
-8.990041679392800633e-01
-8.989698017505824978e-01
-8.989139193528710159e-01
-8.988293349549038025e-01
-8.987080353058298776e-01
-8.985412643696039092e-01
-8.983196093939903593e-01
-8.980330875205984054e-01
-8.976712321340563072e-01
-8.972231782034759684e-01
-8.966777459277414097e-01
-8.960235220533062650e-01
-8.952489383035108217e-01
-8.943423464173669846e-01
-8.932920902630522297e-01
-8.920865753968363343e-01
-8.907143324242993154e-01
-8.891640752112123236e-01
-8.874247549364446819e-01
-8.854856099354748711e-01
-8.833362113068616850e-01
-8.809665042691950942e-01
-8.783668452823151229e-01
-8.755280349682341701e-01
-8.724413468883650546e-01
-8.690985522531579077e-01
-8.654919406583745367e-01
-8.616143369588454837e-01
-8.574591144056985526e-01
-8.530202041866880025e-01
-8.482921015214189842e-01
-8.432698684739149408e-01
-8.379491336543426483e-01
-8.323260889890331526e-01
-8.263974837462377820e-01
-8.201606160031970072e-01
-8.136133217699113018e-01
-8.067539618905421595e-01
-7.995814073567730773e-01
-7.920950254268417368e-01
-7.842946663912786498e-01
-7.761806489676690290e-01
-7.677537430323316814e-01
-7.590151514950506106e-01
-7.499664919762017989e-01
-7.406097783456631056e-01
-7.309474022324907727e-01
-7.209821145870007886e-01
-7.107170073734677684e-01
-7.001554954624888971e-01
-6.893012987850464235e-01
-6.781584248033225570e-01
-6.667311513469083017e-01
-6.550240098570416780e-01
-6.430417690759223648e-01
-6.307894192129632760e-01
-6.182721566150192194e-01
-6.054953689631867864e-01
-5.924646210146486958e-01
-5.791856409042501763e-01
-5.656643070170087606e-01
-5.519066354395665286e-01
-5.379187679956674017e-01
-5.237069608680844368e-01
-5.092775738069907909e-01
-4.946370599225811127e-01
-4.797919560577579290e-01
-4.647488737349226851e-01
-4.495144906693063214e-01
-4.340955428398512450e-01
-4.184988171073956154e-01
-4.027311443687915937e-01
-3.867993932346165398e-01
-3.707104642172885933e-01
-3.544712844156641118e-01
-3.380888026815737080e-01
-3.215699852532346581e-01
-3.049218118400329747e-01
-2.881512721428358681e-01
-2.712653627936877365e-01
-2.542710846986241391e-01
-2.371754407668880127e-01
-2.199854340108445827e-01
-2.027080659966831178e-01
-1.853503356533936497e-01
-1.679192386436622053e-01
-1.504217672290342200e-01
-1.328649099661717292e-01
-1.152556515090976674e-01
-9.760097266315470588e-02
-7.990785069854910994e-02
-6.218325968561932982e-02
-4.443417086917789138e-02
-2.666755314010427202e-02
-8.890373587685851398e-03
8.890401889421695181e-03
2.666780793517253834e-02
4.443487907272392068e-02
6.218464904728304710e-02
7.991015019685532295e-02
9.760441287256738097e-02
1.152604649302774176e-01
1.328713313152286579e-01
1.504300337615770422e-01
1.679295906286851769e-01
1.853630168961620805e-01
2.027233243397129625e-01
2.200035219099550909e-01
2.371966163364341851e-01
2.542956129791719144e-01
2.712935169501343724e-01
2.881833345270762292e-01
3.049580748822534604e-01
3.216107521484962151e-01
3.381343878451444906e-01
3.545220136862127225e-01
3.707666747932624185e-01
3.868614333345202771e-01
4.027993726144306619e-01
4.185736016267836979e-01
4.341772601241965512e-01
4.496035240519055121e-01
4.648456107256752068e-01
4.798967847957861244e-01
4.947503652114743078e-01
5.093997315230222034e-01
5.238383315816709240e-01
5.380596910960874224e-01
5.520574239736270039e-01
5.658252432748706040e-01
5.793569727993505003e-01
5.926465592845108210e-01
6.056880852066063303e-01
6.184757821672309808e-01
6.310040448470547458e-01
6.432674455051822227e-01
6.552607489993950152e-01
6.669789282990686852e-01
6.784171804588788879e-01
6.895709430174833399e-01
7.004359107811793939e-01
7.110080529481034306e-01
7.212836305238247148e-01
7.312592139742043473e-01
7.409317010561381478e-01
7.502983347612434128e-01
7.593567213017115014e-01
7.681048480614195428e-01
7.765411014289408387e-01
7.846642844223662427e-01
7.924736340087846775e-01
7.999688380139818866e-01
8.071500515099704343e-01
8.140179125609813271e-01
8.205735571964983821e-01
8.268186334852557495e-01
8.327553145229923404e-01
8.383863103025720465e-01
8.437148768361487639e-01
8.487448201969006734e-01
8.534805021451238316e-01
8.579268426154383897e-01
8.620893168792934658e-01
8.659739557814901678e-01
8.695873440559444001e-01
8.729366144902609426e-01
8.760294379800243059e-01
8.788740092345105337e-01
8.814790280055878613e-01
8.838536757130152077e-01
8.860075873731664275e-01
8.879508187665360319e-01
8.896938088122233745e-01
8.912473371522106058e-01
8.926224769852014740e-01
8.938305432287584340e-01
8.948830361293452773e-01
8.957915804824260197e-01
8.965678606687771390e-01
8.972235517583971864e-01
8.977702469795495466e-01
8.982193818972638022e-01
8.985821556928047515e-01
8.988694499824062545e-01
8.990917456614530012e-01
8.992590383017721178e-01
8.993807526878557779e-01
8.994656569631119813e-01
8.995217767490418792e-01
8.995563104394862508e-01
8.995755465821638763e-01
8.995847845639614038e-01
8.995882595584087094e-01
8.995890726717724606e-01
8.995891274887556355e-01
