-1.173444007947225254e-01
-1.173443953084429697e-01
-1.173443134118865444e-01
-1.173439609831428837e-01
-1.173430194778673497e-01
-1.173410508462783552e-01
-1.173375030156634941e-01
-1.173317158613271793e-01
-1.173229276038357527e-01
-1.173102815683837730e-01
-1.172928332442878530e-01
-1.172695575839597659e-01
-1.172393564826283152e-01
-1.172010663821560356e-01
-1.171534659446211157e-01
-1.170952837438028055e-01
-1.170252059254938831e-01
-1.169418837899214442e-01
-1.168439412541492639e-01
-1.167299821492266965e-01
-1.165985973428581846e-01
-1.164483717323470113e-01
-1.162778909228630725e-01
-1.160857475521122617e-01
-1.158705473466365987e-01
-1.156309148896059597e-01
-1.153654990594290969e-01
-1.150729781487242337e-01
-1.147520646595521360e-01
-1.144015097664524694e-01
-1.140201074418150801e-01
-1.136066982395532582e-01
-1.131601727348309494e-01
-1.126794746192141539e-01
-1.121636034521985847e-01
-1.116116170715742151e-01
-1.110226336665246227e-01
-1.103958335187230078e-01
-1.097304604179726584e-01
-1.090258227601483415e-01
-1.082812943363104796e-01
-1.074963148229441945e-01
-1.066703899840846792e-01
-1.058030915975128466e-01
-1.048940571159283491e-01
-1.039429890823960478e-01
-1.029496542919595831e-01
-1.019138828500569943e-01
-1.008355675672240603e-01
-9.971466307748108604e-02
-9.855118449872987685e-02
-9.734520595411573496e-02
-9.609685901796019558e-02
-9.480633108835971601e-02
-9.347386369905943959e-02
-9.209975077974083546e-02
-9.068433687415555777e-02
-8.922801532484016251e-02
-8.773122643273074950e-02
-8.619445559952232383e-02
-8.461823146017569131e-02
-8.300312401254023031e-02
-8.134974275064132954e-02
-7.965873480777341253e-02
-7.793078311514399503e-02
-7.616660458143273416e-02
-7.436694829825776787e-02
-7.253259377618451187e-02
-7.066434921556535853e-02
-6.876304981616424006e-02
-6.682955612919730393e-02
-6.486475245511100218e-02
-6.286954529011194726e-02
-6.084486182420064532e-02
-5.879164849308595592e-02
-5.671086958631001845e-02
-5.460350590855396480e-02
-5.247055348602652769e-02
-5.031302233160486748e-02
-4.813193526995936111e-02
-4.592832682046285586e-02
-4.370324213769566368e-02
-4.145773600927524227e-02
-3.919287190987433278e-02
-3.690972111252199817e-02
-3.460936184986759812e-02
-3.229287858562800151e-02
-2.996136152997368185e-02
-2.761590613054126786e-02
-2.525761252046307415e-02
-2.288758499876128449e-02
-2.050693154715184374e-02
-1.811676337958843808e-02
-1.571819452178416232e-02
-1.331234141760848089e-02
-1.090032255926172422e-02
-8.483258138053825781e-03
-6.062269712567985858e-03
-3.638479890948981277e-03
-1.213012024020646007e-03
1.213010094087557666e-03
3.638462521143942530e-03
6.062221461197156436e-03
8.483163561491285920e-03
1.090016621526085361e-02
1.331210787374204063e-02
1.571786837071667553e-02
1.811632926287728984e-02
2.050637418926695710e-02
2.288688925300427779e-02
2.525676342845176170e-02
2.761488899692643439e-02
2.996016201398399303e-02
3.229148281122831698e-02
3.460775653551528830e-02
3.690789372832123383e-02
3.919081094794296671e-02
4.145543143708038669e-02
4.370068583822639408e-02
4.592551295915442422e-02
4.812886059064261368e-02
5.030968637841892743e-02
5.246695875112888929e-02
5.459965790598200752e-02
5.670677685353575637e-02
5.878732252687396409e-02
6.084031695559447006e-02
6.286479848449358365e-02
6.485982305055007502e-02
6.682446552495788228e-02
6.875782111918904427e-02
7.065900685417406124e-02
7.252716309125578631e-02
7.436145512331054919e-02
7.616107482410477969e-02
7.792524235360179241e-02
7.965320791662267030e-02
8.134425357167990311e-02
8.299769508714036070e-02
8.461288383864495888e-02
8.618920874191027259e-02
8.772609794294430885e-02
8.922302008601651346e-02
9.067948624916688516e-02
9.209505212817831188e-02
9.346932017404094295e-02
9.480194168400676857e-02
9.609261882943018196e-02
9.734110660988357089e-02
9.854721472110017366e-02
9.971080932460518742e-02
1.008318147066551984e-01
1.019102148140602349e-01
1.029460546544178623e-01
1.039394415482932377e-01
1.048905462209291928e-01
1.057996037211595131e-01
1.066669141553377720e-01
1.074928432242749921e-01
1.082778225514096082e-01
1.090223497907091277e-01
1.097269885031279257e-01
1.103923677908158207e-01
1.110191816786956220e-01
1.116081882334938602e-01
1.121602084108297981e-01
1.126761246215328416e-01
1.131568790089707843e-01
1.136034714298495285e-01
1.140169571315981789e-01
1.143984441204273506e-01
1.147490902141453106e-01
1.150700997776808732e-01
1.153627201175006778e-01
1.156282373051974455e-01
1.158679714148014017e-01
1.160832718209173775e-01
1.162755122443167866e-01
1.164460854130162926e-01
1.165963973703766643e-01
1.167278614437295969e-01
1.168418918963200492e-01
1.169398972867808917e-01
1.170232735640289179e-01
1.170933969281496845e-01
1.171516164922634107e-01
1.171992467765569923e-01
1.172375600421313446e-01
1.172677785316690313e-01
1.172910667294334297e-01
1.173085236529555209e-01
1.173211752165793098e-01
1.173299667239282584e-01
1.173357555459956236e-01
1.173393040443613533e-01
1.173412728007712236e-01
1.173422142156266001e-01
1.173425665403359242e-01
1.173426484051154906e-01
1.173426539204370789e-01
