-4.613195240087035187e-01
-4.613194979847868304e-01
-4.613191100037348780e-01
-4.613174432929297852e-01
-4.613129993259618145e-01
-4.613037265828142663e-01
-4.612870523010415003e-01
-4.612599167007485623e-01
-4.612188092617080515e-01
-4.611598066216656688e-01
-4.610786116855752903e-01
-4.609705935508225383e-01
-4.608308278727218377e-01
-4.606541373149337648e-01
-4.604351317511585218e-01
-4.601682479078594845e-01
-4.598477881597995420e-01
-4.594679582212412572e-01
-4.590229034806228015e-01
-4.585067439871833295e-01
-4.579136084002454199e-01
-4.572376658682699158e-01
-4.564731553654075569e-01
-4.556144130363919409e-01
-4.546558976874134905e-01
-4.535922143807579188e-01
-4.524181361135453661e-01
-4.511286235676077450e-01
-4.497188429290958078e-01
-4.481841817860536259e-01
-4.465202631217127793e-01
-4.447229574301393429e-01
-4.427883929892242332e-01
-4.407129643337912572e-01
-4.384933389788086000e-01
-4.361264624493113029e-01
-4.336095616796871721e-01
-4.309401468503905042e-01
-4.281160117351163752e-01
-4.251352326353201039e-01
-4.219961659841917623e-01
-4.186974446995837540e-01
-4.152379733893214464e-01
-4.116169224459166331e-01
-4.078337217191869701e-01
-4.038880550310179340e-01
-3.997798531511783104e-01
-3.955092860761661999e-01
-3.910767557504579717e-01
-3.864828875861340274e-01
-3.817285214729440046e-01
-3.768147027166822705e-01
-3.717426729218706871e-01
-3.665138608720069358e-01
-3.611298734436029223e-01
-3.555924865901429754e-01
-3.499036364277211542e-01
-3.440654104511481348e-01
-3.380800389062202371e-01
-3.319498863410098588e-01
-3.256774433563671689e-01
-3.192653185733186350e-01
-3.127162308327103291e-01
-3.060330016402624254e-01
-2.992185478681599342e-01
-2.922758747224173947e-01
-2.852080689834889382e-01
-2.780182925259671034e-01
-2.707097761217038823e-01
-2.632858135292895918e-01
-2.557497558715463026e-01
-2.481050063015068641e-01
-2.403550149562703186e-01
-2.325032741971365946e-01
-2.245533141335166738e-01
-2.165086984272996673e-01
-2.083730203736111619e-01
-2.001498992532304566e-01
-1.918429769513311789e-01
-1.834559148366701753e-01
-1.749923908948716189e-01
-1.664560971090292552e-01
-1.578507370804750343e-01
-1.491800238822366120e-01
-1.404476781374337513e-01
-1.316574263145738888e-01
-1.228129992316946417e-01
-1.139181307603995830e-01
-1.049765567234228203e-01
-9.599201396906220651e-02
-8.696823965792138678e-02
-7.790897093996251854e-02
-6.881794478766550816e-02
-5.969889769399688850e-02
-5.055556542986355817e-02
-4.139168290550626628e-02
-3.221098411555706198e-02
-2.301720216028535493e-02
-1.381406933217760313e-02
-4.605317257881103021e-03
4.605322914462972594e-03
1.381412029311218648e-02
2.301734399248100971e-02
3.221126286349001999e-02
4.139214525543205569e-02
5.055625883016884314e-02
5.969987043092489509e-02
6.881924601594729962e-02
7.791065066883290369e-02
8.697034869705805304e-02
9.599460383032382138e-02
1.049796795302967989e-01
1.139218394233249554e-01
1.228173478676765629e-01
1.316624706668289568e-01
1.404534759402782940e-01
1.491866351632812893e-01
1.578582243868647539e-01
1.664645256493248460e-01
1.750018285903174875e-01
1.834664322784784196e-01
1.918546472633204103e-01
2.001627978619228698e-01
2.083872246906803283e-01
2.165242874519581195e-01
2.245703679855464707e-01
2.325218735928086811e-01
2.403752406468265268e-01
2.481269384605891415e-01
2.557734730635034537e-01
2.633113909244681472e-01
2.707372836536776073e-01
2.780477932095821170e-01
2.852396173972901461e-01
2.923095156814463080e-01
2.992543153022709235e-01
3.060709176919391150e-01
3.127563051846262154e-01
3.193075480128664823e-01
3.257218115812005599e-01
3.319963640065266008e-01
3.381285839128307935e-01
3.441159684661200813e-01
3.499561416333801245e-01
3.556468626472580330e-01
3.611860346558884438e-01
3.665717135348564581e-01
3.718021168357070194e-01
3.768756328426859370e-01
3.817908297063938305e-01
3.865464646203205512e-01
3.911414930015724711e-01
3.955750776388539669e-01
3.998465977477379529e-01
4.039556578935908360e-01
4.079020952959099833e-01
4.116859842785694501e-01
4.153076435409926437e-01
4.187676442540995692e-01
4.220668174076324664e-01
4.252062603693545495e-01
4.281873425465975713e-01
4.310117100711509663e-01
4.336812894182801581e-01
4.361982898818354548e-01
4.385652047962405597e-01
4.407848115145515666e-01
4.428601695546927064e-01
4.447946152352394988e-01
4.465917555439368747e-01
4.482554621867886335e-01
4.497898640216224098e-01
4.511993374972616544e-01
4.524884951064420124e-01
4.536621718006293436e-01
4.547254093446594925e-01
4.556834385958114519e-01
4.565416597057543879e-01
4.573056202565927708e-01
4.579809913562791768e-01
4.585735417326357033e-01
4.590891098819422367e-01
4.595335743371579684e-01
4.599128221605277012e-01
4.602327156562682764e-01
4.604990569633711783e-01
4.607175510325006162e-01
4.608937676132995320e-01
4.610331022393578393e-01
4.611407364055308267e-01
4.612215972356195626e-01
4.612803169455666485e-01
4.613211924336721448e-01
4.613481453491999340e-01
4.613646830105445074e-01
4.613738605624880251e-01
4.613782447765145123e-01
4.613798799184608002e-01
4.613802560956567489e-01
4.613802805929407280e-01
