-6.793058903535377224e-01
-6.793058515721493995e-01
-6.793052734561071393e-01
-6.793027903015926849e-01
-6.792961704676830914e-01
-6.792823598614520231e-01
-6.792575299008862810e-01
-6.792171291674617972e-01
-6.791559381053356992e-01
-6.790681261104144495e-01
-6.789473103847339930e-01
-6.787866159556227297e-01
-6.785787362891340102e-01
-6.783159939590125420e-01
-6.779904008662168691e-01
-6.775937175406624435e-01
-6.771175110901445082e-01
-6.765532114131155295e-01
-6.758921652861802354e-01
-6.751256883942642339e-01
-6.742451158676369127e-01
-6.732418494063198144e-01
-6.721074005221161496e-01
-6.708334308555102821e-01
-6.694117896908254872e-01
-6.678345485980664575e-01
-6.660940331806574077e-01
-6.641828519153092358e-01
-6.620939220883091947e-01
-6.598204928466570029e-01
-6.573561653966413232e-01
-6.546949103955490568e-01
-6.518310825944988451e-01
-6.487594328017840528e-01
-6.454751172466144382e-01
-6.419737044327372688e-01
-6.382511795801124599e-01
-6.343039467605500192e-01
-6.301288288402520088e-01
-6.257230653475612803e-01
-6.210843083916228746e-01
-6.162106167532991341e-01
-6.111004483051601932e-01
-6.057526508118699082e-01
-6.001664520143348280e-01
-5.943414508185977940e-01
-5.882776072101633114e-01
-5.819752318509788802e-01
-5.754349738574924267e-01
-5.686578076755952615e-01
-5.616450197783400267e-01
-5.543981952429601900e-01
-5.469192042847436097e-01
-5.392101888067901694e-01
-5.312735490223231549e-01
-5.231119301999431759e-01
-5.147282095773928479e-01
-5.061254834845743122e-01
-4.973070547121172247e-01
-4.882764201576019758e-01
-4.790372587776294822e-01
-4.695934198702721440e-01
-4.599489117090287404e-01
-4.501078905462312929e-01
-4.400746500008958506e-01
-4.298536108432792213e-01
-4.194493111858599854e-01
-4.088663970881253884e-01
-3.981096135803868230e-01
-3.871837961098556491e-01
-3.760938624103967731e-01
-3.648448047957030260e-01
-3.534416828741175909e-01
-3.418896166819462290e-01
-3.301937802308441139e-01
-3.183593954637343182e-01
-3.063917266126888195e-01
-2.942960749512928964e-01
-2.820777739331993827e-01
-2.697421847078531054e-01
-2.572946920037307850e-01
-2.447407003688855665e-01
-2.320856307580935751e-01
-2.193349174554927172e-01
-2.064940053212345750e-01
-1.935683473503913565e-01
-1.805634025320599911e-01
-1.674846339965881947e-01
-1.543375074379914613e-01
-1.411274898011328771e-01
-1.278600482133326333e-01
-1.145406491912885905e-01
-1.011747583120156113e-01
-8.776784011243843331e-02
-7.432535783620242142e-02
-6.085277326336613335e-02
-4.735554668039132498e-02
-3.383913696283813444e-02
-2.030900175951944053e-02
-6.770597762225327720e-03
6.770618970201369713e-03
2.030919268588093907e-02
3.383966761869972029e-02
4.735658768022665832e-02
6.085449618197846799e-02
7.432793560509642905e-02
8.777144743456344322e-02
1.011795720750923167e-01
1.145468488658453188e-01
1.278678162111606120e-01
1.411370118444830180e-01
1.543489732427156813e-01
1.674982382082185195e-01
1.805793456356782345e-01
1.935868364810736653e-01
2.065152549499250645e-01
2.193591499219756935e-01
2.321130766293864056e-01
2.447715986054200821e-01
2.573292899204685513e-01
2.697807377220979852e-01
2.821205450955746041e-01
2.943433342610701775e-01
3.064437501234041905e-01
3.184164641898350467e-01
3.302561788708174850e-01
3.419576321785574580e-01
3.535156028358784619e-01
3.649249158134807436e-01
3.761804482603915423e-01
3.872771352455529614e-01
3.982099752844948659e-01
4.089740375230402902e-01
4.195644697629078435e-01
4.299765069264301909e-01
4.402054799972671129e-01
4.502468254177584006e-01
4.600960949380034082e-01
4.697489659053354361e-01
4.792012519818201755e-01
4.884489142746942791e-01
4.974880728621510206e-01
5.063150186940804653e-01
5.149262258443679796e-01
5.233183640881796661e-01
5.314883117741374674e-01
5.394331689579404676e-01
5.471502707589107617e-01
5.546372009011634185e-01
5.618918053803422241e-01
5.689122062531631885e-01
5.756968151826834523e-01
5.822443444506236743e-01
5.885538163494351549e-01
5.946245764067609185e-01
6.004563071151290954e-01
6.060490408755278002e-01
6.114031722147591497e-01
6.165194691162364515e-01
6.213990833626902299e-01
6.260435597709731459e-01
6.304548442019831667e-01
6.346352902261548357e-01
6.385876643251297002e-01
6.423151495070814621e-01
6.458213472230142083e-01
6.491102774351978910e-01
6.521863767822227986e-01
6.550544931306599983e-01
6.577198746481628389e-01
6.601881603190621339e-01
6.624653697352632653e-01
6.645578900458503080e-01
6.664724599805434968e-01
6.682161508598946087e-01
6.697963445430455964e-01
6.712207082739986008e-01
6.724971664058568832e-01
6.736338690022690701e-01
6.746391573282127796e-01
6.755215262877237725e-01
6.762895837455699111e-01
6.769520060221628777e-01
6.775174898835657489e-01
6.779947026365656937e-01
6.783922298231254144e-01
6.787185205312259439e-01
6.789818306860374575e-01
6.791901646659820324e-01
6.793512156412845338e-01
6.794723050651908514e-01
6.795603217849114364e-01
6.796216612734485851e-01
6.796621655162745634e-01
6.796870641172158001e-01
6.797009172166769142e-01
6.797075608379720135e-01
6.797100553089671093e-01
6.797106373887090713e-01
6.797106768757902318e-01
