-8.986856092863865220e-01
-8.986855554967222437e-01
-8.986847539037631227e-01
-8.986813124085074600e-01
-8.986721423812841225e-01
-8.986530219466297709e-01
-8.986186656658848859e-01
-8.985627994264211438e-01
-8.984782395624481000e-01
-8.983569752140575515e-01
-8.981902529825771531e-01
-8.979686629799230602e-01
-8.976822254185234939e-01
-8.973204769400555669e-01
-8.968725559362729083e-01
-8.963272861735795960e-01
-8.956732580901692886e-01
-8.948989072047996984e-01
-8.939925891355388066e-01
-8.929426516942611247e-01
-8.917375044254615135e-01
-8.903656819475769257e-01
-8.888159021459922648e-01
-8.870771202089920981e-01
-8.851385784549800073e-01
-8.829898519234120613e-01
-8.806208897169803818e-01
-8.780220521088637486e-01
-8.751841434505075457e-01
-8.720984409365509782e-01
-8.687567193030234503e-01
-8.651512715530497166e-01
-8.612749258209184688e-01
-8.571210585005080151e-01
-8.526836037776994726e-01
-8.479570597185720482e-01
-8.429364910758201379e-01
-8.376175289852032524e-01
-8.319963677311483785e-01
-8.260697587689473931e-01
-8.198350021890550288e-01
-8.132899358390540678e-01
-8.064329222234686290e-01
-7.992628338191367643e-01
-7.917790392034287361e-01
-7.839813898142811155e-01
-7.758702053471429050e-01
-7.674462564872555070e-01
-7.587107467868818844e-01
-7.496652943462117635e-01
-7.403119133561099074e-01
-7.306529956119184321e-01
-7.206912920798467237e-01
-7.104298945941563970e-01
-6.998722177541490952e-01
-6.890219810829719682e-01
-6.778831915032658140e-01
-6.664601261782763242e-01
-6.547573157610436789e-01
-6.427795280886942075e-01
-6.305317523536805302e-01
-6.180191837789910103e-01
-6.052472088199060130e-01
-5.922213909107636454e-01
-5.789474567714038011e-01
-5.654312832844867742e-01
-5.516788849516762738e-01
-5.376964019337666656e-01
-5.234900886771671757e-01
-5.090663031267272931e-01
-4.944314965227060710e-01
-4.795922037776922386e-01
-4.645550344275066190e-01
-4.493266641485218482e-01
-4.339138268324020387e-01
-4.183233072080133064e-01
-4.025619339991314827e-01
-3.866365736056049940e-01
-3.705541242947817393e-01
-3.543215108892752152e-01
-3.379456799365286868e-01
-3.214335953451096239e-01
-3.047922344722325816e-01
-2.880285846466669186e-01
-2.711496401108857146e-01
-2.541623993661941139e-01
-2.370738629040985979e-01
-2.198910313083105583e-01
-2.026209037071080576e-01
-1.852704765852999369e-01
-1.678467431614696359e-01
-1.503566932498462405e-01
-1.328073129544600217e-01
-1.152055844725585754e-01
-9.755848615062545637e-02
-7.987299279969262145e-02
-6.215607603004236204e-02
-4.441470462574281797e-02
-2.665584501664208794e-02
-8.886461830914793580e-03
8.886481493881381866e-03
2.665602206281025843e-02
4.441519686029538061e-02
6.215704209322048257e-02
7.987459256203954805e-02
9.756088108156335537e-02
1.152089379731321417e-01
1.328117906499240997e-01
1.503624633172270242e-01
1.678539768095596019e-01
1.852793485866196521e-01
2.026315929101153435e-01
2.199037212236355510e-01
2.370887427577840212e-01
2.541796653829052621e-01
2.711694967317878069e-01
2.880512456147931166e-01
3.048179237498970240e-01
3.214625478301323946e-01
3.379781419509254592e-01
3.543577404196883718e-01
3.705943909701446826e-01
3.866811584028987392e-01
4.026111286764949559e-01
4.183774134618728491e-01
4.339731552137521264e-01
4.493915326013847578e-01
4.646257656778104428e-01
4.796691218649570265e-01
4.945149229011264191e-01
5.091565511118031351e-01
5.235874571731639060e-01
5.378011696826797694e-01
5.517913054967044095e-01
5.655515806842524862e-01
5.790758221106232506e-01
5.923579796340879833e-01
6.053921389040682888e-01
6.181725347445982122e-01
6.306935651046589042e-01
6.429498055538286350e-01
6.549360242985350355e-01
6.666471976907270003e-01
6.780785261971057354e-01
6.892254507931231400e-01
7.000836697417743837e-01
7.106491557127704306e-01
7.209181731929629189e-01
7.308872961339104579e-01
7.405534257772227180e-01
7.499138085927506969e-01
7.589660542588606562e-01
7.677081536078843582e-01
7.761384964533931674e-01
7.842558892091991973e-01
7.920595722029278862e-01
7.995492365797028933e-01
8.067250406835410059e-01
8.135876257970323655e-01
8.201381311079479763e-01
8.263782077762976686e-01
8.323100319158646121e-01
8.379363164515741813e-01
8.432603201919989244e-01
8.482858518856012386e-01
8.530172758339867878e-01
8.574595140712996111e-01
8.616180437289800986e-01
8.654988974276133229e-01
8.691086615581030683e-01
8.724544703977393789e-01
8.755439961182637232e-01
8.783854344461891062e-01
8.809874858479854742e-01
8.833593321135727594e-01
8.855106082455371785e-01
8.874513695897582322e-01
8.891920541759784635e-01
8.907434402714377031e-01
8.921165991876266466e-01
8.933228434191594625e-01
8.943736702345991274e-01
8.952807008815771850e-01
8.960556156125286664e-01
8.967100847825252297e-01
8.972556963168217825e-01
8.977038798924464880e-01
8.980658282253161095e-01
8.983524159010928267e-01
8.985741162357706591e-01
8.987409166936669580e-01
8.988622334473220787e-01
8.989468255481923853e-01
8.990027090714155511e-01
8.990370724310984274e-01
8.990561938052988866e-01
8.990653618773957190e-01
8.990688008449826407e-01
8.990696006345074709e-01
8.990696535229522057e-01
