-8.109468338456188308e-01
-8.109467853115350788e-01
-8.109460620367567874e-01
-8.109429567757555635e-01
-8.109346826311381040e-01
-8.109174301404086238e-01
-8.108864301371200289e-01
-8.108360213118263049e-01
-8.107597215931278134e-01
-8.106503024525896217e-01
-8.104998652836654660e-01
-8.102999190404744922e-01
-8.100414583663597679e-01
-8.097150414887430703e-01
-8.093108672064549536e-01
-8.088188503482728331e-01
-8.082286951333083058e-01
-8.075299659259826957e-01
-8.067121549371530920e-01
-8.057647472883395778e-01
-8.046772837437869974e-01
-8.034394178887471760e-01
-8.020409686544286432e-01
-8.004719690864664505e-01
-7.987227113167779669e-01
-7.967837877122903034e-01
-7.946461281895110806e-01
-7.923010337071596521e-01
-7.897402059687513853e-01
-7.869557733861078930e-01
-7.839403133723920059e-01
-7.806868710496286390e-01
-7.771889744706848013e-01
-7.734406464693597272e-01
-7.694364132645538090e-01
-7.651713099554796615e-01
-7.606408830544892918e-01
-7.558411902125865556e-01
-7.507687972991921033e-01
-7.454207730056594539e-01
-7.397946811387557942e-01
-7.338885708032134580e-01
-7.277009645649950009e-01
-7.212308452517512958e-01
-7.144776436083848381e-01
-7.074412260725913004e-01
-7.001218815670562368e-01
-6.925203060241125197e-01
-6.846375860400505386e-01
-6.764751823359738125e-01
-6.680349130959858384e-01
-6.593189372781217417e-01
-6.503297379725305749e-01
-6.410701058773189409e-01
-6.315431229544603564e-01
-6.217521463217803301e-01
-6.117007924307422684e-01
-6.013929215739739487e-01
-5.908326227610476433e-01
-5.800241989959900035e-01
-5.689721529853097870e-01
-5.576811733009869876e-01
-5.461561210188461413e-01
-5.344020168490226652e-01
-5.224240287718060483e-01
-5.102274601890054440e-01
-4.978177385980861458e-01
-4.852004047936969156e-01
-4.723811025987976198e-01
-4.593655691254039941e-01
-4.461596255629892704e-01
-4.327691684907835068e-01
-4.192001617086040799e-01
-4.054586285794051781e-01
-3.915506448754414448e-01
-3.774823321188062741e-01
-3.632598514060877970e-01
-3.488893977060095741e-01
-3.343771946181535726e-01
-3.197294895801982562e-01
-3.049525495105442907e-01
-2.900526568727290755e-01
-2.750361061476243041e-01
-2.599092006991257087e-01
-2.446782500187087983e-01
-2.293495673343142194e-01
-2.139294675678937718e-01
-1.984242656295522877e-01
-1.828402750223788731e-01
-1.671838068026811897e-01
-1.514611691309879493e-01
-1.356786670876702905e-01
-1.198426023613785585e-01
-1.039592730739218318e-01
-8.803497381919311859e-02
-7.207599593090685541e-02
-5.608862781548595855e-02
-4.007915530090655487e-02
-2.405386206612003530e-02
-8.019030145338557070e-03
8.019059514755344509e-03
2.405412646385285402e-02
4.007989014266100103e-02
5.609006928287452176e-02
7.207838133206911913e-02
8.803854192311522109e-02
1.039642644077558575e-01
1.198492594740240280e-01
1.356872348672510942e-01
1.514718952344670244e-01
1.671969421120786947e-01
1.828560740767820603e-01
1.984429870797560502e-01
2.139513749842477663e-01
2.293749303267537121e-01
2.447073453220501849e-01
2.599423131323853609e-01
2.750735294211837934e-01
2.900946942116074956e-01
3.049995140703293250e-01
3.197817046367509297e-01
3.344349935180180866e-01
3.489531235692236999e-01
3.633298565810428871e-01
3.775589773853159636e-01
3.916342984287947138e-01
4.055496645958819313e-01
4.192989577840894322e-01
4.328761024586319506e-01
4.462750722835066020e-01
4.594898968569584019e-01
4.725146674390320323e-01
4.853435445162871398e-01
4.979707670979701684e-01
5.103906626858726314e-01
5.225976578074716938e-01
5.345862891139264717e-01
5.463512150262289646e-01
5.578872279147367719e-01
5.691892667936252481e-01
5.802524305093760271e-01
5.910719913994167962e-01
6.016434093939052596e-01
6.119623465303024590e-01
6.220246818468345706e-01
6.318265266171613215e-01
6.413642398845792458e-01
6.506344442498589453e-01
6.596340418623581892e-01
6.683602305593575599e-01
6.768105200936219701e-01
6.849827483840101872e-01
6.928750977185079707e-01
7.004861108333865216e-01
7.078147067862302633e-01
7.148601965343993614e-01
7.216222981240524303e-01
7.281011513880638608e-01
7.342973320445008723e-01
7.402118650790178167e-01
7.458462372910351634e-01
7.512024088609100536e-01
7.562828237838638001e-01
7.610904174158353852e-01
7.656286200270102649e-01
7.699013624859164517e-01
7.739130815263907115e-01
7.776687218537591262e-01
7.811737314778967045e-01
7.844340547153653143e-01
7.874561268842167339e-01
7.902468661005309647e-01
7.928136609784862676e-01
7.951643542844298862e-01
7.973072223792622149e-01
7.992509503729060549e-01
8.010046029251854938e-01
8.025775906620343791e-01
8.039796322069509005e-01
8.052207118622244364e-01
8.063110330106625367e-01
8.072609673466016877e-01
8.080810000846562202e-01
8.087816713357091070e-01
8.093735138818659580e-01
8.098669876252030386e-01
8.102724110288538339e-01
8.105998899130527624e-01
8.108592440125593770e-01
8.110599317463177416e-01
8.112109736901246260e-01
8.113208752912163257e-01
8.113975492390045341e-01
8.114482378944768426e-01
8.114794370859709227e-01
8.114968219873607280e-01
8.115051756763486113e-01
8.115083213985775368e-01
8.115090595392194794e-01
8.115091103740060818e-01
