-1.421292533999265195e-01
-1.421292460747737851e-01
-1.421291367759996427e-01
-1.421286667413003968e-01
-1.421274120153974696e-01
-1.421247906609353351e-01
-1.421200707891694393e-01
-1.421123792871599456e-01
-1.421007111413270241e-01
-1.420839392544133439e-01
-1.420608246569123601e-01
-1.420300270167624279e-01
-1.419901153547776240e-01
-1.419395788772429556e-01
-1.418768378414089759e-01
-1.418002543743505373e-01
-1.417081431701568695e-01
-1.415987819969317385e-01
-1.414704219450270695e-01
-1.413212973809265804e-01
-1.411496356606440905e-01
-1.409536664457286537e-01
-1.407316304225381398e-01
-1.404817875601949151e-01
-1.402024249520254784e-01
-1.398918641865643797e-01
-1.395484681953124140e-01
-1.391706475985155789e-01
-1.387568665494952891e-01
-1.383056480702915814e-01
-1.378155788762023271e-01
-1.372853136888952663e-01
-1.367135790404550855e-01
-1.360991765731065783e-01
-1.354409858416575074e-01
-1.347379666278631094e-01
-1.339891607779422900e-01
-1.331936935763645413e-01
-1.323507746707600907e-01
-1.314596985644554128e-01
-1.305198446944056678e-01
-1.295306771142910873e-01
-1.284917438011290436e-01
-1.274026756143677719e-01
-1.262631849050808164e-01
-1.250730640325257992e-01
-1.238321843260530575e-01
-1.225404945029325149e-01
-1.211980185838815033e-01
-1.198048536637427441e-01
-1.183611675826545528e-01
-1.168671965108133842e-01
-1.153232424629608566e-01
-1.137296707568219156e-01
-1.120869074291758749e-01
-1.103954366223681011e-01
-1.086557979533210733e-01
-1.068685838763508422e-01
-1.050344370504033148e-01
-1.031540477205536988e-01
-1.012281511232607095e-01
-9.925752492308159702e-02
-9.724298669517333904e-02
-9.518539151365333628e-02
-9.308562963594400885e-02
-9.094462414328252642e-02
-8.876332862180201511e-02
-8.654272492022602181e-02
-8.428382098394529565e-02
-8.198764877000544460e-02
-7.965526224552593737e-02
-7.728773547199756233e-02
-7.488616077734425169e-02
-7.245164701723080802e-02
-6.998531792667829488e-02
-6.748831056266020589e-02
-6.496177383797635541e-02
-6.240686714635901300e-02
-5.982475907839020224e-02
-5.721662622764121797e-02
-5.458365208558371706e-02
-5.192702602563309400e-02
-4.924794237085952653e-02
-4.654759962975911491e-02
-4.382720002790474467e-02
-4.108794899326177752e-02
-3.833105462582196699e-02
-3.555772722794227347e-02
-3.276917889284940155e-02
-2.996662314815232153e-02
-2.715127465045710786e-02
-2.432434892727615428e-02
-2.148706216230511501e-02
-1.864063102009481943e-02
-1.578627250608732879e-02
-1.292520385794265758e-02
-1.005864246404539197e-02
-7.187805805048685936e-03
-4.313911414292131985e-03
-1.438176852910311165e-03
1.438180304559971701e-03
4.313942478271576286e-03
7.187892089054515044e-03
1.005881156648966157e-02
1.292548336324544911e-02
1.578668997983789790e-02
1.864121400395019057e-02
2.148783816841806638e-02
2.432534543195408183e-02
2.715251908664098601e-02
2.996814289617863447e-02
3.277100126881396513e-02
3.555987946882849249e-02
3.833356387037317736e-02
4.109084225742642982e-02
4.383050417335304649e-02
4.655134132424762483e-02
4.925214803718303003e-02
5.193172178498672853e-02
5.458886372619789484e-02
5.722237915030078947e-02
5.983107816323868233e-02
6.241377660278477069e-02
6.496929706011772554e-02
6.749646999484196219e-02
6.999413494395001489e-02
7.246114182400134607e-02
7.489635232626265515e-02
7.729864140410497297e-02
7.966689885171276964e-02
8.200003097283864451e-02
8.429696233801570182e-02
8.655663762829524099e-02
8.877802356321329302e-02
9.096011091030908879e-02
9.310191657311395197e-02
9.520248575410839020e-02
9.726089418870209613e-02
9.927625044582574776e-02
1.012476982902408285e-01
1.031744191011640110e-01
1.050556343412745175e-01
1.068906080696194194e-01
1.086786494913579426e-01
1.104191155366856802e-01
1.121114134606574220e-01
1.137550034549803246e-01
1.153494012621778253e-01
1.168941807818263123e-01
1.183889766578447855e-01
1.198334868350778570e-01
1.212274750725948758e-01
1.225707734004996829e-01
1.238632845055655241e-01
1.251049840325961504e-01
1.262959227784156979e-01
1.274362287885075495e-01
1.285261091857672067e-01
1.295658509655249480e-01
1.305558214585031129e-01
1.314964697750259093e-01
1.323883281631429154e-01
1.332320129585909119e-01
1.340282251540197700e-01
1.347777505507814777e-01
1.354814594755961166e-01
1.361403060411676968e-01
1.367553269327837218e-01
1.373276397044524699e-01
1.378584405703018601e-01
1.383490016790577537e-01
1.388006678622110412e-01
1.392148528475911917e-01
1.395930349370022305e-01
1.399367520958944289e-01
1.402475963782092994e-01
1.405272079057495460e-01
1.407772683802391012e-01
1.409994940825155252e-01
1.411956283739181084e-01
1.413674337201503428e-01
1.415166832620116943e-01
1.416451519612661747e-01
1.417546073539134588e-01
1.418467999471101082e-01
1.419234533000366116e-01
1.419862538328247326e-01
1.420368404111448102e-01
1.420767937293426486e-01
1.421076255001337552e-01
1.421307675764787726e-01
1.421475611137554551e-01
1.421592458551288740e-01
1.421669496271120992e-01
1.421716781359758930e-01
1.421743051592091189e-01
1.421755632287296234e-01
1.421760349066654994e-01
1.421761447502337961e-01
1.421761520866974549e-01
