-3.773906518533144405e-01
-3.773906306567978430e-01
-3.773903146285890187e-01
-3.773889569258715992e-01
-3.773853366077053462e-01
-3.773777819069896733e-01
-3.773641959385139466e-01
-3.773420844254399831e-01
-3.773085851037532579e-01
-3.772604984566172992e-01
-3.771943194470810945e-01
-3.771062699297791920e-01
-3.769923314376044665e-01
-3.768482780555887368e-01
-3.766697091115963625e-01
-3.764520814321015152e-01
-3.761907409291563864e-01
-3.758809533088185995e-01
-3.755179336984607597e-01
-3.750968751952172830e-01
-3.746129765468511064e-01
-3.740614681813433373e-01
-3.734376362531651172e-01
-3.727368450398576560e-01
-3.719545578256669427e-01
-3.710863562513113112e-01
-3.701279581091783122e-01
-3.690752335726510958e-01
-3.679242198566629041e-01
-3.666711343147627256e-01
-3.653123859857060896e-01
-3.638445856099004061e-01
-3.622645541429070359e-01
-3.605693297996230284e-01
-3.587561736687177039e-01
-3.568225739423859233e-01
-3.547662488114908808e-01
-3.525851480806800331e-01
-3.502774535621859253e-01
-3.478415783103094849e-01
-3.452761647627720087e-01
-3.425800818536993142e-01
-3.397524211803450989e-01
-3.367924922648543595e-01
-3.336998175527016719e-01
-3.304741281389159679e-01
-3.271153580338545530e-01
-3.236236375463936721e-01
-3.199992870532105682e-01
-3.162428106027287966e-01
-3.123548886879011222e-01
-3.083363708084989052e-01
-3.041882680092583002e-01
-2.999117454021566487e-01
-2.955081147125202534e-01
-2.909788268764472163e-01
-2.863254647167160494e-01
-2.815497357210551832e-01
-2.766534649443468385e-01
-2.716385880539565756e-01
-2.665071445352066304e-01
-2.612612710719496856e-01
-2.559031951152792583e-01
-2.504352286516112747e-01
-2.448597621796913815e-01
-2.391792589045156348e-01
-2.333962491546949514e-01
-2.275133250284362141e-01
-2.215331352720602553e-01
-2.154583803938093234e-01
-2.092918080146285165e-01
-2.030362084566105507e-01
-1.966944105688877009e-01
-1.902692777899192833e-01
-1.837637044443595491e-01
-1.771806122719978005e-01
-1.705229471856276324e-01
-1.637936762541327418e-01
-1.569957849065590771e-01
-1.501322743524782233e-01
-1.432061592135341066e-01
-1.362204653606947924e-01
-1.291782279514027132e-01
-1.220824896605373078e-01
-1.149362990988297972e-01
-1.077427094122352380e-01
-1.005047770552822683e-01
-9.322556073238014163e-02
-8.590812049676271878e-02
-7.855551702142671289e-02
-7.117081119201901229e-02
-6.375706395336094845e-02
-5.631733600227772918e-02
-4.885468750871196919e-02
-4.137217793210756778e-02
-3.387286591354959908e-02
-2.635980923840436363e-02
-1.883606486024275162e-02
-1.130468897791381266e-02
-3.768737157406498728e-03
3.768735509888820889e-03
1.130467422041164793e-02
1.883602425235092470e-02
2.635973072959085783e-02
3.387273834457954491e-02
4.137199114848971737e-02
4.885443241170256412e-02
5.631700454292537517e-02
6.375664907605843590e-02
7.117030673414886932e-02
7.855491757991400759e-02
8.590742126226275088e-02
9.322475736822882775e-02
1.005038658896955095e-01
1.077416878142557488e-01
1.149351658494914830e-01
1.220812452898912825e-01
1.291768750355399842e-01
1.362190087716059761e-01
1.432046063175321793e-01
1.501306351546727313e-01
1.569940721409565088e-01
1.637919054209046044e-01
1.705211365392171885e-01
1.771787827653681369e-01
1.837618796381578212e-01
1.902674837319284773e-01
1.966926756687739086e-01
2.030345632171693948e-01
2.092902841617887422e-01
2.154570097634257442e-01
2.215319487611008276e-01
2.275123516455846984e-01
2.333955151819285811e-01
2.391787871807035115e-01
2.448595715141245188e-01
2.504353333730072739e-01
2.559036047592869734e-01
2.612619902077623069e-01
2.665081727295151026e-01
2.716399199681548415e-01
2.766550905586403486e-01
2.815516406769353885e-01
2.863276307671431820e-01
2.909812324310534493e-01
2.955107354631996142e-01
2.999145550125773552e-01
3.041912388501010200e-01
3.083394747186744000e-01
3.123580977404092351e-01
3.162460978531078659e-01
3.200026272453051490e-01
3.236270077572008796e-01
3.271187382089559836e-01
3.304775016257683884e-01
3.337031722848716742e-01
3.367958226393722443e-01
3.397557289759437493e-01
3.425833738675758688e-01
3.452794506157259580e-01
3.478448688352604456e-01
3.502807593775604245e-01
3.525884784197589328e-01
3.547696106516479153e-01
3.568259714891569567e-01
3.587596082320341218e-01
3.605728001384683745e-01
3.622680571123489957e-01
3.638481158901100132e-01
3.653159348339021228e-01
3.666746888802281390e-01
3.679277632299466916e-01
3.690787453752419900e-01
3.701314154920577471e-01
3.710897351532420618e-01
3.719578343491889427e-01
3.727399968069206038e-01
3.734406436108208549e-01
3.740643151390586896e-01
3.746156513416503131e-01
3.750993703983281913e-01
3.755202458072094407e-01
3.758830819680353263e-01
3.761926883384368869e-01
3.764538522507713258e-01
3.766713105076464618e-01
3.768497197864071335e-01
3.769936256780571648e-01
3.771074308307865719e-01
3.771953625964442613e-01
3.772614402970549952e-01
3.773094423361652572e-01
3.773428734263395423e-01
3.773649322154093433e-01
3.773784796110958295e-01
3.773860081179618575e-01
3.773896125122205847e-01
3.773909621961603067e-01
3.773912755639931005e-01
3.773912967894522685e-01
