-7.392059466936826695e-01
-7.392059044065086848e-01
-7.392052740402482724e-01
-7.392025665195326445e-01
-7.391953487304626647e-01
-7.391802910489716494e-01
-7.391532197562121764e-01
-7.391091734783132861e-01
-7.390424629465974782e-01
-7.389467333594348375e-01
-7.388150286622406915e-01
-7.386398570885543968e-01
-7.384132573381130271e-01
-7.381268648027548007e-01
-7.377719772880435567e-01
-7.373396197188194501e-01
-7.368206073531818889e-01
-7.362056070871174640e-01
-7.354851964219887295e-01
-7.346499201817581204e-01
-7.336903456155565717e-01
-7.325971137011746404e-01
-7.313609862170420417e-01
-7.299728896293576907e-01
-7.284239559141842957e-01
-7.267055602381948809e-01
-7.248093554761888546e-01
-7.227273035515554556e-01
-7.204517036054610690e-01
-7.179752170159729996e-01
-7.152908893037690508e-01
-7.123921689753464070e-01
-7.092729233680304946e-01
-7.059274515734732525e-01
-7.023504945277421196e-01
-6.985372423665142660e-01
-6.944833391533121736e-01
-6.901848850970947469e-01
-6.856384363831140583e-01
-6.808410027467517445e-01
-6.757900429279561916e-01
-6.704834581394140125e-01
-6.649195837189162406e-01
-6.590971790248615347e-01
-6.530154165175304781e-01
-6.466738720693674392e-01
-6.400725141599991064e-01
-6.332116924735267105e-01
-6.260921243901786948e-01
-6.187148806535942569e-01
-6.110813708797160348e-01
-6.031933289337622073e-01
-5.950527982659566950e-01
-5.866621172682714436e-01
-5.780239047140640629e-01
-5.691410453350693732e-01
-5.600166755851020417e-01
-5.506541696345417236e-01
-5.410571256348362112e-01
-5.312293522877002960e-01
-5.211748557494314538e-01
-5.108978268967875325e-01
-5.004026289771630331e-01
-4.896937856623554408e-01
-4.787759695220030753e-01
-4.676539909298104147e-01
-4.563327874129236572e-01
-4.448174134522829837e-01
-4.331130307394393530e-01
-4.212248988931703297e-01
-4.091583666372649031e-01
-3.969188634390377057e-01
-3.845118916064949044e-01
-3.719430188405804527e-01
-3.592178712375731497e-01
-3.463421267354918620e-01
-3.333215089972608181e-01
-3.201617817224094997e-01
-3.068687433782062435e-01
-2.934482223403456769e-01
-2.799060724326325467e-01
-2.662481688545076941e-01
-2.524804044847390183e-01
-2.386086865491657827e-01
-2.246389336399965408e-01
-2.105770730738542040e-01
-1.964290385754841051e-01
-1.822007682738923107e-01
-1.678982029972675427e-01
-1.535272848538655754e-01
-1.390939560823810650e-01
-1.246041581784389507e-01
-1.100638314635369319e-01
-9.547891502877725589e-02
-8.085534650172310212e-02
-6.619906187346813464e-02
-5.151599547884633257e-02
-3.681208009993852670e-02
-2.209324718148686362e-02
-7.365427136853286427e-03
7.365450304458898145e-03
2.209345575348597990e-02
3.681265981993031566e-02
5.151713278226000003e-02
6.620094428889855553e-02
8.085816310894367032e-02
9.548285695110358962e-02
1.100690923694924717e-01
1.246109347749798646e-01
1.391024485707973435e-01
1.535376974311412068e-01
1.679107447415267851e-01
1.822156542196695650e-01
1.964464907356705536e-01
2.105973213502860819e-01
2.246622165900332702e-01
2.386352519778444092e-01
2.525105098379147872e-01
2.662820813932882391e-01
2.799440691745946896e-01
2.934905897581743250e-01
3.069157768515988760e-01
3.202137847443187191e-01
3.333787921408348787e-01
3.464050063933250545e-01
3.592866681503872339e-01
3.720180564371384779e-01
3.845934941843909272e-01
3.970073542120815535e-01
4.092540657002505800e-01
4.213281206321692896e-01
4.332240796316566556e-01
4.449365795116952960e-01
4.564603419653916472e-01
4.677901827772195098e-01
4.789210215496104706e-01
4.898478919320243818e-01
5.005659523449152992e-01
5.110704971868176294e-01
5.213569685108818685e-01
5.314209681544332931e-01
5.412582703023320896e-01
5.508648344618745085e-01
5.602368188236761526e-01
5.693705939795561388e-01
5.782627569644234189e-01
5.869101455861516214e-01
5.953098529994640398e-01
6.034592424891396245e-01
6.113559623713868962e-01
6.189979610798750365e-01
6.263835008902005619e-01
6.335111678987999095e-01
6.403798853217212983e-01
6.469889286962560160e-01
6.533379405933028572e-01
6.594269446240859089e-01
6.652563586251574179e-01
6.708270069008910319e-01
6.761401314006427743e-01
6.811974017054132080e-01
6.860009236971031932e-01
6.905532467816273279e-01
6.948573695372828318e-01
6.989167436544578837e-01
7.027352760498759565e-01
7.063173289740631855e-01
7.096677181651500632e-01
7.127917077513221678e-01
7.156949988189373890e-01
7.183837179192655853e-01
7.208644058999817972e-01
7.231440039805194786e-01
7.252298365761349341e-01
7.271295908540564845e-01
7.288512929431107956e-01
7.304032807568672236e-01
7.317941734021626843e-01
7.330328371710677082e-01
7.341283481171587688e-01
7.350899512967068450e-01
7.359270162401212456e-01
7.366489877410489218e-01
7.372653341201669264e-01
7.377854930108986853e-01
7.382188142968644229e-01
7.385745004691586235e-01
7.388615447544961690e-01
7.390886674033640968e-01
7.392642505692976762e-01
7.393962722505473817e-01
7.394922398047301115e-01
7.395591235848308909e-01
7.396032912808854221e-01
7.396304435850751258e-01
7.396455518295830256e-01
7.396527982714453664e-01
7.396555197331169396e-01
7.396561552884275414e-01
7.396561988444454450e-01
