-3.290929654329215470e-01
-3.290929470154342340e-01
-3.290926724083702015e-01
-3.290914925906034405e-01
-3.290883464128600555e-01
-3.290817807085367197e-01
-3.290699725219001226e-01
-3.290507530932200164e-01
-3.290216333070323240e-01
-3.289798303030858073e-01
-3.289222949636415039e-01
-3.288457400011799425e-01
-3.287466683836761105e-01
-3.286214018485020261e-01
-3.284661092708808794e-01
-3.282768346688036409e-01
-3.280495246416135768e-01
-3.277800550601598362e-01
-3.274642568328782755e-01
-3.270979407509726489e-01
-3.266769215691494588e-01
-3.261970406460996674e-01
-3.256541869554323010e-01
-3.250443166379761162e-01
-3.243634712324615643e-01
-3.236077945816379642e-01
-3.227735483912599346e-01
-3.218571264319405878e-01
-3.208550673800293906e-01
-3.197640663011353523e-01
-3.185809847865904709e-01
-3.173028597595788924e-01
-3.159269109736722037e-01
-3.144505472321493800e-01
-3.128713713617127246e-01
-3.111871839790389949e-01
-3.093959860930260430e-01
-3.074959805895817744e-01
-3.054855726494524193e-01
-3.033633691525314813e-01
-3.011281771257157125e-01
-2.987790012905244819e-01
-2.963150407806376396e-01
-2.937356850715489576e-01
-2.910405097316198231e-01
-2.882292728232045964e-01
-2.853019099680661474e-01
-2.822585285384024423e-01
-2.790994018201806148e-01
-2.758249636177005359e-01
-2.724358022184593664e-01
-2.689326539367190017e-01
-2.653163966004919994e-01
-2.615880430244529320e-01
-2.577487344979452755e-01
-2.537997343139485329e-01
-2.497424213626366352e-01
-2.455782838108229449e-01
-2.413089128864375210e-01
-2.369359967851489834e-01
-2.324613147143322900e-01
-2.278867310877889518e-01
-2.232141898829425875e-01
-2.184457091706568099e-01
-2.135833758263452897e-01
-2.086293404296702125e-01
-2.035858123588388247e-01
-1.984550550843134642e-01
-1.932393816656416130e-01
-1.879411504540805522e-01
-1.825627610027415471e-01
-1.771066501850966091e-01
-1.715752885218811419e-01
-1.659711767156816231e-01
-1.602968423918129381e-01
-1.545548370434673413e-01
-1.487477331785463930e-01
-1.428781216650704677e-01
-1.369486092715942738e-01
-1.309618163986311923e-01
-1.249203749967129073e-01
-1.188269266663728729e-01
-1.126841209350343265e-01
-1.064946137055381159e-01
-1.002610658707465408e-01
-9.398614208868960596e-02
-8.767250971168330520e-02
-8.132283786591318342e-02
-7.493979666790834271e-02
-6.852605666891842251e-02
-6.208428867611215374e-02
-5.561716348942041810e-02
-4.912735159561898435e-02
-4.261752294004272912e-02
-3.609034677412731318e-02
-2.954849157136951732e-02
-2.299462500436183499e-02
-1.643141397556496797e-02
-9.861524694477208364e-03
-3.287622793999522841e-03
3.287626521634057220e-03
9.861558303267459191e-03
1.643150766955325803e-02
2.299480958131833175e-02
2.954879849841957062e-02
3.609080809287401603e-02
4.261817107806709082e-02
4.912821910460091202e-02
5.561828272155228126e-02
6.208569141272168856e-02
6.852777371550922147e-02
7.494185743054482263e-02
8.132526993002298088e-02
8.767533857268694497e-02
9.398939123334337786e-02
1.002647569547218676e-01
1.064987667294126639e-01
1.126887544195190327e-01
1.188320578215416590e-01
1.249260198838820224e-01
1.309679900841862477e-01
1.369553259735722395e-01
1.428853948945580932e-01
1.487555758793129845e-01
1.545632617343958293e-01
1.603058613185071590e-01
1.659808020169094567e-01
1.715855324189830000e-01
1.771175250192387196e-01
1.825742787819407686e-01
1.879533222995215525e-01
1.932522173414983335e-01
1.984685626162470129e-01
2.035999977490229318e-01
2.086442074707132166e-01
2.135989260146372581e-01
2.184619417169366695e-01
2.232311018154714555e-01
2.279043174411132799e-01
2.324795687943164157e-01
2.369549104987391797e-01
2.413284771224983860e-01
2.455984888563788049e-01
2.497632573369572562e-01
2.538211916011646752e-01
2.577708041572689401e-01
2.616107171556321109e-01
2.653396686408687755e-01
2.689565188651955596e-01
2.724602566408333981e-01
2.758500057072744704e-01
2.791250310870693196e-01
2.822847454015259272e-01
2.853287151153071077e-01
2.882566666764470042e-01
2.910684925155159197e-01
2.937642568654692532e-01
2.963442013587151980e-01
2.988087503627397945e-01
3.011585159832463887e-01
3.033943027694636640e-01
3.055171115777882695e-01
3.075281401415226323e-01
3.094287823717153385e-01
3.112206302839339855e-01
3.129054756684924721e-01
3.144853106231813022e-01
3.159623270208580248e-01
3.173389142398489460e-01
3.186176547544444793e-01
3.198013197076500225e-01
3.208928635954463315e-01
3.218954174729343753e-01
3.228122806770177267e-01
3.236469110311953612e-01
3.244029135211861092e-01
3.250840274362530868e-01
3.256941119825514930e-01
3.262371303855646776e-01
3.267171325102813384e-01
3.271382360397290245e-01
3.275046062648767631e-01
3.278204345516746443e-01
3.280899155640395470e-01
3.283172233348692348e-01
3.285064862906276195e-01
3.286617613484292821e-01
3.287870072185240522e-01
3.288860570567854191e-01
3.289625906309763259e-01
3.290201061343159816e-01
3.290618917041797653e-01
3.290909969742206176e-01
3.291102050060156214e-01
3.291220048439423840e-01
3.291285649580965034e-01
3.291317078566264875e-01
3.291328861612885515e-01
3.291331604315519410e-01
3.291331790902602972e-01
