-5.661494048099929843e-01
-5.661493727092725692e-01
-5.661488941559169596e-01
-5.661468384950878452e-01
-5.661413578622316312e-01
-5.661299228962378693e-01
-5.661093621468651360e-01
-5.660759045322860672e-01
-5.660252243214376477e-01
-5.659524881044720734e-01
-5.658524032406252458e-01
-5.657192672921735888e-01
-5.655470179773662842e-01
-5.653292832008668389e-01
-5.650594307475240718e-01
-5.647306172548215430e-01
-5.643358361066177498e-01
-5.638679639313459724e-01
-5.633198053878540890e-01
-5.626841362664123380e-01
-5.619537453400660354e-01
-5.611214735529044262e-01
-5.601802500093947534e-01
-5.591231255317238302e-01
-5.579433039210989209e-01
-5.566341708629216622e-01
-5.551893204558956407e-01
-5.536025793509276038e-01
-5.518680285005854724e-01
-5.499800225315608637e-01
-5.479332067643241100e-01
-5.457225319150345033e-01
-5.433432665250031990e-01
-5.407910071725163803e-01
-5.380616865306119267e-01
-5.351515793424579392e-01
-5.320573063933099478e-01
-5.287758365645612857e-01
-5.253044870613967632e-01
-5.216409219101245665e-01
-5.177831488277042649e-01
-5.137295145620418557e-01
-5.094786988331287958e-01
-5.050297069106766124e-01
-5.003818616018522736e-01
-4.955347961638888465e-01
-4.904884457815150700e-01
-4.852430387721917149e-01
-4.797990870065614866e-01
-4.741573751542663140e-01
-4.683189496324592360e-01
-4.622851074687704953e-01
-4.560573851101350495e-01
-4.496375472363063341e-01
-4.430275756234608453e-01
-4.362296581011575469e-01
-4.292461776410846919e-01
-4.220797016122347367e-01
-4.147329712333863716e-01
-4.072088912502923597e-01
-3.995105198617032172e-01
-3.916410589152992117e-01
-3.836038443917479945e-01
-3.754023371924445351e-01
-3.670401142440097297e-01
-3.585208599303244537e-01
-3.498483578607404776e-01
-3.410264829811313070e-01
-3.320591940326250158e-01
-3.229505263611749388e-01
-3.137045850795818769e-01
-3.043255385821590497e-01
-2.948176124109385121e-01
-2.851850834711319727e-01
-2.754322745924825955e-01
-2.655635494321746948e-01
-2.555833077140819976e-01
-2.454959807983487230e-01
-2.353060275745887941e-01
-2.250179306713556149e-01
-2.146361929739762919e-01
-2.041653344423564054e-01
-1.936098892199210608e-01
-1.829744030244983555e-01
-1.722634308116131052e-01
-1.614815347004150969e-01
-1.506332821521535470e-01
-1.397232443912254651e-01
-1.287559950575272727e-01
-1.177361090830146839e-01
-1.066681617705240170e-01
-9.555672815954319166e-02
-8.440638285830298626e-02
-7.322169982685772238e-02
-6.200725210584268066e-02
-5.076761165022558586e-02
-3.950734927140753250e-02
-2.823103467337850780e-02
-1.694323657114571446e-02
-5.648522878783812651e-03
5.648539044494471639e-03
1.694338210972057279e-02
2.823143921687276681e-02
3.950814299327887191e-02
5.076892555925072159e-02
6.200921833656436455e-02
7.322445191462567671e-02
8.441005598856043957e-02
9.556145938360804948e-02
1.066740901801777053e-01
1.177433759539407987e-01
1.287647441453393382e-01
1.397336225728896819e-01
1.506454401046471991e-01
1.614956275021823817e-01
1.722796184513775142e-01
1.829928507943010541e-01
1.936307679763431544e-01
2.041888207226895124e-01
2.146624689580874934e-01
2.250471839836876153e-01
2.353384509245365352e-01
2.455317714610710800e-01
2.556226668575944938e-01
2.656066813005906191e-01
2.754793855585044859e-01
2.852363809771308878e-01
2.948733038130281203e-01
3.043858299482565810e-01
3.137696798187002978e-01
3.230206229495048431e-01
3.321344830614301191e-01
3.411071443002061665e-01
3.499345579684052243e-01
3.586127496259492453e-01
3.671378265782834216e-01
3.755059857403394430e-01
3.837135218707523610e-01
3.917568361669672150e-01
3.996324452106004843e-01
4.073369902502682605e-01
4.148672468069811714e-01
4.222201345848836107e-01
4.293927276676253735e-01
4.363822649779948160e-01
4.431861609756130305e-01
4.498020165643589197e-01
4.562276301783204646e-01
4.624610090102890814e-01
4.685003803481267992e-01
4.743442029619587830e-01
4.799911785004903342e-01
4.854402613942353506e-01
4.906906660937816467e-01
4.957418774162830610e-01
5.005936619030809664e-01
5.052460785822622258e-01
5.096994890937168732e-01
5.139545670573334446e-01
5.180123065949805428e-01
5.218740299070826483e-01
5.255413938057279521e-01
5.290163951052079261e-01
5.323013747694317344e-01
5.353990207200977069e-01
5.383123691930206123e-01
5.410448045936776529e-01
5.436000574534299856e-01
5.459821985710463510e-01
5.481956304485419151e-01
5.502450799693211492e-01
5.521355895668408342e-01
5.538725059294490327e-01
5.554614663144153974e-01
5.569083823801873612e-01
5.582194215066772491e-01
5.594009855736966630e-01
5.604596871853148032e-01
5.614023233420891712e-01
5.622358465790141535e-01
5.629673336044617171e-01
5.636039514676464135e-01
5.641529208097412207e-01
5.646214759466309241e-01
5.650168233887474800e-01
5.653460985109070025e-01
5.656163203015390772e-01
5.658343444814381007e-01
5.660068152774625494e-01
5.661401161779403557e-01
5.662403200233411260e-01
5.663131388154841739e-01
5.663638736561579234e-01
5.663973652525172708e-01
5.664179454511802936e-01
5.664293902861695651e-01
5.664348750440791891e-01
5.664369318753393889e-01
5.664374104657289299e-01
5.664374424029948729e-01
