-2.186271512699918818e-01
-2.186271392040889938e-01
-2.186269592632676673e-01
-2.186261859796987672e-01
-2.186241233542891016e-01
-2.186198177261111375e-01
-2.186120720345597901e-01
-2.185994612443792340e-01
-2.185803487462443795e-01
-2.185529035411098719e-01
-2.185151180251354019e-01
-2.184648261982358175e-01
-2.183997221272811484e-01
-2.183173785034764891e-01
-2.182152651425607048e-01
-2.180907672864105529e-01
-2.179412035737816888e-01
-2.177638435619742852e-01
-2.175559246807835523e-01
-2.173146686298994823e-01
-2.170372972858512772e-01
-2.167210475798722891e-01
-2.163631855213321298e-01
-2.159610193234995645e-01
-2.155119116048375139e-01
-2.150132907251839920e-01
-2.144626612510960317e-01
-2.138576135385770738e-01
-2.131958324282156314e-01
-2.124751050520738427e-01
-2.116933277563738669e-01
-2.108485121483471281e-01
-2.099387902797361649e-01
-2.089624189833029222e-01
-2.079177833823124544e-01
-2.068033995963123872e-01
-2.056179166696180116e-01
-2.043601177517223588e-01
-2.030289205614339010e-01
-2.016233771686821996e-01
-2.001426731304522255e-01
-1.985861260171107312e-01
-1.969531833740613136e-01
-1.952434201515331480e-01
-1.934565360784947230e-01
-1.915923535476907191e-01
-1.896508144862212863e-01
-1.876319766312857518e-01
-1.855360096295423089e-01
-1.833631909857227626e-01
-1.811139018807549905e-01
-1.787886229767015056e-01
-1.763879304692556604e-01
-1.739124919518068579e-01
-1.713630620656177161e-01
-1.687404781442730095e-01
-1.660456558936156402e-01
-1.632795851187274216e-01
-1.604433255127240276e-01
-1.575380025195390332e-01
-1.545648032819311735e-01
-1.515249726846504275e-01
-1.484198095015867025e-01
-1.452506626546457569e-01
-1.420189275910881399e-01
-1.387260427851196853e-01
-1.353734863686290590e-01
-1.319627728951343060e-01
-1.284954502402183008e-01
-1.249730966410003835e-01
-1.213973178765124922e-01
-1.177697445902092382e-01
-1.140920297552524831e-01
-1.103658462826619391e-01
-1.065928847719135875e-01
-1.027748514031002203e-01
-9.891346596933225932e-02
-9.501046004766032504e-02
-9.106757530643447285e-02
-8.708656194668032424e-02
-8.306917727476395563e-02
-7.901718440335755989e-02
-7.493235107739737444e-02
-7.081644862175914823e-02
-6.667125100620749367e-02
-6.249853402659247270e-02
-5.830007458851774182e-02
-5.407765016398655145e-02
-4.983303859566348692e-02
-4.556801787626796330e-02
-4.128436585727762731e-02
-3.698386001074036034e-02
-3.266827725445928254e-02
-2.833939383332401141e-02
-2.399898525231508595e-02
-1.964882625596434118e-02
-1.529069084925602229e-02
-1.092635235490171941e-02
-6.557583501957675587e-03
-2.186156540731704068e-03
2.186156620949453178e-03
6.557584265412780278e-03
1.092635470057914948e-02
1.529069609180197520e-02
1.964883625901864272e-02
2.399900237853319629e-02
2.833942077937443016e-02
3.266831683701892919e-02
3.698391491564773093e-02
4.128443836068257378e-02
4.556810954783535594e-02
4.983314999436128101e-02
5.407778053830175624e-02
5.830022159141245996e-02
6.249869347142711362e-02
6.667141681923000052e-02
7.081661310643339036e-02
7.493250523876099356e-02
7.901731826052882379e-02
8.306928016539716353e-02
8.708662281842077801e-02
9.106758299427197834e-02
9.501040353632872471e-02
9.891333464112372909e-02
1.027746352724125400e-01
1.065925747089283004e-01
1.103654342293807211e-01
1.140915089388213621e-01
1.177691097369024664e-01
1.213965654403244554e-01
1.249722250093516229e-01
1.284944596618293189e-01
1.319616651227467630e-01
1.353722642852119851e-01
1.387247100666952893e-01
1.420174884029490880e-01
1.452491213863638109e-01
1.484181705420741237e-01
1.515232402379150800e-01
1.545629812227002908e-01
1.575360942867815028e-01
1.604413340379680641e-01
1.632775127850307206e-01
1.660435045200785442e-01
1.687382489901085858e-01
1.713607558469723013e-01
1.739101088638830839e-01
1.763854702054046264e-01
1.787860847366008477e-01
1.811112843557073360e-01
1.833604923332726178e-01
1.855332276392719915e-01
1.876291092380383274e-01
1.896478603296084531e-01
1.915893125129175534e-01
1.934534098498899013e-01
1.952402127873717474e-01
1.969499019438475385e-01
1.985827808693327312e-01
2.001392767167116116e-01
2.016199424940349205e-01
2.030254598828953316e-01
2.043566415376351642e-01
2.056144328185557368e-01
2.067999129084779342e-01
2.079142952745581807e-01
2.089589274360341142e-01
2.099352900014160861e-01
2.108449949407988910e-01
2.116897830616201182e-01
2.124715206593738026e-01
2.131921953171740935e-01
2.138539108348949114e-01
2.144588812497211783e-01
2.150094237323310620e-01
2.155079503452863587e-01
2.159569592024436213e-01
2.163590247836530978e-01
2.167167873050113713e-01
2.170329411771261263e-01
2.173102225727785441e-01
2.175513961375674099e-01
2.177592408829836512e-01
2.179365353089962043e-01
2.180860418110268650e-01
2.182104904322484384e-01
2.183125620336859307e-01
2.183948708915589010e-01
2.184599466734315487e-01
2.185102160977427377e-01
2.185479844377787861e-01
2.185754169790995460e-01
2.185945205789751600e-01
2.186071254860578739e-01
2.186148675868765379e-01
2.186191712534566456e-01
2.186212329723152270e-01
2.186220059437355978e-01
2.186221858341028668e-01
2.186221979079806532e-01
