2.519334395586684483e+00
2.514279341214050500e+00
2.509224290928477430e+00
2.504169248821174865e+00
2.499114218986000502e+00
2.494059205499396192e+00
2.489004212420268480e+00
2.483949243789992600e+00
2.478894303632410701e+00
2.473839395953829623e+00
2.468784524743024900e+00
2.463729693971237200e+00
2.458674915592529597e+00
2.453620204278753381e+00
2.448565563226124286e+00
2.443510995481841253e+00
2.438456504021222937e+00
2.433402091747705498e+00
2.428347761492846590e+00
2.423293516016320925e+00
2.418239358005923378e+00
2.413185290077568990e+00
2.408131314775289411e+00
2.403077434571237347e+00
2.398023651865685224e+00
2.392969968987022966e+00
2.387916388191759776e+00
2.382862911664525907e+00
2.377809541518068670e+00
2.372756279793255096e+00
2.367703128459073270e+00
2.362650089412626553e+00
2.357597164479141583e+00
2.352544355411962052e+00
2.347491663892550484e+00
2.342439091530489570e+00
2.337386639863480831e+00
2.332334310357345064e+00
2.327282104406021901e+00
2.322230023331570692e+00
2.317178068384169620e+00
2.312126240742115257e+00
2.307074541511825672e+00
2.302022971727835099e+00
2.296971532352799272e+00
2.291920224277491869e+00
2.286869048320806286e+00
2.281818005229755197e+00
2.276767095679469222e+00
2.271716320273200029e+00
2.266665679542317235e+00
2.261615173946309731e+00
2.256564803872786573e+00
2.251514569637473873e+00
2.246464471484218794e+00
2.241414509584987780e+00
2.236364684039864770e+00
2.231314994877054314e+00
2.226265442052879351e+00
2.221216025451783427e+00
2.216166744886327145e+00
2.211117600097191271e+00
2.206068590753175851e+00
2.201019716451200203e+00
2.195970976716302925e+00
2.190922371001641000e+00
2.185873898688490691e+00
2.180825559086249310e+00
2.175777351432430340e+00
2.170729274892668315e+00
2.165681328560717045e+00
2.160633511458448286e+00
2.155585822535854401e+00
2.150538260671045698e+00
2.145490824670252206e+00
2.140443513267823672e+00
2.135396325126227790e+00
2.130349258836052861e+00
2.125302312916004244e+00
2.120255485812909235e+00
2.115208775901712190e+00
2.110162181485477184e+00
2.105115700795387568e+00
2.100069331990745969e+00
2.095023073158974736e+00
2.089976922315614605e+00
2.084930877404324256e+00
2.079884936296884312e+00
2.074839096793192450e+00
2.069793356621267399e+00
2.064747713437244503e+00
2.059702164825379711e+00
2.054656708298049139e+00
2.049611341295746847e+00
2.044566061187085726e+00
2.039520865268798389e+00
2.034475750765736723e+00
2.029430714830871452e+00
2.024385754545293459e+00
2.019340866918211130e+00
2.014296048886953461e+00
2.009251297316967388e+00
2.004206609001820460e+00
1.999161980663198390e+00
1.994117408950906167e+00
1.989072890442868058e+00
1.984028421645128049e+00
1.978983998991848070e+00
1.973939618845310440e+00
1.968895277495915863e+00
1.963850971162184322e+00
1.958806695990429114e+00
1.953762445958814320e+00
1.948718217516447027e+00
1.943674010292164356e+00
1.938629823920952067e+00
1.933585658043947220e+00
1.928541512308435513e+00
1.923497386367853057e+00
1.918453279881784823e+00
1.913409192515965751e+00
1.908365123942280528e+00
1.903321073838763144e+00
1.898277041889598227e+00
1.893233027785118372e+00
1.888189031221807035e+00
1.883145051902297418e+00
1.878101089535371360e+00
1.873057143835961558e+00
1.868013214525149790e+00
1.862969301330166916e+00
1.857925403984394652e+00
1.852881522227363131e+00
1.847837655804753121e+00
1.842793804468394470e+00
1.837749967976266552e+00
1.832706146092499155e+00
1.827662338587370705e+00
1.822618545237310261e+00
1.817574765824896188e+00
1.812531000138855708e+00
1.807487247974066680e+00
1.802443509131556265e+00
1.797399783418501595e+00
1.792356070648228661e+00
1.787312370640213643e+00
1.782268683220082472e+00
1.777225008219610825e+00
1.772181345476723457e+00
1.767137694835495099e+00
1.762094056146149779e+00
1.757050429265061720e+00
1.752006814054754891e+00
1.746963210383902343e+00
1.741919618127326874e+00
1.736876037166001252e+00
1.731832467387047547e+00
1.726788908683738022e+00
1.721745360955494020e+00
1.716701824107886409e+00
1.711658298052636029e+00
1.706614782707613687e+00
1.701571277996839493e+00
1.696527783850483084e+00
1.691484300204864066e+00
1.686440827002450682e+00
1.681397364191862476e+00
1.676353911727867629e+00
1.671310469571384294e+00
1.666267037689479702e+00
1.661223616055371055e+00
1.656180204648425747e+00
1.651136803454160251e+00
1.646093412464241013e+00
1.641050031676483334e+00
1.636006661094852710e+00
1.630963300729464827e+00
1.625919950596584451e+00
1.620876610718625876e+00
1.615833281124153364e+00
1.610789961847880036e+00
1.605746652930669871e+00
1.600703354419536373e+00
1.595660066367641683e+00
1.590616788834297690e+00
1.585573521884967363e+00
1.580530265591261418e+00
1.575487020030941876e+00
1.570443785287919614e+00
1.565400561452254369e+00
1.560357348620157625e+00
1.555314146893988170e+00
1.550270956382256093e+00
1.545227777199620567e+00
1.540184609466890064e+00
1.535141453311023252e+00
1.530098308865128320e+00
1.525055176268462986e+00
1.520012055666434936e+00
1.514968947210600492e+00
1.509925851058667057e+00
1.504882767374490227e+00
1.499839696328076899e+00
1.494796638095582164e+00
1.489753592859311082e+00
1.484710560807719126e+00
1.479667542135410629e+00
1.474624537043140116e+00
1.469581545737811190e+00
1.464538568432476984e+00
1.459495605346341041e+00
1.454452656704756430e+00
1.449409722739225304e+00
1.444366803687400003e+00
1.439323899793081507e+00
1.434281011306222098e+00
1.429238138482922915e+00
1.424195281585433959e+00
1.419152440882156085e+00
1.414109616647638790e+00
1.409066809162581979e+00
1.404024018713835087e+00
1.398981245594397294e+00
1.393938490103416417e+00
1.388895752546190909e+00
1.383853033234168972e+00
1.378810332484947887e+00
1.373767650622275127e+00
1.368724987976047025e+00
1.363682344882310105e+00
1.358639721683260637e+00
1.353597118727244641e+00
1.348554536368757439e+00
1.343511974968443434e+00
1.338469434893097887e+00
1.333426916515664695e+00
1.328384420215238615e+00
1.323341946377062595e+00
1.318299495392530662e+00
1.313257067659184596e+00
1.308214663580717252e+00
1.303172283566972123e+00
1.298129928033939784e+00
1.293087592798052521e+00
1.288045270553687560e+00
1.283002961143330234e+00
1.277960664510175537e+00
1.272918380597442889e+00
1.267876109348374358e+00
1.262833850706238437e+00
1.257791604614325820e+00
1.252749371015952518e+00
1.247707149854458519e+00
1.242664941073206908e+00
1.237622744615586745e+00
1.232580560425009741e+00
1.227538388444912698e+00
1.222496228618755509e+00
1.217454080890023160e+00
1.212411945202224617e+00
1.207369821498892604e+00
1.202327709723584492e+00
1.197285609819881635e+00
1.192243521731388922e+00
1.187201445401736777e+00
1.182159380774577606e+00
1.177117327793590906e+00
1.172075286402477712e+00
1.167033256544964370e+00
1.161991238164801210e+00
1.156949231205762540e+00
1.151907235611647318e+00
1.146865251326278479e+00
1.141823278293502275e+00
1.136781316457190272e+00
1.131739365761237348e+00
1.126697426149563253e+00
1.121655497566111048e+00
1.116613579954849111e+00
1.111571673259768689e+00
1.106529777424885674e+00
1.101487892394240831e+00
1.096446018111897347e+00
1.091404154521945058e+00
1.086362301568495337e+00
1.081320459195685313e+00
1.076278627347675876e+00
1.071236805968651895e+00
1.066194995002822887e+00
1.061153194394422128e+00
1.056111404087706429e+00
1.051069624026958138e+00
1.046027854156482473e+00
1.040986094420609742e+00
1.035944344763694014e+00
1.030902605130112892e+00
1.025860875464269739e+00
1.020819155710590120e+00
1.015777445813525581e+00
1.010735745717550094e+00
1.005694055367162720e+00
1.000652374706887171e+00
9.956107036812700262e-01
9.905690422348832902e-01
9.855273903123219492e-01
9.804857478582063024e-01
9.754441148171797416e-01
9.704024911339101944e-01
9.653608767530902357e-01
9.603192716194357548e-01
9.552776756776877320e-01
9.502360888726103516e-01
9.451945111489921114e-01
9.401529424516467115e-01
9.351113827254102784e-01
9.300698319151446958e-01
9.250282899657352731e-01
9.199867568220907454e-01
9.149452324291458272e-01
9.099037167318574371e-01
9.048622096752081401e-01
8.998207112042039268e-01
8.947792212638745468e-01
8.897377397992748405e-01
8.846962667554831850e-01
8.796548020776024934e-01
8.746133457107594378e-01
8.695718976001047817e-01
8.645304576908141581e-01
8.594890259280864031e-01
8.544476022571453333e-01
8.494061866232383018e-01
8.443647789716369756e-01
8.393233792476375577e-01
8.342819873965595656e-01
8.292406033637478302e-01
8.241992270945702748e-01
8.191578585344192476e-01
8.141164976287120769e-01
8.090751443228886286e-01
8.040337985624144146e-01
7.989924602927782615e-01
7.939511294594937540e-01
7.889098060080982355e-01
7.838684898841525861e-01
7.788271810332432210e-01
7.737858794009794261e-01
7.687445849329958003e-01
7.637032975749499242e-01
7.586620172725241362e-01
7.536207439714253109e-01
7.485794776173833043e-01
7.435382181561536186e-01
7.384969655335147376e-01
7.334557196952694591e-01
7.284144805872454498e-01
7.233732481552934690e-01
7.183320223452895892e-01
7.132908031031333085e-01
7.082495903747476618e-01
7.032083841060816631e-01
6.981671842431065311e-01
6.931259907318190194e-01
6.880848035182394185e-01
6.830436225484118884e-01
6.780024477684054585e-01
6.729612791243125836e-01
6.679201165622509206e-01
6.628789600283605532e-01
6.578378094688078770e-01
6.527966648297816032e-01
6.477555260574953122e-01
6.427143930981871200e-01
6.376732658981183466e-01
6.326321444035755137e-01
6.275910285608685690e-01
6.225499183163314409e-01
6.175088136163234820e-01
6.124677144072263602e-01
6.074266206354475006e-01
6.023855322474177543e-01
5.973444491895916197e-01
5.923033714084489088e-01
5.872622988504925257e-01
5.822212314622504659e-01
5.771801691902741505e-01
5.721391119811390924e-01
5.670980597814456736e-01
5.620570125378177018e-01
5.570159701969039645e-01
5.519749327053762311e-01
5.469339000099311399e-01
5.418928720572898650e-01
5.368518487941965622e-01
5.318108301674210336e-01
5.267698161237558407e-01
5.217288066100183030e-01
5.166878015730502760e-01
5.116468009597168187e-01
5.066058047169081924e-01
5.015648127915381949e-01
4.965238251305443828e-01
4.914828416808896261e-01
4.864418623895597205e-01
4.814008872035656084e-01
4.763599160699414914e-01
4.713189489357466622e-01
4.662779857480638390e-01
4.612370264539997766e-01
4.561960710006863207e-01
4.511551193352782985e-01
4.461141714049557949e-01
4.410732271569222096e-01
4.360322865384051449e-01
4.309913494966570724e-01
4.259504159789536115e-01
4.209094859325956950e-01
4.158685593049074036e-01
4.108276360432370211e-01
4.057867160949579222e-01
4.007457994074663521e-01
3.957048859281839803e-01
3.906639756045556244e-01
3.856230683840503604e-01
3.805821642141622996e-01
3.755412630424084797e-01
3.705003648163312513e-01
3.654594694834962243e-01
3.604185769914932669e-01
3.553776872952233434e-01
3.503368006642831323e-01
3.452959172173981628e-01
3.402550368999556207e-01
3.352141596574227944e-01
3.301732854353451319e-01
3.251324141793470179e-01
3.200915458351328846e-01
3.150506803484849350e-01
3.100098176652655302e-01
3.049689577314153022e-01
2.999281004929537642e-01
2.948872458959804765e-01
2.898463938866727707e-01
2.848055444112881363e-01
2.797646974161623334e-01
2.747238528477100594e-01
2.696830106524259474e-01
2.646421707768824572e-01
2.596013331677322622e-01
2.545604977717060846e-01
2.495196645356139997e-01
2.444788334063456026e-01
2.394380043308685091e-01
2.343971772562305489e-01
2.293563521295576557e-01
2.243155288980548112e-01
2.192747075090069331e-01
2.142338879097767101e-01
2.091930700478071281e-01
2.041522538706191936e-01
1.991114393258130721e-01
1.940706263610687821e-01
1.890298149241441683e-01
1.839890049628772895e-01
1.789481964251843082e-01
1.739073892590606019e-01
1.688665834125812060e-01
1.638257788338991217e-01
1.587849754712475636e-01
1.537441732729376009e-01
1.487033721873604331e-01
1.436625721629855024e-01
1.386217731483611881e-01
1.335809750921158334e-01
1.285401779429556357e-01
1.234993816496669228e-01
1.184585861611142515e-01
1.134177914262411851e-01
1.083769973940711256e-01
1.033362040137054544e-01
9.829541123432561367e-02
9.325461900519128877e-02
8.821382727564115733e-02
8.317303599509379142e-02
7.813224511304564524e-02
7.309145457907335885e-02
6.805066434283167653e-02
6.300987435405447368e-02
5.796908456255540215e-02
5.292829491822607230e-02
4.788750537103822480e-02
4.284671587104178087e-02
3.780592636836570264e-02
3.276513681321879812e-02
2.772434715588780255e-02
2.268355734673958499e-02
1.764276733621890705e-02
1.260197707485070928e-02
7.561186513238094507e-03
2.520395602063195233e-03
-2.520395707912263025e-03
-7.561187465847535490e-03
-1.260197972082341064e-02
-1.764277252184136974e-02
-2.268356591782386480e-02
-2.772435995761488720e-02
-3.276515468997771852e-02
-3.780595016359830640e-02
-4.284674642708298509e-02
-4.788754352895908950e-02
-5.292834151767546874e-02
-5.796914044160028645e-02
-6.300994034902435148e-02
-6.805074128815886969e-02
-7.309154330713604764e-02
-7.813234645400961298e-02
-8.317315077675259405e-02
-8.821395632326066438e-02
-9.325476314134990841e-02
-9.829557127875740430e-02
-1.033363807831417236e-01
-1.083771917020807940e-01
-1.134180040830751468e-01
-1.184588179735457242e-01
-1.234996334208344898e-01
-1.285404504722049146e-01
-1.335812691748397285e-01
-1.386220895758443761e-01
-1.436629117222446850e-01
-1.487037356609874628e-01
-1.537445614389410242e-01
-1.587853891028930264e-01
-1.638262186995537717e-01
-1.688670502755539038e-01
-1.739078838774451297e-01
-1.789487195517006635e-01
-1.839895573447130339e-01
-1.890303973027973594e-01
-1.940712394721892109e-01
-1.991120838990451392e-01
-2.041529306294432300e-01
-2.091937797093808560e-01
-2.142346311847780349e-01
-2.192754851014752093e-01
-2.243163415052337739e-01
-2.293572004417367416e-01
-2.343980619565863011e-01
-2.394389260953073695e-01
-2.444797929033452333e-01
-2.495206624260667416e-01
-2.545615347087580860e-01
-2.596024097966280753e-01
-2.646432877348057766e-01
-2.696841685683414314e-01
-2.747250523422067880e-01
-2.797659391012928265e-01
-2.848068288904132550e-01
-2.898477217543021234e-01
-2.948886177376144890e-01
-2.999295168849269722e-01
-3.049704192407353132e-01
-3.100113248494582030e-01
-3.150522337554345076e-01
-3.200931460029241005e-01
-3.251340616361085845e-01
-3.301749806990885716e-01
-3.352159032358875135e-01
-3.402568292904492586e-01
-3.452977589066384967e-01
-3.503386921282417577e-01
-3.553796289989644142e-01
-3.604205695624349004e-01
-3.654615138622018256e-01
-3.705024619417348619e-01
-3.755434138444252445e-01
-3.805843696135833842e-01
-3.856253292924425313e-01
-3.906662929241562221e-01
-3.957072605517988895e-01
-4.007482322183666401e-01
-4.057892079667748675e-01
-4.108301878398615825e-01
-4.158711718803851931e-01
-4.209121601310251148e-01
-4.259531526343822150e-01
-4.309941494329768696e-01
-4.360351505692517948e-01
-4.410761560855703811e-01
-4.461171660242168602e-01
-4.511581804273970819e-01
-4.561991993372360721e-01
-4.612402227957816958e-01
-4.662812508450019933e-01
-4.713222835267861788e-01
-4.763633208829449184e-01
-4.814043629552081649e-01
-4.864454097852285441e-01
-4.914864614145790789e-01
-4.965275178847537996e-01
-5.015685792371682439e-01
-5.066096455131572363e-01
-5.116507167539784406e-01
-5.166917930008093629e-01
-5.217328742947493492e-01
-5.267739606768183647e-01
-5.318150521879565495e-01
-5.368561488690258843e-01
-5.418972507608095235e-01
-5.469383579040114629e-01
-5.519794703392554291e-01
-5.570205881070876552e-01
-5.620617112479747712e-01
-5.671028398023046924e-01
-5.721439738103861750e-01
-5.771851133124480393e-01
-5.822262583486411680e-01
-5.872674089590372848e-01
-5.923085651836288434e-01
-5.973497270623298050e-01
-6.023908946349736393e-01
-6.074320679413162116e-01
-6.124732470210342283e-01
-6.175144319137246818e-01
-6.225556226589067377e-01
-6.275968192960186265e-01
-6.326380218644209741e-01
-6.376792304033953585e-01
-6.427204449521438656e-01
-6.477616655497903109e-01
-6.528028922353777963e-01
-6.578441250478720415e-01
-6.628853640261591629e-01
-6.679266092090464513e-01
-6.729678606352624826e-01
-6.780091183434550084e-01
-6.830503823721949530e-01
-6.880916527599730825e-01
-6.931329295452016703e-01
-6.981742127662138309e-01
-7.032155024612628536e-01
-7.082567986685238681e-01
-7.132981014260929564e-01
-7.183394107719869304e-01
-7.233807267441441091e-01
-7.284220493804224317e-01
-7.334633787186017884e-01
-7.385047147963834657e-01
-7.435460576513888142e-01
-7.485874073211613577e-01
-7.536287638431635738e-01
-7.586701272547805575e-01
-7.637114975933181338e-01
-7.687528748960027469e-01
-7.737942591999825703e-01
-7.788356505423250642e-01
-7.838770489600204172e-01
-7.889184544899789930e-01
-7.939598671690323295e-01
-7.990012870339334716e-01
-8.040427141213545292e-01
-8.090841484678907847e-01
-8.141255901100572512e-01
-8.191670390842905602e-01
-8.242084954269482955e-01
-8.292499591743079934e-01
-8.342914303625692529e-01
-8.393329090278524030e-01
-8.443743952061986136e-01
-8.494158889335705620e-01
-8.544573902458505454e-01
-8.594988991788429233e-01
-8.645404157682730073e-01
-8.695819400497868390e-01
-8.746234720589520784e-01
-8.796650118312555611e-01
-8.847065594021069623e-01
-8.897481148068362433e-01
-8.947896780806946504e-01
-8.998312492588534939e-01
-9.048728283764057023e-01
-9.099144154683656005e-01
-9.149560105696677992e-01
-9.199976137151687494e-01
-9.250392249396440780e-01
-9.300808442777921403e-01
-9.351224717642317996e-01
-9.401641074335025383e-01
-9.452057513200659011e-01
-9.502474034583021645e-01
-9.552890638825147773e-01
-9.603307326269271416e-01
-9.653724097256839443e-01
-9.704140952128513797e-01
-9.754557891224147070e-01
-9.804974914882822468e-01
-9.855392023442821614e-01
-9.905809217241641207e-01
-9.956226496615989685e-01
-1.000664386190177169e+00
-1.005706131343411913e+00
-1.010747885154735792e+00
-1.015789647657503680e+00
-1.020831418884991626e+00
-1.025873198870394187e+00
-1.030914987646829761e+00
-1.035956785247336143e+00
-1.040998591704872966e+00
-1.046040407052320376e+00
-1.051082231322478799e+00
-1.056124064548071173e+00
-1.061165906761739830e+00
-1.066207757996049388e+00
-1.071249618283485416e+00
-1.076291487656452883e+00
-1.081333366147279040e+00
-1.086375253788212092e+00
-1.091417150611420750e+00
-1.096459056648996011e+00
-1.101500971932946937e+00
-1.106542896495206429e+00
-1.111584830367627008e+00
-1.116626773581983034e+00
-1.121668726169969155e+00
-1.126710688163200524e+00
-1.131752659593214139e+00
-1.136794640491467723e+00
-1.141836630889340176e+00
-1.146878630818131795e+00
-1.151920640309061383e+00
-1.156962659393272030e+00
-1.162004688101825778e+00
-1.167046726465706286e+00
-1.172088774515818610e+00
-1.177130832282987205e+00
-1.182172899797958809e+00
-1.187214977091401336e+00
-1.192257064193903648e+00
-1.197299161135973566e+00
-1.202341267948042525e+00
-1.207383384660461800e+00
-1.212425511303503622e+00
-1.217467647907361616e+00
-1.222509794502149472e+00
-1.227551951117902496e+00
-1.232594117784576948e+00
-1.237636294532050263e+00
-1.242678481390121048e+00
-1.247720678388507309e+00
-1.252762885556849781e+00
-1.257805102924709484e+00
-1.262847330521568168e+00
-1.267889568376830089e+00
-1.272931816519817572e+00
-1.277974074979776331e+00
-1.283016343785872371e+00
-1.288058622967192646e+00
-1.293100912552745507e+00
-1.298143212571458704e+00
-1.303185523052182937e+00
-1.308227844023688302e+00
-1.313270175514667404e+00
-1.318312517553733576e+00
-1.323354870169418440e+00
-1.328397233390178345e+00
-1.333439607244388592e+00
-1.338481991760345879e+00
-1.343524386966268303e+00
-1.348566792890293353e+00
-1.353609209560481252e+00
-1.358651637004812507e+00
-1.363694075251189020e+00
-1.368736524327433202e+00
-1.373778984261287972e+00
-1.378821455080418312e+00
-1.383863936812409268e+00
-1.388906429484767280e+00
-1.393948933124920853e+00
-1.398991447760216555e+00
-1.404033973417924575e+00
-1.409076510125235382e+00
-1.414119057909259958e+00
-1.419161616797031344e+00
-1.424204186815501316e+00
-1.429246767991545042e+00
-1.434289360351957310e+00
-1.439331963923454749e+00
-1.444374578732674719e+00
-1.449417204806173753e+00
-1.454459842170432227e+00
-1.459502490851850132e+00
-1.464545150876747970e+00
-1.469587822271368749e+00
-1.474630505061873986e+00
-1.479673199274348150e+00
-1.484715904934796660e+00
-1.489758622069145000e+00
-1.494801350703240717e+00
-1.499844090862850532e+00
-1.504886842573663674e+00
-1.509929605861289881e+00
-1.514972380751260062e+00
-1.520015167269026746e+00
-1.525057965439960750e+00
-1.530100775289357173e+00
-1.535143596842430513e+00
-1.540186430124316219e+00
-1.545229275160070692e+00
-1.550272131974671730e+00
-1.555315000593017638e+00
-1.560357881039927896e+00
-1.565400773340144269e+00
-1.570443677518326586e+00
-1.575486593599057406e+00
-1.580529521606841126e+00
-1.585572461566101543e+00
-1.590615413501184516e+00
-1.595658377436355524e+00
-1.600701353395802551e+00
-1.605744341403633202e+00
-1.610787341483877588e+00
-1.615830353660486329e+00
-1.620873377957328998e+00
-1.625916414398198784e+00
-1.630959463006808718e+00
-1.636002523806793008e+00
-1.641045596821707031e+00
-1.646088682075026233e+00
-1.651131779590147675e+00
-1.656174889390389815e+00
-1.661218011498991620e+00
-1.666261145939113453e+00
-1.671304292733835295e+00
-1.676347451906159414e+00
-1.681390623479009028e+00
-1.686433807475227642e+00
-1.691477003917581046e+00
-1.696520212828753316e+00
-1.701563434231352590e+00
-1.706606668147906181e+00
-1.711649914600863021e+00
-1.716693173612592993e+00
-1.721736445205386268e+00
-1.726779729401454633e+00
-1.731823026222930828e+00
-1.736866335691868546e+00
-1.741909657830242653e+00
-1.746952992659948078e+00
-1.751996340202801594e+00
-1.757039700480540922e+00
-1.762083073514824294e+00
-1.767126459327231558e+00
-1.772169857939262627e+00
-1.777213269372338811e+00
-1.782256693647803036e+00
-1.787300130786918295e+00
-1.792343580810869641e+00
-1.797387043740761081e+00
-1.802430519597619796e+00
-1.807474008402392807e+00
-1.812517510175948088e+00
-1.817561021848352887e+00
-1.822604500371127312e+00
-1.827647935748207608e+00
-1.832691332877927293e+00
-1.837734696592276062e+00
-1.842778031656897797e+00
-1.847821342771093667e+00
-1.852864634567820579e+00
-1.857907911613690288e+00
-1.862951178408972064e+00
-1.867994439387588024e+00
-1.873037698917118687e+00
-1.878080961298799423e+00
-1.883124230767521112e+00
-1.888167511491831263e+00
-1.893210807573931342e+00
-1.898254123049680331e+00
-1.903297461888592279e+00
-1.908340827993837641e+00
-1.913384225202241939e+00
-1.918427657284285992e+00
-1.923471127944107462e+00
-1.928514640819499082e+00
-1.933558199481909989e+00
-1.938601807436444835e+00
-1.943645468121862896e+00
-1.948689184910580741e+00
-1.953732961108670452e+00
-1.958776799955859182e+00
-1.963820704625530933e+00
-1.968864678224723885e+00
-1.973908723794133069e+00
-1.978952844308109249e+00
-1.983997042674658706e+00
-1.989041321735444345e+00
-1.994085684265782588e+00
-1.999130132974648255e+00
-2.004174670504669464e+00
-2.009219299432132733e+00
-2.014264022266979204e+00
-2.019308841452803982e+00
-2.024353759366861016e+00
-2.029398778320057772e+00
-2.034443900556958340e+00
-2.039489128255782990e+00
-2.044534463528406398e+00
-2.049579908420359864e+00
-2.054625464910830868e+00
-2.059671134912662627e+00
-2.064716920272352763e+00
-2.069762822770056410e+00
-2.074808844119582663e+00
-2.079854985968398573e+00
-2.084901249897624709e+00
-2.089947637422039595e+00
-2.094994149990075272e+00
-2.100040788983820406e+00
-2.105087555719021175e+00
-2.110134451445076387e+00
-2.115181477345043692e+00
-2.120228634535633816e+00
-2.125275924067214994e+00
-2.130323346923810313e+00
-2.135370904023099481e+00
-2.140418596216418390e+00
-2.145466424288755558e+00
-2.150514388958759238e+00
-2.155562490878730753e+00
-2.160610730634629384e+00
-2.165659108746067929e+00
-2.170707625666316254e+00
-2.175756281782299073e+00
-2.180805077414597726e+00
-2.185854012817450620e+00
-2.190903088178748348e+00
-2.195952303620040347e+00
-2.201001659196530458e+00
-2.206051154897078703e+00
-2.211100790644200842e+00
-2.216150566294068369e+00
-2.221200481636507629e+00
-2.226250536395002033e+00
-2.231300730226691620e+00
-2.236351062722369054e+00
-2.241401533406485846e+00
-2.246452141737146579e+00
-2.251502887106114681e+00
-2.256553768838806651e+00
-2.261604786194296501e+00
-2.266655938365312206e+00
-2.271707224478239251e+00
-2.276758643593118414e+00
-2.281810194703645767e+00
-2.286861876737174004e+00
-2.291913688554709783e+00
-2.296965628950918159e+00
-2.302017696654117263e+00
-2.307069890326282735e+00
-2.312122208563046399e+00
-2.317174649893693150e+00
-2.322227212781167172e+00
-2.327279895622065276e+00
-2.332332696746642675e+00
-2.337385614418808544e+00
-2.342438646836128235e+00
-2.347491792129822397e+00
-2.352545048364769187e+00
-2.357598413539501170e+00
-2.362651885586207090e+00
-2.367705462370730540e+00
-2.372759141692571738e+00
-2.377812921284887082e+00
-2.382866798814487819e+00
-2.387920771881841819e+00
-2.392974838021070472e+00
-2.398028994699954453e+00
-2.403083239319927955e+00
-2.408137569216080909e+00
-2.413191981657161200e+00
-2.418246473845568012e+00
-2.423301042917361148e+00
-2.428355685942253039e+00
-2.433410399923613188e+00
-2.438465181798467718e+00
-2.443520028437495384e+00
-2.448574936645033784e+00
-2.453629903159074921e+00
-2.458684924651267423e+00
-2.463739997726914766e+00
-2.468795118924976162e+00
-2.473850284718066561e+00
-2.478905491512457981e+00
-2.483960735648077733e+00
-2.489016013398506644e+00
-2.494071320970984829e+00
-2.499126654506405032e+00
-2.504182010079318399e+00
-2.509237383697930035e+00
-2.514292771304101226e+00
-2.519348168773348995e+00
