4.989230652139398786e-02
4.979220643455100487e-02
4.969210642710465003e-02
4.959200657853025940e-02
4.949190696835249759e-02
4.939180767575464259e-02
4.929170877957632368e-02
4.919161035831346590e-02
4.909151249011839413e-02
4.899141525279972209e-02
4.889131872382243560e-02
4.879122298030783011e-02
4.869112825716464393e-02
4.859103484288500308e-02
4.849094279907357335e-02
4.839085218442022718e-02
4.829076305622501120e-02
4.819067547039813243e-02
4.809058948146000684e-02
4.799050514254117605e-02
4.789042250538240453e-02
4.779034162033458238e-02
4.769026253635879481e-02
4.759018530102630123e-02
4.749010996051852840e-02
4.739003655962707728e-02
4.728996514175373006e-02
4.718989574891042232e-02
4.708982842171927780e-02
4.698976319941258056e-02
4.688970011983280978e-02
4.678963921943258414e-02
4.668958053327473129e-02
4.658952409503222536e-02
4.648946993698820779e-02
4.638941809003602895e-02
4.628936858367916490e-02
4.618932144603132145e-02
4.608927670381630232e-02
4.598923438236816180e-02
4.588919450563106600e-02
4.578915709615938301e-02
4.568912217511766211e-02
4.558908976228059212e-02
4.548905987603307083e-02
4.538903253337014249e-02
4.528900774989702560e-02
4.518898553982914762e-02
4.508896591599204084e-02
4.498894888982148121e-02
4.488893447136337034e-02
4.478892266927379795e-02
4.468891349081902803e-02
4.458890694187549880e-02
4.448890302692981580e-02
4.438890174907875186e-02
4.428890311002926794e-02
4.418890711009848538e-02
4.408891374821369974e-02
4.398892302191238779e-02
4.388893492734219359e-02
4.378894945926091464e-02
4.368896661103656431e-02
4.358898637464728165e-02
4.348900874068142158e-02
4.338903369833746471e-02
4.328906123542411444e-02
4.318909133836020681e-02
4.308912399217476596e-02
4.298915918050699725e-02
4.288919688560626636e-02
4.278923708833210632e-02
4.268927976815424519e-02
4.258932490315255753e-02
4.248937247001711992e-02
4.238942244404814846e-02
4.228947479915605434e-02
4.218952950786141604e-02
4.208958654129497934e-02
4.198964586919766429e-02
4.188970745992057904e-02
4.178977128042498518e-02
4.168983729628232549e-02
4.158990547167420310e-02
4.148997576939241622e-02
4.139004815083892341e-02
4.129012257602584363e-02
4.119019900357549779e-02
4.109027739072033947e-02
4.099035769330304502e-02
4.089043986577640954e-02
4.079052386120345097e-02
4.069060963125731289e-02
4.059069712622136172e-02
4.049078629498908954e-02
4.039087708506419044e-02
4.029096944256051194e-02
4.019106331220209660e-02
4.009115863732313351e-02
3.999125535986802066e-02
3.989135342039128174e-02
3.979145275805764936e-02
3.969155331064200265e-02
3.959165501452943658e-02
3.949175780471516489e-02
3.939186161480460330e-02
3.929196637701334177e-02
3.919207202216713065e-02
3.909217847970190146e-02
3.899228567766375997e-02
3.889239354270897231e-02
3.879250200009745631e-02
3.869261093228205245e-02
3.859272027307966008e-02
3.849283002026979150e-02
3.839294017164104206e-02
3.829305072499116641e-02
3.819316167812700225e-02
3.809327302886456046e-02
3.799338477502892802e-02
3.789349691445433044e-02
3.779360944498413866e-02
3.769372236447080665e-02
3.759383567077594773e-02
3.749394936177027210e-02
3.739406343533362154e-02
3.729417788935496247e-02
3.719429272173238599e-02
3.709440793037310780e-02
3.699452351319345439e-02
3.689463946811887690e-02
3.679475579308397193e-02
3.669487248603241908e-02
3.659498954491706424e-02
3.649510696769984325e-02
3.639522475235183047e-02
3.629534289685321102e-02
3.619546139919331551e-02
3.609558025737057141e-02
3.599569946939255166e-02
3.589581903327591916e-02
3.579593894704650309e-02
3.569605920873922256e-02
3.559617981639813522e-02
3.549630076807641643e-02
3.539642206183635231e-02
3.529654369574937445e-02
3.519666566789603906e-02
3.509678797636598541e-02
3.499691061925802593e-02
3.489703359468005611e-02
3.479715690074912382e-02
3.469728053559138076e-02
3.459740449734211021e-02
3.449752878414572010e-02
3.439765339415571527e-02
3.429777832553476680e-02
3.419790357645463574e-02
3.409802914509623556e-02
3.399815502964955577e-02
3.389828122831374524e-02
3.379840773929707054e-02
3.369853456081692289e-02
3.359866169109980427e-02
3.349878912838134826e-02
3.339891687090629918e-02
3.329904491692853991e-02
3.319917326471107794e-02
3.309930191252603848e-02
3.299943085865464365e-02
3.289956010138728182e-02
3.279968963902342438e-02
3.269981946987171595e-02
3.259994959224986333e-02
3.250008000448473960e-02
3.240021070491231475e-02
3.230034169187771115e-02
3.220047296373514806e-02
3.210060451884796939e-02
3.200073635558865759e-02
3.190086847233879891e-02
3.180100086748911814e-02
3.170113353943945778e-02
3.160126648659878495e-02
3.150139970738517065e-02
3.140153320022584515e-02
3.130166696355711486e-02
3.120180099582446978e-02
3.110193529548245864e-02
3.100206986099479298e-02
3.090220469083429858e-02
3.080233978348291893e-02
3.070247513743172216e-02
3.060261075118090798e-02
3.050274662323977648e-02
3.040288275212678012e-02
3.030301913636946481e-02
3.020315577450453232e-02
3.010329266507777435e-02
3.000342980664411421e-02
2.990356719776762068e-02
2.980370483702145246e-02
2.970384272298792067e-02
2.960398085425843678e-02
2.950411922943354040e-02
2.940425784712289575e-02
2.930439670594530560e-02
2.920453580452867307e-02
2.910467514151002938e-02
2.900481471553552348e-02
2.890495452526044284e-02
2.880509456934919610e-02
2.870523484647529919e-02
2.860537535532140310e-02
2.850551609457927654e-02
2.840565706294980938e-02
2.830579825914302655e-02
2.820593968187806028e-02
2.810608132988317784e-02
2.800622320189575035e-02
2.790636529666230131e-02
2.780650761293845113e-02
2.770665014948895527e-02
2.760679290508769382e-02
2.750693587851765071e-02
2.740707906857095533e-02
2.730722247404886172e-02
2.720736609376172427e-02
2.710750992652903590e-02
2.700765397117940378e-02
2.690779822655056663e-02
2.680794269148938785e-02
2.670808736485184506e-02
2.660823224550303706e-02
2.650837733231718729e-02
2.640852262417764731e-02
2.630866811997690027e-02
2.620881381861653314e-02
2.610895971900725407e-02
2.600910582006891320e-02
2.590925212073046796e-02
2.580939861993001433e-02
2.570954531661474862e-02
2.560969220974100916e-02
2.550983929827423807e-02
2.540998658118902992e-02
2.531013405746907266e-02
2.521028172610719625e-02
2.511042958610533102e-02
2.501057763647456661e-02
2.491072587623507223e-02
2.481087430441617642e-02
2.471102292005631501e-02
2.461117172220303115e-02
2.451132070991302730e-02
2.441146988225208897e-02
2.431161923829516097e-02
2.421176877712628503e-02
2.411191849783862751e-02
2.401206839953449676e-02
2.391221848132529804e-02
2.381236874233158898e-02
2.371251918168302761e-02
2.361266979851838616e-02
2.351282059198559621e-02
2.341297156124167236e-02
2.331312270545278509e-02
2.321327402379420174e-02
2.311342551545032473e-02
2.301357717961467764e-02
2.291372901548991217e-02
2.281388102228779080e-02
2.271403319922921452e-02
2.261418554554418467e-02
2.251433806047185154e-02
2.241449074326046231e-02
2.231464359316741655e-02
2.221479660945920032e-02
2.211494979141146247e-02
2.201510313830894530e-02
2.191525664944551574e-02
2.181541032412418271e-02
2.171556416165705897e-02
2.161571816136539231e-02
2.151587232257954480e-02
2.141602664463899616e-02
2.131618112689237510e-02
2.121633576869740023e-02
2.111649056942093913e-02
2.101664552843896319e-02
2.091680064513657539e-02
2.081695591890800334e-02
2.071711134915659239e-02
2.061726693529481597e-02
2.051742267674426523e-02
2.041757857293565598e-02
2.031773462330882518e-02
2.021789082731273793e-02
2.011804718440547701e-02
2.001820369405424987e-02
1.991836035573538513e-02
1.981851716893433951e-02
1.971867413314567705e-02
1.961883124787311417e-02
1.951898851262945378e-02
1.941914592693665814e-02
1.931930349032577945e-02
1.921946120233700844e-02
1.911961906251966395e-02
1.901977707043217211e-02
1.891993522564210106e-02
1.882009352772612623e-02
1.872025197627004423e-02
1.862041057086879711e-02
1.852056931112641344e-02
1.842072819665608457e-02
1.832088722708009182e-02
1.822104640202985848e-02
1.812120572114592210e-02
1.802136518407794485e-02
1.792152479048471359e-02
1.782168454003414323e-02
1.772184443240324911e-02
1.762200446727820238e-02
1.752216464435426418e-02
1.742232496333585151e-02
1.732248542393647478e-02
1.722264602587877252e-02
1.712280676889452874e-02
1.702296765272462084e-02
1.692312867711907517e-02
1.682328984183702192e-02
1.672345114664671242e-02
1.662361259132554003e-02
1.652377417565999845e-02
1.642393589944572685e-02
1.632409776248746822e-02
1.622425976459909366e-02
1.612442190560360589e-02
1.602458418533311488e-02
1.592474660362887262e-02
1.582490916034122799e-02
1.572507185532968574e-02
1.562523468846284402e-02
1.552539765961843780e-02
1.542556076868332321e-02
1.532572401555347234e-02
1.522588740013399930e-02
1.512605092233911507e-02
1.502621458209216915e-02
1.492637837932563397e-02
1.482654231398109618e-02
1.472670638600927749e-02
1.462687059537001212e-02
1.452703494203225372e-02
1.442719942597409967e-02
1.432736404718273904e-02
1.422752880565451503e-02
1.412769370139487467e-02
1.402785873441838270e-02
1.392802390474875106e-02
1.382818921241878510e-02
1.372835465747044084e-02
1.362852023995477641e-02
1.352868595993197628e-02
1.342885181747136003e-02
1.332901781265135449e-02
1.322918394555952157e-02
1.312935021629253393e-02
1.302951662495620104e-02
1.292968317166544659e-02
1.282984985654430851e-02
1.273001667972597194e-02
1.263018364135271368e-02
1.253035072833381253e-02
1.243051758527117384e-02
1.233068405801596330e-02
1.223085015283645501e-02
1.213101587596987149e-02
1.203118123362240111e-02
1.193134623196918237e-02
1.183151087715430400e-02
1.173167517529083610e-02
1.163183913246077297e-02
1.153200275471510071e-02
1.143216604807373304e-02
1.133232901852554604e-02
1.123249167202839544e-02
1.113265401450905939e-02
1.103281605186330616e-02
1.093297778995583856e-02
1.083313923462031828e-02
1.073330039165937624e-02
1.063346126684458839e-02
1.053362186591649645e-02
1.043378219458459405e-02
1.033394225852732329e-02
1.023410206339210766e-02
1.013426161479529658e-02
1.003442091832222605e-02
9.934579979527166649e-03
9.834738803933353035e-03
9.734897397032983915e-03
9.635055764287202978e-03
9.535213911126123182e-03
9.435371842948802462e-03
9.335529565123266288e-03
9.235687082986490312e-03
9.135844401844402107e-03
9.036001526971903716e-03
8.936158463612833489e-03
8.836315216980005979e-03
8.736471792255178989e-03
8.636628194589065707e-03
8.536784429101352059e-03
8.436940500880662011e-03
8.337096414984592266e-03
8.237252176439689710e-03
8.137407790241446212e-03
8.037563261354338517e-03
7.937718594711767536e-03
7.837873795216125997e-03
7.738028867738732525e-03
7.638183817119873278e-03
7.538338648168803682e-03
7.438493365663715468e-03
7.338647974351776571e-03
7.238802478949099908e-03
7.138956884140752052e-03
7.039111194580772307e-03
6.939265414892138023e-03
6.839419549666802753e-03
6.739573603465657224e-03
6.639727580818568370e-03
6.539881486224346369e-03
6.440035324150755053e-03
6.340189099034537062e-03
6.240342815281361803e-03
6.140496477265887029e-03
6.040650089331703332e-03
5.940803655791361895e-03
5.840957180926386640e-03
5.741110668987236057e-03
5.641264124193347447e-03
5.541417550733100487e-03
5.441570952763828510e-03
5.341724334411841052e-03
5.241877699772381355e-03
5.142031052909670601e-03
5.042184397856872349e-03
4.942337738616107284e-03
4.842491079158467090e-03
4.742644423423980626e-03
4.642797775321652956e-03
4.542951138729434124e-03
4.443104517494226961e-03
4.343257915431909637e-03
4.243411336327294024e-03
4.143564783934171672e-03
4.043718261975275639e-03
3.943871774142294374e-03
3.844025324095890362e-03
3.744178915465659792e-03
3.644332551850180263e-03
3.544486236816967416e-03
3.444639973902495315e-03
3.344793766612210763e-03
3.244947618420495564e-03
3.145101532770710334e-03
3.045255513075151126e-03
2.945409562715092366e-03
2.845563685040749559e-03
2.745717883371294032e-03
2.645872160994872015e-03
2.546026521168563012e-03
2.446180967118427498e-03
2.346335502039463561e-03
2.246490129095629010e-03
2.146644851419853527e-03
2.046799672114002228e-03
1.946954594248919259e-03
1.847109620864387887e-03
1.747264754969150890e-03
1.647419999540921396e-03
1.547575357526350358e-03
1.447730831841065368e-03
1.347886425369635962e-03
1.248042140965587498e-03
1.148197981451419807e-03
1.048353949618566856e-03
9.485100482274417448e-04
8.486662800073982178e-04
7.488226476567465999e-04
6.489791538427711450e-04
5.491358012016902450e-04
4.492925923387020752e-04
3.494495298279390576e-04
2.496066162125130721e-04
1.497638540044760188e-04
4.992124568483683974e-05
-4.992120629642746941e-05
-1.497634995203830878e-04
-2.496056315991502790e-04
-3.494476001758868708e-04
-4.492894029247936419e-04
-5.491310375511258488e-04
-6.489725017911483936e-04
-7.488137934122021232e-04
-8.486549102126605699e-04
-9.484958500219400337e-04
-1.048336610700510534e-03
-1.148177190139852873e-03
-1.248017586262523257e-03
-1.347857797022110468e-03
-1.447697820403245949e-03
-1.547537654421615510e-03
-1.647377297123914881e-03
-1.747216746587916493e-03
-1.847056000922423294e-03
-1.946895058267282845e-03
-2.046733916793396640e-03
-2.146572574702675443e-03
-2.246411030228105850e-03
-2.346249281633708446e-03
-2.446087327214544957e-03
-2.545925165296731695e-03
-2.645762794237395323e-03
-2.745600212424738340e-03
-2.845437418277996146e-03
-2.945274410247445719e-03
-3.045111186814419921e-03
-3.144947746491258932e-03
-3.244784087821382234e-03
-3.344620209379239179e-03
-3.444456109770323727e-03
-3.544291787631182258e-03
-3.644127241629372370e-03
-3.743962470463527495e-03
-3.843797472863313101e-03
-3.943632247589437534e-03
-4.043466793433662422e-03
-4.143301109218762782e-03
-4.243135193798585995e-03
-4.342969046058012782e-03
-4.442802664912967603e-03
-4.542636049310427339e-03
-4.642469198228380521e-03
-4.742302110675892385e-03
-4.842134785693058031e-03
-4.941967222351027582e-03
-5.041799419751961941e-03
-5.141631377029097852e-03
-5.241463093346702788e-03
-5.341294567900088837e-03
-5.441125799915621369e-03
-5.540956788650676541e-03
-5.640787533393706345e-03
-5.740618033464194372e-03
-5.840448288212666227e-03
-5.940278297020705998e-03
-6.040108059300902492e-03
-6.139937574496922949e-03
-6.239766842083466214e-03
-6.339595861566276608e-03
-6.439424632482150003e-03
-6.539253154398891321e-03
-6.639081426915383055e-03
-6.738909449661541901e-03
-6.838737222298324828e-03
-6.938564744517742959e-03
-7.038392016042817334e-03
-7.138219036627648298e-03
-7.238045806057364327e-03
-7.337872324148138510e-03
-7.437698590747197219e-03
-7.537524605732780214e-03
-7.637350369014198753e-03
-7.737175880531798298e-03
-7.837001140256968923e-03
-7.936826148192150515e-03
-8.036650904370796350e-03
-8.136475408857434671e-03
-8.236299661747631395e-03
-8.336123663167983172e-03
-8.435947413276152079e-03
-8.535770912260804907e-03
-8.635594160341687753e-03
-8.735417157769572241e-03
-8.835239904826281548e-03
-8.935062401824685197e-03
-9.034884649108671298e-03
-9.134706647053196862e-03
-9.234528396064253103e-03
-9.334349896578874109e-03
-9.434171149065150724e-03
-9.533992154022178506e-03
-9.633812911980135785e-03
-9.733633423500226423e-03
-9.833453689174702361e-03
-9.933273709626865358e-03
-1.003309348551103229e-02
-1.013291301751259241e-02
-1.023273230634796742e-02
-1.033255135276462192e-02
-1.043237015754107724e-02
-1.053218872148686119e-02
-1.063200704544258086e-02
-1.073182513027987235e-02
-1.083164297690142851e-02
-1.093146058624094863e-02
-1.103127795926321479e-02
-1.113109509696403460e-02
-1.123091200037025852e-02
-1.133072867053979901e-02
-1.143054510856157148e-02
-1.153036131555556544e-02
-1.163017729267280809e-02
-1.172999304109537122e-02
-1.182980856203637472e-02
-1.192962385673994839e-02
-1.202943892648130481e-02
-1.212925377256668553e-02
-1.222906839633336809e-02
-1.232888279914969715e-02
-1.242869698241501689e-02
-1.252851094755975253e-02
-1.262832469604536004e-02
-1.272813822936433824e-02
-1.282795154904023925e-02
-1.292776465662762858e-02
-1.302757755371214410e-02
-1.312739024191045788e-02
-1.322720272287028313e-02
-1.332701499827039157e-02
-1.342682706982055614e-02
-1.352663893926163950e-02
-1.362645060836552117e-02
-1.372626207893513396e-02
-1.382607335280446222e-02
-1.392588443183850021e-02
-1.402569531793331631e-02
-1.412550601301601483e-02
-1.422531651904474122e-02
-1.432512683800869248e-02
-1.442493697192807726e-02
-1.452474692285418353e-02
-1.462455669286932998e-02
-1.472436628408687297e-02
-1.482417569865123082e-02
-1.492398493873782657e-02
-1.502379400655316430e-02
-1.512360290433477188e-02
-1.522341163435122872e-02
-1.532322019890216235e-02
-1.542302860031821710e-02
-1.552283684096110450e-02
-1.562264492322357548e-02
-1.572245284952942038e-02
-1.582226062233348454e-02
-1.592206824412163019e-02
-1.602187571741077454e-02
-1.612168304474889333e-02
-1.622149022871498952e-02
-1.632129727191912461e-02
-1.642110417700236649e-02
-1.652091094663686588e-02
-1.662071758352579726e-02
-1.672052409040339013e-02
-1.682033047003491516e-02
-1.692013672521665985e-02
-1.701994285877598753e-02
-1.711974887357128883e-02
-1.721955477249200936e-02
-1.731936055845862896e-02
-1.741916623442266165e-02
-1.751897180336667650e-02
-1.761877726830428717e-02
-1.771858263228015540e-02
-1.781838789836995632e-02
-1.791819306968044090e-02
-1.801799814934939084e-02
-1.811780314054562899e-02
-1.821760804646903667e-02
-1.831741287035050167e-02
-1.841721761545199454e-02
-1.851702228506650616e-02
-1.861682688251807896e-02
-1.871663141116181386e-02
-1.881643587438380436e-02
-1.891624027560123711e-02
-1.901604461826232606e-02
-1.911584890584632282e-02
-1.921565314186354789e-02
-1.931545732985530742e-02
-1.941526147339400418e-02
-1.951506557608306824e-02
-1.961486964155697080e-02
-1.971467367348123459e-02
-1.981447767555239228e-02
-1.991428165149805932e-02
-2.001408560507688533e-02
-2.011388954007854377e-02
-2.021369346032378389e-02
-2.031349736966435449e-02
-2.041330127198308711e-02
-2.051310517119383364e-02
-2.061290907124149752e-02
-2.071271297610203718e-02
-2.081251688978242101e-02
-2.091232081632068279e-02
-2.101212475978590441e-02
-2.111192872427820194e-02
-2.121173271392874649e-02
-2.131153673289971906e-02
-2.141134078538437652e-02
-2.151114487560700991e-02
-2.161094900782295145e-02
-2.171075318631859180e-02
-2.181055741541132117e-02
-2.191036169944961601e-02
-2.201016604281298000e-02
-2.210997044991196495e-02
-2.220977492518817070e-02
-2.230957947311420705e-02
-2.240938409819376656e-02
-2.250918880496157251e-02
-2.260899359798337893e-02
-2.270879848185600874e-02
-2.280860346120728785e-02
-2.290840854069612839e-02
-2.300821372501245590e-02
-2.310801901887725093e-02
-2.320782442704254905e-02
-2.330762995429139575e-02
-2.340743560543790541e-02
-2.350724138532723009e-02
-2.360704729883557340e-02
-2.370685335087015927e-02
-2.380665954636927012e-02
-2.390646589030223298e-02
-2.400627238766941604e-02
-2.410607904350223554e-02
-2.420588586286312807e-02
-2.430569285084559217e-02
-2.440550001257417445e-02
-2.450530735320445228e-02
-2.460511487792306842e-02
-2.470492259194765824e-02
-2.480473050052695375e-02
-2.490453860894070379e-02
-2.500434692249970878e-02
-2.510415544654581721e-02
-2.520396418645189096e-02
-2.530377314762187121e-02
-2.540358233549072642e-02
-2.550339175552446269e-02
-2.560320141322015505e-02
-2.570301131410587456e-02
-2.580282146374078545e-02
-2.590263186771505494e-02
-2.600244253164992608e-02
-2.610225346119767267e-02
-2.620206466204159229e-02
-2.630187613989604795e-02
-2.640168790050644379e-02
-2.650149994964922165e-02
-2.660131229313188531e-02
-2.670112493679293111e-02
-2.680093788650194861e-02
-2.690075114815955459e-02
-2.700056472769740701e-02
-2.710037863107822229e-02
-2.720019286429571637e-02
-2.730000743337469143e-02
-2.739982234437098041e-02
-2.749963760337145735e-02
-2.759945321649404440e-02
-2.769926918988768749e-02
-2.779908552973239799e-02
-2.789890224223922841e-02
-2.799871933365025503e-02
-2.809853681023863348e-02
-2.819835467830851192e-02
-2.829817294419512477e-02
-2.839799161426472679e-02
-2.849781069491462773e-02
-2.859763019257318545e-02
-2.869745011369977117e-02
-2.879727046478482849e-02
-2.889709125234983175e-02
-2.899691248294730683e-02
-2.909673416316082770e-02
-2.919655629960497129e-02
-2.929637889892540772e-02
-2.939620196779882400e-02
-2.949602551293295516e-02
-2.959584954106659824e-02
-2.969567405896954629e-02
-2.979549907344267515e-02
-2.989532459131789485e-02
-2.999515061945816005e-02
-3.009497716475747001e-02
-3.019480423414084083e-02
-3.029463183456436448e-02
-3.039445997301517058e-02
-3.049428865651142642e-02
-3.059411789210232657e-02
-3.069394768686813102e-02
-3.079377804792014089e-02
-3.089360898240068806e-02
-3.099344049748316635e-02
-3.109327260037197949e-02
-3.119310529830261400e-02
-3.129293859854156978e-02
-3.139277250838640176e-02
-3.149260703516573029e-02
-3.159244218623916828e-02
-3.169227796899739408e-02
-3.179211439086215840e-02
-3.189195145928622188e-02
-3.199178918175340364e-02
-3.209162756577853270e-02
-3.219146661890753131e-02
-3.229130634871733851e-02
-3.239114676281593108e-02
-3.249098786884235812e-02
-3.259082967446666479e-02
-3.269067218738997554e-02
-3.279051541534443864e-02
-3.289035936609327471e-02
-3.299020404743072121e-02
-3.309004946718205331e-02
-3.318989563320359770e-02
-3.328974255338274651e-02
-3.338959023563789486e-02
-3.348943868791853101e-02
-3.358928791820511156e-02
-3.368913793450922095e-02
-3.378898874487342580e-02
-3.388884035737136508e-02
-3.398869278010772238e-02
-3.408854602121819816e-02
-3.418840008886955828e-02
-3.428825499125960630e-02
-3.438811073661719037e-02
-3.448796733320220326e-02
-3.458782478930556153e-02
-3.468768311324926107e-02
-3.478754231338631459e-02
-3.488740239810077248e-02
-3.498726337580775753e-02
-3.508712525495340240e-02
-3.518698804401490521e-02
-3.528685175150049480e-02
-3.538671638594945851e-02
-3.548658195593211440e-02
-3.558644847004981820e-02
-3.568631593693497028e-02
-3.578618436525104335e-02
-3.588605376369250616e-02
-3.598592414098492065e-02
-3.608579550588483092e-02
-3.618566786717988815e-02
-3.628554123368873952e-02
-3.638541561426111154e-02
-3.648529101777773370e-02
-3.658516745315040786e-02
-3.668504492932197353e-02
-3.678492345526631485e-02
-3.688480303998835363e-02
-3.698468369252404936e-02
-3.708456542194041305e-02
-3.718444823733550036e-02
-3.728433214783840460e-02
-3.738421716260927757e-02
-3.748410329083928100e-02
-3.758399054175064202e-02
-3.768387892459663935e-02
-3.778376844866157547e-02
-3.788365912326082524e-02
-3.798355095774075263e-02
-3.808344396147881478e-02
-3.818333814388349262e-02
-3.828323351439431865e-02
-3.838313008248186303e-02
-3.848302785764772665e-02
-3.858292684942456197e-02
-3.868282706737608684e-02
-3.878272852109703600e-02
-3.888263122021319573e-02
-3.898253517438136917e-02
-3.908244039328945957e-02
-3.918234688665637316e-02
-3.928225466423204693e-02
-3.938216373579751794e-02
-3.948207411116479854e-02
-3.958198580017698032e-02
-3.968189881270819258e-02
-3.978181315866362311e-02
-3.988172884797948348e-02
-3.998164589062301599e-02
-4.008156429659252146e-02
-4.018148407591736609e-02
-4.028140523865791911e-02
-4.038132779490564289e-02
-4.048125175478296117e-02
-4.058117712844342556e-02
-4.068110392607158371e-02
-4.078103215788304869e-02
-4.088096183412446433e-02
-4.098089296507351903e-02
-4.108082556103892502e-02
-4.118075963236048770e-02
-4.128069518940901544e-02
-4.138063224258637512e-02
-4.148057080232545046e-02
-4.158051087909021143e-02
-4.168045248337563791e-02
-4.178039562570776133e-02
-4.188034031664367163e-02
-4.198028656677148251e-02
-4.208023438671035232e-02
-4.218018378711049093e-02
-4.228013477865314590e-02
-4.238008737205062326e-02
-4.248004157804623898e-02
-4.257999740741437444e-02
-4.267995487096046259e-02
-4.277991397952095320e-02
-4.287987474396338233e-02
-4.297983717518626817e-02
-4.307980128411921517e-02
-4.317976708172286543e-02
-4.327973457898891263e-02
-4.337970378694003953e-02
-4.347967471663004985e-02
-4.357964737914372944e-02
-4.367962178559694347e-02
-4.377959794713660174e-02
-4.387957587494061007e-02
-4.397955558021796052e-02
-4.407953707420869671e-02
-4.417952036818386524e-02
-4.427950547344559895e-02
-4.437949240132701978e-02
-4.447948116319234979e-02
-4.457947177043682097e-02
-4.467946423448670989e-02
-4.477945856679936554e-02
-4.487945477886313289e-02
-4.497945288219743626e-02
-4.507945288835271680e-02
-4.517945480891049498e-02
-4.527945865548330118e-02
-4.537946443971471733e-02
-4.547947217327936997e-02
-4.557948186788294415e-02
-4.567949353526212786e-02
-4.577950718718472312e-02
-4.587952283544947940e-02
-4.597954049188626019e-02
-4.607956016835595275e-02
-4.617958187675048898e-02
-4.627960562899285230e-02
-4.637963143703703606e-02
-4.647965931286809210e-02
-4.657968926850215158e-02
-4.667972131598634167e-02
-4.677975546739886192e-02
-4.687979173484892181e-02
-4.697983013047681011e-02
-4.707987066645383939e-02
-4.717991335498237376e-02
-4.727995820829582196e-02
-4.738000523865860958e-02
-4.748005445836624844e-02
-4.758010587974524641e-02
-4.768015951515320455e-02
-4.778021537697874077e-02
-4.788027347764149677e-02
-4.798033382959217275e-02
-4.808039644531254125e-02
-4.818046133731537783e-02
-4.828052851814453733e-02
-4.838059800037486369e-02
-4.848066979661229403e-02
-4.858074391949378928e-02
-4.868082038168736192e-02
-4.878089919589205514e-02
-4.888098037483796371e-02
-4.898106393128621311e-02
-4.908114987802899426e-02
-4.918123822788952881e-02
-4.928132899372207609e-02
-4.938142218841193309e-02
-4.948151782487546918e-02
-4.958161591606007751e-02
-4.968171647494418891e-02
-4.978181951453727189e-02
-4.988192504787986731e-02
