-1.004237742254403543e-01
-1.004237700107848130e-01
-1.004237070717334118e-01
-1.004234360497942014e-01
-1.004227114836333812e-01
-1.004211952141046416e-01
-1.004184601776514640e-01
-1.004139945405650158e-01
-1.004072061362206864e-01
-1.003974271659791584e-01
-1.003839191256017116e-01
-1.003658779196351103e-01
-1.003424391271708210e-01
-1.003126833834208226e-01
-1.002756418427265955e-01
-1.002303016899085408e-01
-1.001756116682279291e-01
-1.001104875937874339e-01
-1.000338178274491341e-01
-9.994446867807466051e-02
-9.984128970848951679e-02
-9.972311893904217683e-02
-9.958878797805383043e-02
-9.943712695862749751e-02
-9.926696925964011153e-02
-9.907715604782499352e-02
-9.886654062732221082e-02
-9.863399259471637703e-02
-9.837840179373216754e-02
-9.809868206146163394e-02
-9.779377475981786139e-02
-9.746265208682203252e-02
-9.710432016345992012e-02
-9.671782189288295750e-02
-9.630223958975744902e-02
-9.585669737855791184e-02
-9.538036336056153475e-02
-9.487245155022518139e-02
-9.433222358251432127e-02
-9.375899019360048325e-02
-9.315211247815168016e-02
-9.251100292720333684e-02
-9.183512625132023155e-02
-9.112399999442727383e-02
-9.037719494434523493e-02
-8.959433534654202835e-02
-8.877509892854751339e-02
-8.791921674146355170e-02
-8.702647283104948672e-02
-8.609670373313048353e-02
-8.512979795489065971e-02
-8.412569574656109106e-02
-8.308438850935499775e-02
-8.200591790528832803e-02
-8.089037488443395763e-02
-7.973789864955330153e-02
-7.854867556411476714e-02
-7.732293801052196602e-02
-7.606096320477348516e-02
-7.476307197356060752e-02
-7.342962749950077139e-02
-7.206103403992734913e-02
-7.065773562438035227e-02
-6.922021473567313565e-02
-6.774899097914807711e-02
-6.624461974447762302e-02
-6.470769086411697069e-02
-6.313882727227121405e-02
-6.153868366800205325e-02
-5.990794518586736728e-02
-5.824732607726280931e-02
-5.655756840541390634e-02
-5.483944075675487723e-02
-5.309373697122344443e-02
-5.132127489379684909e-02
-4.952289514940767107e-02
-4.769945994315714227e-02
-4.585185188767276071e-02
-4.398097285886717889e-02
-4.208774288326439655e-02
-4.017309905956584909e-02
-3.823799449729857469e-02
-3.628339727368284917e-02
-3.431028941676349253e-02
-3.231966591576977688e-02
-3.031253375842821174e-02
-2.828991099497712991e-02
-2.625282582844125356e-02
-2.420231573059827834e-02
-2.213942658294379418e-02
-2.006521184179865802e-02
-1.798073172672964848e-02
-1.588705243079770180e-02
-1.378524535307160126e-02
-1.167638634746757942e-02
-9.561555048476874652e-03
-7.441834385701187604e-03
-5.318310024896272248e-03
-3.192069743828240824e-03
-1.064202810207540151e-03
1.064200636851725390e-03
3.192050203990021151e-03
5.318255861379850291e-03
7.441728563161775778e-03
9.561380872559491206e-03
1.167612759368179265e-02
1.378488641199691889e-02
1.588657854543414072e-02
1.798012940803275783e-02
2.006446928801369767e-02
2.213853404209861764e-02
2.420126580784325021e-02
2.625161373568654644e-02
2.828853474234335752e-02
3.031099428708905474e-02
3.231796717239479588e-02
3.430843837027758303e-02
3.628140387562323044e-02
3.823587158762928317e-02
4.017086222039445431e-02
4.208541024355041960e-02
4.397856485369541768e-02
4.584939097724122226e-02
4.769697030512912161e-02
4.952040235970575632e-02
5.131880559387369534e-02
5.309131852244702854e-02
5.483710088544749284e-02
5.655533484287023072e-02
5.824522620023334096e-02
5.990600566399650884e-02
6.153693012569744214e-02
6.313728397340123699e-02
6.470638042880494378e-02
6.624356290803187775e-02
6.774820640398851457e-02
6.921971888738490120e-02
7.065754272497132282e-02
7.206115610662355841e-02
7.343007449204483339e-02
7.476385185286912871e-02
7.606208140418227459e-02
7.732439684534736513e-02
7.855047387334196385e-02
7.974003165127838133e-02
8.089283421551532460e-02
8.200869181178940814e-02
8.308746215208129282e-02
8.412905158355912794e-02
8.513341616105160603e-02
8.610056261452056492e-02
8.703054920308503362e-02
8.792348644725200835e-02
8.877953773114674596e-02
8.959891976670489311e-02
9.038190291198999748e-02
9.112881133603425998e-02
9.184002302286764507e-02
9.251596960769992162e-02
9.315713603855355074e-02
9.376406005701110047e-02
9.433733149213960334e-02
9.487759136208537281e-02
9.538553077829695082e-02
9.586188964782876853e-02
9.630745516970598552e-02
9.672306012188866542e-02
9.710958093596164242e-02
9.746793555729560410e-02
9.779908108906620878e-02
9.810401121921402678e-02
9.838375343004748808e-02
9.863936599122480331e-02
9.887193473645286557e-02
9.908256962660760836e-02
9.927240102011902767e-02
9.944257556767557849e-02
9.959425203334959509e-02
9.972859696613808889e-02
9.984678016086420693e-02
9.994996992562565907e-02
1.000393281713551630e-01
1.001160053423175988e-01
1.001811352077353612e-01
1.002358295365907703e-01
1.002811726793504110e-01
1.003182160820563218e-01
1.003479727598743654e-01
1.003714117587823917e-01
1.003894526356070016e-01
1.004029599880674195e-01
1.004127380678439263e-01
1.004195255109467944e-01
1.004239902208114155e-01
1.004267244405485371e-01
1.004282400517147178e-01
1.004289641374900566e-01
1.004292348494742193e-01
1.004292976148499494e-01
1.004293017314580594e-01
