-1.570165658212944209e+02
-1.538764169382191653e+02
-1.507363249922029809e+02
-1.475961568894817049e+02
-1.444560184533082179e+02
-1.413158778093779802e+02
-1.381757113652317344e+02
-1.350355534977175580e+02
-1.318953967457500767e+02
-1.287552154380012723e+02
-1.256150566053065631e+02
-1.224748522101636041e+02
-1.193346829587052866e+02
-1.161944977028873325e+02
-1.130542585731276120e+02
-1.099140887029284670e+02
-1.067738530347696155e+02
-1.036336529888654070e+02
-1.004934370770586440e+02
-9.735319791621651575e+01
-9.421294027263130033e+01
-9.107271354228484483e+01
-8.793243758583003000e+01
-8.479218133615775344e+01
-8.165186574211060133e+01
-7.851155431091967785e+01
-7.537121570933580017e+01
-7.223083599957095657e+01
-6.909044678651548566e+01
-6.595001440104888957e+01
-6.280957318218717234e+01
-5.966921207858437981e+01
-5.652877217798931753e+01
-5.338835088762459691e+01
-5.024799322588052064e+01
-4.710761110033072896e+01
-4.396721508070589834e+01
-4.082674806330841477e+01
-3.768624744973651985e+01
-3.454567319194531194e+01
-3.140498400833380188e+01
-2.826412434908274207e+01
-2.512294376334860146e+01
-2.198120509293455171e+01
-1.883830741286160659e+01
-1.569257444252429501e+01
-1.253864371457236260e+01
-9.354979126096019115e+00
-6.037368575832994466e+00
-2.053781188571876193e+00
2.052906222259169411e+00
6.034972825637676230e+00
9.352946903629414166e+00
1.253669610097740161e+01
1.569032469594634449e+01
1.883584254633336030e+01
2.197889154458578531e+01
2.512063992529205336e+01
2.826172798422209809e+01
3.140256369188319496e+01
3.454361857880190456e+01
3.768366601160391127e+01
4.082397473428504497e+01
4.396454385763139783e+01
4.710420320338842259e+01
5.024474661485043470e+01
5.338522431925105849e+01
5.652529836082650405e+01
5.966551040969493869e+01
6.280600335995485750e+01
6.594609746838503384e+01
6.908613447224865922e+01
7.222635613683848987e+01
7.536618486043079201e+01
7.850639201942689738e+01
8.164584099123007377e+01
8.478611984231075382e+01
8.792640006906191275e+01
9.106667602334010780e+01
9.420694780827858494e+01
9.735023758891335888e+01
1.004906218742756607e+02
1.036309815700036268e+02
1.067712894683097744e+02
1.099115731134405962e+02
1.130517429909189104e+02
1.161920060755596467e+02
1.193321673860175025e+02
1.224723845659440400e+02
1.256125650107303784e+02
1.287527717478590432e+02
1.318929291111061275e+02
1.350330858884030363e+02
1.381731958519719683e+02
1.413133383528191871e+02
1.444534326076288835e+02
1.475898583919108660e+02
1.507314126926622748e+02
1.538714829085708402e+02
1.570101960580785203e+02
