-1.570169034176560956e+02
-1.538767616227722215e+02
-1.507366151513261912e+02
-1.475964627141120218e+02
-1.444562938461005501e+02
-1.413161127395416088e+02
-1.381759457352399068e+02
-1.350357854590662896e+02
-1.318956041244757387e+02
-1.287554223878116204e+02
-1.256152729493233693e+02
-1.224750983546568079e+02
-1.193348971797927476e+02
-1.161947165785128107e+02
-1.130544785434641568e+02
-1.099142526348479549e+02
-1.067740454824469936e+02
-1.036338471076496290e+02
-1.004936266592264360e+02
-9.735339832473624710e+01
-9.421317482547644317e+01
-9.107290402193876844e+01
-8.793261383855015367e+01
-8.479231986977313795e+01
-8.165201815077210767e+01
-7.851169992700339151e+01
-7.537138191484598337e+01
-7.223099481888954188e+01
-6.909060266372274839e+01
-6.595019153281359081e+01
-6.280975607012737072e+01
-5.966931175779745189e+01
-5.652883613696216969e+01
-5.338835575051322735e+01
-5.024786713106503555e+01
-4.710732508370573868e+01
-4.396674038814808227e+01
-4.082606970180101769e+01
-3.768528443668309080e+01
-3.454434101081930208e+01
-3.140309254946637196e+01
-2.826131193306350298e+01
-2.511857668365294671e+01
-2.197391988319705547e+01
-1.882498707120826964e+01
-1.566504739236925836e+01
-1.247214389082119013e+01
-9.171857898489141903e+00
-5.525280471146559513e+00
-4.864613670990634575e-01
4.845470561776422103e-01
5.524168600911515625e+00
9.169868167807653236e+00
1.247026932337050198e+01
1.566249115668569480e+01
1.882195770058458706e+01
2.197138086099176846e+01
2.511595050820526609e+01
2.825847116154060501e+01
3.140026408534374980e+01
3.454207640416017000e+01
3.768230139599285167e+01
4.082308063157092448e+01
4.396340389835702211e+01
4.710417420054562854e+01
5.024465654463422482e+01
5.338503130115802264e+01
5.652562566488096252e+01
5.966567047404820556e+01
6.280550354429888671e+01
6.594609436168623517e+01
6.908648140357091449e+01
7.222728065724282942e+01
7.536806390737544348e+01
7.850738808258635970e+01
8.164764588208969087e+01
8.478774394204525322e+01
8.792802593870803207e+01
9.106810072651416021e+01
9.420809581806500432e+01
9.734845106084925703e+01
1.004884521989536381e+02
1.036283129107879120e+02
1.067687869679930373e+02
1.099084546974863059e+02
1.130493754133667892e+02
1.161889909077767413e+02
1.193294827908998883e+02
1.224693003840826435e+02
1.256100741846829294e+02
1.287496010846384991e+02
1.318899980561017173e+02
1.350299158857013708e+02
1.381702916555877891e+02
1.413103867984207795e+02
1.444507117602141761e+02
1.475906652976606779e+02
1.507307215029775875e+02
1.538711075326722266e+02
1.570111537959854786e+02
