-1.570169031884779827e+02
-1.538767531838211369e+02
-1.507366155479323311e+02
-1.475964535268826126e+02
-1.444562838350683478e+02
-1.413161092752578440e+02
-1.381759417157690848e+02
-1.350357989295531524e+02
-1.318956066296206018e+02
-1.287554560944701905e+02
-1.256152845032473238e+02
-1.224750828164700351e+02
-1.193348985333433632e+02
-1.161947253227201315e+02
-1.130545040229218330e+02
-1.099142461683936034e+02
-1.067740557586363650e+02
-1.036338368958792557e+02
-1.004936177102883903e+02
-9.735340052700709634e+01
-9.421315968896752224e+01
-9.107288819249295386e+01
-8.793260726921258197e+01
-8.479230520530862236e+01
-8.165202014224155391e+01
-7.851168776625337387e+01
-7.537136863216613847e+01
-7.223098408689784833e+01
-6.909059314379020122e+01
-6.595017813775864113e+01
-6.280973818648594431e+01
-5.966929487822056188e+01
-5.652881690771220491e+01
-5.338832831818670144e+01
-5.024784218638213673e+01
-4.710728868943508729e+01
-4.396669624903895368e+01
-4.082600528963241970e+01
-3.768520405460590439e+01
-3.454421363889069596e+01
-3.140291778650717802e+01
-2.826105860160905081e+01
-2.511818980597043094e+01
-2.197327909644798183e+01
-1.882381425152915000e+01
-1.566260885420031279e+01
-1.246644646750927521e+01
-9.158446753274699148e+00
-5.496941501496632299e+00
-3.707151581015594166e-01
3.677236934663158374e-01
5.495797376569067083e+00
9.156433012821105777e+00
1.246459196529542091e+01
1.566005366858817993e+01
1.882118724886450423e+01
2.197073096625238975e+01
2.511543155285141893e+01
2.825820570008265875e+01
3.140006529870860419e+01
3.454191905099359872e+01
3.768218491426884498e+01
4.082327353612704712e+01
4.396387501994203006e+01
4.710410811368713269e+01
5.024461953187366703e+01
5.338514140321261436e+01
5.652604980914351529e+01
5.966547413943969502e+01
6.280558157999408309e+01
6.594575770304672346e+01
6.908627940426379155e+01
7.222809658471618377e+01
7.536795521560168254e+01
7.850744736318802097e+01
8.164815106785181342e+01
8.478765777759289790e+01
8.792801929359383450e+01
9.106812061188753660e+01
9.420839212916676786e+01
9.734846548889723294e+01
1.004884428719990410e+02
1.036288057943716012e+02
1.067687735540829408e+02
1.099086161455391704e+02
1.130491135795820838e+02
1.161889513374233900e+02
1.193296757918486151e+02
1.224692617600688891e+02
1.256093189263869618e+02
1.287497302653321185e+02
1.318896172669895748e+02
1.350300488157510017e+02
1.381702877608254312e+02
1.413103357287509709e+02
1.444503901914501682e+02
1.475907754769077087e+02
1.507308415461513675e+02
1.538713386726892054e+02
1.570112735792444028e+02
