-1.570168798579782958e+02
-1.538767530801954990e+02
-1.507365904895116557e+02
-1.475964458421233587e+02
-1.444562903323246985e+02
-1.413161497714212942e+02
-1.381759635566747875e+02
-1.350357860153380329e+02
-1.318956178143051261e+02
-1.287554315469703283e+02
-1.256152561332579296e+02
-1.224750599414714429e+02
-1.193348683229334597e+02
-1.161946741856041569e+02
-1.130544845794473758e+02
-1.099142976324703511e+02
-1.067740868668636551e+02
-1.036338694781663605e+02
-1.004936484295020165e+02
-9.735342743206510363e+01
-9.421317412579628581e+01
-9.107293715070535711e+01
-8.793262654353381436e+01
-8.479235345235011323e+01
-8.165204113477105352e+01
-7.851172320172575780e+01
-7.537138798534314788e+01
-7.223103887673249801e+01
-6.909061853191548153e+01
-6.595019107181906293e+01
-6.280978631956196523e+01
-5.966933779679551719e+01
-5.652889576236523084e+01
-5.338843105873996819e+01
-5.024797308116642824e+01
-4.710746277101895885e+01
-4.396693226625685469e+01
-4.082638825642204949e+01
-3.768574580262482243e+01
-3.454495596714096450e+01
-3.140394163331440325e+01
-2.826253260083734631e+01
-2.512045111973002065e+01
-2.197701716628545654e+01
-1.883068084397822162e+01
-1.567698027763772117e+01
-1.250110015642123784e+01
-9.248146153080593734e+00
-5.717035716695194836e+00
-1.101817138340432711e+00
1.101149930386250198e+00
5.716074511930756330e+00
9.245770581664833898e+00
1.249883173026664451e+01
1.567446628459990166e+01
1.882803429014706964e+01
2.197438094520934726e+01
2.511763087193288158e+01
2.825970399965409996e+01
3.140153293830935510e+01
3.454254154071708172e+01
3.768369723526058834e+01
4.082347136103699370e+01
4.396415905593314477e+01
4.710407864466997552e+01
5.024471446542761299e+01
5.338516059351385934e+01
5.652554134228689975e+01
5.966616339599061547e+01
6.280592863413362181e+01
6.594733972242991626e+01
6.908712111305862891e+01
7.222697826554497169e+01
7.536715987396715377e+01
7.850671635786702041e+01
8.164712975242069604e+01
8.478715465879616886e+01
8.792747520114016879e+01
9.106806144296595562e+01
9.420823906523398250e+01
9.734814492841454125e+01
1.004884135406303471e+02
1.036286586450517859e+02
1.067688161335988184e+02
1.099090629032783539e+02
1.130491660112960801e+02
1.161894035112431425e+02
1.193295018241728940e+02
1.224697412795528919e+02
1.256099135760388208e+02
1.287500650403833333e+02
1.318902752203354680e+02
1.350304914420210594e+02
1.381705251826136305e+02
1.413108071723796115e+02
1.444509478618419962e+02
1.475910793168021939e+02
1.507312958889002061e+02
1.538713865757151211e+02
1.570116569305870939e+02
