1.001088435624214767e+01
9.991351994429930272e+00
9.971819579238289322e+00
9.952287058117601504e+00
9.932754379423062829e+00
9.913221492410277946e+00
9.893688347235229941e+00
9.874154894954289219e+00
9.854621087524213507e+00
9.835086877802135419e+00
9.815552219545574886e+00
9.796017067412440937e+00
9.776481297989992214e+00
9.756944770047736526e+00
9.737407460663812131e+00
9.717869347717805084e+00
9.698330409110477390e+00
9.678790622763774110e+00
9.659249966620828687e+00
9.639708418645948740e+00
9.620165956824626718e+00
9.600622559163536351e+00
9.581078203690530870e+00
9.561532868454653666e+00
9.541986531526116977e+00
9.522439170996324975e+00
9.502890764977861338e+00
9.483341291604489243e+00
9.463790729031153148e+00
9.444239055433982344e+00
9.424686249010287398e+00
9.405132287978558381e+00
9.385577150578468419e+00
9.366020815070875472e+00
9.346463259737809892e+00
9.326904462882497526e+00
9.307344402829329510e+00
9.287783057923897800e+00
9.268220406532959643e+00
9.248656427044464223e+00
9.229091097867534899e+00
9.209524397432481635e+00
9.189956304190799230e+00
9.170386796615154879e+00
9.150815853199405936e+00
9.131243452458587484e+00
9.111669572928915883e+00
9.092094193167794103e+00
9.072517291753799284e+00
9.052938847286698731e+00
9.033358838387435696e+00
9.013777243698132935e+00
8.994194041882106916e+00
8.974609211623839400e+00
8.955022731629007637e+00
8.935434580624461276e+00
8.915844737358238348e+00
8.896253180599558164e+00
8.876659889138812431e+00
8.857064841787588350e+00
8.837468017378647289e+00
8.817869394765931901e+00
8.798268952824566114e+00
8.778666670450862242e+00
8.759062526562308548e+00
8.739456500097572800e+00
8.719848570016509370e+00
8.700238715300157466e+00
8.680626914950728690e+00
8.661013147991621253e+00
8.641397393467419974e+00
8.621779630443880293e+00
8.602159838007949588e+00
8.582537995267751185e+00
8.562914081352593243e+00
8.543288075412966975e+00
8.523659956620537770e+00
8.504029704168159398e+00
8.484397297269868687e+00
8.464762715160880191e+00
8.445125937097591517e+00
8.425486942357579778e+00
8.405845710239610469e+00
8.386202220063621482e+00
8.366556451170740871e+00
8.346908382923276193e+00
8.327257994704710953e+00
8.307605265919718818e+00
8.287950175994147628e+00
8.268292704375035385e+00
8.248632830530596038e+00
8.228970533950223043e+00
8.209305794144500013e+00
8.189638590645184735e+00
8.169968903005219829e+00
8.150296710798729194e+00
8.130621993621018007e+00
8.110944731088574500e+00
8.091264902839068185e+00
8.071582488531351629e+00
8.051897467845453349e+00
8.032209820482590246e+00
8.012519526165158723e+00
7.992826564636737352e+00
7.973130915662085094e+00
7.953432559027143078e+00
7.933731474539036377e+00
7.914027642026067788e+00
7.894321041337725831e+00
7.874611652344678525e+00
7.854899454938776060e+00
7.835184429027235886e+00
7.815466509650301319e+00
7.795745647057702676e+00
7.776021840949688624e+00
7.756295091124355778e+00
7.736565397477645156e+00
7.716832760003343950e+00
7.697097178793083749e+00
7.677358654036341434e+00
7.657617186020436506e+00
7.637872775130539083e+00
7.618125421849658352e+00
7.598375126758654119e+00
7.578621890536226147e+00
7.558865713958920374e+00
7.539106597901133355e+00
7.519344543335098052e+00
7.499579551330899818e+00
7.479811623056464853e+00
7.460040759777564645e+00
7.440266962857820410e+00
7.420490233758689769e+00
7.400710574039486289e+00
7.380927985357359056e+00
7.361142469467306881e+00
7.341354028222172978e+00
7.321562663572644958e+00
7.301768377567257495e+00
7.281971172352387889e+00
7.262171050172259612e+00
7.242368013368941426e+00
7.222562064382347380e+00
7.202753205750235921e+00
7.182941440108210784e+00
7.163126770189720105e+00
7.143309198826058193e+00
7.123488728946364645e+00
7.103665363577624348e+00
7.083839105844665696e+00
7.064009958970161485e+00
7.044177926274631574e+00
7.024343011176443774e+00
7.004505217191804967e+00
6.984664547934769097e+00
6.964821007117236285e+00
6.944974598548951938e+00
6.925125326137507642e+00
6.905273193888335825e+00
6.885418205904716871e+00
6.865560366387776448e+00
6.845699679636485513e+00
6.825836150047658535e+00
6.805969782115957045e+00
6.786100580433886087e+00
6.766228549691793326e+00
6.746353694677877932e+00
6.726476020278180812e+00
6.706595531476588157e+00
6.686712233354827895e+00
6.666826131092477681e+00
6.646937229966957794e+00
6.627045535353537353e+00
6.607151052725324547e+00
6.587253787653277293e+00
6.567353745806196130e+00
6.547450932950727776e+00
6.527545354951365120e+00
6.507637017770443677e+00
6.487725927468146025e+00
6.467812090202498254e+00
6.447895512229371739e+00
6.427976199902485810e+00
6.408054159673402417e+00
6.388129398091525246e+00
6.368201921804111265e+00
6.348271737556254735e+00
6.328338852190899644e+00
6.308403272648832605e+00
6.288465005968686405e+00
6.268524059286940897e+00
6.248580439837915002e+00
6.228634154953780921e+00
6.208685212064549042e+00
6.188733618698077699e+00
6.168779382480071405e+00
6.148822511134076407e+00
6.128863012481488681e+00
6.108900894441545049e+00
6.088936165031328507e+00
6.068968832365769117e+00
6.048998904657638676e+00
6.029026390217559594e+00
6.009051297453992468e+00
5.989073634873245844e+00
5.969093411079475331e+00
5.949110634774680939e+00
5.929125314758706189e+00
5.909137459929239888e+00
5.889147079281815245e+00
5.869154181909813417e+00
5.849158777004459964e+00
5.829160873854823066e+00
5.809160481847817969e+00
5.789157610468203430e+00
5.769152269298585267e+00
5.749144468019414589e+00
5.729134216408984237e+00
5.709121524343437670e+00
5.689106401796754753e+00
5.669088858840770406e+00
5.649068905645160399e+00
5.629046552477442233e+00
5.609021809702984029e+00
5.588994687784993864e+00
5.568965197284529545e+00
5.548933348860491499e+00
5.528899153269626332e+00
5.508862621366525048e+00
5.488823764103621272e+00
5.468782592531199249e+00
5.448739117797384068e+00
5.428693351148147883e+00
5.408645303927306358e+00
5.388594987576520445e+00
5.368542413635298161e+00
5.348487593740991031e+00
5.328430539628795870e+00
5.308371263131754780e+00
5.288309776180752486e+00
5.268246090804523440e+00
5.248180219129644719e+00
5.228112173380538685e+00
5.208041965879471213e+00
5.187969594424937547e+00
5.167894964816000858e+00
5.147818058100114058e+00
5.127738874540834324e+00
5.107657414487653647e+00
5.087573678375998831e+00
5.067487666727228834e+00
5.047399380148638315e+00
5.027308819333454082e+00
5.007215985060834207e+00
4.987120878195877793e+00
4.967023499689607213e+00
4.946923850578989423e+00
4.926821931986916425e+00
4.906717745122217700e+00
4.886611291279657543e+00
4.866502571839929736e+00
4.846391588269667317e+00
4.826278342121431919e+00
4.806162835033720881e+00
4.786045068730967245e+00
4.765925045023532647e+00
4.745802765807717982e+00
4.725678233065754519e+00
4.705551448865806563e+00
4.685422415361976789e+00
4.665291134794293804e+00
4.645157609488729022e+00
4.625021841857180682e+00
4.604883834397480946e+00
4.584743589693400345e+00
4.564601110414638008e+00
4.544456399316830542e+00
4.524309459241545817e+00
4.504160293116288294e+00
4.484008903954491920e+00
4.463855294855525457e+00
4.443699469004695146e+00
4.423541429673235825e+00
4.403381180218319813e+00
4.383218724083050688e+00
4.363054064796465958e+00
4.342887205973538833e+00
4.322718151315172008e+00
4.302546904608208322e+00
4.282373469725419213e+00
4.262197850625509155e+00
4.242020051353120103e+00
4.221840076038823497e+00
4.201657928899130034e+00
4.181473614236479897e+00
4.161287136439245415e+00
4.141098499981738179e+00
4.120907709424197485e+00
4.100714769412801886e+00
4.080519684679659420e+00
4.060322460042812054e+00
4.040123100406238343e+00
4.019921610759847219e+00
3.999717996179485091e+00
3.979512261826926078e+00
3.959304412949885776e+00
3.939094454882007046e+00
3.918882393042867562e+00
3.898668232937982037e+00
3.878451980158795109e+00
3.858233640382687568e+00
3.838013219372972795e+00
3.817790722978895879e+00
3.797566157135640719e+00
3.777339527864318924e+00
3.757110841271980473e+00
3.736880103551607046e+00
3.716647320982112479e+00
3.696412499928348083e+00
3.676175646841094657e+00
3.655936768257070923e+00
3.635695870798925089e+00
3.615452961175240620e+00
3.595208046180537131e+00
3.574961132695263277e+00
3.554712227685806081e+00
3.534461338204482939e+00
3.514208471389545618e+00
3.493953634465181146e+00
3.473696834741506922e+00
3.453438079614578715e+00
3.433177376566381778e+00
3.412914733164836179e+00
3.392650157063797245e+00
3.372383656003051566e+00
3.352115237808321879e+00
3.331844910391263515e+00
3.311572681749462621e+00
3.291298559966445492e+00
3.271022553211664796e+00
3.250744669740512904e+00
3.230464917894311672e+00
3.210183306100319989e+00
3.189899842871727120e+00
3.169614536807657590e+00
3.149327396593170736e+00
3.129038430999256715e+00
3.108747648882843606e+00
3.088455059186788532e+00
3.068160670939883872e+00
3.047864493256858154e+00
3.027566535338368947e+00
3.007266806471013076e+00
2.986965316027316408e+00
2.966662073465739180e+00
2.946357088330678664e+00
2.926050370252460731e+00
2.905741928947350061e+00
2.885431774217541268e+00
2.865119915951163332e+00
2.844806364122280495e+00
2.824491128790888261e+00
2.804174220102919168e+00
2.783855648290237017e+00
2.763535423670637314e+00
2.743213556647853935e+00
2.722890057711550682e+00
2.702564937437328396e+00
2.682238206486716958e+00
2.661909875607185061e+00
2.641579955632131327e+00
2.621248457480888749e+00
2.600915392158726469e+00
2.580580770756842224e+00
2.560244604452374340e+00
2.539906904508388852e+00
2.519567682273887055e+00
2.499226949183806390e+00
2.478884716759013784e+00
2.458540996606314533e+00
2.438195800418444747e+00
2.417849139974071804e+00
2.397501027137803664e+00
2.377151473860174669e+00
2.356800492177658413e+00
2.336448094212658866e+00
2.316094292173513036e+00
2.295739098354496299e+00
2.275382525135811296e+00
2.255024584983600366e+00
2.234665290449935782e+00
2.214304654172822850e+00
2.193942688876204805e+00
2.173579407369953476e+00
2.153214822549878615e+00
2.132848947397721240e+00
2.112481794981155847e+00
2.092113378453792194e+00
2.071743711055172632e+00
2.051372806110773439e+00
2.031000677032005264e+00
2.010627337316209129e+00
1.990252800546665979e+00
1.969877080392583357e+00
1.949500190609108508e+00
1.929122145037317271e+00
1.908742957604224300e+00
1.888362642322773510e+00
1.867981213291843412e+00
1.847598684696249105e+00
1.827215070806734731e+00
1.806830385979983244e+00
1.786444644658606862e+00
1.766057861371152615e+00
1.745670050732103906e+00
1.725281227441873177e+00
1.704891406286811684e+00
1.684500602139200165e+00
1.664108829957253732e+00
1.643716104785124088e+00
1.623322441752892642e+00
1.602927856076578061e+00
1.582532363058130276e+00
1.562135978085432031e+00
1.541738716632303996e+00
1.521340594258495216e+00
1.500941626609693547e+00
1.480541829417516553e+00
1.460141218499515947e+00
1.439739809759179812e+00
1.419337619185926602e+00
1.398934662855111810e+00
1.378530956928020190e+00
1.358126517651875753e+00
1.337721361359831107e+00
1.317315504470974341e+00
1.296908963490329025e+00
1.276501755008848660e+00
1.256093895703425112e+00
1.235685402336880179e+00
1.215276291757969140e+00
1.194866580901384534e+00
1.174456286787748605e+00
1.154045426523620632e+00
1.133634017301491159e+00
1.113222076399783989e+00
1.092809621182860180e+00
1.072396669101009614e+00
1.051983237690460538e+00
1.031569344573371794e+00
1.011155007457835264e+00
9.907402441378803104e-01
9.703250724934654459e-01
9.499095104904871079e-01
9.294935729873341490e-01
9.090770052837576776e-01
8.886596504403453389e-01
8.682415265226013368e-01
8.478226515444006184e-01
8.274030434679813251e-01
8.069827202039476788e-01
7.865616996112734238e-01
7.661399994972944993e-01
7.457176376177175880e-01
7.252946316766120116e-01
7.048709993264137275e-01
6.844467581679283263e-01
6.640219257503232608e-01
6.435965195711366160e-01
6.231705570762682278e-01
6.027440556599893418e-01
5.823170326649333983e-01
5.618895053821004737e-01
5.414614910508606105e-01
5.210330068589452690e-01
5.006040699424568752e-01
4.801746973858608269e-01
4.597449062219887694e-01
4.393147134320420921e-01
4.188841359455841018e-01
3.984531906405486823e-01
3.780218943432329670e-01
3.575902638283000590e-01
3.371583158187829721e-01
3.167260669860765820e-01
2.962935339499464527e-01
2.758607332785211752e-01
2.554276814882956437e-01
2.349943950441344132e-01
2.145608903592638728e-01
1.941271837952812385e-01
1.736932916621466705e-01
1.532592302181866595e-01
1.328250156700973572e-01
1.123906641729367634e-01
9.195619183013367670e-02
7.152161469347874390e-02
5.108694876313344541e-02
3.065220998762208104e-02
1.021741426383548056e-02
-1.021742256296722350e-02
-3.065228469916025933e-02
-5.108715640275410946e-02
-7.152202198339153993e-02
-9.195686580234918583e-02
-1.123916722725395861e-01
-1.328264258585020452e-01
-1.532611110764164897e-01
-1.736957124940942399e-01
-1.941302147309802717e-01
-2.145646024581554512e-01
-2.349988603983275415e-01
-2.554329733258450252e-01
-2.758669260666873346e-01
-2.963007034984679877e-01
-3.167342905504362260e-01
-3.371676722034683826e-01
-3.576008334900810937e-01
-3.780337594944223611e-01
-3.984664353522741065e-01
-4.188988462510540023e-01
-4.393309774298065351e-01
-4.597628141792169942e-01
-4.801943418416018128e-01
-5.006255458109110101e-01
-5.210564115327309676e-01
-5.414869245042746027e-01
-5.619170702743954138e-01
-5.823468344435782651e-01
-6.027762026639417181e-01
-6.232051606392403631e-01
-6.436336941248557153e-01
-6.640617889278094266e-01
-6.844894309067550697e-01
-7.049166059719793598e-01
-7.253433000854054846e-01
-7.457694992605832240e-01
-7.661951895627027165e-01
-7.866203571085859103e-01
-8.070449880666880071e-01
-8.274690686571004594e-01
-8.478925851515413115e-01
-8.683155238733696324e-01
-8.887378711975753021e-01
-9.091596135507820087e-01
-9.295807374112496912e-01
-9.500012293088648807e-01
-9.704210758251547997e-01
-9.908402635932779257e-01
-1.011258779298028543e+00
-1.031676609675828304e+00
-1.052093741514738667e+00
-1.072510161654453453e+00
-1.092925856986298960e+00
-1.113340814453238403e+00
-1.133755021049861700e+00
-1.154168463822398571e+00
-1.174581129868711438e+00
-1.194993006338294750e+00
-1.215404080432280320e+00
-1.235814339403426221e+00
-1.256223770556130770e+00
-1.276632361246424541e+00
-1.297040098881971026e+00
-1.317446970922069971e+00
-1.337852964877647821e+00
-1.358258068311271938e+00
-1.378662268837140159e+00
-1.399065554121085242e+00
-1.419467911880575084e+00
-1.439869329884704285e+00
-1.460269795954209027e+00
-1.480669297961455300e+00
-1.501067823830444237e+00
-1.521465361536812555e+00
-1.541861899107823008e+00
-1.562257424622379487e+00
-1.582651926211017912e+00
-1.603045392055906460e+00
-1.623437810390850444e+00
-1.643829169501281884e+00
-1.664219457724272377e+00
-1.684608663448526222e+00
-1.704996775114380192e+00
-1.725383781213807755e+00
-1.745769670290409747e+00
-1.766154430939425923e+00
-1.786538051807728955e+00
-1.806920521593823992e+00
-1.827301829047853321e+00
-1.847681962971585712e+00
-1.868060912218429293e+00
-1.888438665693425333e+00
-1.908815212353247803e+00
-1.929190541206206699e+00
-1.949564641312238944e+00
-1.969937501782922373e+00
-1.990309111781465523e+00
-2.010679460522711182e+00
-2.031048537273137722e+00
-2.051416331350850442e+00
-2.071782832125595775e+00
-2.092148029018749966e+00
-2.112511911503324846e+00
-2.132874469103966941e+00
-2.153235691396950369e+00
-2.173595568010189272e+00
-2.193954088623228937e+00
-2.214311242967252014e+00
-2.234667020825066075e+00
-2.255021412031120054e+00
-2.275374406471495359e+00
-2.295725994083904986e+00
-2.316076164857699293e+00
-2.336424908833855785e+00
-2.356772216104991546e+00
-2.377118076815355252e+00
-2.397462481160828940e+00
-2.417805419388932009e+00
-2.438146881798809229e+00
-2.458486858741246284e+00
-2.478825340618660888e+00
-2.499162317885104123e+00
-2.519497781046261320e+00
-2.539831720659448067e+00
-2.560164127333617756e+00
-2.580494991729355814e+00
-2.600824304558882361e+00
-2.621152056586051771e+00
-2.641478238626346009e+00
-2.661802841546888843e+00
-2.682125856266433406e+00
-2.702447273755367974e+00
-2.722767085035715517e+00
-2.743085281181127044e+00
-2.763401853316893586e+00
-2.783716792619936875e+00
-2.804030090318814672e+00
-2.824341737693717214e+00
-2.844651726076464548e+00
-2.864960046850515862e+00
-2.885266691450961485e+00
-2.905571651364526442e+00
-2.925874918129571789e+00
-2.946176483336083507e+00
-2.966476338625690268e+00
-2.986774475691651443e+00
-3.007070886278859767e+00
-3.027365562183843561e+00
-3.047658495254759181e+00
-3.067949677391403007e+00
-3.088239100545202120e+00
-3.108526756719218298e+00
-3.128812637968148902e+00
-3.149096736398317553e+00
-3.169379044167689230e+00
-3.189659553485860055e+00
-3.209938256614059959e+00
-3.230215145865153570e+00
-3.250490213603634881e+00
-3.270763452245636138e+00
-3.291034854258921172e+00
-3.311304412162889399e+00
-3.331572118528574933e+00
-3.351837965978637257e+00
-3.372101947187378990e+00
-3.392364054880733004e+00
-3.412624281836265094e+00
-3.432882620883178415e+00
-3.453139064902302380e+00
-3.473393606826106428e+00
-3.493646239638692030e+00
-3.513896956375794467e+00
-3.534145750124783270e+00
-3.554392614024658226e+00
-3.574637541266056040e+00
-3.594880525091247225e+00
-3.615121558794136547e+00
-3.635360635720257694e+00
-3.655597749266783048e+00
-3.675832892882516134e+00
-3.696066060067896508e+00
-3.716297244374997533e+00
-3.736526439407519273e+00
-3.756753638820804930e+00
-3.776978836321826183e+00
-3.797202025669188963e+00
-3.817423200673137007e+00
-3.837642355195538535e+00
-3.857859483149903568e+00
-3.878074578501374159e+00
-3.898287635266724394e+00
-3.918498647514364830e+00
-3.938707609364334061e+00
-3.958914514988309818e+00
-3.979119358609601420e+00
-3.999322134503152437e+00
-4.019522836995542470e+00
-4.039721460464976488e+00
-4.059917999341302597e+00
-4.080112448105998268e+00
-4.100304801292174339e+00
-4.120495053484579451e+00
-4.140683199319587615e+00
-4.160869233485214203e+00
-4.181053150721105283e+00
-4.201234945818541178e+00
-4.221414613620437351e+00
-4.241592149021337299e+00
-4.261767546967424991e+00
-4.281940802456513318e+00
-4.302111910538052086e+00
-4.322280866313127135e+00
-4.342447664934447005e+00
-4.362612301606365151e+00
-4.382774771584864837e+00
-4.402935070177562693e+00
-4.423093192743711377e+00
-4.443249134694190694e+00
-4.463402891491520919e+00
-4.483554458649853913e+00
-4.503703831734974905e+00
-4.523851006364303373e+00
-4.543995978206890385e+00
-4.564138742983423036e+00
-4.584279296466220899e+00
-4.604417634479238686e+00
-4.624553752898067138e+00
-4.644687647649918816e+00
-4.664819314713654741e+00
-4.684948750119761307e+00
-4.705075949950361824e+00
-4.725200910339212967e+00
-4.745323627471701222e+00
-4.765444097584850880e+00
-4.785562316967318708e+00
-4.805678281959398390e+00
-4.825791988953008982e+00
-4.845903434391710896e+00
-4.866012614770695244e+00
-4.886119526636788279e+00
-4.906224166588449620e+00
-4.926326531275768694e+00
-4.946426617400472736e+00
-4.966524421715922344e+00
-4.986619941027112368e+00
-5.006713172190671912e+00
-5.026804112114855450e+00
-5.046892757759562365e+00
-5.066979106136320077e+00
-5.087063154308290258e+00
-5.107144899390270609e+00
-5.127224338548687754e+00
-5.147301469001606122e+00
-5.167376288018721731e+00
-5.187448792921365737e+00
-5.207518981082504439e+00
-5.227586849926731283e+00
-5.247652396930279295e+00
-5.267715619621014866e+00
-5.287776515578435976e+00
-5.307835082433677520e+00
-5.327891317869501542e+00
-5.347945219620309665e+00
-5.367996785472135990e+00
-5.388046013262647982e+00
-5.408092900881148246e+00
-5.428137446268566535e+00
-5.448179647417474847e+00
-5.468219502372074103e+00
-5.488257009228200367e+00
-5.508292166133323953e+00
-5.528324971286545875e+00
-5.548355422938603176e+00
-5.568383519391866265e+00
-5.588409259000339802e+00
-5.608432640169663586e+00
-5.628453661357105453e+00
-5.648472321071571933e+00
-5.668488617873600255e+00
-5.688502550375365452e+00
-5.708514117240675922e+00
-5.728523317184964547e+00
-5.748530148975309118e+00
-5.768534611430417236e+00
-5.788536703420628093e+00
-5.808536423867918685e+00
-5.828533771745894043e+00
-5.848528746079797891e+00
-5.868521345946504653e+00
-5.888511570474525669e+00
-5.908499418844003870e+00
-5.928484890286712883e+00
-5.948467984086065030e+00
-5.968448699577104222e+00
-5.988427036146507731e+00
-6.008402993232590639e+00
-6.028376570325291617e+00
-6.048347766966191585e+00
-6.068316582748504828e+00
-6.088283017317077217e+00
-6.108247070368388876e+00
-6.128208741650550628e+00
-6.148168030963310215e+00
-6.168124938158050519e+00
-6.188079463137786007e+00
-6.208031605857161850e+00
-6.227981366322461909e+00
-6.247928744591601635e+00
-6.267873740774129843e+00
-6.287816355031232263e+00
-6.307756587575720886e+00
-6.327694438672048172e+00
-6.347629908636297280e+00
-6.367562997836186511e+00
-6.387493706691070194e+00
-6.407422035671928029e+00
-6.427347985301380184e+00
-6.447271555904236173e+00
-6.467192419691754957e+00
-6.487110281703027503e+00
-6.507025140222175708e+00
-6.526936993721593083e+00
-6.546845840861938548e+00
-6.566751680492133758e+00
-6.586654511649368438e+00
-6.606554333559091496e+00
-6.626451145635023465e+00
-6.646344947479147613e+00
-6.666235738881710837e+00
-6.686123519821232541e+00
-6.706008290464484212e+00
-6.725890051166511618e+00
-6.745768802470626824e+00
-6.765644545108401964e+00
-6.785517279999679907e+00
-6.805387008252559156e+00
-6.825253731163414272e+00
-6.845117450216879895e+00
-6.864978167085855176e+00
-6.884835883631508224e+00
-6.904690601903265446e+00
-6.924542324138825755e+00
-6.944391052764149030e+00
-6.964236790393461440e+00
-6.984079539829256333e+00
-7.003919304062288020e+00
-7.023756086271577992e+00
-7.043589889824413142e+00
-7.063420718276347543e+00
-7.083248575371200673e+00
-7.103073465041048529e+00
-7.122895391406242283e+00
-7.142714358775394956e+00
-7.162530371645384086e+00
-7.182343434701355278e+00
-7.202153552816712434e+00
-7.221960731053131077e+00
-7.241764974660551246e+00
-7.261566289077174829e+00
-7.281364679929474448e+00
-7.301160153032180133e+00
-7.320952714388293536e+00
-7.340742370189079047e+00
-7.360529126814067347e+00
-7.380312990831051856e+00
-7.400093968996093174e+00
-7.419872068253516417e+00
-7.439647295735913879e+00
-7.459419658764142369e+00
-7.479189164847316995e+00
-7.498955821682829814e+00
-7.518719637156328517e+00
-7.538480619341731526e+00
-7.558238776501222667e+00
-7.577994117085243175e+00
-7.597746649732508573e+00
-7.617496383269996230e+00
-7.637243326712947145e+00
-7.656987489264871272e+00
-7.676728880317538639e+00
-7.696467509450987343e+00
-7.716203386433522660e+00
-7.735936521221709938e+00
-7.755666923960388814e+00
-7.775394604982650115e+00
-7.795119574809860730e+00
-7.814841844151651173e+00
-7.834561423905914701e+00
-7.854278325158812635e+00
-7.873992559184765483e+00
-7.893704137446465374e+00
-7.913413071594866288e+00
-7.933119373469190272e+00
-7.952823055096922999e+00
-7.972524128693811107e+00
-7.992222606663872853e+00
-8.011918501599389231e+00
-8.031611826280904864e+00
-8.051302593677235109e+00
-8.070990816945450064e+00
-8.090676509430895891e+00
-8.110359684667177049e+00
-8.130040356376166955e+00
-8.149718538468004425e+00
-8.169394245041086577e+00
-8.189067490382086589e+00
-8.208738288965932384e+00
-8.228406655455824392e+00
-8.248072604703226673e+00
-8.267736151747865136e+00
-8.287397311817732870e+00
-8.307056100329090143e+00
-8.326712532886460849e+00
-8.346366625282634288e+00
-8.366018393498661609e+00
-8.385667853703866470e+00
-8.405315022255829049e+00
-8.424959915700402036e+00
-8.444602550771699967e+00
-8.464242944392102785e+00
-8.483881113672252283e+00
-8.503517075911064538e+00
-8.523150848595710372e+00
-8.542782449401634892e+00
-8.562411896192539729e+00
-8.582039207020400795e+00
-8.601664400125448751e+00
-8.621287493936186763e+00
-8.640908507069388733e+00
-8.660527458330074424e+00
-8.680144366711550319e+00
-8.699759251395374093e+00
-8.719372131751377708e+00
-8.738983027337647869e+00
-8.758591957900545566e+00
-8.778198943374691865e+00
-8.797804003882976787e+00
-8.817407159736555755e+00
-8.837008431434842493e+00
-8.856607839665521453e+00
-8.876205405304546048e+00
-8.895801149416124431e+00
-8.915395093252742598e+00
-8.934987258255137732e+00
-8.954577666052323082e+00
-8.974166338461573744e+00
-8.993753297488426668e+00
-9.013338565326693086e+00
-9.032922164358437200e+00
-9.052504117153999275e+00
-9.072084446471974317e+00
-9.091663175259233398e+00
-9.111240326650907662e+00
-9.130815923970390102e+00
-9.150389990729340894e+00
-9.169962550627692721e+00
-9.189533627553631234e+00
-9.209103245583618147e+00
-9.228671428982371694e+00
-9.248238202202882619e+00
-9.267803589886399962e+00
-9.287367616862443498e+00
-9.306930308148798403e+00
-9.326491688951509929e+00
-9.346051784664888729e+00
-9.365610620871517966e+00
-9.385168223342239102e+00
-9.404724618036162553e+00
-9.424279831100660587e+00
-9.443833888871370874e+00
-9.463386817872201817e+00
-9.482938644815320117e+00
-9.502489396601163207e+00
-9.522039100318425042e+00
-9.541587783244077414e+00
-9.561135472843345084e+00
-9.580682196769728876e+00
-9.600227982864986132e+00
-9.619772859159143152e+00
-9.639316853870489865e+00
-9.658859995405581600e+00
-9.678402312359244419e+00
-9.697943833514564460e+00
-9.717484587842887933e+00
-9.737024604503833558e+00
-9.756563912845287234e+00
-9.776102542403391382e+00
-9.795640522902564484e+00
-9.815177884255476215e+00
-9.834714656563075863e+00
-9.854250870114565686e+00
-9.873786555387427555e+00
-9.893321743047390981e+00
-9.912856463948465091e+00
-9.932390749132913754e+00
-9.951924629831273350e+00
-9.971458137462347437e+00
-9.990991303633194320e+00
-1.001052416013914304e+01
