-9.028801413771603279e-03
-9.028801206993897210e-03
-9.028799777277107808e-03
-9.028795970560388184e-03
-9.028788706384460738e-03
-9.028776961551798763e-03
-9.028759770032479537e-03
-9.028736222952638002e-03
-9.028705468608677620e-03
-9.028666712457500410e-03
-9.028619217119171481e-03
-9.028562302383136284e-03
-9.028496934799790097e-03
-9.028424972622239864e-03
-9.028346199321468646e-03
-9.028260370921081801e-03
-9.028167230668238119e-03
-9.028066509010557184e-03
-9.027957923617435654e-03
-9.027841179366724589e-03
-9.027715968350058517e-03
-9.027581969879960866e-03
-9.027438850471192211e-03
-9.027286263858513848e-03
-9.027123850986029652e-03
-9.026951240013403321e-03
-9.026768046316746563e-03
-9.026573872477960947e-03
-9.026368308298948762e-03
-9.026150930790066695e-03
-9.025921304176343085e-03
-9.025678979901918808e-03
-9.025423496612283714e-03
-9.025154380177369262e-03
-9.024871143674673135e-03
-9.024573287392811949e-03
-9.024260298843955752e-03
-9.023931652740735387e-03
-9.023586811018446951e-03
-9.023225222818176405e-03
-9.022846324500122250e-03
-9.022449539639154636e-03
-9.022034279014157221e-03
-9.021599940628455272e-03
-9.021145909688499387e-03
-9.020671558619852703e-03
-9.020176247065414543e-03
-9.019659321868545021e-03
-9.019120117101486755e-03
-9.018557954034278623e-03
-9.017972141159624755e-03
-9.017361974186677287e-03
-9.016726736026825506e-03
-9.016065696815012132e-03
-9.015378113891081568e-03
-9.014663231812214406e-03
-9.013920282353815594e-03
-9.013148484494415413e-03
-9.012347044434321219e-03
-9.011515155579630232e-03
-9.010651998554664033e-03
-9.009756741201080388e-03
-9.008828538561886035e-03
-9.007866532906305679e-03
-9.006869853704912998e-03
-9.005837617649170568e-03
-9.004768928646988968e-03
-9.003662877807627751e-03
-9.002518543465676260e-03
-9.001334991158849164e-03
-9.000111273644861853e-03
-8.998846430896989546e-03
-8.997539490091632786e-03
-8.996189465629633730e-03
-8.994795359114959865e-03
-8.993356159371579395e-03
-8.991870842439908529e-03
-8.990338371560824271e-03
-8.988757697203197949e-03
-8.987127757035473508e-03
-8.985447475949648322e-03
-8.983715766049726881e-03
-8.981931526647279895e-03
-8.980093644272990616e-03
-8.978200992665108515e-03
-8.976252432779219248e-03
-8.974246812788244654e-03
-8.972182968066455544e-03
-8.970059721214340698e-03
-8.967875882034626045e-03
-8.965630247549150056e-03
-8.963321601997975563e-03
-8.960948716820738014e-03
-8.958510350682402645e-03
-8.956005249459053630e-03
-8.953432146232565003e-03
-8.950789761309252413e-03
-8.948076802196780477e-03
-8.945291963626367249e-03
-8.942433927540349714e-03
-8.939501363085966545e-03
-8.936492926636674383e-03
-8.933407261766390661e-03
-8.930242999272586246e-03
-8.926998757162962761e-03
-8.923673140652788049e-03
-8.920264742179995210e-03
-8.916772141386530848e-03
-8.913193905133454109e-03
-8.909528587498272145e-03
-8.905774729759841080e-03
-8.901930860329976269e-03
-8.897994855725954721e-03
-8.893965143277782204e-03
-8.889841024505074074e-03
-8.885621809318067221e-03
-8.881306816037159990e-03
-8.876895371371595900e-03
-8.872386810433674498e-03
-8.867780476736975004e-03
-8.863075722184809990e-03
-8.858271907087988950e-03
-8.853368400149719264e-03
-8.848364578476264342e-03
-8.843259827571614551e-03
-8.838053541333046326e-03
-8.832745122064444843e-03
-8.827333980461204987e-03
-8.821819535620889496e-03
-8.816201215043228956e-03
-8.810478454615910948e-03
-8.804650698635896333e-03
-8.798717399791655680e-03
-8.792678019173827408e-03
-8.786532026273441431e-03
-8.780278898973037371e-03
-8.773918123559987237e-03
-8.767449194717613636e-03
-8.760871615526966139e-03
-8.754184897473926696e-03
-8.747388560432334259e-03
-8.740482132684412875e-03
-8.733465150901231766e-03
-8.726337160162245254e-03
-8.719097713942858263e-03
-8.711746374109097246e-03
-8.704282710938926471e-03
-8.696706303093826307e-03
-8.689016737646326760e-03
-8.681213610064908437e-03
-8.673296524209561653e-03
-8.665265092347773646e-03
-8.657118935134988646e-03
-8.648857681638588701e-03
-8.640480969316577387e-03
-8.631988444022908880e-03
-8.623379760018146101e-03
-8.614654579951697144e-03
-8.605812574880467025e-03
-8.596853424258199539e-03
-8.587776815930148189e-03
-8.578582446149951579e-03
-8.569270019559205309e-03
-8.559839249207001899e-03
-8.550289856541049005e-03
-8.540621571398787637e-03
-8.530834132026487993e-03
-8.520927285058821354e-03
-8.510900785537511837e-03
-8.500754396902454602e-03
-8.490487890984166341e-03
-8.480101048021992938e-03
-8.469593656642349089e-03
-8.458965513880478682e-03
-8.448216425168464383e-03
-8.437346204330342658e-03
-8.426354673596758715e-03
-8.415241663588535204e-03
-8.404007013331771248e-03
-8.392650570252957465e-03
-8.381172190167873737e-03
-8.369571737300240954e-03
-8.357849084263069273e-03
-8.346004112076421677e-03
-8.334036710158088113e-03
-8.321946776316480054e-03
-8.309734216769282256e-03
-8.297398946121692376e-03
-8.284940887385516817e-03
-8.272359971972953474e-03
-8.259656139683713150e-03
-8.246829338728556280e-03
-8.233879525705756208e-03
-8.220806665619750930e-03
-8.207610731874925847e-03
-8.194291706264511532e-03
-8.180849578991455928e-03
-8.167284348646219883e-03
-8.153596022227205253e-03
-8.139784615130096768e-03
-8.125850151142088862e-03
-8.111792662457872893e-03
-8.097612189661429483e-03
-8.083308781742903903e-03
-8.068882496091944745e-03
-8.054333398487489859e-03
-8.039661563116862197e-03
-8.024867072557562153e-03
-8.009950017791478416e-03
-7.994910498201779347e-03
-7.979748621559590305e-03
-7.964464504045309923e-03
-7.949058270228182010e-03
-7.933530053084503209e-03
-7.917879993988741205e-03
-7.902108242705541130e-03
-7.886214957404380499e-03
-7.870200304656460588e-03
-7.854064459421383759e-03
-7.837807605070246098e-03
-7.821429933359436149e-03
-7.804931644451951200e-03
-7.788312946911180035e-03
-7.771574057690244786e-03
-7.754715202151540865e-03
-7.737736614044976591e-03
-7.720638535526180846e-03
-7.703421217151174005e-03
-7.686084917865709798e-03
-7.668629905025259319e-03
-7.651056454372362481e-03
-7.633364850054835671e-03
-7.615555384622219037e-03
-7.597628359012009724e-03
-7.579584082572754511e-03
-7.561422873040068993e-03
-7.543145056554401151e-03
-7.524750967657478640e-03
-7.506240949280318375e-03
-7.487615352763210552e-03
-7.468874537835290539e-03
-7.450018872629193822e-03
-7.431048733679279650e-03
-7.411964505909640621e-03
-7.392766582653198526e-03
-7.373455365631720326e-03
-7.354031264970473103e-03
-7.334494699196891787e-03
-7.314846095228144662e-03
-7.295085888387564665e-03
-7.275214522391770799e-03
-7.255232449358661739e-03
-7.235140129807859921e-03
-7.214938032649165223e-03
-7.194626635198986264e-03
-7.174206423166573643e-03
-7.153677890662013539e-03
-7.133041540198004071e-03
-7.112297882676976712e-03
-7.091447437408415766e-03
-7.070490732093759334e-03
-7.049428302836169280e-03
-7.028260694140531228e-03
-7.006988458902796424e-03
-6.985612158424192586e-03
-6.964132362399233500e-03
-6.942549648924156713e-03
-6.920864604496479444e-03
-6.899077824004784532e-03
-6.877189910742487200e-03
-6.855201476397621008e-03
-6.833113141058611006e-03
-6.810925533215606009e-03
-6.788639289750264538e-03
-6.766255055948633412e-03
-6.743773485490933695e-03
-6.721195240458666120e-03
-6.698520991335499275e-03
-6.675751416993502829e-03
-6.652887204714019731e-03
-6.629929050169014459e-03
-6.606877657432175255e-03
-6.583733123040058643e-03
-6.560492158513842043e-03
-6.537154527913369151e-03
-6.513720669482303549e-03
-6.490191021534030824e-03
-6.466566022450326301e-03
-6.442846110668032367e-03
-6.419031724700374753e-03
-6.395123303117422608e-03
-6.371121284559411180e-03
-6.347026107734521361e-03
-6.322838211406889286e-03
-6.298558034415258078e-03
-6.274186015657434723e-03
-6.249722594099615947e-03
-6.225168208776388212e-03
-6.200523298778293224e-03
-6.175788303271811941e-03
-6.150963661480712830e-03
-6.126049812697598185e-03
-6.101047196283904128e-03
-6.075956251657022023e-03
-6.050777418310726574e-03
-6.025511135792527284e-03
-6.000157843724096551e-03
-5.974717981793720156e-03
-5.949191989744306852e-03
-5.923580307396481004e-03
-5.897883374624157682e-03
-5.872101631376747122e-03
-5.846235517667608406e-03
-5.820285473566944034e-03
-5.794251939222228032e-03
-5.768135354834225126e-03
-5.741936160678307033e-03
-5.715654797094238404e-03
-5.689291704479959577e-03
-5.662847323308461966e-03
-5.636322094107359959e-03
-5.609716457478874929e-03
-5.583030854089621187e-03
-5.556265724663500549e-03
-5.529421510000354090e-03
-5.502498650954645854e-03
-5.475497588455002784e-03
-5.448418763494444761e-03
-5.421262617124167349e-03
-5.394029590470417190e-03
-5.366720124713619811e-03
-5.339334661109251812e-03
-5.311873640978070910e-03
-5.284337505696123927e-03
-5.256726696717173297e-03
-5.229041655548716250e-03
-5.201282823772190866e-03
-5.173450643034760432e-03
-5.145545555039321428e-03
-5.117568001566707991e-03
-5.089518424450378831e-03
-5.061397265599287820e-03
-5.033204966985671547e-03
-5.004941970640164328e-03
-4.976608718670449960e-03
-4.948205653235948631e-03
-4.919733216572463874e-03
-4.891191850978637845e-03
-4.862581998812176565e-03
-4.833904102504060774e-03
-4.805158604548998014e-03
-4.776345947501203781e-03
-4.747466573988168292e-03
-4.718520926694669271e-03
-4.689509448378315071e-03
-4.660432581859996759e-03
-4.631290770020779490e-03
-4.602084455815003139e-03
-4.572814082253850998e-03
-4.543480092421336991e-03
-4.514082929465201843e-03
-4.484623036593360368e-03
-4.455100857086335964e-03
-4.425516834282161582e-03
-4.395871411591478761e-03
-4.366165032488433795e-03
-4.336398140507569110e-03
-4.306571179256257764e-03
-4.276684592399604412e-03
-4.246738823672879803e-03
-4.216734316879078293e-03
-4.186671515878259697e-03
-4.156550864604868778e-03
-4.126372807050415759e-03
-4.096137787276576958e-03
-4.065846249413418434e-03
-4.035498637647405573e-03
-4.005095396239166661e-03
-3.974636969507283624e-03
-3.944123801840282439e-03
-3.913556337694190645e-03
-3.882935021582323287e-03
-3.852260298092380353e-03
-3.821532611869127294e-03
-3.790752407627495657e-03
-3.759920130150584683e-03
-3.729036224278337031e-03
-3.698101134924636213e-03
-3.667115307060875296e-03
-3.636079185729057528e-03
-3.604993216038465675e-03
-3.573857843155892056e-03
-3.542673512321847795e-03
-3.511440668834131529e-03
-3.480159758061818209e-03
-3.448831225440152082e-03
-3.417455516462997167e-03
-3.386033076697270161e-03
-3.354564351767397312e-03
-3.323049787369081187e-03
-3.291489829264415690e-03
-3.259884923273448365e-03
-3.228235515289945567e-03
-3.196542051265183204e-03
-3.164804977220825322e-03
-3.133024739246925705e-03
-3.101201783487939068e-03
-3.069336556166035734e-03
-3.037429503558675137e-03
-3.005481072013926891e-03
-2.973491707948472396e-03
-2.941461857833616023e-03
-2.909391968217933666e-03
-2.877282485705290327e-03
-2.845133856971049369e-03
-2.812946528758075715e-03
-2.780720947863857262e-03
-2.748457561164263652e-03
-2.716156815589676476e-03
-2.683819158141753647e-03
-2.651445035890098723e-03
-2.619034895958938236e-03
-2.586589185550769443e-03
-2.554108351922379505e-03
-2.521592842402053947e-03
-2.489043104386134964e-03
-2.456459585325587724e-03
-2.423842732749204032e-03
-2.391192994240509684e-03
-2.358510817454528841e-03
-2.325796650114120290e-03
-2.293050939996654769e-03
-2.260274134958550896e-03
-2.227466682907852658e-03
-2.194629031828099208e-03
-2.161761629768110815e-03
-2.128864924831996852e-03
-2.095939365202581506e-03
-2.062985399114647400e-03
-2.030003474878361303e-03
-1.996994040869060072e-03
-1.963957545517591718e-03
-1.930894437333408042e-03
-1.897805164877697237e-03
-1.864690176787364706e-03
-1.831549921764374922e-03
-1.798384848566203509e-03
-1.765195406028818859e-03
-1.731982043040147801e-03
-1.698745208563612330e-03
-1.665485351627804533e-03
-1.632202921316827648e-03
-1.598898366793277681e-03
-1.565572137271709074e-03
-1.532224682042171438e-03
-1.498856450459773448e-03
-1.465467891935245959e-03
-1.432059455957812588e-03
-1.398631592068766416e-03
-1.365184749884562621e-03
-1.331719379087104027e-03
-1.298235929413582568e-03
-1.264734850679960498e-03
-1.231216592753991979e-03
-1.197681605578870823e-03
-1.164130339163127470e-03
-1.130563243570525955e-03
-1.096980768943545126e-03
-1.063383365476677778e-03
-1.029771483440355961e-03
-9.961455731677393288e-04
-9.625060850511624189e-04
-9.288534695564565347e-04
-8.951881772126246695e-04
-8.615106586087883933e-04
-8.278213644073439959e-04
-7.941207453272536299e-04
-7.604092521609762123e-04
-7.266873357640868392e-04
-6.929554470523902054e-04
-6.592140370147991923e-04
-6.254635566969590776e-04
-5.917044572179008810e-04
-5.579371897599105790e-04
-5.241622055652261913e-04
-4.903799559494992355e-04
-4.565908922850026030e-04
-4.227954660173116608e-04
-3.889941286553122435e-04
-3.551873317679254960e-04
-3.213755269973889162e-04
-2.875591660425613760e-04
-2.537387006756319785e-04
-2.199145827321558055e-04
-1.860872641076122269e-04
-1.522571967708385987e-04
-1.184248327480152962e-04
-8.459062413593287921e-05
-5.075502309872734208e-05
-1.691848185786382075e-05
1.691854729055780604e-05
5.075561199575223670e-05
8.459225983230289625e-05
1.184280383101365963e-04
1.522624948818440682e-04
1.860951769227098263e-04
2.199256317573505815e-04
2.537534066330421334e-04
2.875780487331114355e-04
3.213991051835562995e-04
3.552161230330197483e-04
3.890286492795325124e-04
4.228362308437427775e-04
4.566384145823776386e-04
4.904347472947934161e-04
5.242247757030749078e-04
5.580080464785697192e-04
5.917841062153816889e-04
6.255525014435825426e-04
6.593127786359564979e-04
6.930644841879052276e-04
7.268071644442319901e-04
7.605403656724130101e-04
7.942636340758646440e-04
8.279765158007990067e-04
8.616785569160456681e-04
8.953693034397525174e-04
9.290483013127404099e-04
9.627150964119368659e-04
9.963692345568153641e-04
1.030010261489577861e-03
1.063637722901855653e-03
1.097251164407841983e-03
1.130850131557836757e-03
1.164434169844685840e-03
1.198002824684019085e-03
1.231555641440840176e-03
1.265092165402659230e-03
1.298611941793259561e-03
1.332114515778803909e-03
1.365599432448405537e-03
1.399066236840329491e-03
1.432514473915569297e-03
1.465943688571336168e-03
1.499353425646998694e-03
1.532743229905264570e-03
1.566112646057660207e-03
1.599461218738662538e-03
1.632788492518577605e-03
1.666094011909313721e-03
1.699377321350503678e-03
1.732637965223382537e-03
1.765875487837020863e-03
1.799089433435208107e-03
1.832279346203113946e-03
1.865444770253854578e-03
1.898585249641926431e-03
1.931700840768435512e-03
1.964815371476302808e-03
1.997941113720425044e-03
2.031076794092201432e-03
2.064221145216649234e-03
2.097372905739303128e-03
2.130530820332765529e-03
2.163693639703145877e-03
2.196860120577404096e-03
2.230029025715785096e-03
2.263199123899162224e-03
2.296369189935476562e-03
2.329538004666287243e-03
2.362704354953892860e-03
2.395867033693765968e-03
2.429024839802229607e-03
2.462176578222563528e-03
2.495321059931665530e-03
2.528457101926950834e-03
2.561583527239674751e-03
2.594699164921276946e-03
2.627802850050264816e-03
2.660893423739096875e-03
2.693969733120527010e-03
2.727030631360927160e-03
2.760074977647186678e-03
2.793101637193373676e-03
2.826109481246952271e-03
2.859097387076126040e-03
2.892064237982827635e-03
2.925008923289285079e-03
2.957930338344461063e-03
2.990827384531602462e-03
3.023698969254251523e-03
3.056544005949346499e-03
3.089361414074787149e-03
3.122150119114763811e-03
3.154909052587973051e-03
3.187637152032962717e-03
3.220333361022564844e-03
3.252996629149462748e-03
3.285625912033740548e-03
3.318220171328878365e-03
3.350778374709317831e-03
3.383299495882674535e-03
3.415782514577303530e-03
3.448226416548738626e-03
3.480630193585687593e-03
3.512992843500484241e-03
3.545313370128200248e-03
3.577590783340633962e-03
3.609824099024327992e-03
3.642012339107658647e-03
3.674154531534412627e-03
3.706249710275999476e-03
3.738296915339667237e-03
3.770295192747408208e-03
3.802243594563048390e-03
3.834141178865158039e-03
3.865987009761262527e-03
3.897780157393393452e-03
3.929519697919214849e-03
3.961204713537558320e-03
3.992834292462665857e-03
4.024407528937068435e-03
4.055923523238691430e-03
4.087381381659982438e-03
4.118780216535222749e-03
4.150119146214548138e-03
4.181397295075273135e-03
4.212613793530550765e-03
4.243767778008722402e-03
4.274858390979074940e-03
4.305884780926971800e-03
4.336846102365399247e-03
4.367741515842737954e-03
4.398570187922556940e-03
4.429331291209814836e-03
4.460024004324658620e-03
4.490647511915968337e-03
4.521201004667130263e-03
4.551683679276941064e-03
4.582094738486253149e-03
4.612433391050219100e-03
4.642698851752724565e-03
4.672890341413271642e-03
4.703007086865662600e-03
4.733048320985755453e-03
4.763013282664374515e-03
4.792901216820855126e-03
4.822711374409704987e-03
4.852443012400398104e-03
4.882095393803798089e-03
4.911667787646623040e-03
4.941159468982991854e-03
4.970569718903083967e-03
4.999897824511378985e-03
5.029143078954634305e-03
5.058304781394129535e-03
5.087382237020321440e-03
5.116374757057728928e-03
5.145281658746947429e-03
5.174102265369739939e-03
5.202835906222835760e-03
5.231481916631919304e-03
5.260039637957181213e-03
5.288508417574000475e-03
5.316887608899811823e-03
5.345176571366794249e-03
5.373374670435637768e-03
5.401481277602204756e-03
5.429495770377101849e-03
5.457417532313435515e-03
5.485245952978168305e-03
5.512980427967661967e-03
5.540620358913006527e-03
5.568165153460036265e-03
5.595614225297307343e-03
5.622966994127231999e-03
5.650222885681621676e-03
5.677381331725239733e-03
5.704441770043811033e-03
5.731403644456456448e-03
5.758266404802814264e-03
5.785029506950145617e-03
5.811692412798219465e-03
5.838254590267766275e-03
5.864715513314244788e-03
5.891074661912298893e-03
5.917331522063751237e-03
5.943485585804264559e-03
5.969536351190907197e-03
5.995483322312811225e-03
6.021326009280514313e-03
6.047063928231288799e-03
6.072696601336691202e-03
6.098223556788351374e-03
6.123644328811295168e-03
6.148958457651065856e-03
6.174165489580385469e-03
6.199264976906260216e-03
6.224256477955325551e-03
6.249139557088057018e-03
6.273913784685447581e-03
6.298578737156113050e-03
6.323133996941621149e-03
6.347579152504057021e-03
6.371913798339345902e-03
6.396137534964374538e-03
6.420249968922320249e-03
6.444250712790200453e-03
6.468139385165549982e-03
6.491915610680187854e-03
6.515579019985562326e-03
6.539129249760300411e-03
6.562565942717313305e-03
6.585888747589585535e-03
6.609097319143053539e-03
6.632191318165503446e-03
6.655170411471011960e-03
6.678034271907495878e-03
6.700782578342945328e-03
6.723415015679634621e-03
6.745931274839467306e-03
6.768331052772857959e-03
6.790614052462284889e-03
6.812779982911632004e-03
6.834828559158623307e-03
6.856759502260612038e-03
6.878572539302130195e-03
6.900267403402438049e-03
6.921843833702645554e-03
6.943301575367932799e-03
6.964640379599096320e-03
6.985860003613897362e-03
7.006960210666157707e-03
7.027940770032881090e-03
7.048801457013809113e-03
7.069542052945632093e-03
7.090162345180228698e-03
7.110662127110423114e-03
7.131041198144671966e-03
7.151299363719942903e-03
7.171436435307487756e-03
7.191452230395078971e-03
7.211346572510546338e-03
7.231119291197796173e-03
7.250770222028801726e-03
7.270299206611152698e-03
7.289706092566738960e-03
7.308990733559728170e-03
7.328152989268588158e-03
7.347192725401630042e-03
7.366109813700560949e-03
7.384904131923608617e-03
7.403575563869502218e-03
7.422123999353047452e-03
7.440549334216672861e-03
7.458851470338423439e-03
7.477030315611088440e-03
7.495085783969734905e-03
7.513017795363730045e-03
7.530826275771396183e-03
7.548511157205339828e-03
7.566072377694688100e-03
7.583509881309069556e-03
7.600823618133301096e-03
7.618013544281154736e-03
7.635079621901130764e-03
7.652021819156473725e-03
7.668840110253150044e-03
7.685534475411426314e-03
7.702104900879636062e-03
7.718551378942173358e-03
7.734873907897732437e-03
7.751072492087285326e-03
7.767147141866548310e-03
7.783097873619304607e-03
7.798924709764953889e-03
7.814627678737640082e-03
7.830206815014228994e-03
7.845662159084998422e-03
7.860993757469625365e-03
7.876201662722515096e-03
7.891285933413705322e-03
7.906246634154623365e-03
7.921083835571440801e-03
7.935797614319284321e-03
7.950388053087564799e-03
7.964855240581769635e-03
7.979199271548775840e-03
7.993420246749760594e-03
8.007518272975300277e-03
8.021493463050255457e-03
8.035345935816007312e-03
8.049075816153550278e-03
8.062683234960399403e-03
8.076168329162136672e-03
8.089531241719516430e-03
8.102772121608037281e-03
8.115891123845031530e-03
8.128888409463463915e-03
8.141764145523477936e-03
8.154518505121721716e-03
8.167151667369143553e-03
8.179663817418081351e-03
8.192055146436505453e-03
8.204325851620897225e-03
8.216476136201134040e-03
8.228506209427610685e-03
8.240416286584117955e-03
8.252206588975852242e-03
8.263877343933856423e-03
8.275428784823457562e-03
8.286861151030500139e-03
8.298174687974668728e-03
8.309369647095277145e-03
8.320446285860150226e-03
8.331404867769176548e-03
8.342245662343650281e-03
8.352968945138261603e-03
8.363574997728218108e-03
8.374064107716350236e-03
8.384436568737996254e-03
8.394692680449900024e-03
8.404832748542201415e-03
8.414857084725113623e-03
8.424766006736916779e-03
8.434559838348398841e-03
8.444238909351753364e-03
8.453803555572125816e-03
8.463254118855179087e-03
8.472590947074642997e-03
8.481814394136755197e-03
8.490924819968714843e-03
8.499922590531117095e-03
8.508808077805962711e-03
8.517581659800654847e-03
8.526243720558213113e-03
8.534794650139509997e-03
8.543234844641922621e-03
8.551564706182901432e-03
8.559784642904411101e-03
8.567895068984476836e-03
8.575896404620308999e-03
8.583789076044290312e-03
8.591573515508876824e-03
8.599250161292815164e-03
8.606819457707359788e-03
8.614281855086503015e-03
8.621637809797633167e-03
8.628887784228211899e-03
8.636032246791991440e-03
8.643071671936120026e-03
8.650006540130483756e-03
8.656837337877476557e-03
8.663564557699565682e-03
8.670188698145508965e-03
8.676710263799236600e-03
8.683129765264752109e-03
8.689447719179455021e-03
8.695664648201706370e-03
8.701781081016157771e-03
8.707797552341745018e-03
8.713714602920141772e-03
8.719532779515759557e-03
8.725252634931734974e-03
8.730874727983284345e-03
8.736399623528789959e-03
8.741827892440490189e-03
8.747160111619578515e-03
8.752396864005973498e-03
8.757538738548120705e-03
8.762586330242072563e-03
8.767540240093296688e-03
8.772401075140656701e-03
8.777169448456412226e-03
8.781845979126678969e-03
8.786431292281626781e-03
8.790926019063505237e-03
8.795330796645295379e-03
8.799646268235150615e-03
8.803873083054192250e-03
8.808011896368483917e-03
8.812063369454392614e-03
8.816028169620793165e-03
8.819906970212620934e-03
8.823700450584226473e-03
8.827409296138455375e-03
8.831034198285792058e-03
8.834575854471893308e-03
8.838034968175811912e-03
8.841412248888680381e-03
8.844708412146573551e-03
8.847924179497645980e-03
8.851060278521671876e-03
8.854117442832709628e-03
8.857096412057785528e-03
8.859997931867980014e-03
8.862822753947341425e-03
8.865571636009761392e-03
8.868245341806968440e-03
8.870844641099218109e-03
8.873370309693484614e-03
8.875823129409710077e-03
8.878203888096791729e-03
8.880513379641463700e-03
8.882752403939875308e-03
8.884921766934006371e-03
8.887022280578804612e-03
8.889054762859949221e-03
8.891020037797403575e-03
8.892918935424987126e-03
8.894752291817908940e-03
8.896520949067898698e-03
8.898225755295641193e-03
8.899867564655217222e-03
8.901447237317228200e-03
8.902965639491888794e-03
8.904423643406822464e-03
8.905822127315943249e-03
8.907161975511890262e-03
8.908444078297605984e-03
8.909669332020975219e-03
8.910838639043738851e-03
8.911952907755704700e-03
8.913013052583629303e-03
8.914019993967237099e-03
8.914974658389418494e-03
8.915877978346031796e-03
8.916730892363666783e-03
8.917534345004085594e-03
8.918289286842906449e-03
8.918996674497137178e-03
8.919657470598529869e-03
8.920272643809568081e-03
8.920843168825243197e-03
8.921370026360619931e-03
8.921854203164159003e-03
8.922296692005282637e-03
8.922698491679703636e-03
8.923060607020083523e-03
8.923384048874716257e-03
8.923669834129732692e-03
8.923918985686896121e-03
8.924132532480477664e-03
8.924311509475479909e-03
8.924456957658755130e-03
8.924569924048775249e-03
8.924651461684973697e-03
8.924702629634850837e-03
8.924724493001079395e-03
8.924718122902852713e-03
8.924684596497201028e-03
8.924624996956787015e-03
8.924540413485004819e-03
8.924431941319532768e-03
8.924300681717234340e-03
8.924147741966592662e-03
8.923974235377940545e-03
8.923781281290565914e-03
8.923570005077152700e-03
8.923341538127793626e-03
8.923097017868641956e-03
8.922837587745036103e-03
8.922564397231269595e-03
8.922278601833255607e-03
8.921981363080533356e-03
8.921673848532485351e-03
8.921357231769455609e-03
8.921032692401631436e-03
8.920701416070819789e-03
8.920364594440677308e-03
8.920023425205592105e-03
8.919679112083578332e-03
8.919332864818052542e-03
8.918985899186715471e-03
8.918639436989117542e-03
8.918294706054652465e-03
8.917952940236339998e-03
8.917615379412602294e-03
8.917283269497922049e-03
8.916957862425967107e-03
8.916640416162913141e-03
8.916332194695009150e-03
8.916034468037459249e-03
8.915748512240639911e-03
8.915475609374112764e-03
8.915217047532841832e-03
8.914974120846075323e-03
8.914748129463134774e-03
8.914540379566737727e-03
8.914352183364115945e-03
8.914184859085239054e-03
8.914039730994360866e-03
8.913918129374920341e-03
8.913821390548193335e-03
8.913750856853752680e-03
8.913707876658349960e-03
8.913693804361244588e-03
8.913710000380881127e-03
8.913757831175317392e-03
8.913838669217355459e-03
