7.614443748891552843e+00
7.599428731167477302e+00
7.584413697456896308e+00
7.569398632829154039e+00
7.554383523481153162e+00
7.539368356477734068e+00
7.524353119750161412e+00
7.509337802096127668e+00
7.494322393179746022e+00
7.479306883531560146e+00
7.464291264548534421e+00
7.449275528494060161e+00
7.434259676345535972e+00
7.419243717985358089e+00
7.404227655572040767e+00
7.389211490906649971e+00
7.374195225496150918e+00
7.359178860553408086e+00
7.344162396997186981e+00
7.329145835452151481e+00
7.314129176248863828e+00
7.299112419423786413e+00
7.284095564719281768e+00
7.269078611583609906e+00
7.254061559170931872e+00
7.239044406341307081e+00
7.224027151660695090e+00
7.209009793400954713e+00
7.193992329539843134e+00
7.178974757761016789e+00
7.163957075454033152e+00
7.148939279714346284e+00
7.133921367343314834e+00
7.118903334848189601e+00
7.103885178442126858e+00
7.088866894044177691e+00
7.073848477279295111e+00
7.058829923478334045e+00
7.043811227678039799e+00
7.028792384621069367e+00
7.013773388755967453e+00
6.998754234237184235e+00
6.983734914925070925e+00
6.968715424385871771e+00
6.953695755891737385e+00
6.938675902420711417e+00
6.923655856656740326e+00
6.908635610989671605e+00
6.893615157515245784e+00
6.878594488035111532e+00
6.863573594056807892e+00
6.848552466793778493e+00
6.833531097165367107e+00
6.818509475796812325e+00
6.803487593019257318e+00
6.788465438869740076e+00
6.773443003091199621e+00
6.758420275132476895e+00
6.743397244148306768e+00
6.728373898999329583e+00
6.713350228252078722e+00
6.698326220178991264e+00
6.683301862758405321e+00
6.668277143674550267e+00
6.653252050317565391e+00
6.638226569783480358e+00
6.623200688874227637e+00
6.608174394097642512e+00
6.593147671667452414e+00
6.578120507503291137e+00
6.563092887230687289e+00
6.548064796181068736e+00
6.533036219391767041e+00
6.518007141606006805e+00
6.502977547272919878e+00
6.487947420547528488e+00
6.472916745290760332e+00
6.457885505069442367e+00
6.442853683156295475e+00
6.427821262529948676e+00
6.412788225874921366e+00
6.397754561888212343e+00
6.382720289190829455e+00
6.367685394244087860e+00
6.352649857500405339e+00
6.337613659571704083e+00
6.322576781229415133e+00
6.307539203404483708e+00
6.292500907187356773e+00
6.277461873827997252e+00
6.262422084735870698e+00
6.247381521479954181e+00
6.232340165788738062e+00
6.217297999550216225e+00
6.202255004811893180e+00
6.187211163780782286e+00
6.172166458823405755e+00
6.157120872465797312e+00
6.142074387393496870e+00
6.127026986451554080e+00
6.111978652644527443e+00
6.096929369136484311e+00
6.081879119251003551e+00
6.066827886471169329e+00
6.051775654439577323e+00
6.036722406958330289e+00
6.021668127989043384e+00
6.006612801652837064e+00
5.991556412230342410e+00
5.976498944161700244e+00
5.961440382046557573e+00
5.946380710644074696e+00
5.931319914872917209e+00
5.916257979811263112e+00
5.901194890696796591e+00
5.886130632926708905e+00
5.871065192057708160e+00
5.855998553806003315e+00
5.840930704047316624e+00
5.825861628816879190e+00
5.810791314309427413e+00
5.795719746879212764e+00
5.780646913039991119e+00
5.765572799465028098e+00
5.750497392987101719e+00
5.735420680598491749e+00
5.720342649450995687e+00
5.705263286855914551e+00
5.690182580284059988e+00
5.675100517365753383e+00
5.660017085890820532e+00
5.644932273808603185e+00
5.629846069227949279e+00
5.614758460417212937e+00
5.599669435804262463e+00
5.584578983976469679e+00
5.569487093680719703e+00
5.554393753823404722e+00
5.539298953470426667e+00
5.524202681847197205e+00
5.509104928338633300e+00
5.494005682489165210e+00
5.478904934002732929e+00
5.463802672742779976e+00
5.448698888732264045e+00
5.433593572153647244e+00
5.418486713348904971e+00
5.403378302819522361e+00
5.388268331226488073e+00
5.373156789390304944e+00
5.358043668290981110e+00
5.342928959068036221e+00
5.327812653020499667e+00
5.312694741606907023e+00
5.297575216445305379e+00
5.282454069313246237e+00
5.267331292147797051e+00
5.252206877045532352e+00
5.237080816262530192e+00
5.221953102214384579e+00
5.206823727476192154e+00
5.191692684782565514e+00
5.176559967027622555e+00
5.161425567264989134e+00
5.146289478707802623e+00
5.131151694728705692e+00
5.116012208859855193e+00
5.100871014792915048e+00
5.085728106379055369e+00
5.070583477628958669e+00
5.055437122712813647e+00
5.040289035960320518e+00
5.025139211860690125e+00
5.009987645062636830e+00
4.994834330374388287e+00
4.979679262763678338e+00
4.964522437357753226e+00
4.949363849443367158e+00
4.934203494466781414e+00
4.919041368033767903e+00
4.903877465909604716e+00
4.888711784019084128e+00
4.873544318446505486e+00
4.858375065435675211e+00
4.843204021389908576e+00
4.828031182872033256e+00
4.812856546604382224e+00
4.797680109468801746e+00
4.782501862091980804e+00
4.767321685607491588e+00
4.752139542574508546e+00
4.736955441351577534e+00
4.721769390298000246e+00
4.706581397773825337e+00
4.691391472139861740e+00
4.676199621757668901e+00
4.661005854989558550e+00
4.645810180198602701e+00
4.630612605748620325e+00
4.615413140004185344e+00
4.600211791330627520e+00
4.585008568094029791e+00
4.569803478661229157e+00
4.554596531399814019e+00
4.539387734678128616e+00
4.524177096865269476e+00
4.508964626331088965e+00
4.493750331446193513e+00
4.478534220581939174e+00
4.463316302110438727e+00
4.448096584404558129e+00
4.432875075837918288e+00
4.417651784784893287e+00
4.402426719620608608e+00
4.387199888720946461e+00
4.371971300462539567e+00
4.356740963222779150e+00
4.341508885379806948e+00
4.326275075312517870e+00
4.311039541400561781e+00
4.295802292024340829e+00
4.280563335565014782e+00
4.265322680404494804e+00
4.250080334925442571e+00
4.234836307511277376e+00
4.219590606546171685e+00
4.204343240415051142e+00
4.189094217503597228e+00
4.173843546198240162e+00
4.158591234886167776e+00
4.143337291955321078e+00
4.128081725794394252e+00
4.112824544792837322e+00
4.097565757340849935e+00
4.082305371829388463e+00
4.067043396650161569e+00
4.051779840195633753e+00
4.036514710859020916e+00
4.021248017034293909e+00
4.005979767116175871e+00
3.990709969500145782e+00
3.975438632582436682e+00
3.960165764760032570e+00
3.944891374430672393e+00
3.929615469992849164e+00
3.914338059845809958e+00
3.899059152389555916e+00
3.883778756024840462e+00
3.868496879153170198e+00
3.853213530176808899e+00
3.837928717498769959e+00
3.822642449522823949e+00
3.807354734653493278e+00
3.792065581296053089e+00
3.776774997856535698e+00
3.761482992741723042e+00
3.746189574359155117e+00
3.730894751117121988e+00
3.715598531424667783e+00
3.700300923691592914e+00
3.685001936328449634e+00
3.669701577746544707e+00
3.654399856357938070e+00
3.639096780575441947e+00
3.623792358812625736e+00
3.608486599483809787e+00
3.593179511004070292e+00
3.577871101789235286e+00
3.562561380255885979e+00
3.547250354821359863e+00
3.531938033903746721e+00
3.516624425921890840e+00
3.501309539295388795e+00
3.485993382444590782e+00
3.470675963790603280e+00
3.455357291755283722e+00
3.440037374761246269e+00
3.424716221231854263e+00
3.409393839591229991e+00
3.394070238264244921e+00
3.378745425676527248e+00
3.363419410254458342e+00
3.348092200425171416e+00
3.332763804616557302e+00
3.317434231257255561e+00
3.302103488776663376e+00
3.286771585604930657e+00
3.271438530172959602e+00
3.256104330912408695e+00
3.240768996255687817e+00
3.225432534635960913e+00
3.210094954487148211e+00
3.194756264243919563e+00
3.179416472341702438e+00
3.164075587216674812e+00
3.148733617305770505e+00
3.133390571046676953e+00
3.118046456877833883e+00
3.102701283238436414e+00
3.087355058568432398e+00
3.072007791308522862e+00
3.056659489900165116e+00
3.041310162785566540e+00
3.025959818407692126e+00
3.010608465210256490e+00
2.995256111637731866e+00
2.979902766135341885e+00
2.964548437149063798e+00
2.949193133125630695e+00
2.933836862512526622e+00
2.918479633757991465e+00
2.903121455311018284e+00
2.887762335621352427e+00
2.872402283139496415e+00
2.857041306316701501e+00
2.841679413604977888e+00
2.826316613457086735e+00
2.810952914326541485e+00
2.795588324667613644e+00
2.780222852935323452e+00
2.764856507585449208e+00
2.749489297074520611e+00
2.734121229859820978e+00
2.718752314399389025e+00
2.703382559152014419e+00
2.688011972577244002e+00
2.672640563135376457e+00
2.657268339287462755e+00
2.641895309495311039e+00
2.626521482221479520e+00
2.611146865929283578e+00
2.595771469082790439e+00
2.580395300146820059e+00
2.565018367586949122e+00
2.549640679869504378e+00
2.534262245461569751e+00
2.518883072830981451e+00
2.503503170446327530e+00
2.488122546776954103e+00
2.472741210292956016e+00
2.457359169465186177e+00
2.441976432765248006e+00
2.426593008665502094e+00
2.411208905639059097e+00
2.395824132159783737e+00
2.380438696702298351e+00
2.365052607741974455e+00
2.349665873754940737e+00
2.334278503218077283e+00
2.318890504609018244e+00
2.303501886406152721e+00
2.288112657088622104e+00
2.272722825136323621e+00
2.257332399029905456e+00
2.241941387250770745e+00
2.226549798281077575e+00
2.211157640603735430e+00
2.195764922702410971e+00
2.180371653061520476e+00
2.164977840166235623e+00
2.149583492502483040e+00
2.134188618556941197e+00
2.118793226817045294e+00
2.103397325770980597e+00
2.088000923907686879e+00
2.072604029716859753e+00
2.057206651688946675e+00
2.041808798315150497e+00
2.026410478087425027e+00
2.011011699498481242e+00
1.995612471041781300e+00
1.980212801211540974e+00
1.964812698502732546e+00
1.949412171411078143e+00
1.934011228433057505e+00
1.918609878065901331e+00
1.903208128807594601e+00
1.887805989156877695e+00
1.872403467613241501e+00
1.857000572676934524e+00
1.841597312848956225e+00
1.826193696631059682e+00
1.810789732525754481e+00
1.795385429036300273e+00
1.779980794666713662e+00
1.764575837921762869e+00
1.749170567306970181e+00
1.733764991328613281e+00
1.718359118493720361e+00
1.702952957310077231e+00
1.687546516286220655e+00
1.672139803931441016e+00
1.656732828755785203e+00
1.641325599270049951e+00
1.625918123985789610e+00
1.610510411415309484e+00
1.595102470071668943e+00
1.579694308468683195e+00
1.564285935120917959e+00
1.548877358543695903e+00
1.533468587253091320e+00
1.518059629765932117e+00
1.502650494599802045e+00
1.487241190273035585e+00
1.471831725304723726e+00
1.456422108214709299e+00
1.441012347523590309e+00
1.425602451752717492e+00
1.410192429424194760e+00
1.394782289060881642e+00
1.379372039186389287e+00
1.363961688325084909e+00
1.348551253084680601e+00
1.333140847083734037e+00
1.317730500860148757e+00
1.302320209693944353e+00
1.286909968927521186e+00
1.271499773965655278e+00
1.256089620275500751e+00
1.240679503386591831e+00
1.225269418890837958e+00
1.209859362442529562e+00
1.194449329758332734e+00
1.179039316617291444e+00
1.163629318860829986e+00
1.148219332392748093e+00
1.132809353179225820e+00
1.117399377248819325e+00
1.101989400692462873e+00
1.086579419663470381e+00
1.071169430377531651e+00
1.055759429112717029e+00
1.040349412209471636e+00
1.024939376070622021e+00
1.009529317161370177e+00
9.941192320092961943e-01
9.787091172043604903e-01
9.632989693988984747e-01
9.478887853076265468e-01
9.324785617076366551e-01
9.170682954383990726e-01
9.016579834017639516e-01
8.862476225619568826e-01
8.708372099455842230e-01
8.554267426416281017e-01
8.400162178014484171e-01
8.246056326387856128e-01
8.091949844297551264e-01
7.937842705128534959e-01
7.783734882889525863e-01
7.629626352213024765e-01
7.475517088355336792e-01
7.321407067196517016e-01
7.167296265240425956e-01
7.013184659614688510e-01
6.859072228070702826e-01
6.704958948983672506e-01
6.550844801352553315e-01
6.396729764800108686e-01
6.242613819572859768e-01
6.088496946541106514e-01
5.934379127198953219e-01
5.780260343664255229e-01
5.626140578678674453e-01
5.472019815607633841e-01
5.317898038440332931e-01
5.163775231789775599e-01
5.009651380892716777e-01
4.855526471609721284e-01
4.701400490425099998e-01
4.547273424446979240e-01
4.393145261407239710e-01
4.239015989661540917e-01
4.084885598189349487e-01
3.930754076593876434e-01
3.776621415102148771e-01
3.622487604564946229e-01
3.468352636456829008e-01
3.314216502876163317e-01
3.160079196545060864e-01
3.005940710809447691e-01
2.851801039639003665e-01
2.697660177627189682e-01
2.543518119991271531e-01
2.389374862572261338e-01
2.235230401834984726e-01
2.081084734868022257e-01
1.926937859383733853e-01
1.772789773718286277e-01
1.618640476831590957e-01
1.464489968307373935e-01
1.310338248353115631e-01
1.156185317800076523e-01
1.002031178103322540e-01
8.478758313416658032e-02
6.937192802177322148e-02
5.395615280578934525e-02
3.854025788123359442e-02
2.312424370550000829e-02
7.708110798360617855e-03
-7.708140258032833425e-03
-2.312450881915056877e-02
-3.854099417808654060e-02
-5.395759556555584924e-02
-6.937431214989561723e-02
-8.479114303706661304e-02
-1.002080872706465342e-01
-1.156251438318401659e-01
-1.310423116394726362e-01
-1.464595895499910261e-01
-1.618769763574661458e-01
-1.772944707935856234e-01
-1.927120715276643415e-01
-2.081297771666373309e-01
-2.235475862550616866e-01
-2.389654972751182327e-01
-2.543835086466046391e-01
-2.698016187269456911e-01
-2.852198258111864893e-01
-3.006381281319940868e-01
-3.160565238596593773e-01
-3.314750111020898782e-01
-3.468935879048205551e-01
-3.623122522510063837e-01
-3.777310020614244590e-01
-3.931498351944756053e-01
-4.085687494461774927e-01
-4.239877425501748509e-01
-4.394068121777328084e-01
-4.548259559377385020e-01
-4.702451713767026309e-01
-4.856644559787529070e-01
-5.010838071656441572e-01
-5.165032222967512743e-01
-5.319226986690716030e-01
-5.473422335172257736e-01
-5.627618240134515393e-01
-5.781814672676135469e-01
-5.936011603271970083e-01
-6.090209001773089215e-01
-6.244406837406800692e-01
-6.398605078776582467e-01
-6.552803693862180312e-01
-6.707002650019546763e-01
-6.861201913980849998e-01
-7.015401451854501591e-01
-7.169601229125075470e-01
-7.323801210653420046e-01
-7.478001360676584941e-01
-7.632201642807859843e-01
-7.786402020036701233e-01
-7.940602454728835635e-01
-8.094802908626194116e-01
-8.249003342846927822e-01
-8.403203717885423529e-01
-8.557403993612239246e-01
-8.711604129274200803e-01
-8.865804083494340793e-01
-9.020003814271908560e-01
-9.174203278982393517e-01
-9.328402434377449648e-01
-9.482601236585006532e-01
-9.636799641109193848e-01
-9.790997602830363578e-01
-9.945195076005101109e-01
-1.009939201426616417e+00
-1.025358837062258166e+00
-1.040778409745958255e+00
-1.056197914653861814e+00
-1.071617346899737422e+00
-1.087036701534971339e+00
-1.102455973548575496e+00
-1.117875157867183500e+00
-1.133294249355049965e+00
-1.148713242814054070e+00
-1.164132132983691559e+00
-1.179550914541084961e+00
-1.194969582100976924e+00
-1.210388130215732883e+00
-1.225806553375341945e+00
-1.241224846007409344e+00
-1.256643002477167981e+00
-1.272061017087470658e+00
-1.287478884078792518e+00
-1.302896597629232600e+00
-1.318314151854506511e+00
-1.333731540807956861e+00
-1.349148758480546384e+00
-1.364565798800860374e+00
-1.379982655635107802e+00
-1.395399322787114205e+00
-1.410815793998332346e+00
-1.426232062947834889e+00
-1.441648123252317060e+00
-1.457063968466098203e+00
-1.472479592081113342e+00
-1.487894987526925394e+00
-1.503310148170716953e+00
-1.518725067317293842e+00
-1.534139738209084225e+00
-1.549554154026134389e+00
-1.564968307886116294e+00
-1.580382192844323352e+00
-1.595795801893670429e+00
-1.611209127964696730e+00
-1.626622163925557585e+00
-1.642034902582035549e+00
-1.657447336677533745e+00
-1.672859458893079188e+00
-1.688271261847315019e+00
-1.703682738096512495e+00
-1.719093880134562546e+00
-1.734504680392978004e+00
-1.749915131240895594e+00
-1.765325224985069053e+00
-1.780734953869879122e+00
-1.796144310077326889e+00
-1.811553285727035112e+00
-1.826961872876250892e+00
-1.842370063519837453e+00
-1.857777849590286134e+00
-1.873185222957707508e+00
-1.888592175429834263e+00
-1.903998698752023877e+00
-1.919404784607249503e+00
-1.934810424616112190e+00
-1.950215610336832661e+00
-1.965620333265253983e+00
-1.981024584834843116e+00
-1.996428356416683148e+00
-2.011831639319485721e+00
-2.027234424789581269e+00
-2.042636704010922344e+00
-2.058038468105086505e+00
-2.073439708131266990e+00
-2.088840415086284708e+00
-2.104240579904580244e+00
-2.119640193458217414e+00
-2.135039246556881931e+00
-2.150437729947878296e+00
-2.165835634316136904e+00
-2.181232950284208272e+00
-2.196629668412266145e+00
-2.212025779198107056e+00
-2.227421273077144104e+00
-2.242816140422418947e+00
-2.258210371544591588e+00
-2.273603956691945704e+00
-2.288996886050388202e+00
-2.304389149743441667e+00
-2.319780737832258133e+00
-2.335171640315607533e+00
-2.350561847129883475e+00
-2.365951348149102351e+00
-2.381340133184897567e+00
-2.396728191986531087e+00
-2.412115514240882330e+00
-2.427502089572454835e+00
-2.442887907543375814e+00
-2.458272957653388158e+00
-2.473657229339863761e+00
-2.489040711977791975e+00
-2.504423394879786713e+00
-2.519805267296084672e+00
-2.535186318414539119e+00
-2.550566537360631436e+00
-2.565945913197461792e+00
-2.581324434925753586e+00
-2.596702091483853891e+00
-2.612078871747725461e+00
-2.627454764530960052e+00
-2.642829758584767763e+00
-2.658203842597981925e+00
-2.673577005197059098e+00
-2.688949234946072853e+00
-2.704320520346724432e+00
-2.719690849838334312e+00
-2.735060211797847085e+00
-2.750428594539824800e+00
-2.765795986316455846e+00
-2.781162375317549618e+00
-2.796527749670536078e+00
-2.811892097440471083e+00
-2.827255406630025725e+00
-2.842617665179498321e+00
-2.857978860966809087e+00
-2.873338981807497472e+00
-2.888698015454729262e+00
-2.904055949599285480e+00
-2.919412771869574819e+00
-2.934768469831626980e+00
-2.950123030989092232e+00
-2.965476442783245403e+00
-2.980828692592977891e+00
-2.996179767734808763e+00
-3.011529655462877209e+00
-3.026878342968943425e+00
-3.042225817382393060e+00
-3.057572065770226555e+00
-3.072917075137073351e+00
-3.088260832425182567e+00
-3.103603324514424777e+00
-3.118944538222294671e+00
-3.134284460303903952e+00
-3.149623077451991549e+00
-3.164960376296916511e+00
-3.180296343406658899e+00
-3.195630965286823777e+00
-3.210964228380633223e+00
-3.226296119068935653e+00
-3.241626623670200491e+00
-3.256955728440517284e+00
-3.272283419573602359e+00
-3.287609683200786392e+00
-3.302934505391027731e+00
-3.318257872150906618e+00
-3.333579769424622974e+00
-3.348900183094001726e+00
-3.364219098978484812e+00
-3.379536502835140066e+00
-3.394852380358657662e+00
-3.410166717181347007e+00
-3.425479498873144291e+00
-3.440790710941600050e+00
-3.456100338831893382e+00
-3.471408367926823946e+00
-3.486714783546811081e+00
-3.502019570949900462e+00
-3.517322715331753891e+00
-3.532624201825659060e+00
-3.547924015502526451e+00
-3.563222141370885332e+00
-3.578518564376891753e+00
-3.593813269404316113e+00
-3.609106241274557814e+00
-3.624397464746636377e+00
-3.639686927775259040e+00
-3.654974633404745266e+00
-3.670260586086989019e+00
-3.685544790072233123e+00
-3.700827249634255356e+00
-3.716107969070367112e+00
-3.731386952701412518e+00
-3.746664204871771986e+00
-3.761939729949360434e+00
-3.777213532325627288e+00
-3.792485616415555594e+00
-3.807755986657661573e+00
-3.823024647513997287e+00
-3.838291603470148861e+00
-3.853556859035237814e+00
-3.868820418741919287e+00
-3.884082287146380708e+00
-3.899342468828345787e+00
-3.914600968391073188e+00
-3.929857790461355638e+00
-3.945112939689519926e+00
-3.960366420749425576e+00
-3.975618238338467947e+00
-3.990868397177576909e+00
-4.006116902011217284e+00
-4.021363757607388401e+00
-4.036608968757620097e+00
-4.051852540276979830e+00
-4.067094477004070896e+00
-4.082334783801027989e+00
-4.097573465553521643e+00
-4.112810527170755570e+00
-4.128045973585467543e+00
-4.143279809753932952e+00
-4.158512040655958586e+00
-4.173742671294886186e+00
-4.188971706697591557e+00
-4.204199151914483679e+00
-4.219425012019510035e+00
-4.234649292110149510e+00
-4.249871997307415050e+00
-4.265093132755854555e+00
-4.280312703623549098e+00
-4.295530715102116481e+00
-4.310747172406708572e+00
-4.325962080776009522e+00
-4.341175445472239325e+00
-4.356387271781150261e+00
-4.371597565012033115e+00
-4.386806330497710071e+00
-4.402013573594538265e+00
-4.417219299682408007e+00
-4.432423514164745448e+00
-4.447626222468510804e+00
-4.462827430044198351e+00
-4.478027142365838209e+00
-4.493225364930991894e+00
-4.508422103260756764e+00
-4.523617362899765126e+00
-4.538811149416184243e+00
-4.554003468401713661e+00
-4.569194325471587881e+00
-4.584383726264576353e+00
-4.599571676442982593e+00
-4.614758181692645067e+00
-4.629943247722937194e+00
-4.645126880266762015e+00
-4.660309085080562852e+00
-4.675489867944315314e+00
-4.690669234661529963e+00
-4.705847191059246981e+00
-4.721023742988048610e+00
-4.736198896322044050e+00
-4.751372656958883667e+00
-4.766545030819750117e+00
-4.781716023849353014e+00
-4.796885642015946694e+00
-4.812053891311315112e+00
-4.827220777750777181e+00
-4.842386307373187648e+00
-4.857550486240929111e+00
-4.872713320439927109e+00
-4.887874816079636808e+00
-4.903034979293050100e+00
-4.918193816236692051e+00
-4.933351333090619129e+00
-4.948507536058426304e+00
-4.963662431367240835e+00
-4.978816025267727596e+00
-4.993968324034082862e+00
-5.009119333964033416e+00
-5.024269061378848100e+00
-5.039417512623325379e+00
-5.054564694065800445e+00
-5.069710612098142555e+00
-5.084855273135750586e+00
-5.099998683617564588e+00
-5.115140850006055118e+00
-5.130281778787228575e+00
-5.145421476470626310e+00
-5.160559949589318407e+00
-5.175697204699917009e+00
-5.190833248382563880e+00
-5.205968087240938402e+00
-5.221101727902253131e+00
-5.236234177017249358e+00
-5.251365441260212208e+00
-5.266495527328953763e+00
-5.281624441944825499e+00
-5.296752191852712066e+00
-5.311878783821025962e+00
-5.327004224641725294e+00
-5.342128521130292462e+00
-5.357251680125751925e+00
-5.372373708490658650e+00
-5.387494613111099007e+00
-5.402614400896699642e+00
-5.417733078780617717e+00
-5.432850653719548006e+00
-5.447967132693717573e+00
-5.463082522706883992e+00
-5.478196830786346894e+00
-5.493310063982933755e+00
-5.508422229371011447e+00
-5.523533334048480015e+00
-5.538643385136767350e+00
-5.553752389780845178e+00
-5.568860355149213071e+00
-5.583967288433910880e+00
-5.599073196850505418e+00
-5.614178087638101111e+00
-5.629281968059340890e+00
-5.644384845400394646e+00
-5.659486726970975212e+00
-5.674587620104320607e+00
-5.689687532157207350e+00
-5.704786470509948693e+00
-5.719884442566387506e+00
-5.734981455753908719e+00
-5.750077517523420667e+00
-5.765172635349372854e+00
-5.780266816729749735e+00
-5.795360069186067165e+00
-5.810452400263379502e+00
-5.825543817530268065e+00
-5.840634328578854451e+00
-5.855723941024795209e+00
-5.870812662507275626e+00
-5.885900500689024817e+00
-5.900987463256294419e+00
-5.916073557918876347e+00
-5.931158792410101022e+00
-5.946243174486825822e+00
-5.961326711929448408e+00
-5.976409412541896060e+00
-5.991491284151631014e+00
-6.006572334609653119e+00
-6.021652571790494513e+00
-6.036732003592224061e+00
-6.051810637936439363e+00
-6.066888482768275637e+00
-6.081965546056404825e+00
-6.097041835793029385e+00
-6.112117359993891164e+00
-6.127192126698258079e+00
-6.142266143968939218e+00
-6.157339419892276844e+00
-6.172411962578144617e+00
-6.187483780159957369e+00
-6.202554880794654224e+00
-6.217625272662716363e+00
-6.232694963968156365e+00
-6.247763962938522653e+00
-6.262832277824898597e+00
-6.277899916901897193e+00
-6.292966888467669051e+00
-6.308033200843901511e+00
-6.323098862375812423e+00
-6.338163881432157254e+00
-6.353228266405221980e+00
-6.368292025710828419e+00
-6.383355167788335116e+00
-6.398417701100631128e+00
-6.413479634134145790e+00
-6.428540975398834512e+00
-6.443601733428192091e+00
-6.458661916779249168e+00
-6.473721534032565117e+00
-6.488780593792242257e+00
-6.503839104685907202e+00
-6.518897075364726845e+00
-6.533954514503402144e+00
-6.549011430800167233e+00
-6.564067832976793859e+00
-6.579123729778580731e+00
-6.594179129974365949e+00
-6.609234042356523453e+00
-6.624288475740960358e+00
-6.639342438967114290e+00
-6.654395940897961381e+00
-6.669448990420010048e+00
-6.684501596443306326e+00
-6.699553767901427648e+00
-6.714605513751485510e+00
-6.729656842974125475e+00
-6.744707764573529829e+00
-6.759758287577414926e+00
-6.774808421037029404e+00
-6.789858174027157744e+00
-6.804907555646117601e+00
-6.819956575015761580e+00
-6.835005241281478128e+00
-6.850053563612188867e+00
-6.865101551200348595e+00
-6.880149213261947061e+00
-6.895196559036508965e+00
-6.910243597787094849e+00
-6.925290338800297540e+00
-6.940336791386243043e+00
-6.955382964878594088e+00
-6.970428868634545694e+00
-6.985474512034831385e+00
-7.000519904483715194e+00
-7.015565055408994333e+00
-7.030609974262004513e+00
-7.045654670517611962e+00
-7.060699153674221407e+00
-7.075743433253768977e+00
-7.090787518801723976e+00
-7.105831419887093325e+00
-7.120875146102415343e+00
-7.135918707063765964e+00
-7.150962112410754301e+00
-7.166005371806519975e+00
-7.181048494937742888e+00
-7.196091491514631677e+00
-7.211134371270935262e+00
-7.226177143963933958e+00
-7.241219819374439481e+00
-7.256262407306802054e+00
-7.271304917588904182e+00
-7.286347360072165991e+00
-7.301389744631537226e+00
-7.316432081165505252e+00
-7.331474379596089719e+00
-7.346516649868844340e+00
-7.361558901952861333e+00
-7.376601145840764318e+00
-7.391643391548709197e+00
-7.406685649116389492e+00
-7.421727928607031011e+00
-7.436770240107396290e+00
-7.451812593727781042e+00
-7.466854999602012377e+00
-7.481897467887456799e+00
-7.496940008765010433e+00
-7.511982632439111462e+00
-7.527025349137719701e+00
-7.542068169112341458e+00
-7.557111102638010891e+00
-7.572154160013297997e+00
-7.587197351560311276e+00
-7.602240687624682636e+00
-7.617284178575590481e+00
