3.496782543839907831e+00
3.489775536908550801e+00
3.482768530423478115e+00
3.475761524799429125e+00
3.468754520417536291e+00
3.461747517633952498e+00
3.454740516779902570e+00
3.447733518161682387e+00
3.440726522060659764e+00
3.433719528733274018e+00
3.426712538411037290e+00
3.419705551300530555e+00
3.412698566318761895e+00
3.405691581830165848e+00
3.398684597940128338e+00
3.391677614771878346e+00
3.384670632454513495e+00
3.377663651123000932e+00
3.370656670918178666e+00
3.363649691986752899e+00
3.356642714481301581e+00
3.349635738560269527e+00
3.342628764387973295e+00
3.335621792134598529e+00
3.328614821976200400e+00
3.321607854094704493e+00
3.314600888677904145e+00
3.307593925919465327e+00
3.300586966018919988e+00
3.293580009181673152e+00
3.286573055618998040e+00
3.279566105548036958e+00
3.272559159191803069e+00
3.265552216779177730e+00
3.258545278544914048e+00
3.251538344729633323e+00
3.244531415579825939e+00
3.237524491347854028e+00
3.230517572291947026e+00
3.223510658676206564e+00
3.216503750770601577e+00
3.209496848850971418e+00
3.202489953199026296e+00
3.195483064102343729e+00
3.188476181854374314e+00
3.181469306754435067e+00
3.174462439107713418e+00
3.167455579225268103e+00
3.160448727424024717e+00
3.153441884026781938e+00
3.146435049362206193e+00
3.139428223764832104e+00
3.132421407575067374e+00
3.125414601139186122e+00
3.118407804809334660e+00
3.111401018943527941e+00
3.104394243905649109e+00
3.097387480065454390e+00
3.090380727798565097e+00
3.083373987486477841e+00
3.076367259516553876e+00
3.069360544282026204e+00
3.062353842181998242e+00
3.055347153621440270e+00
3.048340479011196980e+00
3.041333818767978148e+00
3.034327173314364856e+00
3.027320543078809045e+00
3.020313928495629519e+00
3.013307330005018603e+00
3.006300748053035043e+00
2.999294183091608001e+00
2.992287635578537941e+00
2.985281105977491745e+00
2.978274594758009819e+00
2.971268102395499877e+00
2.964261629371239160e+00
2.957255176172375766e+00
2.950248743291925990e+00
2.943242331228778319e+00
2.936235940487688101e+00
2.929229571579281100e+00
2.922223225020054382e+00
2.915216901332372323e+00
2.908210601044471044e+00
2.901204324690455305e+00
2.894198072810298505e+00
2.887191845949846236e+00
2.880185644660810951e+00
2.873179469500777738e+00
2.866173321033198551e+00
2.859167199827396200e+00
2.852161106458563467e+00
2.845155041507762661e+00
2.838149005561926064e+00
2.831142999213854594e+00
2.824137023062218699e+00
2.817131077711560128e+00
2.810125163772288825e+00
2.803119281860686041e+00
2.796113432598900772e+00
2.789107616614951990e+00
2.782101834542729080e+00
2.775096087021991398e+00
2.768090374698367384e+00
2.761084698223354561e+00
2.754079058254321755e+00
2.747073455454505098e+00
2.740067890493012470e+00
2.733062364044820836e+00
2.726056876790776240e+00
2.719051429417679078e+00
2.712046023220880731e+00
2.705040659104068101e+00
2.698035337213675167e+00
2.691030057693291955e+00
2.684024820683667656e+00
2.677019626322709733e+00
2.670014474745482591e+00
2.663009366084210239e+00
2.656004300468273183e+00
2.648999278024211534e+00
2.641994298875721903e+00
2.634989363143659169e+00
2.627984470946037820e+00
2.620979622398028397e+00
2.613974817611960599e+00
2.606970056697321958e+00
2.599965339760757388e+00
2.592960666906071854e+00
2.585956038234225041e+00
2.578951453843338015e+00
2.571946913828687453e+00
2.564942418282709191e+00
2.557937967294997783e+00
2.550933560952303836e+00
2.543929199338538449e+00
2.536924882534767889e+00
2.529920610619218468e+00
2.522916383667275220e+00
2.515912201751478339e+00
2.508908064941528515e+00
2.501903973304284712e+00
2.494899926903761500e+00
2.487895925801133945e+00
2.480891970054733164e+00
2.473888059720049881e+00
2.466884194849732648e+00
2.459880375493586957e+00
2.452876601698577907e+00
2.445872873508826650e+00
2.438869190965613942e+00
2.431865554107378813e+00
2.424861962969716345e+00
2.417858417585382558e+00
2.410854917984288193e+00
2.403851464193504928e+00
2.396848056237260938e+00
2.389844694136942671e+00
2.382841377911095293e+00
2.375838107575420910e+00
2.368834883142779901e+00
2.361831704623191808e+00
2.354828572023832223e+00
2.347825485349037233e+00
2.340822444600298979e+00
2.333819449776267874e+00
2.326816500872753934e+00
2.319813597882722789e+00
2.312810740796301001e+00
2.305807929600769857e+00
2.298805164280571134e+00
2.291802444817303996e+00
2.284799771189725437e+00
2.277797143373750721e+00
2.270794561342452944e+00
2.263792025066063029e+00
2.256789534511970619e+00
2.249787089644722737e+00
2.242784690426024685e+00
2.235782336814740034e+00
2.228780028766889743e+00
2.221777766235654372e+00
2.214775549171369651e+00
2.207773377521532243e+00
2.200771251230795755e+00
2.193769170240970734e+00
2.186767134491028219e+00
2.179765143917094417e+00
2.172763198452455580e+00
2.165761298027556236e+00
2.158759442569996523e+00
2.151757632004537957e+00
2.144755866253096777e+00
2.137754145234749714e+00
2.130752468865730442e+00
2.123750837059430907e+00
2.116749249726401327e+00
2.109747706774349307e+00
2.102746208108140724e+00
2.095744753629800172e+00
2.088743343238509187e+00
2.081741976830608909e+00
2.074740654299596088e+00
2.067739375536127966e+00
2.060738140428018284e+00
2.053736948860239941e+00
2.046735800714922782e+00
2.039734695871354919e+00
2.032733634205983186e+00
2.025732615592411356e+00
2.018731639901403252e+00
2.011730707000878304e+00
2.004729816755915106e+00
1.997728969028750079e+00
1.990728163678778140e+00
1.983727400562552257e+00
1.976726679533782782e+00
1.969726000443338343e+00
1.962725363139245394e+00
1.955724767466688663e+00
1.948724213268012262e+00
1.941723700382715911e+00
1.934723228647458493e+00
1.927722797896057161e+00
1.920722407959486455e+00
1.913722058665880521e+00
1.906721749840529556e+00
1.899721481305882476e+00
1.892721252881546468e+00
1.885721064384286771e+00
1.878720915628027122e+00
1.871720806423848193e+00
1.864720736579989158e+00
1.857720705901847236e+00
1.850720714191977478e+00
1.843720761250094542e+00
1.836720846873068691e+00
1.829720970854929574e+00
1.822721132986864445e+00
1.815721333057218834e+00
1.808721570851497207e+00
1.801721846152360307e+00
1.794722158739627593e+00
1.787722508390276799e+00
1.780722894878443485e+00
1.773723317975422153e+00
1.766723777449664246e+00
1.759724273066778366e+00
1.752724804589534280e+00
1.745725371777856028e+00
1.738725974388829032e+00
1.731726612176694324e+00
1.724727284892851653e+00
1.717727992285859928e+00
1.710728734101433890e+00
1.703729510082449217e+00
1.696730319968937195e+00
1.689731163498087163e+00
1.682732040404248730e+00
1.675732950418926892e+00
1.668733893270787139e+00
1.661734868685651012e+00
1.654735876386498328e+00
1.647736916093468507e+00
1.640737987523856800e+00
1.633739090392119175e+00
1.626740224409866986e+00
1.619741389285870303e+00
1.612742584726059025e+00
1.605743810433518215e+00
1.598745066108493873e+00
1.591746351448388275e+00
1.584747666147760858e+00
1.577749009898332222e+00
1.570750382388977462e+00
1.563751783305732834e+00
1.556753212331789982e+00
1.549754669147500374e+00
1.542756153430373089e+00
1.535757664855073923e+00
1.528759203093429386e+00
1.521760767814421156e+00
1.514762358684191179e+00
1.507763975366038345e+00
1.500765617520418926e+00
1.493767284804949469e+00
1.486768977667899172e+00
1.479770697004376911e+00
1.472772442661936187e+00
1.465774214480289883e+00
1.458776012299478397e+00
1.451777835959865426e+00
1.444779685302143069e+00
1.437781560167328054e+00
1.430783460396762408e+00
1.423785385832116335e+00
1.416787336315383117e+00
1.409789311688884439e+00
1.402791311795266838e+00
1.395793336477501478e+00
1.388795385578888597e+00
1.381797458943051060e+00
1.374799556413939694e+00
1.367801677835830398e+00
1.360803823053325701e+00
1.353805991911353646e+00
1.346808184255167129e+00
1.339810399930347007e+00
1.332812638782798320e+00
1.325814900658753404e+00
1.318817185404769665e+00
1.311819492867730030e+00
1.304821822894844496e+00
1.297824175333648133e+00
1.290826550032002418e+00
1.283828946838094565e+00
1.276831365600437085e+00
1.269833806167869783e+00
1.262836268389557093e+00
1.255838752114990076e+00
1.248841257193985754e+00
1.241843783476686225e+00
1.234846330813560433e+00
1.227848899055402843e+00
1.220851488053334100e+00
1.213854097658800590e+00
1.206856727723574219e+00
1.199859378099753515e+00
1.192862048639762307e+00
1.185864739196351270e+00
1.178867449622595931e+00
1.171870179771898002e+00
1.164872929497985599e+00
1.157875698654912355e+00
1.150878487097058089e+00
1.143881294679128358e+00
1.136884121256154234e+00
1.129886966683493643e+00
1.122889830816829360e+00
1.115892713512171230e+00
1.108895614625853954e+00
1.101898534014539077e+00
1.094901471535213444e+00
1.087904427045189415e+00
1.080907400402106644e+00
1.073910391463929193e+00
1.066913400088948638e+00
1.059916426135780965e+00
1.052919469463368340e+00
1.045922529930980005e+00
1.038925607398209605e+00
1.031928701724978303e+00
1.024931812771531670e+00
1.017934940398441679e+00
1.010938084466606712e+00
1.003941244837250668e+00
9.969444213719236281e-01
9.899476139325010804e-01
9.829508223811845857e-01
9.759540465805023324e-01
9.689572863933071378e-01
9.619605416827794464e-01
9.549638123124239986e-01
9.479670981460719403e-01
9.409703990478811564e-01
9.339737148823340496e-01
9.269770455142406496e-01
9.199803908087347271e-01
9.129837506312784567e-01
9.059871248476579764e-01
8.989905133239857182e-01
8.919939159267014084e-01
8.849973325225684029e-01
8.780007629786782397e-01
8.710042071624469751e-01
8.640076649416164045e-01
8.570111361842558395e-01
8.500146207587585545e-01
8.430181185338453398e-01
8.360216293785619479e-01
8.290251531622798709e-01
8.220286897546980054e-01
8.150322390258388783e-01
8.080358008460534203e-01
8.010393750860166362e-01
7.940429616167297144e-01
7.870465603095210261e-01
7.800501710360430163e-01
7.730537936682758682e-01
7.660574280785242829e-01
7.590610741394191452e-01
7.520647317239184115e-01
7.450684007053038904e-01
7.380720809571855723e-01
7.310757723534978547e-01
7.240794747685010968e-01
7.170831880767827293e-01
7.100869121532543682e-01
7.030906468731554781e-01
6.960943921120501532e-01
6.890981477458281157e-01
6.821019136507067149e-01
6.751056897032269299e-01
6.681094757802579220e-01
6.611132717589930374e-01
6.541170775169525831e-01
6.471208929319824943e-01
6.401247178822537798e-01
6.331285522462650750e-01
6.261323959028393116e-01
6.191362487311264928e-01
6.121401106106021395e-01
6.051439814210667345e-01
5.981478610426487208e-01
5.911517493558003933e-01
5.841556462413015627e-01
5.771595515802571130e-01
5.701634652540974457e-01
5.631673871445802559e-01
5.561713171337877570e-01
5.491752551041291230e-01
5.421792009383389344e-01
5.351831545194770667e-01
5.281871157309311338e-01
5.211910844564124901e-01
5.141950605799602281e-01
5.071990439859385136e-01
5.002030345590366966e-01
4.932070321842719762e-01
4.862110367469854033e-01
4.792150481328457667e-01
4.722190662278460960e-01
4.652230909183068808e-01
4.582271220908735176e-01
4.512311596325171426e-01
4.442352034305360742e-01
4.372392533725529828e-01
4.302433093465179992e-01
4.232473712407060495e-01
4.162514389437178552e-01
4.092555123444813758e-01
4.022595913322488670e-01
3.952636757966001002e-01
3.882677656274394762e-01
3.812718607149974681e-01
3.742759609498315099e-01
3.672800662228235535e-01
3.602841764251828449e-01
3.532882914484434811e-01
3.462924111844655206e-01
3.392965355254360382e-01
3.323006643638664603e-01
3.253047975925956736e-01
3.183089351047874715e-01
3.113130767939313870e-01
3.043172225538441356e-01
2.973213722786667290e-01
2.903255258628677504e-01
2.833296832012404676e-01
2.763338441889039987e-01
2.693380087213047558e-01
2.623421766942133360e-01
2.553463480037277966e-01
2.483505225462711297e-01
2.413547002185920942e-01
2.343588809177665211e-01
2.273630645411947315e-01
2.203672509866043960e-01
2.133714401520476200e-01
2.063756319359039693e-01
1.993798262368777496e-01
1.923840229539992008e-01
1.853882219866256620e-01
1.783924232344387684e-01
1.713966265974477265e-01
1.644008319759864278e-01
1.574050392707146973e-01
1.504092483826194870e-01
1.434134592130120456e-01
1.364176716635311093e-01
1.294218856361402659e-01
1.224261010331288563e-01
1.154303177571134598e-01
1.084345357110349239e-01
1.014387547981615983e-01
9.444297492208661438e-02
8.744719598672899552e-02
8.045141789633483698e-02
7.345564055547462723e-02
6.645986386904631504e-02
5.946408774227260330e-02
5.246831208070212166e-02
4.547253679021057843e-02
3.847676177699804745e-02
3.148098694759208366e-02
2.448521220884459018e-02
1.748943746793496165e-02
1.049366263236733640e-02
3.497887609971779554e-03
-3.497887691094952404e-03
-1.049366336235018314e-02
-1.748943949498609277e-02
-2.448521617986855470e-02
-3.148099350753751774e-02
-3.847677156820779321e-02
-4.547255045176594457e-02
-5.246833024777493998e-02
-5.946411104547105753e-02
-6.645989293376464158e-02
-7.345567600124092156e-02
-8.045146033615684089e-02
-8.744724602644579625e-02
-9.444303315971444568e-02
-1.014388218232435551e-01
-1.084346121039887340e-01
-1.154304040885773541e-01
-1.224261978633131714e-01
-1.294219935141733002e-01
-1.364177911268088794e-01
-1.434135907865459192e-01
-1.504093925783822061e-01
-1.574051965869919245e-01
-1.644010028967225201e-01
-1.713968115915955881e-01
-1.783926227553075117e-01
-1.853884364712265198e-01
-1.923842528223971282e-01
-1.993800718915372805e-01
-2.063758937610389033e-01
-2.133717185129688221e-01
-2.203675462290656251e-01
-2.273633769907442981e-01
-2.343592108790930884e-01
-2.413550479748744204e-01
-2.483508883585254789e-01
-2.553467321101552390e-01
-2.623425793095491287e-01
-2.693384300361658101e-01
-2.763342843691379835e-01
-2.833301423872733871e-01
-2.903260041690514104e-01
-2.973218697926277021e-01
-3.043177393358314498e-01
-3.113136128761658239e-01
-3.183094904908088663e-01
-3.253053722566103256e-01
-3.323012582500963763e-01
-3.392971485474665649e-01
-3.462930432245951984e-01
-3.532889423570284015e-01
-3.602848460199886693e-01
-3.672807542883718135e-01
-3.742766672367477954e-01
-3.812725849393612809e-01
-3.882685074701288652e-01
-3.952644349026433468e-01
-4.022603673101710631e-01
-4.092563047656522235e-01
-4.162522473417020197e-01
-4.232481951106074058e-01
-4.302441481443315952e-01
-4.372401065145112842e-01
-4.442360702924572080e-01
-4.512320361777809041e-01
-4.582279898230505188e-01
-4.652239300595142346e-01
-4.722198574204842791e-01
-4.792157724368147909e-01
-4.862116756369025961e-01
-4.932075675466842668e-01
-5.002034486896405063e-01
-5.071993195867933180e-01
-5.141951807567064492e-01
-5.211910327154865019e-01
-5.281868759767797128e-01
-5.351827110517763941e-01
-5.421785384492083804e-01
-5.491743586753491391e-01
-5.561701722340147702e-01
-5.631659796265614526e-01
-5.701617813518891076e-01
-5.771575779064391787e-01
-5.841533697841948536e-01
-5.911491574766820634e-01
-5.981449414729664849e-01
-6.051407222596578706e-01
-6.121365003209072730e-01
-6.191322761384077111e-01
-6.261280501913948360e-01
-6.331238229566438225e-01
-6.401195949084742542e-01
-6.471153665187469040e-01
-6.541111382568642885e-01
-6.611069105897720011e-01
-6.681026839819548258e-01
-6.750984588954419552e-01
-6.820942357898039932e-01
-6.890900151221531766e-01
-6.960857973471445970e-01
-7.030815829169729803e-01
-7.100773722813771283e-01
-7.170731658876371428e-01
-7.240689641805752030e-01
-7.310647676025560093e-01
-7.380605765934840079e-01
-7.450563915908076096e-01
-7.520522130295168584e-01
-7.590480413421442085e-01
-7.660438769587616381e-01
-7.730397203069857559e-01
-7.800355718119740267e-01
-7.870314318964259925e-01
-7.940273009805837168e-01
-8.010231794822292306e-01
-8.080190678166885299e-01
-8.150149663968289104e-01
-8.220108756330594124e-01
-8.290067959333321523e-01
-8.360027277031386594e-01
-8.429986713455145386e-01
-8.499946272610368059e-01
-8.569905958478245545e-01
-8.639865775015390659e-01
-8.709825726153819225e-01
-8.779785815800983384e-01
-8.849746047839750496e-01
-8.919706426128406473e-01
-8.989666954500664664e-01
-9.059627636765633651e-01
-9.129588476707866107e-01
-9.199549478087325483e-01
-9.269510644639393782e-01
-9.339471980074881552e-01
-9.409433488079995689e-01
-9.479395172316383844e-01
-9.549357036421107781e-01
-9.619319084006645593e-01
-9.689281318660906139e-01
-9.759243743947191296e-01
-9.829206363404248137e-01
-9.899169180546233404e-01
-9.969132198862723504e-01
-1.003909542181872228e+00
-1.010905885285463102e+00
-1.017902249538629178e+00
-1.024898635280496073e+00
-1.031895042847730926e+00
-1.038891472574543728e+00
-1.045887924792684442e+00
-1.052884399831447215e+00
-1.059880898017667050e+00
-1.066877419675720473e+00
-1.073873965127527974e+00
-1.080870534692548679e+00
-1.087867128687786566e+00
-1.094863747427786249e+00
-1.101860391224634084e+00
-1.108857060387960169e+00
-1.115853755224933241e+00
-1.122850476040267109e+00
-1.129847223136216217e+00
-1.136843996812576307e+00
-1.143840797366687534e+00
-1.150837625093428018e+00
-1.157834480285221401e+00
-1.164831363232031514e+00
-1.171828274221364374e+00
-1.178825213538269523e+00
-1.185822181465334690e+00
-1.192819178282693349e+00
-1.199816204268019160e+00
-1.206813259696527529e+00
-1.213810344840977828e+00
-1.220807459971667619e+00
-1.227804605356439760e+00
-1.234801781260677966e+00
-1.241798987947308142e+00
-1.248796225676796379e+00
-1.255793494707152957e+00
-1.262790795293929458e+00
-1.269788127690219204e+00
-1.276785492146657930e+00
-1.283782888911421338e+00
-1.290780318230229540e+00
-1.297777780346343501e+00
-1.304775275500566600e+00
-1.311772803931243958e+00
-1.318770365874261108e+00
-1.325767961563047770e+00
-1.332765591228575186e+00
-1.339763255099355455e+00
-1.346760953401443972e+00
-1.353758686358436103e+00
-1.360756454191471176e+00
-1.367754257119229599e+00
-1.374752095357933745e+00
-1.381749969121348620e+00
-1.388747878620779197e+00
-1.395745824065074414e+00
-1.402743805660624510e+00
-1.409741823611361689e+00
-1.416739878118760343e+00
-1.423737969381835278e+00
-1.430736097597145040e+00
-1.437734262958789699e+00
-1.444732465658411291e+00
-1.451730705885193595e+00
-1.458728983825861247e+00
-1.465727299664682626e+00
-1.472725653583467409e+00
-1.479724045761567019e+00
-1.486722476375875512e+00
-1.493720945600826910e+00
-1.500719453608399201e+00
-1.507718000568111894e+00
-1.514716586647026020e+00
-1.521715212009745244e+00
-1.528713876818413420e+00
-1.535712581232718366e+00
-1.542711325409889200e+00
-1.549710109504696565e+00
-1.556708933669453954e+00
-1.563707798054014830e+00
-1.570706702805776622e+00
-1.577705648069678279e+00
-1.584704633988200051e+00
-1.591703660701365486e+00
-1.598702728346736990e+00
-1.605701837059422266e+00
-1.612700986972069872e+00
-1.619700178214869890e+00
-1.626699410915555033e+00
-1.633698685199398204e+00
-1.640698001189216049e+00
-1.647697359005367179e+00
-1.654696758765751952e+00
-1.661696200585811134e+00
-1.668695684578528571e+00
-1.675695210854430739e+00
-1.682694779521585415e+00
-1.689694390685603009e+00
-1.696694044449633454e+00
-1.703693740914370869e+00
-1.710693480178051340e+00
-1.717693262336452031e+00
-1.724693087482893183e+00
-1.731692955708234560e+00
-1.738692867100880113e+00
-1.745692821746774870e+00
-1.752692819729406715e+00
-1.759692861129804831e+00
-1.766692946026539035e+00
-1.773693074495722888e+00
-1.780693246611011249e+00
-1.787693462443601167e+00
-1.794693722062232322e+00
-1.801694025533183696e+00
-1.808694372920278459e+00
-1.815694764284881524e+00
-1.822695199685899770e+00
-1.829695679179782042e+00
-1.836696202820517376e+00
-1.843696770659638551e+00
-1.850697382746220088e+00
-1.857698039126878697e+00
-1.864698739845772835e+00
-1.871699484944601144e+00
-1.878700274462606457e+00
-1.885701108436572904e+00
-1.892701986900826361e+00
-1.899702909887235558e+00
-1.906703877425208749e+00
-1.913704889541698373e+00
-1.920705946261197949e+00
-1.927707047605743629e+00
-1.934708193594913528e+00
-1.941709384245825509e+00
-1.948710619573141845e+00
-1.955711899589065883e+00
-1.962713224303343384e+00
-1.969714593723261853e+00
-1.976716007853649426e+00
-1.983717466696877540e+00
-1.990718970252859377e+00
-1.997720518519050747e+00
-2.004722111490448100e+00
-2.011723749159590291e+00
-2.018725431516557478e+00
-2.025727158548973339e+00
-2.032728930242003074e+00
-2.039730746578352072e+00
-2.046732607538270354e+00
-2.053734513099546799e+00
-2.060736463237514915e+00
-2.067738457925049289e+00
-2.074740497132566475e+00
-2.081742580828023659e+00
-2.088744708976921771e+00
-2.095746881542303264e+00
-2.102749098484752110e+00
-2.109751359762394252e+00
-2.116753665330897594e+00
-2.123756015143472009e+00
-2.130758409150869781e+00
-2.137760847301385159e+00
-2.144763329540852581e+00
-2.151765855812650674e+00
-2.158768426057698697e+00
-2.165771040214458321e+00
-2.172773698218934069e+00
-2.179776400004669767e+00
-2.186779145502753874e+00
-2.193781934641815035e+00
-2.200784767348024751e+00
-2.207787643545097378e+00
-2.214790563154286573e+00
-2.221793526094390181e+00
-2.228796532281746678e+00
-2.235799581630237398e+00
-2.242802674051286083e+00
-2.249805809453856220e+00
-2.256808987744455042e+00
-2.263812208827131744e+00
-2.270815472603476159e+00
-2.277818778972622749e+00
-2.284822127831243499e+00
-2.291825519073556805e+00
-2.298828952591319918e+00
-2.305832428273833834e+00
-2.312835946007941956e+00
-2.319839505678026104e+00
-2.326843107166014502e+00
-2.333846750351374233e+00
-2.340850435111115235e+00
-2.347854161319791189e+00
-2.354857928849493742e+00
-2.361861737569860509e+00
-2.368865587348068402e+00
-2.375869478048837191e+00
-2.382873409534429943e+00
-2.389877381664648137e+00
-2.396881394296839218e+00
-2.403885447285889487e+00
-2.410889540484228988e+00
-2.417893673741829730e+00
-2.424897846906203469e+00
-2.431902059822407036e+00
-2.438906312333036563e+00
-2.445910604278231482e+00
-2.452914935495674076e+00
-2.459919305820585489e+00
-2.466923715085732383e+00
-2.473928163121420276e+00
-2.480932649755498876e+00
-2.487937174813359409e+00
-2.494941738117933294e+00
-2.501946339489696580e+00
-2.508950978746664617e+00
-2.515955655704396499e+00
-2.522960370175993727e+00
-2.529965121972097108e+00
-2.536969910900892078e+00
-2.543974736768104261e+00
-2.550979599377003026e+00
-2.557984498528397488e+00
-2.564989434020639614e+00
-2.571994405649624671e+00
-2.578999413208787672e+00
-2.586004456489107817e+00
-2.593009535279102717e+00
-2.600014649364836394e+00
-2.607019798529911725e+00
-2.614024982555474441e+00
-2.621030201220212685e+00
-2.628035454300355234e+00
-2.635040741569674161e+00
-2.642046062799483064e+00
-2.649051417758636617e+00
-2.656056806213533683e+00
-2.663062227928111536e+00
-2.670067682663852526e+00
-2.677073170179780082e+00
-2.684078690232458708e+00
-2.691084242575996655e+00
-2.698089826962041027e+00
-2.705095443139783562e+00
-2.712101090855957519e+00
-2.719106769854837236e+00
-2.726112479878240791e+00
-2.733118220665524678e+00
-2.740123991953590465e+00
-2.747129793476881687e+00
-2.754135624967381180e+00
-2.761141486154617297e+00
-2.768147376765656364e+00
-2.775153296525109781e+00
-2.782159245155130467e+00
-2.789165222375411091e+00
-2.796171227903189838e+00
-2.803177261453242419e+00
-2.810183322737890066e+00
-2.817189411466995086e+00
-2.824195527347960422e+00
-2.831201670085733646e+00
-2.838207839382800302e+00
-2.845214034939191006e+00
-2.852220256452478342e+00
-2.859226503617774640e+00
-2.866232776127736859e+00
-2.873239073672560373e+00
-2.880245395939986075e+00
-2.887251742615295491e+00
-2.894258113381310782e+00
-2.901264507918399183e+00
-2.908270925904465454e+00
-2.915277367014959875e+00
-2.922283830922873804e+00
-2.929290317298739232e+00
-2.936296825810632782e+00
-2.943303356124169490e+00
-2.950309907902509021e+00
-2.957316480806352565e+00
-2.964323074493941945e+00
-2.971329688621062726e+00
-2.978336322841040218e+00
-2.985342976804743920e+00
-2.992349650160583963e+00
-2.999356342554512445e+00
-3.006363053630025206e+00
-3.013369783028156501e+00
-3.020376530387484770e+00
-3.027383295344131753e+00
-3.034390077531758934e+00
-3.041396876581568876e+00
-3.048403692122308772e+00
-3.055410523780266452e+00
-3.062417371179272152e+00
-3.069424233940697633e+00
-3.076431111683455288e+00
-3.083438004024001700e+00
-3.090444910576334525e+00
-3.097451830951993390e+00
-3.104458764760060330e+00
-3.111465711607157125e+00
-3.118472671097450188e+00
-3.125479642832646565e+00
-3.132486626411996156e+00
-3.139493621432290382e+00
-3.146500627487860413e+00
-3.153507644170582491e+00
-3.160514671069873938e+00
-3.167521707772693595e+00
-3.174528753863542718e+00
-3.181535808924462305e+00
-3.188542872535038875e+00
-3.195549944272398246e+00
-3.202557023711209983e+00
-3.209564110423684724e+00
-3.216571203979573301e+00
-3.223578303946171175e+00
-3.230585409888314885e+00
-3.237592521368382936e+00
-3.244599637946295800e+00
-3.251606759179514583e+00
-3.258613884623044132e+00
-3.265621013829430375e+00
-3.272628146348761646e+00
-3.279635281728668694e+00
-3.286642419514321123e+00
-3.293649559248434500e+00
-3.300656700471264138e+00
-3.307663842720608205e+00
-3.314670985531806391e+00
-3.321678128437739463e+00
-3.328685270968831045e+00
-3.335692412653047167e+00
-3.342699553015895830e+00
-3.349706691580426110e+00
-3.356713827867227717e+00
-3.363720961394435438e+00
-3.370728091677723803e+00
-3.377735218230310643e+00
-3.384742340562955309e+00
-3.391749458183957344e+00
-3.398756570599160032e+00
-3.405763677311949067e+00
-3.412770777823251223e+00
-3.419777871631535682e+00
-3.426784958232810929e+00
-3.433792037120631413e+00
-3.440799107786091326e+00
-3.447806169717828606e+00
-3.454813222402019157e+00
-3.461820265322384405e+00
-3.468827297960186851e+00
-3.475834319794230964e+00
-3.482841330300864069e+00
-3.489848328953971457e+00
-3.496855315224984828e+00
