-2.733434694712189028e-02
-2.733434782037713617e-02
-2.733435351995172624e-02
-2.733436728848825936e-02
-2.733439067500276209e-02
-2.733442389868434574e-02
-2.733446585101573234e-02
-2.733451409576659330e-02
-2.733456486900376348e-02
-2.733461307907925075e-02
-2.733465230664444690e-02
-2.733467480463946941e-02
-2.733466723299127210e-02
-2.733460494850969980e-02
-2.733446384111148930e-02
-2.733422023468223827e-02
-2.733385086550343956e-02
-2.733333288224981672e-02
-2.733264384599953800e-02
-2.733176173022000555e-02
-2.733066492078251031e-02
-2.732933221595335027e-02
-2.732774282639249819e-02
-2.732587637516203927e-02
-2.732371289771551304e-02
-2.732123284190768331e-02
-2.731841706799098546e-02
-2.731524684860797691e-02
-2.731170386880865664e-02
-2.730777022603003701e-02
-2.730342843011079879e-02
-2.729866140328995883e-02
-2.729345248019443559e-02
-2.728778540785858908e-02
-2.728164434570468089e-02
-2.727501386555619689e-02
-2.726787895163695907e-02
-2.726022500055913511e-02
-2.725203782134144603e-02
-2.724330363539007038e-02
-2.723400907651596370e-02
-2.722414119092553264e-02
-2.721368743721663819e-02
-2.720263568639325058e-02
-2.719097422184590940e-02
-2.717869173937037530e-02
-2.716577734715830417e-02
-2.715222056579236209e-02
-2.713801132826088036e-02
-2.712313997994009185e-02
-2.710759727861011825e-02
-2.709137439444786466e-02
-2.707446291001991412e-02
-2.705685482030073530e-02
-2.703854253265047802e-02
-2.701951886683406912e-02
-2.699977705501410696e-02
-2.697931074174197974e-02
-2.695811398397562897e-02
-2.693618125106223005e-02
-2.691350742475018265e-02
-2.689008779918689029e-02
-2.686591808090943445e-02
-2.684099438886011768e-02
-2.681531325437092050e-02
-2.678887162117549181e-02
-2.676166684540559615e-02
-2.673369669558312012e-02
-2.670495935263605958e-02
-2.667545340988031199e-02
-2.664517787303521956e-02
-2.661413216021690786e-02
-2.658231610193251271e-02
-2.654972994109439099e-02
-2.651637433300368940e-02
-2.648225034536455524e-02
-2.644735937388809077e-02
-2.641168427157092324e-02
-2.637521537742060218e-02
-2.633795882641276620e-02
-2.629992078428822211e-02
-2.626110744755161264e-02
-2.622152504346297874e-02
-2.618117983005063820e-02
-2.614007809609786293e-02
-2.609822616115486937e-02
-2.605563037553348948e-02
-2.601229712030272978e-02
-2.596823280729809724e-02
-2.592344387911182935e-02
-2.587793680910221994e-02
-2.583171810138917834e-02
-2.578479429084978847e-02
-2.573717194312630241e-02
-2.568885765462392001e-02
-2.563985805250412753e-02
-2.559017979469713211e-02
-2.553982956988765096e-02
-2.548881409752645766e-02
-2.543714012782594125e-02
-2.538481444175788582e-02
-2.533184385105879954e-02
-2.527823519822236520e-02
-2.522399535650698965e-02
-2.516913122993447161e-02
-2.511364975328378435e-02
-2.505755789209906936e-02
-2.500086264268297498e-02
-2.494357103210242954e-02
-2.488569011818686505e-02
-2.482722698952333218e-02
-2.476818876546493797e-02
-2.470858259612107588e-02
-2.464841566236852799e-02
-2.458769517584435960e-02
-2.452642837894281058e-02
-2.446462254482595355e-02
-2.440228497741214753e-02
-2.433942301138491970e-02
-2.427604401219030095e-02
-2.421215537603060852e-02
-2.414776452987599242e-02
-2.408287893145288905e-02
-2.401750606925334708e-02
-2.395165346253147476e-02
-2.388532866129766674e-02
-2.381853924633059449e-02
-2.375129282916432771e-02
-2.368359705209899246e-02
-2.361545958819721847e-02
-2.354688814127747776e-02
-2.347789044592785146e-02
-2.340847426748915439e-02
-2.333864740206958999e-02
-2.326841767654075355e-02
-2.319779294852875040e-02
-2.312678110642973905e-02
-2.305539006939349989e-02
-2.298362778733586964e-02
-2.291150224093652099e-02
-2.283902144163052483e-02
-2.276619343162122888e-02
-2.269302628386604681e-02
-2.261952810209111320e-02
-2.254570702078284583e-02
-2.247157120518483708e-02
-2.239712885130851205e-02
-2.232238818591936180e-02
-2.224735746655204238e-02
-2.217204498150060488e-02
-2.209645904981716313e-02
-2.202060802132166373e-02
-2.194450027658767510e-02
-2.186814422695748661e-02
-2.179154831453367080e-02
-2.171472101217686301e-02
-2.163767082351419901e-02
-2.156040628292821282e-02
-2.148293595556927116e-02
-2.140526843734846807e-02
-2.132741235493407217e-02
-2.124937636576129663e-02
-2.117116915802208510e-02
-2.109279945067310535e-02
-2.101427599343486108e-02
-2.093560756678325419e-02
-2.085680298196201932e-02
-2.077787108097162161e-02
-2.069882073657636212e-02
-2.061966085230482193e-02
-2.054040036244142442e-02
-2.046104823203842571e-02
-2.038161345690303605e-02
-2.030210506360941025e-02
-2.022253210949376268e-02
-2.014290368264859410e-02
-2.006322890193379394e-02
-1.998351691696553800e-02
-1.990377690812605849e-02
-1.982401808655964714e-02
-1.974424969416643805e-02
-1.966448100361528617e-02
-1.958472131833088881e-02
-1.950497997250266735e-02
-1.942526633108299094e-02
-1.934558978978140331e-02
-1.926595977507394863e-02
-1.918638574419340159e-02
-1.910687718513814914e-02
-1.902744361666819373e-02
-1.894809458830115645e-02
-1.886883968032160297e-02
-1.878968850377082944e-02
-1.871065070045441203e-02
-1.863173594294131874e-02
-1.855295393455724806e-02
-1.847431440939528713e-02
-1.839582713230303312e-02
-1.831750189889636005e-02
-1.823934853555186919e-02
-1.816137689940333644e-02
-1.808359687835192631e-02
-1.800601839105331337e-02
-1.792865138693233718e-02
-1.785150584617323233e-02
-1.777459177971696391e-02
-1.769791922927410610e-02
-1.762149826730796676e-02
-1.754532032629674276e-02
-1.746930179457795163e-02
-1.739343575749296988e-02
-1.731772742278536725e-02
-1.724218191440973769e-02
-1.716680427254191343e-02
-1.709159945357319188e-02
-1.701657233010500647e-02
-1.694172769096313758e-02
-1.686707024118705434e-02
-1.679260460202858241e-02
-1.671833531096300618e-02
-1.664426682167352567e-02
-1.657040350406724372e-02
-1.649674964426495194e-02
-1.642330944460024256e-02
-1.635008702362972244e-02
-1.627708641611858020e-02
-1.620431157305479708e-02
-1.613176636164093125e-02
-1.605945456529234150e-02
-1.598737988364717921e-02
-1.591554593255217753e-02
-1.584395624407575198e-02
-1.577261426650311549e-02
-1.570152336433139340e-02
-1.563068681827939344e-02
-1.556010782527561531e-02
-1.548978949847068520e-02
-1.541973486723047237e-02
-1.534994687713386874e-02
-1.528042838998144859e-02
-1.521118218378325615e-02
-1.514221095277101803e-02
-1.507351730739281415e-02
-1.500510377430819275e-02
-1.493697279639993880e-02
-1.486912673275919694e-02
-1.480156785869968239e-02
-1.473429836575057550e-02
-1.466732036165363517e-02
-1.460063587037141453e-02
-1.453424683207904522e-02
-1.446815510316978859e-02
-1.440236245625570177e-02
-1.433687058015875593e-02
-1.427168107992460300e-02
-1.420679547680880894e-02
-1.414221520828617962e-02
-1.407794162805053872e-02
-1.401397600600562399e-02
-1.395031952827818778e-02
-1.388697329720556262e-02
-1.382393833134409888e-02
-1.376121556546894276e-02
-1.369880585056582056e-02
-1.363670995384236306e-02
-1.357492855871766935e-02
-1.351346226482985635e-02
-1.345231158803539273e-02
-1.339147696040177138e-02
-1.333095873021772348e-02
-1.327075716198411470e-02
-1.321087243642082854e-02
-1.315130465046521202e-02
-1.309205381726696871e-02
-1.303311986619637430e-02
-1.297450264283495081e-02
-1.291620190898501441e-02
-1.285821734266545668e-02
-1.280054853810641546e-02
-1.274319500576059916e-02
-1.268615617229107428e-02
-1.262943138058170156e-02
-1.257301988973269502e-02
-1.251692087505551498e-02
-1.246113342808463642e-02
-1.240565655656467037e-02
-1.235048918446102206e-02
-1.229563015195545006e-02
-1.224107821544051511e-02
-1.218683204753312488e-02
-1.213289023705854675e-02
-1.207925128906395251e-02
-1.202591362481286730e-02
-1.197287558177917433e-02
-1.192013541366110374e-02
-1.186769129036635562e-02
-1.181554129802231401e-02
-1.176368343897515878e-02
-1.171211563177942949e-02
-1.166083571121578899e-02
-1.160984142827281573e-02
-1.155913045015943830e-02
-1.150870036030360311e-02
-1.145854865834117220e-02
-1.140867276013479703e-02
-1.135906999775349036e-02
-1.130973761948883549e-02
-1.126067278984965725e-02
-1.121187258955447241e-02
-1.116333401554570059e-02
-1.111505398097523134e-02
-1.106702931521552635e-02
-1.101925676385717701e-02
-1.097173298870024460e-02
-1.092445456776847124e-02
-1.087741799529529096e-02
-1.083061968173515410e-02
-1.078405595375975246e-02
-1.073772305425046980e-02
-1.069161714231348093e-02
-1.064573429326243215e-02
-1.060007049863442852e-02
-1.055462166618204023e-02
-1.050938361986863967e-02
-1.046435209988150206e-02
-1.041952276261604027e-02
-1.037489118069090388e-02
-1.033045284293998556e-02
-1.028620315440842425e-02
-1.024213743636503970e-02
-1.019825092628634522e-02
-1.015453877787320103e-02
-1.011099606104082227e-02
-1.006761776191500424e-02
-1.002439878284699937e-02
-9.981333942395087533e-03
-9.938417975340785304e-03
-9.895645532681296430e-03
-9.853011181624404813e-03
-9.810509405601797184e-03
-9.768134604254408160e-03
-9.725881093444632697e-03
-9.683743105250774974e-03
-9.641714787962829547e-03
-9.599790206094249712e-03
-9.557963340367070515e-03
-9.516228087725231433e-03
-9.474578261328581164e-03
-9.433007590548436738e-03
-9.391509720978907794e-03
-9.350078214427348655e-03
-9.308706548915246515e-03
-9.267388118685104814e-03
-9.226116234190451237e-03
-9.184884122105607673e-03
-9.143684925320583190e-03
-9.102511702937965410e-03
-9.061357430282024339e-03
-9.020214998887610136e-03
-8.979077216510589210e-03
-8.937936807122737193e-03
-8.896786410907742138e-03
-8.855618584271751637e-03
-8.814425799830938324e-03
-8.773200446422935173e-03
-8.731934829100618245e-03
-8.690621169129886248e-03
-8.649251603997654136e-03
-8.607818187402416221e-03
-8.566312889262128749e-03
-8.524727595712322525e-03
-8.483054109099996687e-03
-8.441284147993832754e-03
-8.399409347173425466e-03
-8.357421257638719680e-03
-8.315311346606679699e-03
-8.273070997505516111e-03
-8.230691509985565979e-03
-8.188164099908190607e-03
-8.145479899354546305e-03
-8.102629956623252916e-03
-8.059605236224176572e-03
-8.016396618888976811e-03
-7.972994901560781500e-03
-7.929390797402069424e-03
-7.885574935792893925e-03
-7.841568174038027195e-03
-7.797398082567963407e-03
-7.753057413620645377e-03
-7.708538861366132089e-03
-7.663835119112838434e-03
-7.618938879300096723e-03
-7.573842833509258909e-03
-7.528539672452594367e-03
-7.483022085982393712e-03
-7.437282763088415294e-03
-7.391314391891556923e-03
-7.345109659654847079e-03
-7.298661252772231656e-03
-7.251961856777566773e-03
-7.205004156342287303e-03
-7.157780835268634512e-03
-7.110284576501424425e-03
-7.062508062116279461e-03
-7.014443973328621240e-03
-6.966084990491783202e-03
-6.917423793088683937e-03
-6.868453059746593148e-03
-6.819165468222809778e-03
-6.769553695413876859e-03
-6.719610417354915377e-03
-6.669328309210742489e-03
-6.618700045289860334e-03
-6.567718299031244378e-03
-6.516375743013114175e-03
-6.464665048952156212e-03
-6.412578887694753149e-03
-6.360109929231416714e-03
-6.307250842682132763e-03
-6.253994296307241463e-03
-6.200332957504772757e-03
-6.146259492802785829e-03
-6.091766567873135862e-03
-6.036846847517818304e-03
-5.981492995678627800e-03
-5.925697675435270817e-03
-5.869453548997372039e-03
-5.812753277718352152e-03
-5.755589522081883125e-03
-5.697954941711214083e-03
-5.639842195367839039e-03
-5.581243940942837156e-03
-5.522152835471916266e-03
-5.462561535118870548e-03
-5.402462695189957920e-03
-5.341848970127682783e-03
-5.280713013504967357e-03
-5.219047478038973953e-03
-5.156845015575117763e-03
-5.094098277101277716e-03
-5.030799912741634738e-03
-4.966942571750565527e-03
-4.902518902527019939e-03
-4.837521552597923158e-03
-4.771943168632886145e-03
-4.705776396437599818e-03
-4.639013880948061885e-03
-4.571648266244787706e-03
-4.503672195536434497e-03
-4.435078311174012189e-03
-4.365859254644999243e-03
-4.296007666567069894e-03
-4.225516186702082955e-03
-4.154377453940594211e-03
-4.082584106315068073e-03
-4.010128780994604014e-03
-3.937004114278441769e-03
-3.863202741610283208e-03
-3.788717297561972064e-03
-3.713540415847815801e-03
-3.637664729318479395e-03
-3.561082869954768082e-03
-3.483787468881893723e-03
-3.405771156353598617e-03
-3.327026561765533685e-03
-3.247546313650012673e-03
-3.167323039669545093e-03
-3.086349366630991575e-03
-3.004617920469521142e-03
-2.922121326262960839e-03
-2.838852208223996421e-03
-2.754803189697896393e-03
-2.669966893171171751e-03
-2.584335940265386489e-03
-2.497902951735242461e-03
-2.410660547476545235e-03
-2.322601346516239840e-03
-2.233717967022375017e-03
-2.144003026298163528e-03
-2.053449140779900484e-03
-1.962048926045095731e-03
-1.869794996802204290e-03
-1.776679966900923668e-03
-1.682696449326073762e-03
-1.587837056195570695e-03
-1.492094398768462060e-03
-1.395461087434907155e-03
-1.297929731726182867e-03
-1.199492940308730105e-03
-1.100143320982044370e-03
-9.998734806868081471e-04
-8.986760254947739890e-04
-7.965435606188536743e-04
-6.934686904070813673e-04
-5.894440183405666445e-04
-4.844621470416199394e-04
-3.785156782639687023e-04
-2.715972129009626423e-04
-1.636993509834434868e-04
-5.481469167372332238e-05
5.506416672387869429e-05
1.659446267752058557e-04
2.778340919041139001e-04
3.907399663985490490e-04
5.046696554149784908e-04
6.196305649662850468e-04
7.356301019378896910e-04
8.526756740716498473e-04
9.707746899738911583e-04
1.089934559119473678e-03
1.210162691839683502e-03
1.331466499338296305e-03
1.453853393675583194e-03
1.577330787776262677e-03
1.701906095433566857e-03
1.827586731297167755e-03
1.954380110889275546e-03
2.082293650588512568e-03
2.211334767637962440e-03
2.341510880149305640e-03
2.472829407090565423e-03
2.605297768302317074e-03
2.738923384481617429e-03
2.873713677189970728e-03
3.009676068857353171e-03
3.146817982770222510e-03
3.285146843087616286e-03
3.424670074824859300e-03
3.565395103861890291e-03
3.707329356947119958e-03
3.850480261685329531e-03
3.994855246553963291e-03
4.140461740886780539e-03
4.287307174882043492e-03
4.435398979606569592e-03
4.584744586983602321e-03
4.735351429808909440e-03
4.887226941734545971e-03
5.040378557277347404e-03
5.194813711822399149e-03
5.350539841611379188e-03
5.507564383758378757e-03
5.665894776234026153e-03
5.825538457873313813e-03
5.986502868379928177e-03
6.148795448313759682e-03
6.312423639107389572e-03
6.477394883049769625e-03
6.643716623294382284e-03
6.811396303862349288e-03
6.980441369634382553e-03
7.150859266359221866e-03
7.322657440644864124e-03
7.495843339963170759e-03
7.670424412653753521e-03
7.846408107915758823e-03
8.023801875816027884e-03
8.202613167281214146e-03
8.382849434101502517e-03
8.564518128934828223e-03
8.747626705298716665e-03
8.932182617578610095e-03
9.118193321019263387e-03
9.305666271729351458e-03
9.494608926685299544e-03
9.685028743723067546e-03
9.876933181546143636e-03
1.007032969971810576e-02
1.026522575866584130e-02
1.046162881968393243e-02
1.065954634492705111e-02
1.085898579741706449e-02
1.105995464103559645e-02
1.126246034052813538e-02
1.146651036150803105e-02
1.167211217044772376e-02
1.187927323468762619e-02
1.208800102242812979e-02
1.229830300273282440e-02
1.251018664553327220e-02
1.272365942162045904e-02
1.293872880265345415e-02
1.315540226115075040e-02
1.337368727049437211e-02
1.359359130493431600e-02
1.381512183957989137e-02
1.403828635040871298e-02
1.426309231425726409e-02
1.448954720882644764e-02
1.471765851268436176e-02
1.494743370525886128e-02
1.517888026684577341e-02
1.541200567860012693e-02
1.564681742254103725e-02
1.588332298155514799e-02
1.612152983938897055e-02
1.636144548065610049e-02
1.660307739083033418e-02
1.684643305624922149e-02
1.709151996411761854e-02
1.733834560250024914e-02
1.758691746032947645e-02
1.783724302739764234e-02
1.808932979436006505e-02
1.834318525274047929e-02
1.859881689492348666e-02
1.885623221415488882e-02
1.911543870455023608e-02
1.937644386108117178e-02
1.963925517959175249e-02
1.990388015678279388e-02
2.017032629021953127e-02
2.043860107833539441e-02
2.070871202042068315e-02
2.098066661663788857e-02
2.125447236800626083e-02
2.153013677640913670e-02
2.180766734459860245e-02
2.208707157618328143e-02
2.236835697564409919e-02
2.265153104831851838e-02
2.293660130040842127e-02
2.322360575864612642e-02
2.351259188551235724e-02
2.380356452430520964e-02
2.409652821912688925e-02
2.439148746380404020e-02
2.468844670189263013e-02
2.498741032666418338e-02
2.528838268112310050e-02
2.559136805799056003e-02
2.589637069971206795e-02
2.620339479846167663e-02
2.651244449613010534e-02
2.682352388434028345e-02
2.713663700443202931e-02
2.745178784746971079e-02
2.776898035424568700e-02
2.808821841526976115e-02
2.840950587078339140e-02
2.873284651074470286e-02
2.905824407483703631e-02
2.938570225247194578e-02
2.971522468277720819e-02
3.004681495461314356e-02
3.038047660655673887e-02
3.071621312690986372e-02
3.105402795370260094e-02
3.139392447468170033e-02
3.173590602732589971e-02
3.207997589883126999e-02
3.242613732611787647e-02
3.277439349583488593e-02
3.312474754434724389e-02
3.347720255775277209e-02
3.383176157186640332e-02
3.418842757222639861e-02
3.454720349410056457e-02
3.490809222247315269e-02
3.527109659205995840e-02
3.563621938729499838e-02
3.600346334233517354e-02
3.637283114106693027e-02
3.674432541709293787e-02
3.711794875374829772e-02
3.749370368408500021e-02
3.787159269087925217e-02
3.825161820663569578e-02
3.863378261357586219e-02
3.901808824365349260e-02
3.940453737853943927e-02
3.979313224962832685e-02
4.018387503804365934e-02
4.057676787462538570e-02
4.097181283994655310e-02
4.136901196429576544e-02
4.176836722768717536e-02
4.216988055986159445e-02
4.257355384028049805e-02
4.297938889813313068e-02
4.338738751232718016e-02
4.379755141149543896e-02
4.420988227399802462e-02
4.462438172791505231e-02
4.504105135105351820e-02
4.545989267094063813e-02
4.588090716482784437e-02
4.630409625969367227e-02
4.672946133223687681e-02
4.715700370888353810e-02
4.758672466577906768e-02
4.801862542879375972e-02
4.845270717352523349e-02
4.888897102528999561e-02
4.932741805913343214e-02
4.976804929982003856e-02
5.021086572183786068e-02
5.065586824940382371e-02
5.110305775645285209e-02
5.155243506664897168e-02
5.200400095337553985e-02
5.245775613973946427e-02
5.291370129857586591e-02
5.337183705243853105e-02
5.383216397361034744e-02
5.429468258409309023e-02
5.475939335561252896e-02
5.522629670962220239e-02
5.569539301729542480e-02
5.616668259953261355e-02
5.664016572695507179e-02
5.711584261990676481e-02
5.759371344845987117e-02
5.807377833240678910e-02
5.855603734126613169e-02
5.904049049427828599e-02
5.952713776040607918e-02
6.001597905833966351e-02
6.050701425649029908e-02
6.100024317299612697e-02
6.149566557571528591e-02
6.199328118222924289e-02
6.249308965984745612e-02
6.299509062559938144e-02
6.349928364624246591e-02
6.400566823825259988e-02
6.451424386783033427e-02
6.502500995090443325e-02
6.553796585312410272e-02
6.605311088986010049e-02
6.657044432621228580e-02
6.708996537699873919e-02
6.761167320676642056e-02
6.813556692978317564e-02
6.866164561003862410e-02
6.918990826125148708e-02
6.972035384685715265e-02
7.025298128002432918e-02
7.078778942363639359e-02
7.132477709030293767e-02
7.186394304236154440e-02
7.240528599186624170e-02
7.294880460060371163e-02
7.349449748007663707e-02
7.404236319151302759e-02
7.459240024586955009e-02
7.514460710381842823e-02
7.569898217576520594e-02
7.625552382183142797e-02
7.681423035186352166e-02
7.737510002543679377e-02
7.793813105184255186e-02
7.850332159010431354e-02
7.907066974896315159e-02
7.964017358688391113e-02
8.021183111206009464e-02
8.078564028240209360e-02
8.136159900555206548e-02
8.193970513886972284e-02
8.251995648943832862e-02
8.310235081407069124e-02
8.368688581929539794e-02
8.427355916137346803e-02
8.486236844628325393e-02
8.545331122972665838e-02
8.604638501713512966e-02
8.664158726365611685e-02
8.723891537416905706e-02
8.783836670327116458e-02
8.843993855528320402e-02
8.904362818425481940e-02
8.964943279395209963e-02
9.025734953787400983e-02
9.086737551923573797e-02
9.147950779097668850e-02
9.209374335576558934e-02
9.271007916598761334e-02
9.332851212375858907e-02
9.394903908091412070e-02
9.457165683901180842e-02
9.519636214933901996e-02
9.582315171289956801e-02
9.645202218042814302e-02
9.708297015237854488e-02
9.771599217892767975e-02
9.835108475998111111e-02
9.898824434516151349e-02
9.962746733382243924e-02
1.002687500750361060e-01
1.009120888675987260e-01
1.015574799600327260e-01
1.022049195505814190e-01
1.028544037872163308e-01
1.035059287676287632e-01
1.041594905392324577e-01
1.048150850991702576e-01
1.054727083943021171e-01
1.061323563212202004e-01
1.067940247262328946e-01
1.074577094053741355e-01
1.081234061044038519e-01
1.087911105188017480e-01
1.094608182937788499e-01
1.101325250242610743e-01
1.108062262549016630e-01
1.114819174800789625e-01
1.121595941438933153e-01
1.128392516401715007e-01
1.135208853124596295e-01
1.142044904540289174e-01
1.148900623078779049e-01
1.155775960667235758e-01
1.162670868730133478e-01
1.169585298189104172e-01
1.176519199463053056e-01
1.183472522468154153e-01
1.190445216617761481e-01
1.197437230822528953e-01
1.204448513490294914e-01
1.211479012526139876e-01
1.218528675332422040e-01
1.225597448808679601e-01
1.232685279351763974e-01
1.239792112855693240e-01
1.246917894711732089e-01
1.254062569808431782e-01
1.261226082531519133e-01
1.268408376764020851e-01
1.275609395886152519e-01
1.282829082775367446e-01
1.290067379806387748e-01
1.297324228851146621e-01
1.304599571278850512e-01
1.311893347955899181e-01
1.319205499245925672e-01
1.326535965009854046e-01
1.333884684605792792e-01
1.341251596889141418e-01
1.348636640212483861e-01
1.356039752425641787e-01
1.363460870875723430e-01
1.370899932407030342e-01
1.378356873361137325e-01
1.385831629576821378e-01
1.393324136390097223e-01
1.400834328634252834e-01
1.408362140639773941e-01
1.415907506234428404e-01
1.423470358743177400e-01
1.431050630988224270e-01
1.438648255289036726e-01
1.446263163462297996e-01
1.453895286821955679e-01
1.461544556179164012e-01
1.469210901842301631e-01
1.476894253617033748e-01
1.484594540806227769e-01
1.492311692210011032e-01
1.500045636125735271e-01
1.507796300347958862e-01
1.515563612168540075e-01
1.523347498376539377e-01
1.531147885258232755e-01
1.538964698597200531e-01
1.546797863674171936e-01
1.554647305267198298e-01
1.562512947651524264e-01
1.570394714599609998e-01
1.578292529381220000e-01
1.586206314763276559e-01
1.594135993010015184e-01
1.602081485882864698e-01
1.610042714640478323e-01
1.618019600038800299e-01
1.626012062330945973e-01
1.634020021267335032e-01
1.642043396095580476e-01
1.650082105560524148e-01
1.658136067904303346e-01
1.666205200866204272e-01
1.674289421682852996e-01
1.682388647088037814e-01
1.690502793312789187e-01
1.698631776085424150e-01
1.706775510631435289e-01
1.714933911673615086e-01
1.723106893431949338e-01
1.731294369623648244e-01
1.739496253463230779e-01
1.747712457662355945e-01
1.755942894430013723e-01
1.764187475472378530e-01
1.772446111992853623e-01
1.780718714692115512e-01
1.789005193768042901e-01
1.797305458915801069e-01
1.805619419327744168e-01
1.813946983693468518e-01
1.822288060199843684e-01
1.830642556530919229e-01
1.839010379868062373e-01
1.847391436889807004e-01
1.855785633771938059e-01
1.864192876187509285e-01
1.872613069306758860e-01
1.881046117797247064e-01
1.889491925823683083e-01
1.897950397048040472e-01
1.906421434629566036e-01
1.914904941224686574e-01
1.923400818987142102e-01
1.931908969567825984e-01
1.940429294114909275e-01
1.948961693273822959e-01
1.957506067187169130e-01
1.966062315494885304e-01
1.974630337334053465e-01
1.983210031339024404e-01
1.991801295641417724e-01
2.000404027870028578e-01
2.009018125150969780e-01
2.017643484107525254e-01
2.026280000860216646e-01
2.034927571026861060e-01
2.043586089722433385e-01
2.052255451559243937e-01
2.060935550646747494e-01
2.069626280591667644e-01
2.078327534498001228e-01
2.087039204966907313e-01
2.095761184096884833e-01
2.104493363483581625e-01
2.113235634219901016e-01
2.121987886896019582e-01
2.130750011599316096e-01
2.139521897914438142e-01
2.148303434923235500e-01
2.157094511204800114e-01
2.165895014835492738e-01
2.174704833388871883e-01
2.183523853935787074e-01
2.192351963044267826e-01
2.201189046779585823e-01
2.210034990704299318e-01
2.218889679878151000e-01
2.227752998858170130e-01
2.236624831698579285e-01
2.245505061950838765e-01
2.254393572663686562e-01
2.263290246383058424e-01
2.272194965152172230e-01
2.281107610511430295e-01
2.290028063498481536e-01
2.298956204648257007e-01
2.307891913992876631e-01
2.316835071061729145e-01
2.325785554881423245e-01
2.334743243975792026e-01
2.343708016365946278e-01
2.352679749570198986e-01
2.361658320604123062e-01
2.370643605980515822e-01
2.379635481709394540e-01
2.388633823298054182e-01
2.397638505751000793e-01
2.406649403569991463e-01
2.415666390754007686e-01
2.424689340799255355e-01
2.433718126699222495e-01
2.442752620944590447e-01
2.451792695523313803e-01
2.460838221920553792e-01
2.469889071118704926e-01
2.478945113597443850e-01
2.488006219333636082e-01
2.497072257801420392e-01
2.506143097972155509e-01
2.515218608314415683e-01
2.524298656794057294e-01
2.533383110874143362e-01
2.542471837514996835e-01
2.551564703174165061e-01
2.560661573806402025e-01
2.569762314863752728e-01
2.578866791295491012e-01
2.587974867548075153e-01
2.597086407565276645e-01
2.606201274788038091e-01
2.615319332154579790e-01
2.624440442100359761e-01
2.633564466558029338e-01
2.642691266957548635e-01
2.651820704226031111e-01
2.660952638787916769e-01
2.670086930564816718e-01
2.679223438975597560e-01
2.688362022936372497e-01
2.697502540860470255e-01
2.706644850658501689e-01
2.715788809738284293e-01
