-5.974638813205501719e-02
-5.974638850401969847e-02
-5.974639074282483975e-02
-5.974639531569359008e-02
-5.974640119310925535e-02
-5.974640617087167982e-02
-5.974640687197196876e-02
-5.974639874659071204e-02
-5.974637607210175894e-02
-5.974633195306933153e-02
-5.974625832124913494e-02
-5.974614593559013365e-02
-5.974598029820565870e-02
-5.974573689987572322e-02
-5.974539220089347680e-02
-5.974492304104805918e-02
-5.974430661734086989e-02
-5.974352048398290371e-02
-5.974254255239919154e-02
-5.974135109122413745e-02
-5.973992472630618167e-02
-5.973824244070535805e-02
-5.973628357469107364e-02
-5.973402782574765979e-02
-5.973145524856815491e-02
-5.972854625505941151e-02
-5.972528161434098593e-02
-5.972164245274003136e-02
-5.971761025380040167e-02
-5.971316685827376958e-02
-5.970829446412584396e-02
-5.970297562653437140e-02
-5.969719325788624964e-02
-5.969093062778330072e-02
-5.968417136303671988e-02
-5.967689944766996213e-02
-5.966909922292051860e-02
-5.966075538723347726e-02
-5.965185299627018267e-02
-5.964237746289891007e-02
-5.963231455720396923e-02
-5.962165040648037539e-02
-5.961037149523229495e-02
-5.959846466517970676e-02
-5.958591711525040857e-02
-5.957271640158645631e-02
-5.955885043754238772e-02
-5.954430749368055942e-02
-5.952907619778025072e-02
-5.951314553482744962e-02
-5.949650484702329045e-02
-5.947914383378138936e-02
-5.946105255172251525e-02
-5.944222141468480380e-02
-5.942264119371287734e-02
-5.940230301706739269e-02
-5.938119837021949010e-02
-5.935931909584990507e-02
-5.933665739385496352e-02
-5.931320582133814412e-02
-5.928895729261851599e-02
-5.926390507922651985e-02
-5.923804280990152549e-02
-5.921136447059827113e-02
-5.918386440447975794e-02
-5.915553731192324527e-02
-5.912637825051803020e-02
-5.909638263506256095e-02
-5.906554623756976596e-02
-5.903386518726216892e-02
-5.900133597057544144e-02
-5.896795543115751492e-02
-5.893372076986547192e-02
-5.889862954477198542e-02
-5.886267967115688116e-02
-5.882586942151557530e-02
-5.878819742555485561e-02
-5.874966267019021693e-02
-5.871026275033286446e-02
-5.866998628664266136e-02
-5.862883297954768480e-02
-5.858680488926704122e-02
-5.854390411123411297e-02
-5.850013277610277562e-02
-5.845549304973962634e-02
-5.840998713323064528e-02
-5.836361726287853102e-02
-5.831638571019959194e-02
-5.826829478193062961e-02
-5.821934682002138928e-02
-5.816954420164055506e-02
-5.811888933917419564e-02
-5.806738468022221156e-02
-5.801503270760255404e-02
-5.796183593935100298e-02
-5.790779692871717010e-02
-5.785291826417071626e-02
-5.779720256939402390e-02
-5.774065250328885845e-02
-5.768327075997392583e-02
-5.762506006878154174e-02
-5.756602319426473713e-02
-5.750616293618859842e-02
-5.744548212953870525e-02
-5.738398364451624545e-02
-5.732167038653668278e-02
-5.725854529623575218e-02
-5.719461134946257630e-02
-5.712987155728432853e-02
-5.706432896598645499e-02
-5.699798665706712342e-02
-5.693084774724499475e-02
-5.686291538845233973e-02
-5.679419276783947979e-02
-5.672468310777434297e-02
-5.665438966583935532e-02
-5.658331573483499355e-02
-5.651146464277734260e-02
-5.643883975289942789e-02
-5.636544446365254757e-02
-5.629128220870138755e-02
-5.621635645693068284e-02
-5.614067071243833418e-02
-5.606422851454140321e-02
-5.598703343777389208e-02
-5.590908909188341269e-02
-5.583039912183762610e-02
-5.575096720781824722e-02
-5.567079706522459759e-02
-5.558989244467382740e-02
-5.550825713199714073e-02
-5.542589494824468055e-02
-5.534280974968108779e-02
-5.525900542778949820e-02
-5.517448590926954388e-02
-5.508925515603535494e-02
-5.500331716522088854e-02
-5.491667596917304550e-02
-5.482933563545833167e-02
-5.474130026685930517e-02
-5.465257400137368826e-02
-5.456316101221792003e-02
-5.447306550782204937e-02
-5.438229173183550813e-02
-5.429084396312444660e-02
-5.419872651576884692e-02
-5.410594373906896237e-02
-5.401250001753732377e-02
-5.391839977090673308e-02
-5.382364745412648865e-02
-5.372824755735949864e-02
-5.363220460598849826e-02
-5.353552316061027661e-02
-5.343820781703989553e-02
-5.334026320630957940e-02
-5.324169399466560648e-02
-5.314250488357386004e-02
-5.304270060971383316e-02
-5.294228594498395779e-02
-5.284126569649938432e-02
-5.273964470658931702e-02
-5.263742785280300929e-02
-5.253462004790265816e-02
-5.243122623987006570e-02
-5.232725141190330831e-02
-5.222270058241473834e-02
-5.211757880503631313e-02
-5.201189116861359985e-02
-5.190564279721132657e-02
-5.179883885011049571e-02
-5.169148452180682973e-02
-5.158358504201543404e-02
-5.147514567566457977e-02
-5.136617172290192102e-02
-5.125666851909183031e-02
-5.114664143481340020e-02
-5.103609587586377394e-02
-5.092503728325548096e-02
-5.081347113321843523e-02
-5.070140293720037938e-02
-5.058883824186310996e-02
-5.047578262908736235e-02
-5.036224171596792587e-02
-5.024822115481875073e-02
-5.013372663317028355e-02
-5.001876387376635869e-02
-4.990333863457241392e-02
-4.978745670876549845e-02
-4.967112392474248850e-02
-4.955434614611720079e-02
-4.943712927171639571e-02
-4.931947923558843705e-02
-4.920140200699330002e-02
-4.908290359041145301e-02
-4.896399002553919466e-02
-4.884466738728687751e-02
-4.872494178578512525e-02
-4.860481936637794931e-02
-4.848430630962852206e-02
-4.836340883131562407e-02
-4.824213318243364412e-02
-4.812048564919590987e-02
-4.799847255302869264e-02
-4.787610025057875696e-02
-4.775337513370847553e-02
-4.763030362949471908e-02
-4.750689220023351922e-02
-4.738314734343518353e-02
-4.725907559182895845e-02
-4.713468351336014273e-02
-4.700997771118897717e-02
-4.688496482369419738e-02
-4.675965152446992512e-02
-4.663403406946686758e-02
-4.650806473351487558e-02
-4.638174084631430105e-02
-4.625506722847749774e-02
-4.612804864656405712e-02
-4.600068981307769977e-02
-4.587299538647260366e-02
-4.574496997114596564e-02
-4.561661811744510686e-02
-4.548794432166336499e-02
-4.535895302603998314e-02
-4.522964861876310749e-02
-4.510003543396479131e-02
-4.497011775172654602e-02
-4.483989979807712078e-02
-4.470938574498928286e-02
-4.457857971038670097e-02
-4.444748575813561864e-02
-4.431610789805229267e-02
-4.418445008589999556e-02
-4.405251622338601791e-02
-4.392031015816877382e-02
-4.378783568384891911e-02
-4.365509653997745598e-02
-4.352209641205206925e-02
-4.338883893151512794e-02
-4.325532767575901438e-02
-4.312156616811946286e-02
-4.298755787788177685e-02
-4.285330622027827552e-02
-4.271881455648607329e-02
-4.258408619363196479e-02
-4.244912438478654071e-02
-4.231393232896940582e-02
-4.217851317114784671e-02
-4.204287000223327908e-02
-4.190700585908679887e-02
-4.177092372451418623e-02
-4.163462652726945823e-02
-4.149811714205442481e-02
-4.136139838951491399e-02
-4.122447303624710013e-02
-4.108734379479106469e-02
-4.095001332363545909e-02
-4.081248422721650559e-02
-4.067475905591511065e-02
-4.053684030606141686e-02
-4.039873041993036207e-02
-4.026043178574545411e-02
-4.012194673767732755e-02
-3.998327755584130117e-02
-3.984442646630259599e-02
-3.970539564107011810e-02
-3.956618719810245377e-02
-3.942680320130453886e-02
-3.928724566052654854e-02
-3.914751653156811617e-02
-3.900761771617300422e-02
-3.886755106203376720e-02
-3.872731836279053041e-02
-3.858692135802810341e-02
-3.844636173328019879e-02
-3.830564112002565746e-02
-3.816476109569155728e-02
-3.802372318365265791e-02
-3.788252885322773711e-02
-3.774117951968580797e-02
-3.759967654424023475e-02
-3.745802123405239659e-02
-3.731621484223202057e-02
-3.717425856783196370e-02
-3.703215355585653956e-02
-3.688990089725308064e-02
-3.674750162891782246e-02
-3.660495673369501546e-02
-3.646226714037237304e-02
-3.631943372368828804e-02
-3.617645730432494933e-02
-3.603333864891355987e-02
-3.589007847003256035e-02
-3.574667742620429856e-02
-3.560313612190191268e-02
-3.545945510754189289e-02
-3.531563487949040958e-02
-3.517167588006009371e-02
-3.502757849750826047e-02
-3.488334306604257140e-02
-3.473896986581415103e-02
-3.459445912292336001e-02
-3.444981100941790775e-02
-3.430502564328952175e-02
-3.416010308848038690e-02
-3.401504335487637309e-02
-3.386984639831225330e-02
-3.372451212057059333e-02
-3.357904036937753300e-02
-3.343343093841000258e-02
-3.328768356728817324e-02
-3.314179794158167436e-02
-3.299577369280759509e-02
-3.284961039842659858e-02
-3.270330758185047149e-02
-3.255686471243368629e-02
-3.241028120548061775e-02
-3.226355642224298936e-02
-3.211668966991587659e-02
-3.196968020164570046e-02
-3.182252721652156779e-02
-3.167522985958282078e-02
-3.152778722181526216e-02
-3.138019834014871279e-02
-3.123246219746422803e-02
-3.108457772258554908e-02
-3.093654379028654144e-02
-3.078835922128753122e-02
-3.064002278225330667e-02
-3.049153318579933547e-02
-3.034288909048366012e-02
-3.019408910081478048e-02
-3.004513176724810108e-02
-2.989601558618260047e-02
-2.974673899996838067e-02
-2.959730039689822956e-02
-2.944769811121517034e-02
-2.929793042310913087e-02
-2.914799555871383507e-02
-2.899789169011379730e-02
-2.884761693533666183e-02
-2.869716935836008620e-02
-2.854654696910785550e-02
-2.839574772344910514e-02
-2.824476952320276180e-02
-2.809361021613099307e-02
-2.794226759594597986e-02
-2.779073940230625261e-02
-2.763902332081524804e-02
-2.748711698302597206e-02
-2.733501796643744708e-02
-2.718272379449437892e-02
-2.703023193659037648e-02
-2.687753980806351084e-02
-2.672464477020131124e-02
-2.657154413023754547e-02
-2.641823514135149820e-02
-2.626471500267119064e-02
-2.611098085926971679e-02
-2.595702980216879618e-02
-2.580285886833705300e-02
-2.564846504068796218e-02
-2.549384524808462338e-02
-2.533899636533448740e-02
-2.518391521319396364e-02
-2.502859855836608860e-02
-2.487304311349919361e-02
-2.471724553719090167e-02
-2.456120243398318692e-02
-2.440491035436681555e-02
-2.424836579477995802e-02
-2.409156519760513593e-02
-2.393450495117471766e-02
-2.377718138976525619e-02
-2.361959079360220759e-02
-2.346172938885809911e-02
-2.330359334765030876e-02
-2.314517878804567275e-02
-2.298648177405543391e-02
-2.282749831563940512e-02
-2.266822436870497004e-02
-2.250865583510408552e-02
-2.234878856263794455e-02
-2.218861834505259090e-02
-2.202814092204247176e-02
-2.186735197924949414e-02
-2.170624714826008272e-02
-2.154482200661028690e-02
-2.138307207778056274e-02
-2.122099283119999180e-02
-2.105857968224505994e-02
-2.089582799223682619e-02
-2.073273306844602981e-02
-2.056929016408759470e-02
-2.040549447832518126e-02
-2.024134115626996522e-02
-2.007682528897763996e-02
-1.991194191345324604e-02
-1.974668601264661927e-02
-1.958105251545594339e-02
-1.941503629672702846e-02
-1.924863217724992470e-02
-1.908183492376458457e-02
-1.891463924895525617e-02
-1.874703981145475762e-02
-1.857903121584364436e-02
-1.841060801264610136e-02
-1.824176469833727054e-02
-1.807249571533570132e-02
-1.790279545200873512e-02
-1.773265824267172830e-02
-1.756207836758333363e-02
-1.739105005295321638e-02
-1.721956747093467133e-02
-1.704762473962967428e-02
-1.687521592308799390e-02
-1.670233503130302832e-02
-1.652897602021896617e-02
-1.635513279172368106e-02
-1.618079919365383867e-02
-1.600596901979373099e-02
-1.583063600987139052e-02
-1.565479384956564024e-02
-1.547843617049887710e-02
-1.530155655024234562e-02
-1.512414851231497215e-02
-1.494620552617936804e-02
-1.476772100724899062e-02
-1.458868831688078793e-02
-1.440910076238069437e-02
-1.422895159700215961e-02
-1.404823401994240162e-02
-1.386694117634962309e-02
-1.368506615731490683e-02
-1.350260199987921017e-02
-1.331954168703050612e-02
-1.313587814770056372e-02
-1.295160425677219229e-02
-1.276671283507105348e-02
-1.258119664937276672e-02
-1.239504841239980060e-02
-1.220826078281861404e-02
-1.202082636524651194e-02
-1.183273771024387355e-02
-1.164398731432081391e-02
-1.145456761993443595e-02
-1.126447101548583296e-02
-1.107368983532688866e-02
-1.088221635975253343e-02
-1.069004281500748887e-02
-1.049716137328354781e-02
-1.030356415271624360e-02
-1.010924321739220533e-02
-9.914190577340858956e-03
-9.718398188541615967e-03
-9.521857952920737000e-03
-9.324561718348473027e-03
-9.126501278645976489e-03
-8.927668373577335448e-03
-8.728054688856456966e-03
-8.527670526448066779e-03
-8.326624383712344368e-03
-8.124926846973412609e-03
-7.922567946980985099e-03
-7.719537757268968292e-03
-7.515826394152297363e-03
-7.311424016724049624e-03
-7.106320826862397300e-03
-6.900507069222627798e-03
-6.693973031244276894e-03
-6.486709043147270703e-03
-6.278705477930746071e-03
-6.069952751377408195e-03
-5.860441322050422008e-03
-5.650161691292496235e-03
-5.439104403229796936e-03
-5.227260044766993130e-03
-5.014619245592322194e-03
-4.801172678174453479e-03
-4.586911057761572375e-03
-4.371825142385404872e-03
-4.155905732856138290e-03
-3.939143672767445037e-03
-3.721529848493568271e-03
-3.503055189188176988e-03
-3.283710666788515475e-03
-3.063487296010275474e-03
-2.842376134352654626e-03
-2.620368282095386636e-03
-2.397454882297672674e-03
-2.173627120802254509e-03
-1.948876226230321362e-03
-1.723193469986603055e-03
-1.496570166256348117e-03
-1.268997672004244792e-03
-1.040467386978553149e-03
-8.109707537061697918e-04
-5.804992574967582364e-04
-3.490444264416543013e-04
-1.165978314108609155e-04
1.168489139416568554e-04
3.513041531840706624e-04
5.867761871006238472e-04
8.232732736946826030e-04
1.060803628190901127e-03
1.299375423029245497e-03
1.538996787872930899e-03
1.779675809600533842e-03
2.021420532309869261e-03
2.264238957320113821e-03
2.508139043165706628e-03
2.753128705604360182e-03
2.999215817609132695e-03
3.246408209372331211e-03
3.494713668307627974e-03
3.744139939043947263e-03
3.994694723433479810e-03
4.246385680543793284e-03
4.499220426661690309e-03
4.753206535295304014e-03
5.008351537168082013e-03
5.264662920226675924e-03
5.522148129633142055e-03
5.780814567768799428e-03
6.040669594236242057e-03
6.301720525853399257e-03
6.563974636661487616e-03
6.827439157916975754e-03
7.092121278095678272e-03
7.358028142894726398e-03
7.625166855226503393e-03
7.893544475226693669e-03
8.163168020246303058e-03
8.434044464855613987e-03
8.706180740846239385e-03
8.979583737225085849e-03
9.254260300222305613e-03
9.530217233283372336e-03
9.807461297073050144e-03
1.008599920947753081e-02
1.036583764559811938e-02
1.064698323775944977e-02
1.092944257550160225e-02
1.121322220558376714e-02
1.149832863198649302e-02
1.178476831590577478e-02
1.207254767576065868e-02
1.236167308718566504e-02
1.265215088303447977e-02
1.294398735338192497e-02
1.323718874551940705e-02
1.353176126395946866e-02
1.382771107043137548e-02
1.412504428388344779e-02
1.442376698048489225e-02
1.472388519362163861e-02
1.502540491390066957e-02
1.532833208914588519e-02
1.563267262439996252e-02
1.593843238192660383e-02
1.624561718120626219e-02
1.655423279894041588e-02
1.686428496904743279e-02
1.717577938266448556e-02
1.748872168814977202e-02
1.780311749107824082e-02
1.811897235424592134e-02
1.843629179766551052e-02
1.875508129856878758e-02
1.907534629140844595e-02
1.939709216785390211e-02
1.972032427679559774e-02
2.004504792434080862e-02
2.037126837381580957e-02
2.069899084576770631e-02
2.102822051796060521e-02
2.135896252537916595e-02
2.169122196022532645e-02
2.202500387191980158e-02
2.236031326710419265e-02
2.269715510963687954e-02
2.303553432059740613e-02
2.337545577828203935e-02
2.371692431820598967e-02
2.405994473310524295e-02
2.440452177293284119e-02
2.475066014486265731e-02
2.509836451328545381e-02
2.544763949981093676e-02
2.579848968326975411e-02
2.615091959970933244e-02
2.650493374239798472e-02
2.686053656182102456e-02
2.721773246568265359e-02
2.757652581890790433e-02
2.793692094363869893e-02
2.829892211923795697e-02
2.866253358228554315e-02
2.902775952657993264e-02
2.939460410314076455e-02
2.976307142020451213e-02
3.013316554322847951e-02
3.050489049488691595e-02
3.087825025507301424e-02
3.125324876090085358e-02
3.162988990670212441e-02
3.200817754402623949e-02
3.238811548164438614e-02
3.276970748554308699e-02
3.315295727893191602e-02
3.353786854223594904e-02
3.392444491309948296e-02
3.431268998638836720e-02
3.470260731418334244e-02
3.509420040578870026e-02
3.548747272772384553e-02
3.588242770372773727e-02
3.627906871476038742e-02
3.667739909899736528e-02
3.707742215183723600e-02
3.747914112589417757e-02
3.788255923100131151e-02
3.828767963421336740e-02
3.869450545980024359e-02
3.910303978925505630e-02
3.951328566128642361e-02
3.992524607182207363e-02
4.033892397401117602e-02
4.075432227821806919e-02
4.117144385203053147e-02
4.159029152025139897e-02
4.201086806490311742e-02
4.243317622522918553e-02
4.285721869768854830e-02
4.328299813596331314e-02
4.371051715095108925e-02
4.413977831076854041e-02
4.457078414075377193e-02
4.500353712346016888e-02
4.543803969866461179e-02
4.587429426335865035e-02
4.631230317175388800e-02
4.675206873528264806e-02
4.719359322259297773e-02
4.763687885955608659e-02
4.808192782925835296e-02
4.852874227200559831e-02
4.897732428532464155e-02
4.942767592395813647e-02
4.987979919987151067e-02
5.033369608224591563e-02
5.078936849748150184e-02
5.124681832919986135e-02
5.170604741823769945e-02
5.216705756265538341e-02
5.262985051772817169e-02
5.309442799595076590e-02
5.356079166703953121e-02
5.402894315792550195e-02
5.449888405276337444e-02
5.497061589292295825e-02
5.544414017699372810e-02
5.591945836078615617e-02
5.639657185732604994e-02
5.687548203686243475e-02
5.735619022685978230e-02
5.783869771200178533e-02
5.832300573419346712e-02
5.880911549255529724e-02
5.929702814343085215e-02
5.978674480037871053e-02
6.027826653417756031e-02
6.077159437282653176e-02
6.126672930154064556e-02
6.176367226275791822e-02
6.226242415613170156e-02
6.276298583853490154e-02
6.326535812406086645e-02
6.376954178402038931e-02
6.427553754694437238e-02
6.478334609858160675e-02
6.529296808189899437e-02
6.580440409708487870e-02
6.631765470154382669e-02
6.683272040990206886e-02
6.734960169400228125e-02
6.786829898290613894e-02
6.838881266289631444e-02
6.891114307747214784e-02
6.943529052735386564e-02
6.996125527047913906e-02
7.048903752200386119e-02
7.101863745430525565e-02
7.155005519697710259e-02
7.208329083683440164e-02
7.261834441790870898e-02
7.315521594145091289e-02
7.369390536593256602e-02
7.423441260704188860e-02
7.477673753768865339e-02
7.532087998799852357e-02
7.586683974531727159e-02
7.641461655421044608e-02
7.696421011646115140e-02
7.751562009107337836e-02
7.806884609426778532e-02
7.862388769948391865e-02
7.918074443738232215e-02
7.973941579584054029e-02
8.029990121995678187e-02
8.086220011204625635e-02
8.142631183164328323e-02
8.199223569550284640e-02
8.255997097759670833e-02
8.312951690911762892e-02
8.370087267847559076e-02
8.427403743129902036e-02
8.484901027043778576e-02
8.542579025595775644e-02
8.600437640514646542e-02
8.658476769250822436e-02
8.716696304976601084e-02
8.775096136586413298e-02
8.833676148696301134e-02
8.892436221644473004e-02
8.951376231490781876e-02
9.010496050017002823e-02
9.069795544726999559e-02
9.129274578846369170e-02
9.188933011322497624e-02
9.248770696824948345e-02
9.308787485744862700e-02
9.368983224195515103e-02
9.429357754011991055e-02
9.489910912751120531e-02
9.550642533691933167e-02
9.611552445834936620e-02
9.672640473903004743e-02
9.733906438340544920e-02
9.795350155313875540e-02
9.856971436711470247e-02
9.918770090143291807e-02
9.980745918941658079e-02
1.004289872216044266e-01
1.010522829457538574e-01
1.016773442668442717e-01
1.023041690470698484e-01
1.029327551058480950e-01
1.035631002198120765e-01
1.041952021228140790e-01
1.048290585059277191e-01
1.054646670174417267e-01
1.061020252628684934e-01
1.067411308049349694e-01
1.073819811635883248e-01
1.080245738159962832e-01
1.086689061965424585e-01
1.093149756968333497e-01
1.099627796656909018e-01
1.106123154091563920e-01
1.112635801904920951e-01
1.119165712301761761e-01
1.125712857059095739e-01
1.132277207526087848e-01
1.138858734624093039e-01
1.145457408846685121e-01
1.152073200259585706e-01
1.158706078500749692e-01
1.165356012780287553e-01
1.172022971880499753e-01
1.178706924155903391e-01
1.185407837533165587e-01
1.192125679511186753e-01
1.198860417161021763e-01
1.205612017125916591e-01
1.212380445621332736e-01
1.219165668434881722e-01
1.225967650926410579e-01
1.232786358027917473e-01
1.239621754243593887e-01
1.246473803649845724e-01
1.253342469895232236e-01
1.260227716200537085e-01
1.267129505358712827e-01
1.274047799734890907e-01
1.280982561266423847e-01
1.287933751462813081e-01
1.294901331405794442e-01
1.301885261749257117e-01
1.308885502719281391e-01
1.315902014114163077e-01
1.322934755304351340e-01
1.329983685232523083e-01
1.337048762413513003e-01
1.344129944934346899e-01
1.351227190454269422e-01
1.358340456204667479e-01
1.365469698989170144e-01
1.372614875183553185e-01
1.379775940735787909e-01
1.386952851166062262e-01
1.394145561566710878e-01
1.401354026602303904e-01
1.408578200509567058e-01
1.415818037097414939e-01
1.423073489746969900e-01
1.430344511411533182e-01
1.437631054616600457e-01
1.444933071459850726e-01
1.452250513611139660e-01
1.459583332312542892e-01
1.466931478378294962e-01
1.474294902194848156e-01
1.481673553720814773e-01
1.489067382487004876e-01
1.496476337596435169e-01
1.503900367724282372e-01
1.511339421117945392e-01
1.518793445596984260e-01
1.526262388553152327e-01
1.533746196950407370e-01
1.541244817324878280e-01
1.548758195784905034e-01
1.556286278010992064e-01
1.563829009255837121e-01
1.571386334344346825e-01
1.578958197673590025e-01
1.586544543212855540e-01
1.594145314503587763e-01
1.601760454659435506e-01
1.609389906366240908e-01
1.617033611882028321e-01
1.624691513037024304e-01
1.632363551233626531e-01
1.640049667446419335e-01
1.647749802222195914e-01
1.655463895679922803e-01
1.663191650812836375e-01
1.670932117370573788e-01
1.678685230036751630e-01
1.686451019021097952e-01
1.694229513075167226e-01
1.702020739492375867e-01
1.709824724107975591e-01
1.717641491299048973e-01
1.725471063984558295e-01
1.733313463625281159e-01
1.741168710223861549e-01
1.749036822324776530e-01
1.756917817014334027e-01
1.764811709920728333e-01
1.772718515213953516e-01
1.780638245605887793e-01
1.788570912350226916e-01
1.796516525242515261e-01
1.804475092620163590e-01
1.812446621362402421e-01
1.820431116890330880e-01
1.828428583166872290e-01
1.836439022696794154e-01
1.844462436526734805e-01
1.852498824245161213e-01
1.860548183982371206e-01
1.868610512410542324e-01
1.876685804743660757e-01
1.884774054737590188e-01
1.892875254690020714e-01
1.900989395440479957e-01
1.909116466370370802e-01
1.917256455402902571e-01
1.925409349003173176e-01
1.933575132178093625e-01
1.941753788476416887e-01
1.949945299988775638e-01
1.958149647347602329e-01
1.966366809727224663e-01
1.974596764843774555e-01
1.982839488955236984e-01
1.991094956861467757e-01
1.999363141904126895e-01
2.007644015966769668e-01
2.015937549474753343e-01
2.024243711395288248e-01
2.032562469237457758e-01
2.040893789052147245e-01
2.049237635432135107e-01
2.057593971512012843e-01
2.065962758968213908e-01
2.074343958019040368e-01
2.082737527424616264e-01
2.091143424486938684e-01
2.099561605049826696e-01
2.107992023498939105e-01
2.116434632761812207e-01
2.124889384307784290e-01
2.133356228148088896e-01
2.141835112835763777e-01
2.150325985465699752e-01
2.158828791674654024e-01
2.167343475641199113e-01
2.175869980085785027e-01
2.184408246270683751e-01
2.192958214000009232e-01
2.201519821619746242e-01
2.210093006017690431e-01
2.218677702623523817e-01
2.227273845408741515e-01
2.235881366886680599e-01
2.244500198112560074e-01
2.253130268683392057e-01
2.261771506738095017e-01
2.270423838957380536e-01
2.279087190563822141e-01
2.287761485321853083e-01
2.296446645537726372e-01
2.305142592059572504e-01
2.313849244277341732e-01
2.322566520122824052e-01
2.331294336069689166e-01
2.340032607133404330e-01
2.348781246871336492e-01
2.357540167382656815e-01
2.366309279308382862e-01
2.375088491831409687e-01
2.383877712676438776e-01
2.392676848110049104e-01
2.401485802940648284e-01
2.410304480518481451e-01
2.419132782735662346e-01
2.427970610026120024e-01
2.436817861365672133e-01
2.445674434271936093e-01
2.454540224804391269e-01
2.463415127564378970e-01
2.472299035695055824e-01
2.481191840881453725e-01
2.490093433350430985e-01
2.499003701870685656e-01
2.507922533752784400e-01
2.516849814849115852e-01
2.525785429553939476e-01
2.534729260803332274e-01
2.543681190075224308e-01
2.552641097389405367e-01
2.561608861307491658e-01
2.570584358932967994e-01
2.579567465911141166e-01
2.588558056429164367e-01
2.597556003216052734e-01
2.606561177542654484e-01
2.615573449221670899e-01
2.624592686607643000e-01
2.633618756596947108e-01
2.642651524627830373e-01
2.651690854680357479e-01
2.660736609276466158e-01
2.669788649479920561e-01
2.678846834896317919e-01
2.687911023673139610e-01
2.696981072499669008e-01
2.706056836607075855e-01
2.715138169768345211e-01
2.724224924298308537e-01
2.733316951053665900e-01
2.742414099432934904e-01
2.751516217376503981e-01
2.760623151366590200e-01
2.769734746427245931e-01
2.778850846124401031e-01
2.787971292565798453e-01
2.797095926401056420e-01
2.806224586821610689e-01
2.815357111560750081e-01
2.824493336893618700e-01
2.833633097637195952e-01
2.842776227150320967e-01
2.851922557333661512e-01
2.861071918629725097e-01
2.870224140022890058e-01
2.879379049039354488e-01
2.888536471747191747e-01
2.897696232756288293e-01
2.906858155218381423e-01
2.916022060827077045e-01
2.925187769817809702e-01
2.934355100967844798e-01
2.943523871596329666e-01
2.952693897564215852e-01
2.961864993274336832e-01
2.971036971671350280e-01
2.980209644241753608e-01
2.989382821013917280e-01
2.998556310558013749e-01
3.007729919986119604e-01
3.016903454952097885e-01
3.026076719651686897e-01
3.035249516822473570e-01
3.044421647743866810e-01
3.053592912237157453e-01
3.062763108665451650e-01
