9.704840695221129465e+00
9.685821671527087062e+00
9.666802620239058896e+00
9.647783515586956682e+00
9.628764333747072968e+00
9.609745052378986685e+00
9.590725650622847098e+00
9.571706109099379134e+00
9.552686409909888710e+00
9.533666536636248523e+00
9.514646474340914040e+00
9.495626209566914611e+00
9.476605745156254201e+00
9.457585100444664050e+00
9.438564279982658789e+00
9.419543287576846780e+00
9.400522126409949664e+00
9.381500799040797034e+00
9.362479307404344198e+00
9.343457652811643754e+00
9.324435835949879348e+00
9.305413856882335466e+00
9.286391715048420537e+00
9.267369409263650937e+00
9.248346937719658101e+00
9.229324297984190295e+00
9.210301487001105514e+00
9.191278501090380360e+00
9.172255335948102939e+00
9.153231986646474638e+00
9.134208447633813677e+00
9.115184712734549777e+00
9.096160775149225941e+00
9.077136627454507334e+00
9.058112261603159965e+00
9.039087668924072005e+00
9.020062840122246683e+00
9.001037765278796954e+00
8.982012433850954380e+00
8.962986834672062031e+00
8.943960955951574476e+00
8.924934785275064897e+00
8.905908309604217976e+00
8.886881515276833454e+00
8.867854388006826127e+00
8.848826912884220519e+00
8.829799074375159762e+00
8.810770856321900268e+00
8.791742241942811731e+00
8.772713213832378898e+00
8.753683753961198022e+00
8.734653843675978635e+00
8.715623463699550655e+00
8.696592594130853726e+00
8.677561214444942550e+00
8.658529303492981555e+00
8.639496839502255554e+00
8.620463800076160865e+00
8.601430162194207085e+00
8.582395902212020644e+00
8.563360995861337699e+00
8.544325418250011239e+00
8.525289143862007535e+00
8.506252146557409688e+00
8.487214399572410528e+00
8.468175875519317941e+00
8.449136546386556645e+00
8.430096383538662863e+00
8.411055357716287872e+00
8.392013439036198008e+00
8.372970596991267556e+00
8.353926800450494738e+00
8.334882017658983955e+00
8.315836216412291648e+00
8.296789412435511935e+00
8.277741608735407652e+00
8.258692769518580334e+00
8.239642859379701534e+00
8.220591843301500390e+00
8.201539686654783168e+00
8.182486355198411943e+00
8.163431815079315257e+00
8.144376032832495227e+00
8.125318975381008002e+00
8.106260610035988634e+00
8.087200904496626208e+00
8.068139826850181606e+00
8.049077345571982178e+00
8.030013429525412860e+00
8.010948047961937490e+00
7.991881170521073052e+00
7.972812767230408326e+00
7.953742808505596784e+00
7.934671265150359254e+00
7.915598108356480367e+00
7.896523309703809446e+00
7.877446841160261393e+00
7.858368675081819354e+00
7.839288784212532057e+00
7.820207141684512031e+00
7.801123721017937385e+00
7.782038496121051807e+00
7.762951441290165455e+00
7.743862531209656730e+00
7.724771740951966059e+00
7.705679045977598562e+00
7.686584422135129380e+00
7.667487845661194790e+00
7.648389293180501980e+00
7.629288741705818389e+00
7.610186168637979698e+00
7.591081551765888946e+00
7.571974869266508534e+00
7.552866099704876213e+00
7.533755222034088206e+00
7.514642215595307206e+00
7.495527060117763263e+00
7.476409735718750227e+00
7.457290222903632859e+00
7.438168502565834395e+00
7.419044555986847200e+00
7.399918364836230111e+00
7.380789911171603990e+00
7.361659177438662383e+00
7.342526146471158199e+00
7.323390801490909929e+00
7.304253126107806082e+00
7.285113104319796307e+00
7.265970720512901160e+00
7.246825959461201450e+00
7.227678806326846228e+00
7.208529246660051015e+00
7.189377266399093358e+00
7.170222851870323488e+00
7.151065989788150112e+00
7.131906667255049292e+00
7.112744871761566223e+00
7.093580591186307238e+00
7.074413813795948691e+00
7.055244528245228963e+00
7.036072723576953791e+00
7.016898389221992716e+00
6.997721514999286185e+00
6.978542091115834900e+00
6.959360108166706027e+00
6.940175557135034090e+00
6.920988429392017416e+00
6.901798716696924352e+00
6.882606411197083496e+00
6.863411505427891690e+00
6.844213992312809580e+00
6.825013865163365168e+00
6.805811117679155586e+00
6.786605743947837333e+00
6.767397738445135147e+00
6.748187096034838461e+00
6.728973811968804064e+00
6.709757881886956099e+00
6.690539301817279849e+00
6.671318068175828842e+00
6.652094177766721295e+00
6.632867627782141895e+00
6.613638415802342685e+00
6.594406537826186465e+00
6.575171946228784314e+00
6.555934623349943813e+00
6.536694571948923560e+00
6.517451794812974875e+00
6.498206294757334689e+00
6.478958074625229990e+00
6.459707137287876044e+00
6.440453485644479059e+00
6.421197122622237963e+00
6.401938051176335520e+00
6.382676274289945439e+00
6.363411794974231483e+00
6.344144616268346581e+00
6.324874741239434606e+00
6.305602172982627707e+00
6.286326914621045425e+00
6.267048969305798245e+00
6.247768340215985816e+00
6.228485030558700508e+00
6.209199043569019416e+00
6.189910382510009690e+00
6.170619050672730310e+00
6.151325051376226760e+00
6.132028387967538130e+00
6.112729063821688236e+00
6.093427082341691836e+00
6.074122446958554633e+00
6.054815161131268830e+00
6.035505228346820239e+00
6.016192652120181172e+00
5.996877435994311334e+00
5.977559583540164923e+00
5.958239098356679087e+00
5.938915984070789911e+00
5.919590244337412877e+00
5.900261882839457073e+00
5.880930903287823419e+00
5.861597309421395785e+00
5.842261105007056088e+00
5.822922293839668306e+00
5.803580879742088250e+00
5.784236866565161783e+00
5.764890258187724825e+00
5.745541058516600685e+00
5.726189271486602728e+00
5.706834901060532594e+00
5.687477951229185535e+00
5.668118426011340638e+00
5.648756329453771485e+00
5.629391665631237274e+00
5.610024438646487255e+00
5.590654652630261623e+00
5.571282311741288851e+00
5.551907420166288354e+00
5.532529982119966050e+00
5.513150001845018799e+00
5.493767483612132629e+00
5.474382431719983622e+00
5.454994850495238801e+00
5.435604744292549917e+00
5.416212117494561440e+00
5.396816974511906118e+00
5.377419319783207641e+00
5.358019157775078867e+00
5.338616492982120043e+00
5.319211329926920584e+00
5.299803673160061734e+00
5.280393527260113018e+00
5.260980896833635789e+00
5.241565786515175240e+00
5.222148200967269283e+00
5.202728144880445882e+00
5.183305622973222171e+00
5.163880639992103561e+00
5.144453200711585517e+00
5.125023309934150895e+00
5.105590972490276158e+00
5.086156193238423384e+00
5.066718977065047369e+00
5.047279328884588523e+00
5.027837253639477311e+00
5.008392756300137805e+00
4.988945841864977915e+00
4.969496515360400046e+00
4.950044781840790442e+00
4.930590646388530729e+00
4.911134114113985483e+00
4.891675190155514663e+00
4.872213879679464732e+00
4.852750187880171318e+00
4.833284119979960103e+00
4.813815681229145049e+00
4.794344876906031061e+00
4.774871712316913985e+00
4.755396192796073507e+00
4.735918323705785582e+00
4.716438110436308229e+00
4.696955558405895736e+00
4.677470673060788009e+00
4.657983459875214116e+00
4.638493924351395847e+00
4.619002072019538829e+00
4.599507908437843184e+00
4.580011439192497313e+00
4.560512669897676119e+00
4.541011606195549000e+00
4.521508253756267415e+00
4.502002618277979984e+00
4.482494705486821829e+00
4.462984521136913685e+00
4.443472071010371671e+00
4.423957360917296633e+00
4.404440396695781246e+00
4.384921184211908241e+00
4.365399729359747738e+00
4.345876038061360802e+00
4.326350116266794998e+00
4.306821969954090612e+00
4.287291605129276206e+00
4.267759027826371288e+00
4.248224244107380976e+00
4.228687260062302222e+00
4.209148081809121145e+00
4.189606715493813027e+00
4.170063167290344097e+00
4.150517443400667972e+00
4.130969550054726547e+00
4.111419493510454437e+00
4.091867280053773648e+00
4.072312915998597127e+00
4.052756407686824325e+00
4.033197761488345634e+00
4.013636983801043279e+00
3.994074081050783764e+00
3.974509059691428536e+00
3.954941926204824210e+00
3.935372687100807454e+00
3.915801348917207214e+00
3.896227918219837605e+00
3.876652401602506792e+00
3.857074805687008112e+00
3.837495137123126732e+00
3.817913402588636540e+00
3.798329608789299261e+00
3.778743762458870226e+00
3.759155870359089047e+00
3.739565939279688944e+00
3.719973976038390084e+00
3.700379987480901356e+00
3.680783980480924811e+00
3.661185961940147227e+00
3.641585938788248100e+00
3.621983917982896095e+00
3.602379906509745489e+00
3.582773911382445942e+00
3.563165939642631397e+00
3.543555998359928516e+00
3.523944094631951796e+00
3.504330235584303121e+00
3.484714428370579764e+00
3.465096680172361499e+00
3.445476998199222152e+00
3.425855389688723385e+00
3.406231861906414693e+00
3.386606422145839179e+00
3.366979077728524228e+00
3.347349836003990831e+00
3.327718704349747370e+00
3.308085690171289617e+00
3.288450800902108284e+00
3.268814044003677921e+00
3.249175426965465796e+00
3.229534957304927900e+00
3.209892642567506726e+00
3.190248490326639708e+00
3.170602508183748558e+00
3.150954703768247267e+00
3.131305084737538103e+00
3.111653658777013387e+00
3.092000433600054610e+00
3.072345416948031538e+00
3.052688616590304882e+00
3.033030040324223631e+00
3.013369695975127271e+00
2.993707591396344458e+00
2.974043734469191236e+00
2.954378133102976367e+00
2.934710795234995118e+00
2.915041728830534140e+00
2.895370941882868809e+00
2.875698442413262335e+00
2.856024238470969756e+00
2.836348338133234392e+00
2.816670749505289173e+00
2.796991480720356638e+00
2.777310539939647160e+00
2.757627935352362503e+00
2.737943675175692260e+00
2.718257767654817414e+00
2.698570221062907226e+00
2.678881043701117903e+00
2.659190243898599704e+00
2.639497830012488944e+00
2.619803810427912438e+00
2.600108193557986169e+00
2.580410987843816617e+00
2.560712201754497652e+00
2.541011843787112756e+00
2.521309922466737241e+00
2.501606446346432922e+00
2.481901424007253443e+00
2.462194864058239396e+00
2.442486775136422317e+00
2.422777165906823349e+00
2.403066045062451916e+00
2.383353421324307941e+00
2.363639303441380068e+00
2.343923700190645221e+00
2.324206620377072596e+00
2.304488072833618340e+00
2.284768066421229538e+00
2.265046610028841112e+00
2.245323712573378039e+00
2.225599382999755349e+00
2.205873630280876352e+00
2.186146463417635744e+00
2.166417891438915166e+00
2.146687923401585874e+00
2.126956568390510949e+00
2.107223835518539534e+00
2.087489701278050447e+00
2.067754030211593541e+00
2.048016821207333304e+00
2.028278091455525178e+00
2.008537858111965946e+00
1.988796138298003946e+00
1.969052949100529526e+00
1.949308307571979926e+00
1.929562230730341055e+00
1.909814735559140830e+00
1.890065839007457615e+00
1.870315557989911559e+00
1.850563909386673034e+00
1.830810910043455975e+00
1.811056576771519433e+00
1.791300926347672240e+00
1.771543975514265457e+00
1.751785740979199701e+00
1.732026239415919155e+00
1.712265487463413782e+00
1.692503501726222881e+00
1.672740298774427758e+00
1.652975895143659724e+00
1.633210307335093647e+00
1.613443551815449739e+00
1.593675645016997544e+00
1.573906603337549504e+00
1.554136443140466950e+00
1.534365180754655444e+00
1.514592832474565665e+00
1.494819414560197846e+00
1.475044943237094675e+00
1.455269434696348174e+00
1.435492905094594152e+00
1.415715370554014196e+00
1.395936847162338568e+00
1.376157350972840865e+00
1.356376898004343357e+00
1.336595504241211430e+00
1.316813185633360472e+00
1.297029958096248103e+00
1.277245837510879056e+00
1.257460839723806512e+00
1.237674980547126102e+00
1.217888275758483907e+00
1.198100741101067790e+00
1.178312392283613397e+00
1.158523244980404154e+00
1.138733314831266386e+00
1.118942617441576415e+00
1.099151168382253019e+00
1.079358983189761645e+00
1.059566077366117076e+00
1.039772466378875437e+00
1.019978165661143965e+00
1.000183190611571682e+00
9.803875565943550585e-01
9.605912789392385687e-01
9.407943729415096934e-01
9.209968538620054712e-01
9.011987369271059478e-01
8.814000373287377288e-01
8.616007702243760891e-01
8.418009507370387556e-01
8.220005939552934571e-01
8.021997149332508181e-01
7.823983286905675794e-01
7.625964502124499278e-01
7.427940944496459474e-01
7.229912763184537239e-01
7.031880107007145719e-01
6.833843124438159222e-01
6.635801963606939857e-01
6.437756772298276475e-01
6.239707697952454613e-01
6.041654887665182105e-01
5.843598488187669027e-01
5.645538645926553301e-01
5.447475506943937340e-01
5.249409216957412472e-01
5.051339921339990102e-01
4.853267765120187205e-01
4.655192892981947494e-01
4.457115449264674734e-01
4.259035577963269370e-01
4.060953422728045270e-01
3.862869126864826308e-01
3.664782833334859213e-01
3.466694684754855205e-01
3.268604823397017745e-01
3.070513391188968155e-01
2.872420529713831661e-01
2.674326380210163556e-01
2.476231083571978353e-01
2.278134780348785304e-01
2.080037610745510135e-01
1.881939714622584414e-01
1.683841231495867008e-01
1.485742300536677940e-01
1.287643060571831977e-01
1.089543650083559523e-01
8.914442072095976610e-02
6.933448697430985574e-02
4.952457751327213331e-02
2.971470604825518502e-02
9.904886255213712909e-03
-9.904868224349189232e-03
-2.971454378338445057e-02
-4.952412684929904940e-02
-6.933360388395271023e-02
-8.914296138365915279e-02
-1.089521858791880904e-01
-1.287612639357566258e-01
-1.485701821530422961e-01
-1.683789271651743857e-01
-1.881874856407360352e-01
-2.079958442827665177e-01
-2.278039898287524123e-01
-2.476119090506407605e-01
-2.674195887548302952e-01
-2.872270157821736891e-01
-3.070341770079796362e-01
-3.268410593420043031e-01
-3.466476497284641800e-01
-3.664539351460275318e-01
-3.862599026078163966e-01
-4.060655391614091947e-01
-4.258708318888313471e-01
-4.456757679065689870e-01
-4.654803343655598002e-01
-4.852845184511953569e-01
-5.050883073833235537e-01
-5.248916884162393437e-01
-5.446946488386982255e-01
-5.644971759739074724e-01
-5.842992571795282419e-01
-6.041008798476777963e-01
-6.239020314049205096e-01
-6.437026993122816343e-01
-6.635028710652376427e-01
-6.833025341937193353e-01
-7.031016762621133953e-01
-7.229002848692539507e-01
-7.426983476484353419e-01
-7.624958522674039063e-01
-7.822927864283596433e-01
-8.020891378679589900e-01
-8.218848943573051624e-01
-8.416800437019624770e-01
-8.614745737419464700e-01
-8.812684723517266727e-01
-9.010617274402290544e-01
-9.208543269508264739e-01
-9.406462588613524467e-01
-9.604375111840921520e-01
-9.802280719657868735e-01
-1.000017929287625451e+00
-1.019807071265256715e+00
-1.039595486048781492e+00
-1.059383161822754493e+00
-1.079170086806186646e+00
-1.098956249252535988e+00
-1.118741637449721216e+00
-1.138526239720112354e+00
-1.158310044420533647e+00
-1.178093039942265552e+00
-1.197875214711035863e+00
-1.217656557187032362e+00
-1.237437055864894608e+00
-1.257216699273716598e+00
-1.276995475977048100e+00
-1.296773374572886217e+00
-1.316550383693688708e+00
-1.336326492006364219e+00
-1.356101688212276279e+00
-1.375875961047244411e+00
-1.395649299281535249e+00
-1.415421691719875419e+00
-1.435193127201443763e+00
-1.454963594599873122e+00
-1.474733082823252328e+00
-1.494501580814117547e+00
-1.514269077549464937e+00
-1.534035562040742873e+00
-1.553801023333853726e+00
-1.573565450509155639e+00
-1.593328832681454310e+00
-1.613091159000015873e+00
-1.632852418648557347e+00
-1.652612600845251301e+00
-1.672371694842724965e+00
-1.692129689928053793e+00
-1.711886575422773005e+00
-1.731642340682869818e+00
-1.751396975098785447e+00
-1.771150468095417541e+00
-1.790902809132110196e+00
-1.810653987702668610e+00
-1.830403993335349533e+00
-1.850152815592863265e+00
-1.869900444072377210e+00
-1.889646868405504998e+00
-1.909392078258321357e+00
-1.929136063331351902e+00
-1.948878813359577578e+00
-1.968620318112434431e+00
-1.988360567393805844e+00
-2.008099551042036079e+00
-2.027837258929920061e+00
-2.047573680964708487e+00
-2.067308807088106271e+00
-2.087042627276267215e+00
-2.106775131539804224e+00
-2.126506309923782645e+00
-2.146236152507724260e+00
-2.165964649405596631e+00
-2.185691790765830422e+00
-2.205417566771305182e+00
-2.225141967639355567e+00
-2.244864983621773558e+00
-2.264586605004796027e+00
-2.284306822109122503e+00
-2.304025625289902734e+00
-2.323743004936741130e+00
-2.343458951473698093e+00
-2.363173455359281139e+00
-2.382886507086458661e+00
-2.402598097182649717e+00
-2.422308216209728471e+00
-2.442016854764025080e+00
-2.461724003476315925e+00
-2.481429653011839154e+00
-2.501133794070284022e+00
-2.520836417385793116e+00
-2.540537513726966345e+00
-2.560237073896850291e+00
-2.579935088732951964e+00
-2.599631549107229933e+00
-2.619326445926096980e+00
-2.639019770130422327e+00
-2.658711512695521417e+00
-2.678401664631171464e+00
-2.698090216981599898e+00
-2.717777160825489702e+00
-2.737462487275978518e+00
-2.757146187480652433e+00
-2.776828252621557969e+00
-2.796508673915191423e+00
-2.816187442612505976e+00
-2.835864549998908135e+00
-2.855539987394254187e+00
-2.875213746152859073e+00
-2.894885817663490180e+00
-2.914556193349368218e+00
-2.934224864668170785e+00
-2.953891823112023030e+00
-2.973557060207509206e+00
-2.993220567515666453e+00
-3.012882336631985236e+00
-3.032542359186412462e+00
-3.052200626843342146e+00
-3.071857131301629185e+00
-3.091511864294579137e+00
-3.111164817589952225e+00
-3.130815982989965551e+00
-3.150465352331281998e+00
-3.170112917485025772e+00
-3.189758670356772630e+00
-3.209402602886551659e+00
-3.229044707048849716e+00
-3.248684974852598994e+00
-3.268323398341193453e+00
-3.287959969592478160e+00
-3.307594680718751956e+00
-3.327227523866770564e+00
-3.346858491217736375e+00
-3.366487574987313103e+00
-3.386114767425613792e+00
-3.405740060817208370e+00
-3.425363447481121426e+00
-3.444984919770824661e+00
-3.464604470074251097e+00
-3.484222090813784423e+00
-3.503837774446264763e+00
-3.523451513462980689e+00
-3.543063300389679426e+00
-3.562673127786561977e+00
-3.582280988248280451e+00
-3.601886874403945615e+00
-3.621490778917114461e+00
-3.641092694485804859e+00
-3.660692613842485788e+00
-3.680290529754080442e+00
-3.699886435021968456e+00
-3.719480322481975687e+00
-3.739072185004390203e+00
-3.758662015493950292e+00
-3.778249806889848461e+00
-3.797835552165734097e+00
-3.817419244329702810e+00
-3.837000876424311535e+00
-3.856580441526568759e+00
-3.876157932747936297e+00
-3.895733343234331958e+00
-3.915306666166122440e+00
-3.934877894758132655e+00
-3.954447022259642175e+00
-3.974014041954380794e+00
-3.993578947160536963e+00
-4.013141731230746245e+00
-4.032702387552102863e+00
-4.052260909546157031e+00
-4.071817290668906075e+00
-4.091371524410810423e+00
-4.110923604296773171e+00
-4.130473523886159626e+00
-4.150021276772786649e+00
-4.169566856584924430e+00
-4.189110256985300040e+00
-4.208651471671088551e+00
-4.228190494373923691e+00
-4.247727318859891632e+00
-4.267261938929532761e+00
-4.286794348417842571e+00
-4.306324541194265443e+00
-4.325852511162706193e+00
-4.345378252261519414e+00
-4.364901758463514803e+00
-4.384423023775958050e+00
-4.403942042240562849e+00
-4.423458807933503323e+00
-4.442973314965403375e+00
-4.462485557481342013e+00
-4.481995529660855127e+00
-4.501503225717925716e+00
-4.521008639900997217e+00
-4.540511766492962842e+00
-4.560012599811171796e+00
-4.579511134207428391e+00
-4.599007364067986714e+00
-4.618501283813557734e+00
-4.637992887899305749e+00
-4.657482170814850164e+00
-4.676969127084260158e+00
-4.696453751266063570e+00
-4.715936037953240678e+00
-4.735415981773224203e+00
-4.754893577387903747e+00
-4.774368819493617799e+00
-4.793841702821162620e+00
-4.813312222135789575e+00
-4.832780372237199806e+00
-4.852246147959552225e+00
-4.871709544171455519e+00
-4.891170555775976148e+00
-4.910629177710633009e+00
-4.930085404947397443e+00
-4.949539232492699448e+00
-4.968990655387415245e+00
-4.988439668706881491e+00
-5.007886267560887283e+00
-5.027330447093672383e+00
-5.046772202483936098e+00
-5.066211528944825737e+00
-5.085648421723945489e+00
-5.105082876103354650e+00
-5.124514887399563179e+00
-5.143944450963539694e+00
-5.163371562180699925e+00
-5.182796216470919148e+00
-5.202218409288525081e+00
-5.221638136122296991e+00
-5.241055392495473697e+00
-5.260470173965740237e+00
-5.279882476125241197e+00
-5.299292294600573605e+00
-5.318699625052786928e+00
-5.338104463177389292e+00
-5.357506804704334158e+00
-5.376906645398036311e+00
-5.396303981057362975e+00
-5.415698807515632929e+00
-5.435091120640622719e+00
-5.454480916334556007e+00
-5.473868190534116884e+00
-5.493252939210442776e+00
-5.512635158369120880e+00
-5.532014844050197944e+00
-5.551391992328166936e+00
-5.570766599311982148e+00
-5.590138661145048538e+00
-5.609508174005224390e+00
-5.628875134104825761e+00
-5.648239537690614931e+00
-5.667601381043815501e+00
-5.686960660480102625e+00
-5.706317372349603012e+00
-5.725671513036902915e+00
-5.745023078961034813e+00
-5.764372066575489839e+00
-5.783718472368214236e+00
-5.803062292861604021e+00
-5.822403524612513870e+00
-5.841742164212245569e+00
-5.861078208286562230e+00
-5.880411653495677626e+00
-5.899742496534257974e+00
-5.919070734131427258e+00
-5.938396363050757465e+00
-5.957719380090279238e+00
-5.977039782082477437e+00
-5.996357565894288477e+00
-6.015672728427102101e+00
-6.034985266616763155e+00
-6.054295177433571595e+00
-6.073602457882280703e+00
-6.092907105002097978e+00
-6.112209115866679809e+00
-6.131508487584143907e+00
-6.150805217297056871e+00
-6.170099302182443957e+00
-6.189390739451780199e+00
-6.208679526350992184e+00
-6.227965660160466932e+00
-6.247249138195041240e+00
-6.266529957804008788e+00
-6.285808116371114806e+00
-6.305083611314555192e+00
-6.324356440086986275e+00
-6.343626600175515939e+00
-6.362894089101704509e+00
-6.382158904421568302e+00
-6.401421043725572524e+00
-6.420680504638643704e+00
-6.439937284820157259e+00
-6.459191381963945489e+00
-6.478442793798293131e+00
-6.497691518085934703e+00
-6.516937552624066043e+00
-6.536180895244332767e+00
-6.555421543812835594e+00
-6.574659496230128575e+00
-6.593894750431218199e+00
-6.613127304385566951e+00
-6.632357156097091533e+00
-6.651584303604161086e+00
-6.670808744979601634e+00
-6.690030478330685426e+00
-6.709249501799146920e+00
-6.728465813561172126e+00
-6.747679411827399498e+00
-6.766890294842923481e+00
-6.786098460887287409e+00
-6.805303908274494162e+00
-6.824506635352999062e+00
-6.843706640505711647e+00
-6.862903922149993896e+00
-6.882098478737660230e+00
-6.901290308754982838e+00
-6.920479410722684577e+00
-6.939665783195946958e+00
-6.958849424764399494e+00
-6.978030334052127692e+00
-6.997208509717671276e+00
-7.016383950454025964e+00
-7.035556654988639025e+00
-7.054726622083411947e+00
-7.073893751775453431e+00
-7.093057944020302763e+00
-7.112219239531334836e+00
-7.131377679174560669e+00
-7.150533303502776938e+00
-7.169686152755585518e+00
-7.188836266859382818e+00
-7.207983685427360676e+00
-7.227128447759512575e+00
-7.246270592842618541e+00
-7.265410159350262909e+00
-7.284547185642827216e+00
-7.303681709767484875e+00
-7.322813769458213606e+00
-7.341943402135775010e+00
-7.361070644907739435e+00
-7.380195534568468219e+00
-7.399318107599121674e+00
-7.418438400167657321e+00
-7.437556448128823661e+00
-7.456672287024170842e+00
-7.475785952082045327e+00
-7.494897478217589892e+00
-7.514006900032746294e+00
-7.533114251816244611e+00
-7.552219567543621004e+00
-7.571322880877202621e+00
-7.590424225166115590e+00
-7.609523633446286794e+00
-7.628621138440427885e+00
-7.647716772558057485e+00
-7.666810567895488759e+00
-7.685902556235830296e+00
-7.704992769048989665e+00
-7.724081237491664531e+00
-7.743167992407355982e+00
-7.762253064326360530e+00
-7.781336483465769227e+00
-7.800418279729473880e+00
-7.819498482708154619e+00
-7.838577121679296766e+00
-7.857654225607178411e+00
-7.876729823142875730e+00
-7.895803942624262994e+00
-7.914876612076002793e+00
-7.933947859209564690e+00
-7.953017711423210123e+00
-7.972086195801997732e+00
-7.991153339117785137e+00
-8.010219167829220055e+00
-8.029283708081752735e+00
-8.048346985707627965e+00
-8.067409026225888624e+00
-8.086469854842377458e+00
-8.105529496449721094e+00
-8.124587975627356684e+00
-8.143645316641510590e+00
-8.162701543445210817e+00
-8.181756679678278132e+00
-8.200810748667329619e+00
-8.219863773425780451e+00
-8.238915776653843892e+00
-8.257966780738525969e+00
-8.277016807753636130e+00
-8.296065879459773029e+00
-8.315114017304331639e+00
-8.334161242421513904e+00
-8.353207575632305648e+00
-8.372253037444503221e+00
-8.391297648052681524e+00
-8.410341427338227760e+00
-8.429384394869318342e+00
-8.448426569900931327e+00
-8.467467971374833979e+00
-8.486508617919598763e+00
-8.505548527850585572e+00
-8.524587719169959499e+00
-8.543626209566678398e+00
-8.562664016416496438e+00
-8.581701156781965878e+00
-8.600737647412431741e+00
-8.619773504744044246e+00
-8.638808744899739267e+00
-8.657843383689259653e+00
-8.676877436609135685e+00
-8.695910918842699289e+00
-8.714943845260082256e+00
-8.733976230418207365e+00
-8.753008088560795485e+00
-8.772039433618363802e+00
-8.791070279208225813e+00
-8.810100638634496661e+00
-8.829130524888080700e+00
-8.848159950646685701e+00
-8.867188928274810422e+00
-8.886217469823751713e+00
-8.905245587031608068e+00
-8.924273291323267188e+00
-8.943300593810418420e+00
-8.962327505291545648e+00
-8.981354036251929074e+00
-9.000380196863646987e+00
-9.019405996985575769e+00
-9.038431446163384564e+00
-9.057456553629542384e+00
-9.076481328303309226e+00
-9.095505778790752061e+00
-9.114529913384725290e+00
-9.133553740064883186e+00
-9.152577266497678110e+00
-9.171600500036355186e+00
-9.190623447720961181e+00
-9.209646116278335626e+00
-9.228668512122117917e+00
-9.247690641352738439e+00
-9.266712509757430993e+00
-9.285734122810222146e+00
-9.304755485671936555e+00
-9.323776603190195189e+00
-9.342797479899415336e+00
-9.361818120020808820e+00
-9.380838527462389109e+00
-9.399858705818962434e+00
-9.418878658372134893e+00
-9.437898388090303570e+00
-9.456917897628665415e+00
-9.475937189329219024e+00
-9.494956265220752201e+00
-9.513975127018852618e+00
-9.532993776125904262e+00
-9.552012213631085658e+00
-9.571030440310378751e+00
-9.590048456626551143e+00
-9.609066262729179186e+00
-9.628083858454626665e+00
-9.647101243326057229e+00
-9.666118416553434400e+00
-9.685135377033510906e+00
-9.704152123349844672e+00
