-5.522333276358537546e-03
-5.522333132654821952e-03
-5.522332138673036184e-03
-5.522329490330157853e-03
-5.522324432904568425e-03
-5.522316250236691815e-03
-5.522304264659716466e-03
-5.522287836988049037e-03
-5.522266366541295213e-03
-5.522239291117614357e-03
-5.522206087015035791e-03
-5.522166269023465190e-03
-5.522120491495030592e-03
-5.522070018115776691e-03
-5.522014671013764087e-03
-5.521954254105843063e-03
-5.521888563253085636e-03
-5.521817386256344662e-03
-5.521740502878458301e-03
-5.521657684814940126e-03
-5.521568695716183583e-03
-5.521473291183021104e-03
-5.521371218750736887e-03
-5.521262217918376791e-03
-5.521146020118550268e-03
-5.521022348737858465e-03
-5.520890919113341511e-03
-5.520751438517379484e-03
-5.520603606185225942e-03
-5.520447113284809859e-03
-5.520281642940716438e-03
-5.520106870224417150e-03
-5.519922462147164310e-03
-5.519728077678642819e-03
-5.519523367724765706e-03
-5.519307975145437695e-03
-5.519081534749226137e-03
-5.518843673282702866e-03
-5.518594009453536842e-03
-5.518332153902072434e-03
-5.518057709226198426e-03
-5.517770269970689867e-03
-5.517469422617438113e-03
-5.517154745611208000e-03
-5.516825809329439778e-03
-5.516482176106229929e-03
-5.516123400221673023e-03
-5.515749027895644474e-03
-5.515358597308228639e-03
-5.514951638573073467e-03
-5.514527673760483140e-03
-5.514086216888536285e-03
-5.513626773912427836e-03
-5.513148842748449852e-03
-5.512651913248234337e-03
-5.512135467216516815e-03
-5.511598978408471794e-03
-5.511041912515501906e-03
-5.510463727190995087e-03
-5.509863872021014686e-03
-5.509241788550056640e-03
-5.508596910266838620e-03
-5.507928662601635494e-03
-5.507236462941378363e-03
-5.506519720611890989e-03
-5.505777836890324295e-03
-5.505010205005156365e-03
-5.504216210120205233e-03
-5.503395229361274232e-03
-5.502546631788618470e-03
-5.501669778417372925e-03
-5.500764022210447024e-03
-5.499828708070531036e-03
-5.498863172858747816e-03
-5.497866745371560171e-03
-5.496838746361198957e-03
-5.495778488525893124e-03
-5.494685276505428817e-03
-5.493558406897136592e-03
-5.492397168233686955e-03
-5.491200841003518462e-03
-5.489968697642844120e-03
-5.488700002526769595e-03
-5.487394011987944964e-03
-5.486049974297024789e-03
-5.484667129678655328e-03
-5.483244710305257286e-03
-5.481781940286367671e-03
-5.480278035695285155e-03
-5.478732204535319283e-03
-5.477143646769988550e-03
-5.475511554306145001e-03
-5.473835110992197883e-03
-5.472113492632324494e-03
-5.470345866974923865e-03
-5.468531393712616762e-03
-5.466669224491127466e-03
-5.464758502896849279e-03
-5.462798364467502665e-03
-5.460787936690358890e-03
-5.458726338992914151e-03
-5.456612682758432697e-03
-5.454446071308183264e-03
-5.452225599917426280e-03
-5.449950355809640712e-03
-5.447619418148974546e-03
-5.445231858054455643e-03
-5.442786738584448614e-03
-5.440283114749977500e-03
-5.437720033511617146e-03
-5.435096533769279148e-03
-5.432411646121515503e-03
-5.429662384980549206e-03
-5.426846333584922633e-03
-5.423963235406503713e-03
-5.421012838068506312e-03
-5.417994893360145170e-03
-5.414909157221092784e-03
-5.411755389754802081e-03
-5.408533355224953709e-03
-5.405242822047018336e-03
-5.401883562802023420e-03
-5.398455354221454172e-03
-5.394957977200576238e-03
-5.391391216795771157e-03
-5.387754862214322316e-03
-5.384048706828181707e-03
-5.380272548161979529e-03
-5.376426187902794140e-03
-5.372509431898375709e-03
-5.368522090148264425e-03
-5.364463976816669089e-03
-5.360334910220032612e-03
-5.356134712837246070e-03
-5.351863211308316437e-03
-5.347520236424152529e-03
-5.343105623141664040e-03
-5.338619210569106599e-03
-5.334060841976739908e-03
-5.329430364797271835e-03
-5.324727630613423912e-03
-5.319952495174362639e-03
-5.315104818378380003e-03
-5.310184464290657047e-03
-5.305191301133937998e-03
-5.300125201283201193e-03
-5.294986041279869937e-03
-5.289773701814937112e-03
-5.284488067744064210e-03
-5.279129028082696351e-03
-5.273696475998068678e-03
-5.268190308822973122e-03
-5.262610428040659372e-03
-5.256956739299045722e-03
-5.251229152404945921e-03
-5.245427581318296006e-03
-5.239551944163700625e-03
-5.233602163215334002e-03
-5.227578164914259418e-03
-5.221479879859103335e-03
-5.215307242801170418e-03
-5.209060192657322119e-03
-5.202738672494433558e-03
-5.196342629544492553e-03
-5.189872015198382371e-03
-5.183326784999664483e-03
-5.176706898657457145e-03
-5.170012320029560016e-03
-5.163243017140661806e-03
-5.156398962173902589e-03
-5.149480131464212462e-03
-5.142486505512522399e-03
-5.135418068969332950e-03
-5.128274810651145543e-03
-5.121056723532468880e-03
-5.113763804740933949e-03
-5.106396055568840353e-03
-5.098953481458945447e-03
-5.091436092019563375e-03
-5.083843901017903733e-03
-5.076176926372522047e-03
-5.068435190167974724e-03
-5.060618718639720015e-03
-5.052727542186996601e-03
-5.044761695370159060e-03
-5.036721216897799280e-03
-5.028606149648506829e-03
-5.020416540648664494e-03
-5.012152441090211852e-03
-5.003813906324872107e-03
-4.995400995852605774e-03
-4.986913773345591494e-03
-4.978352306620692502e-03
-4.969716667662549270e-03
-4.961006932614697718e-03
-4.952223181769355165e-03
-4.943365499590068879e-03
-4.934433974686402991e-03
-4.925428699833922508e-03
-4.916349771969308335e-03
-4.907197292176146419e-03
-4.897971365709796743e-03
-4.888672101972524331e-03
-4.879299614531262819e-03
-4.869854021114061737e-03
-4.860335443598540195e-03
-4.850744008029650445e-03
-4.841079844602358406e-03
-4.831343087676298609e-03
-4.821533875771777389e-03
-4.811652351556450213e-03
-4.801698661869302498e-03
-4.791672957696224699e-03
-4.781575394189108152e-03
-4.771406130660071909e-03
-4.761165330569028242e-03
-4.750853161544110748e-03
-4.740469795370572115e-03
-4.730015407985010967e-03
-4.719490179494023607e-03
-4.708894294149779114e-03
-4.698227940371779709e-03
-4.687491310737978978e-03
-4.676684601976344169e-03
-4.665808014985284302e-03
-4.654861754809669350e-03
-4.643846030660370161e-03
-4.632761055907153036e-03
-4.621607048071130208e-03
-4.610384228841635235e-03
-4.599092824055350803e-03
-4.587733063716292747e-03
-4.576305181984707815e-03
-4.564809417174853223e-03
-4.553246011766987067e-03
-4.541615212390937018e-03
-4.529917269841643446e-03
-4.518152439072498083e-03
-4.506320979188238596e-03
-4.494423153462712150e-03
-4.482459229316226867e-03
-4.470429478336424012e-03
-4.458334176268508031e-03
-4.446173603009473396e-03
-4.433948042624979990e-03
-4.421657783327148650e-03
-4.409303117495877444e-03
-4.396884341668627627e-03
-4.384401756533762295e-03
-4.371855666947865870e-03
-4.359246381917092350e-03
-4.346574214612708431e-03
-4.333839482363099904e-03
-4.321042506649774850e-03
-4.308183613121574496e-03
-4.295263131575133286e-03
-4.282281395974862903e-03
-4.269238744440517763e-03
-4.256135519246306842e-03
-4.242972066831995903e-03
-4.229748737787364377e-03
-4.216465886867304391e-03
-4.203123872985159437e-03
-4.189723059206063027e-03
-4.176263812762037730e-03
-4.162746505034675693e-03
-4.149171511571569937e-03
-4.135539212077432580e-03
-4.121849990409209852e-03
-4.108104234591181125e-03
-4.094302336797195352e-03
-4.080444693365770092e-03
-4.066531704794762447e-03
-4.052563775732487272e-03
-4.038541314995036657e-03
-4.024464735548960448e-03
-4.010334454524144832e-03
-3.996150893210703714e-03
-3.981914477048320578e-03
-3.967625635645788407e-03
-3.953284802761469763e-03
-3.938892416317063550e-03
-3.924448918394940478e-03
-3.909954755226152656e-03
-3.895410377212193964e-03
-3.880816238902795590e-03
-3.866172799011913241e-03
-3.851480520414174435e-03
-3.836739870131999908e-03
-3.821951319359140342e-03
-3.807115343437139643e-03
-3.792232421872654413e-03
-3.777303038330792617e-03
-3.762327680627564064e-03
-3.747305941216083625e-03
-3.732236062588434322e-03
-3.717118221400639300e-03
-3.701952682652720483e-03
-3.686739711055153634e-03
-3.671479571046631918e-03
-3.656172526774525977e-03
-3.640818842110205011e-03
-3.625418780644595884e-03
-3.609972605677302937e-03
-3.594480580237924272e-03
-3.578942967062515024e-03
-3.563360028612905239e-03
-3.547732027070038541e-03
-3.532059224323091939e-03
-3.516341881991902341e-03
-3.500580261401653459e-03
-3.484774623604858235e-03
-3.468925229371810914e-03
-3.453032339181927313e-03
-3.437096213244617005e-03
-3.421117111475080463e-03
-3.405095293515847388e-03
-3.389031018726562650e-03
-3.372924546176880867e-03
-3.356776134666228373e-03
-3.340586042699600355e-03
-3.324354528509099183e-03
-3.308081850044608530e-03
-3.291768264965577728e-03
-3.275414030661005782e-03
-3.259019404226126682e-03
-3.242584642482615465e-03
-3.226110001970594610e-03
-3.209595738939086118e-03
-3.193042109366883707e-03
-3.176449368939460172e-03
-3.159817773068063218e-03
-3.143147576882832084e-03
-3.126439035222583485e-03
-3.109692402656127896e-03
-3.092907933458510783e-03
-3.076085881631218655e-03
-3.059226500893741374e-03
-3.042330044675356504e-03
-3.025396766134447191e-03
-3.008426918136075656e-03
-2.991420753271745170e-03
-2.974378523850074174e-03
-2.957300481890801080e-03
-2.940186879142103749e-03
-2.923037967058839115e-03
-2.905853996822749252e-03
-2.888635219331803228e-03
-2.871381885195978256e-03
-2.854094244751026466e-03
-2.836772548048038800e-03
-2.819417044852334797e-03
-2.802027984653676640e-03
-2.784605616652058302e-03
-2.767150189773248670e-03
-2.749661952658133401e-03
-2.732141153661826749e-03
-2.714588040864107654e-03
-2.697002862054542760e-03
-2.679385864749139756e-03
-2.661737296178356971e-03
-2.644057403287103369e-03
-2.626346432745396697e-03
-2.608604630932376267e-03
-2.590832243954066527e-03
-2.573029517630942564e-03
-2.555196697497486014e-03
-2.537334028813731379e-03
-2.519441756549722911e-03
-2.501520125398393191e-03
-2.483569379772898600e-03
-2.465589763796849354e-03
-2.447581521319852627e-03
-2.429544895901969426e-03
-2.411480130826149093e-03
-2.393387469095120679e-03
-2.375267153422733202e-03
-2.357119426248166505e-03
-2.338944529721276311e-03
-2.320742705715250764e-03
-2.302514195822391585e-03
-2.284259241346342506e-03
-2.265978083316522174e-03
-2.247670962472581024e-03
-2.229338119277279873e-03
-2.210979793913159241e-03
-2.192596226273657578e-03
-2.174187655977766198e-03
-2.155754322355152297e-03
-2.137296464458815493e-03
-2.118814321060646932e-03
-2.100308130643879778e-03
-2.081778131417966193e-03
-2.063224561302146043e-03
-2.044647657939213659e-03
-2.026047658691076947e-03
-2.007424800630763784e-03
-1.988779320557743091e-03
-1.970111454980827403e-03
-1.951421440132605767e-03
-1.932709511965335913e-03
-1.913975906141951455e-03
-1.895220858050938872e-03
-1.876444602791904614e-03
-1.857647375187121419e-03
-1.838829409778863777e-03
-1.819990940818527747e-03
-1.801132202286170880e-03
-1.782253427870750251e-03
-1.763354850984333311e-03
-1.744436704759100287e-03
-1.725499222036241953e-03
-1.706542635385832618e-03
-1.687567177086513048e-03
-1.668573079140256432e-03
-1.649560573269259756e-03
-1.630529890904619528e-03
-1.611481263205871706e-03
-1.592414921042117903e-03
-1.573331095004792957e-03
-1.554230015406110610e-03
-1.535111912266851064e-03
-1.515977015336900102e-03
-1.496825554074598941e-03
-1.477657757661732241e-03
-1.458473855000197439e-03
-1.439274074700791495e-03
-1.420058645102861838e-03
-1.400827794255210534e-03
-1.381581749929083891e-03
-1.362320739616285081e-03
-1.343044990517516801e-03
-1.323754729562809374e-03
-1.304450183388761175e-03
-1.285131578358522653e-03
-1.265799140552914537e-03
-1.246453095762767305e-03
-1.227093669507794971e-03
-1.207721087014501649e-03
-1.188335573235832499e-03
-1.168937352842847055e-03
-1.149526650215837442e-03
-1.130103689464423411e-03
-1.110668694405347878e-03
-1.091221888581017652e-03
-1.071763495252509024e-03
-1.052293737390019857e-03
-1.032812837693186658e-03
-1.013321018568213994e-03
-9.938185021478584957e-04
-9.743055102826581049e-04
-9.547822645329939739e-04
-9.352489861881307931e-04
-9.157058962442898853e-04
-8.961532154240225978e-04
-8.765911641678836297e-04
-8.570199626259378256e-04
-8.374398306774111234e-04
-8.178509879084860934e-04
-7.982536536314532860e-04
-7.786480468767176255e-04
-7.590343863843052041e-04
-7.394128906233476961e-04
-7.197837777697113637e-04
-7.001472657257590271e-04
-6.805035721117458358e-04
-6.608529142574925963e-04
-6.411955092219812080e-04
-6.215315737710391808e-04
-6.018613243974346716e-04
-5.821849773094966984e-04
-5.625027484287836721e-04
-5.428148534012966486e-04
-5.231215075893747013e-04
-5.034229260689748742e-04
-4.837193236406356345e-04
-4.640109148156268404e-04
-4.442979138298830399e-04
-4.245805346356767984e-04
-4.048589908987598740e-04
-3.851334960095764703e-04
-3.654042630692744265e-04
-3.456715049036662712e-04
-3.259354340548747953e-04
-3.061962627785297375e-04
-2.864542030549255269e-04
-2.667094665751157390e-04
-2.469622647547631278e-04
-2.272128087258684648e-04
-2.074613093339533476e-04
-1.877079771491763083e-04
-1.679530224524272697e-04
-1.481966552492886002e-04
-1.284390852616112966e-04
-1.086805219247810594e-04
-8.892117439882746277e-05
-6.916125155510127742e-05
-4.940096198735241528e-05
-2.964051400897865785e-05
-9.880115644693779342e-06
9.880025355049094904e-06
2.963970153069955815e-05
4.939870569696525049e-05
6.915683095112812317e-05
8.891387067917061460e-05
1.086696185390867431e-04
1.284238684831351396e-04
1.481764147355790762e-04
1.679270518038372684e-04
1.876755744840280515e-04
2.074217778442605242e-04
2.271654572469222755e-04
2.469064083264194132e-04
2.666444270002787942e-04
2.863793094747546508e-04
3.061108522280919786e-04
3.258388520328003857e-04
3.455631059334218769e-04
3.652834112576053283e-04
3.849995656217131135e-04
4.047113669141677583e-04
4.244186133175453790e-04
4.441211032865377550e-04
4.638186355589435372e-04
4.835110091612471184e-04
5.031980233919930434e-04
5.228794778438516921e-04
5.425551723817201299e-04
5.622249071534635156e-04
5.818884825957715279e-04
6.015456994171719529e-04
6.211963586205682120e-04
6.408402614809793896e-04
6.604772095564204193e-04
6.801070046935642210e-04
6.997294490112548893e-04
7.193443449224901087e-04
7.389514951122722053e-04
7.585507025488769095e-04
7.781417704890714049e-04
7.977245024618495606e-04
8.172987022903033250e-04
8.368641740695847986e-04
8.564207221780639756e-04
8.759681512827133254e-04
8.955062663225654696e-04
9.150348725308621312e-04
9.345537754129606967e-04
9.540627807572699126e-04
9.735616946398018001e-04
9.930503234130139134e-04
1.012528473717022592e-03
1.031995952468389710e-03
1.051452566865673788e-03
1.070898124394870088e-03
1.090332432818863495e-03
1.109755300187642568e-03
1.129166534827863444e-03
1.148565945348400952e-03
1.167953340645455640e-03
1.187328529891673590e-03
1.206691322547470691e-03
1.226041528349597343e-03
1.245378957316911617e-03
1.264703419755708325e-03
1.284014726249060878e-03
1.303312687667257386e-03
1.322597115157364556e-03
1.341867820148223700e-03
1.361124614356334916e-03
1.380367309774754858e-03
1.399595718684198964e-03
1.418809653641384116e-03
1.438008927485689981e-03
1.457193353343710918e-03
1.476362744618486822e-03
1.495516915000827396e-03
1.514655678457765831e-03
1.533778849238665032e-03
1.552886241880324647e-03
1.571977671195878834e-03
1.591052952286120536e-03
1.610115709025472519e-03
1.629185494328777573e-03
1.648264385763043016e-03
1.667351542399053699e-03
1.686446127501017855e-03
1.705547308515575899e-03
1.724654257077240516e-03
1.743766149014280842e-03
1.762882164336954105e-03
1.782001487249496030e-03
1.801123306138352476e-03
1.820246813577619527e-03
1.839371206335482789e-03
1.858495685362004934e-03
1.877619455801116111e-03
1.896741726978845577e-03
1.915861712409538953e-03
1.934978629800743199e-03
1.954091701042548479e-03
1.973200152218579362e-03
1.992303213594670552e-03
2.011400119624751071e-03
2.030490108956506390e-03
2.049572424421608474e-03
2.068646313037048046e-03
2.087711026015126592e-03
2.106765818746358931e-03
2.125809950821011540e-03
2.144842686007786270e-03
2.163863292264256444e-03
2.182871041742417972e-03
2.201865210772480097e-03
2.220845079885069850e-03
2.239809933788139418e-03
2.258759061379178590e-03
2.277691755750099745e-03
2.296607314170806546e-03
2.315505038111398406e-03
2.334384233219966021e-03
2.353244209333915649e-03
2.372084280484410002e-03
2.390903764881713300e-03
2.409701984935175290e-03
2.428478267233025178e-03
2.447231942552141604e-03
2.465962345864047833e-03
2.484668816318036377e-03
2.503350697263817537e-03
2.522007336229092900e-03
2.540638084930435525e-03
2.559242299279285149e-03
2.577819339364850748e-03
2.596368569476537047e-03
2.614889358081740056e-03
2.633381077836949302e-03
2.651843105593076899e-03
2.670274822379470336e-03
2.688675613425228761e-03
2.707044868137220561e-03
2.725381980112073776e-03
2.743686347140616988e-03
2.761957371191448019e-03
2.780194458433582483e-03
2.798397019214249326e-03
2.816564468069104876e-03
2.834696223728894182e-03
2.852791709102353579e-03
2.870850351297971059e-03
2.888871581602892036e-03
2.906854835492467259e-03
2.924799552637358246e-03
2.942705176885773710e-03
2.960571156286562200e-03
2.978396943065897418e-03
2.996181993639712715e-03
3.013925768617697898e-03
3.031627732788422236e-03
3.049287355139984612e-03
3.066904108838697240e-03
3.084477471239965851e-03
3.102006923893840806e-03
3.119491952527919665e-03
3.136932047070661866e-03
3.154326701628074048e-03
3.171675414495034317e-03
3.188977688161509505e-03
3.206233029295235681e-03
3.223440948763922620e-03
3.240600961613493425e-03
3.257712587078742672e-03
3.274775348589331614e-03
3.291788773752690744e-03
3.308752394376668349e-03
3.325665746446437865e-03
3.342528370136932381e-03
3.359339809816619393e-03
3.376099614035510399e-03
3.392807335538039482e-03
3.409462531250850859e-03
3.426064762288127952e-03
3.442613593957810636e-03
3.459108595750715054e-03
3.475549341350081534e-03
3.491935408622692805e-03
3.508266379622426712e-03
3.524541840597361642e-03
3.540761381977342026e-03
3.556924598386190794e-03
3.573031088629941010e-03
3.589080455702609029e-03
3.605072306791745618e-03
3.621006253267111674e-03
3.636881910692446596e-03
3.652698898813255823e-03
3.668456841563472182e-03
3.684155367070562903e-03
3.699794107643983310e-03
3.715372699786945176e-03
3.730890784185092457e-03
3.746348005712274443e-03
3.761744013435208700e-03
3.777078460603267018e-03
3.792351004659799685e-03
3.807561307230589165e-03
3.822709034128290995e-03
3.837793855359539208e-03
3.852815445113844106e-03
3.867773481774250399e-03
3.882667647906234976e-03
3.897497630262147794e-03
3.912263119789205490e-03
3.926963811615724609e-03
3.941599405064444284e-03
3.956169603641424004e-03
3.970674115038708152e-03
3.985112651142319606e-03
3.999484928021157515e-03
4.013790665938099522e-03
4.028029589338011363e-03
4.042201426853075930e-03
4.056305911309010526e-03
4.070342779715296899e-03
4.084311773273618940e-03
4.098212637368980893e-03
4.112045121573260076e-03
4.125808979652312303e-03
4.139503969557090102e-03
4.153129853422754536e-03
4.166686397580221524e-03
4.180173372540174626e-03
4.193590553006831811e-03
4.206937717871284121e-03
4.220214650208831131e-03
4.233421137290527270e-03
4.246556970564085987e-03
4.259621945679192834e-03
4.272615862461748293e-03
4.285538524928078630e-03
4.298389741289376786e-03
4.311169323933050634e-03
4.323877089448480149e-03
4.336512858601704323e-03
4.349076456348299757e-03
4.361567711839597905e-03
4.373986458402701061e-03
4.386332533566683622e-03
4.398605779037279007e-03
4.410806040709758236e-03
4.422933168675591276e-03
4.434987017201574844e-03
4.446967444756477761e-03
4.458874313985727866e-03
4.470707491725178784e-03
4.482466849004662635e-03
4.494152261031558737e-03
4.505763607214330335e-03
4.517300771138099691e-03
4.528763640578414851e-03
4.540152107505246448e-03
4.551466068065668225e-03
4.562705422607837846e-03
4.573870075656571998e-03
4.584959935927113150e-03
4.595974916329126359e-03
4.606914933949823876e-03
4.617779910077057792e-03
4.628569770175339215e-03
4.639284443899605037e-03
4.649923865099658826e-03
4.660487971801963170e-03
4.670976706234508669e-03
4.681390014801500854e-03
4.691727848097571041e-03
4.701990160912661310e-03
4.712176912212484581e-03
4.722288065164725879e-03
4.732323587114173336e-03
4.742283449594708600e-03
4.752167628335524086e-03
4.761976103243359404e-03
4.771708858424705824e-03
4.781365882164045900e-03
4.790947166935843882e-03
4.800452709408986607e-03
4.809882510429019931e-03
4.819236575043017723e-03
4.828514912475601051e-03
4.837717536139596319e-03
4.846844463644917056e-03
4.855895716776359450e-03
4.864871321521579972e-03
4.873771308043117756e-03
4.882595710696158164e-03
4.891344568028088702e-03
4.900017922764732248e-03
4.908615821832995607e-03
4.917138316335556425e-03
4.925585461566850398e-03
4.933957317014847632e-03
4.942253946344621340e-03
4.950475417422772750e-03
4.958621802292562109e-03
4.966693177187231356e-03
4.974689622533112754e-03
4.982611222939858919e-03
4.990458067209768700e-03
4.998230248326240854e-03
5.005927863463099925e-03
5.013551013986816685e-03
5.021099805446294084e-03
5.028574347582637216e-03
5.035974754321159708e-03
5.043301143774048256e-03
5.050553638247468058e-03
5.057732364230904665e-03
5.064837452404713503e-03
5.071869037633902622e-03
5.078827258970797232e-03
5.085712259661256951e-03
5.092524187134017666e-03
5.099263193010017403e-03
5.105929433093514547e-03
5.112523067376528729e-03
5.119044260045502170e-03
5.125493179467532912e-03
5.131869998205029759e-03
5.138174893000613253e-03
5.144408044787329715e-03
5.150569638689983520e-03
5.156659864016699402e-03
5.162678914268692409e-03
5.168626987129165684e-03
5.174504284470415882e-03
5.180311012356941802e-03
5.186047381037450776e-03
5.191713604952408190e-03
5.197309902724267516e-03
5.202836497165463925e-03
5.208293615281078814e-03
5.213681488258625762e-03
5.219000351478708666e-03
5.224250444503475421e-03
5.229432011085499710e-03
5.234545299169113264e-03
5.239590560881524084e-03
5.244568052543474579e-03
5.249478034656807068e-03
5.254320771914233745e-03
5.259096533198892587e-03
5.263805591579018284e-03
5.268448224314159489e-03
5.273024712846741124e-03
5.277535342807837537e-03
5.281980404022501574e-03
5.286360190496885991e-03
5.290675000430677954e-03
5.294925136206884986e-03
5.299110904395831767e-03
5.303232615762265567e-03
5.307290585254698101e-03
5.311285132005849619e-03
5.315216579344195225e-03
5.319085254778421756e-03
5.322891490013859084e-03
5.326635620937825166e-03
5.330317987622734677e-03
5.333938934337645321e-03
5.337498809529606092e-03
5.340997965845417639e-03
5.344436760110315987e-03
5.347815553338186589e-03
5.351134710737337485e-03
5.354394601694512090e-03
5.357595599795761387e-03
5.360738082807348093e-03
5.363822432681519814e-03
5.366849035566723103e-03
5.369818281790283976e-03
5.372730565877503750e-03
5.375586286534339564e-03
5.378385846653177538e-03
5.381129653321714557e-03
5.383818117806971060e-03
5.386451655574830966e-03
5.389030686270501747e-03
5.391555633726063945e-03
5.394026925969352959e-03
5.396444995206639561e-03
5.398810277844390271e-03
5.401123214466174716e-03
5.403384249845544218e-03
5.405593832949140420e-03
5.407752416923372607e-03
5.409860459113957631e-03
5.411918421045047722e-03
5.413926768429444536e-03
5.415885971173484137e-03
5.417796503363714322e-03
5.419658843284658190e-03
5.421473473402826926e-03
5.423240880366719807e-03
5.424961555026364124e-03
5.426635992406225739e-03
5.428264691730078084e-03
5.429848156405014947e-03
5.431386894020562295e-03
5.432881416363777305e-03
5.434332239401484799e-03
5.435739883296264452e-03
5.437104872393128119e-03
5.438427735223960724e-03
5.439709004515513868e-03
5.440949217172530439e-03
5.442148914298172713e-03
5.443308641178923324e-03
5.444428947284585263e-03
5.445510386280716375e-03
5.446553516014418506e-03
5.447558898527660176e-03
5.448527100045730265e-03
5.449458690979014364e-03
5.450354245933652919e-03
5.451214343694665843e-03
5.452039567245492435e-03
5.452830503750227820e-03
5.453587744559840189e-03
5.454311885218388056e-03
5.455003525453250290e-03
5.455663269185784259e-03
5.456291724520667685e-03
5.456889503748563186e-03
5.457457223353223696e-03
5.457995504001722509e-03
5.458504970555111413e-03
5.458986252058650734e-03
5.459439981740921155e-03
5.459866797027146390e-03
5.460267339524982333e-03
5.460642255032510661e-03
5.460992193536462480e-03
5.461317809204224716e-03
5.461619760402491863e-03
5.461898709677726060e-03
5.462155323767703408e-03
5.462390273597961254e-03
5.462604234279133664e-03
5.462797885113168661e-03
5.462971909588887343e-03
5.463126995383760232e-03
5.463263834363019100e-03
5.463383122575216078e-03
5.463485560265546326e-03
5.463571851858972650e-03
5.463642705975324532e-03
5.463698835419528166e-03
5.463740957178941926e-03
5.463769792437567219e-03
5.463786066561837629e-03
5.463790509111277061e-03
5.463783853829617954e-03
5.463766838643913104e-03
5.463740205679634698e-03
5.463704701242022566e-03
5.463661075829406855e-03
5.463610084126990785e-03
5.463552485000633396e-03
5.463489041515501299e-03
5.463420520916528744e-03
5.463347694642628483e-03
5.463271338317809978e-03
5.463192231748514871e-03
5.463111158939604195e-03
5.463028908075706624e-03
5.462946271534541154e-03
5.462864045880699848e-03
5.462783031861206950e-03
5.462704034418841559e-03
5.462627862679703128e-03
5.462555329961205075e-03
5.462487253765857531e-03
5.462424455783043697e-03
5.462367761893460738e-03
5.462318002165567066e-03
5.462276010850253272e-03
5.462242626396829337e-03
5.462218691430820172e-03
5.462205052774393721e-03
5.462202561434814641e-03
5.462212072602667945e-03
5.462234445667846217e-03
5.462270544194680610e-03
5.462321235945921671e-03
5.462387392868528480e-03
5.462469891091892293e-03
5.462569610947376475e-03
5.462687436936342067e-03
5.462824257764786751e-03
5.462980966315811315e-03
