-1.222343406030668156e-03
-1.222343381918844507e-03
-1.222343215145582640e-03
-1.222342770644702092e-03
-1.222341921477410054e-03
-1.222340547153533130e-03
-1.222338533621969425e-03
-1.222335773269245252e-03
-1.222332164921180464e-03
-1.222327613841667215e-03
-1.222322031733669156e-03
-1.222315336738666325e-03
-1.222307514445075682e-03
-1.222298615017880508e-03
-1.222288626290479741e-03
-1.222277534150828515e-03
-1.222265323042925900e-03
-1.222251975966925919e-03
-1.222237474479581643e-03
-1.222221798693468031e-03
-1.222204927278092157e-03
-1.222186837459560138e-03
-1.222167505018800782e-03
-1.222146904295118297e-03
-1.222125008182417538e-03
-1.222101788131757516e-03
-1.222077214150907309e-03
-1.222051254802902776e-03
-1.222023877207933928e-03
-1.221995047042123694e-03
-1.221964728538194045e-03
-1.221932884485354975e-03
-1.221899476228305303e-03
-1.221864463669231071e-03
-1.221827805265585098e-03
-1.221789458031641296e-03
-1.221749377538716708e-03
-1.221707517912729024e-03
-1.221663831837749292e-03
-1.221618270552893293e-03
-1.221570783854208919e-03
-1.221521320094232088e-03
-1.221469826181209584e-03
-1.221416247580431325e-03
-1.221360528312454008e-03
-1.221302610955432577e-03
-1.221242436643676932e-03
-1.221179945066430683e-03
-1.221115074471201822e-03
-1.221047761660210007e-03
-1.220977941993162119e-03
-1.220905549385697952e-03
-1.220830516309279190e-03
-1.220752773792854740e-03
-1.220672251419974152e-03
-1.220588877332451361e-03
-1.220502578227478097e-03
-1.220413279357956959e-03
-1.220320904534721862e-03
-1.220225376123207361e-03
-1.220126615046335239e-03
-1.220024540783404277e-03
-1.219919071368869012e-03
-1.219810123395115298e-03
-1.219697612009240650e-03
-1.219581450915829812e-03
-1.219461552375955549e-03
-1.219337827205735358e-03
-1.219210184779107031e-03
-1.219078533025053090e-03
-1.218942778429488172e-03
-1.218802826035370046e-03
-1.218658579440479173e-03
-1.218509940800305280e-03
-1.218356810825271808e-03
-1.218199088783622486e-03
-1.218036672499422934e-03
-1.217869458352227596e-03
-1.217697341279189160e-03
-1.217520214772838116e-03
-1.217337970882415021e-03
-1.217150500213870501e-03
-1.216957691928421958e-03
-1.216759433745107088e-03
-1.216555611937786274e-03
-1.216346111337585079e-03
-1.216130815332006065e-03
-1.215909605864262666e-03
-1.215682363434611446e-03
-1.215448967098464728e-03
-1.215209294469055123e-03
-1.214963221715437136e-03
-1.214710623562265113e-03
-1.214451373291236536e-03
-1.214185342740592422e-03
-1.213912402304062610e-03
-1.213632420932753142e-03
-1.213345266132925815e-03
-1.213050803967996583e-03
-1.212748899057869423e-03
-1.212439414577881625e-03
-1.212122212260802190e-03
-1.211797152394611388e-03
-1.211464093824388133e-03
-1.211122893951643853e-03
-1.210773408733489820e-03
-1.210415492684135952e-03
-1.210048998873447523e-03
-1.209673778928055388e-03
-1.209289683031189444e-03
-1.208896559921512903e-03
-1.208494256839998116e-03
-1.208082173643765245e-03
-1.207659771713831542e-03
-1.207226960517726599e-03
-1.206783650178622214e-03
-1.206329751476886702e-03
-1.205865175848475079e-03
-1.205389835386316832e-03
-1.204903642839871836e-03
-1.204406511614186659e-03
-1.203898355771615414e-03
-1.203379090029987886e-03
-1.202848629764052824e-03
-1.202306891005366918e-03
-1.201753790440629466e-03
-1.201189245414346907e-03
-1.200613173926057264e-03
-1.200025494632606105e-03
-1.199426126847258356e-03
-1.198814990538921155e-03
-1.198192006333587134e-03
-1.197557095513113179e-03
-1.196910180015942071e-03
-1.196251182437491067e-03
-1.195580026028375542e-03
-1.194896634696629434e-03
-1.194200933005928889e-03
-1.193492846176757993e-03
-1.192772300086242243e-03
-1.192039221267093829e-03
-1.191293536909276973e-03
-1.190535174858009526e-03
-1.189764063616149947e-03
-1.188980132342476459e-03
-1.188183310851631536e-03
-1.187373529615565193e-03
-1.186550719761425565e-03
-1.185714813073834861e-03
-1.184865741993557098e-03
-1.184003439617165032e-03
-1.183127839698483452e-03
-1.182238876646590775e-03
-1.181336485527983982e-03
-1.180420602065412883e-03
-1.179491162637269497e-03
-1.178548104279364406e-03
-1.177591364682595287e-03
-1.176620882195444917e-03
-1.175636595822537878e-03
-1.174638445224196470e-03
-1.173626370718050538e-03
-1.172600313277094575e-03
-1.171560214531464084e-03
-1.170506016767935975e-03
-1.169437662928540789e-03
-1.168355096613005184e-03
-1.167258262076087405e-03
-1.166147104229908749e-03
-1.165021568643120897e-03
-1.163881601539740185e-03
-1.162727149801145998e-03
-1.161558160964304420e-03
-1.160374583223156009e-03
-1.159176365428171707e-03
-1.157963457085409154e-03
-1.156735808358066997e-03
-1.155493370065041603e-03
-1.154236093682148301e-03
-1.152963931341788317e-03
-1.151676835831894063e-03
-1.150374760597816515e-03
-1.149057659739938231e-03
-1.147725488016337891e-03
-1.146378200841180472e-03
-1.145015754284273157e-03
-1.143638105072897204e-03
-1.142245210589420967e-03
-1.140837028873742387e-03
-1.139413518622012234e-03
-1.137974639185856951e-03
-1.136520350574543592e-03
-1.135050613452259771e-03
-1.133565389140944735e-03
-1.132064639618624025e-03
-1.130548327518632323e-03
-1.129016416132333500e-03
-1.127468869405900964e-03
-1.125905651942982200e-03
-1.124326729003644054e-03
-1.122732066503095982e-03
-1.121121631014576625e-03
-1.119495389766245186e-03
-1.117853310643568410e-03
-1.116195362188487916e-03
-1.114521513598365487e-03
-1.112831734728036981e-03
-1.111125996087702905e-03
-1.109404268844760288e-03
-1.107666524823081033e-03
-1.105912736501901694e-03
-1.104142877017877389e-03
-1.102356920163305443e-03
-1.100554840387346633e-03
-1.098736612795803147e-03
-1.096902213149897332e-03
-1.095051617867826010e-03
-1.093184804024593948e-03
-1.091301749350570560e-03
-1.089402432233599338e-03
-1.087486831716888425e-03
-1.085554927500675948e-03
-1.083606699941674911e-03
-1.081642130052185014e-03
-1.079661199502091051e-03
-1.077663890616364917e-03
-1.075650186377175022e-03
-1.073620070423164652e-03
-1.071573527048619301e-03
-1.069510541205187515e-03
-1.067431098499882491e-03
-1.065335185196691903e-03
-1.063222788216244830e-03
-1.061093895134646026e-03
-1.058948494185585343e-03
-1.056786574257728706e-03
-1.054608124897271626e-03
-1.052413136306606933e-03
-1.050201599343769665e-03
-1.047973505524268933e-03
-1.045728847018867480e-03
-1.043467616655469055e-03
-1.041189807918507793e-03
-1.038895414947837992e-03
-1.036584432541010070e-03
-1.034256856150606030e-03
-1.031912681886348881e-03
-1.029551906514769577e-03
-1.027174527457486164e-03
-1.024780542793979343e-03
-1.022369951258761400e-03
-1.019942752243541140e-03
-1.017498945796613263e-03
-1.015038532621692635e-03
-1.012561514079912683e-03
-1.010067892187882510e-03
-1.007557669619185692e-03
-1.005030849703991702e-03
-1.002487436428001200e-03
-9.999274344340558507e-04
-9.973508490209170851e-04
-9.947576861439877405e-04
-9.921479524152565510e-04
-9.895216551024654805e-04
-9.868788021303309677e-04
-9.842194020794892140e-04
-9.815434641872178290e-04
-9.788509983474913412e-04
-9.761420151098709752e-04
-9.734165256810589639e-04
-9.706745419235662808e-04
-9.679160763566563297e-04
-9.651411421560673887e-04
-9.623497531533464766e-04
-9.595419238372371318e-04
-9.567176693518475439e-04
-9.538770054985934443e-04
-9.510199487351433945e-04
-9.481465161746971404e-04
-9.452567255881505481e-04
-9.423505954015420905e-04
-9.394281446978847150e-04
-9.364893932171658442e-04
-9.335343613541824404e-04
-9.305630701618716749e-04
-9.275755413481467926e-04
-9.245717972780065352e-04
-9.215518609732020749e-04
-9.185157561105716795e-04
-9.154635070249272921e-04
-9.123951387060569296e-04
-9.093106768008896168e-04
-9.062101476130512978e-04
-9.030935781013660346e-04
-8.999609958824095202e-04
-8.968124292280110765e-04
-8.936479070669189895e-04
-8.904674589848005084e-04
-8.872711152222434450e-04
-8.840589066778370420e-04
-8.808308649052576378e-04
-8.775870221152393125e-04
-8.743274111752408206e-04
-8.710520656078635238e-04
-8.677610195935436810e-04
-8.644543079677768915e-04
-8.611319662233940520e-04
-8.577940305096454221e-04
-8.544405376310626465e-04
-8.510715250500122675e-04
-8.476870308839201673e-04
-8.442870939074642589e-04
-8.408717535517695740e-04
-8.374410499034090627e-04
-8.339950237066240391e-04
-8.305337163606041351e-04
-8.270571699220963247e-04
-8.235654271040726560e-04
-8.200585312750086064e-04
-8.165365264610757734e-04
-8.129994573433663163e-04
-8.094473692605019810e-04
-8.058803082074406099e-04
-8.022983208344769412e-04
-7.987014544496850998e-04
-7.950897570161707950e-04
-7.914632771543750334e-04
-7.878220641412414516e-04
-7.841661679088840486e-04
-7.804956390473349881e-04
-7.768105288016025067e-04
-7.731108890740578943e-04
-7.693967724234362926e-04
-7.656682320639485173e-04
-7.619253218674459927e-04
-7.581680963607839718e-04
-7.543966107282917832e-04
-7.506109208106626074e-04
-7.468110831039265207e-04
-7.429971547618929861e-04
-7.391691935933197843e-04
-7.353272580645497936e-04
-7.314714072979011661e-04
-7.276017010715840616e-04
-7.237181998211716927e-04
-7.198209646374353898e-04
-7.159100572685372921e-04
-7.119855401187535904e-04
-7.080474762481692164e-04
-7.040959293740378655e-04
-7.001309638698105520e-04
-6.961526447647470306e-04
-6.921610377453590868e-04
-6.881562091535786685e-04
-6.841382259885897543e-04
-6.801071559057458860e-04
-6.760630672162371013e-04
-6.720060288884222022e-04
-6.679361105461911752e-04
-6.638533824706860376e-04
-6.597579155990518363e-04
-6.556497815244644034e-04
-6.515290524971850683e-04
-6.473958014230063451e-04
-6.432501018648895119e-04
-6.390920280420486765e-04
-6.349216548294789320e-04
-6.307390577593718906e-04
-6.265443130194503496e-04
-6.223374974544393368e-04
-6.181186885656497765e-04
-6.138879645098682669e-04
-6.096454041012444591e-04
-6.053910868094591891e-04
-6.011250927610567452e-04
-5.968475027392505794e-04
-5.925583981828130842e-04
-5.882578611877409269e-04
-5.839459745056174711e-04
-5.796228215449727994e-04
-5.752884863708673802e-04
-5.709430537039761333e-04
-5.665866089222260094e-04
-5.622192380590751437e-04
-5.578410278049839022e-04
-5.534520655069707917e-04
-5.490524391675577487e-04
-5.446422374465742511e-04
-5.402215496594364730e-04
-5.357904657784795521e-04
-5.313490764325967675e-04
-5.268974729062680940e-04
-5.224357471412532927e-04
-5.179639917348710654e-04
-5.134822999412758104e-04
-5.089907656713743567e-04
-5.044894834914936954e-04
-4.999785486253238709e-04
-4.954580569520722344e-04
-4.909281050078651010e-04
-4.863887899854285601e-04
-4.818402097330615197e-04
-4.772824627563287958e-04
-4.727156482163402673e-04
-4.681398659311525323e-04
-4.635552163754913524e-04
-4.589618006793083627e-04
-4.543597206303068292e-04
-4.497490786714436473e-04
-4.451299779026779424e-04
-4.405025220806241260e-04
-4.358668156171779939e-04
-4.312229635819314622e-04
-4.265710716997300755e-04
-4.219112463524771206e-04
-4.172435945786756584e-04
-4.125682240721240124e-04
-4.078852431843305038e-04
-4.031947609220709605e-04
-3.984968869491234411e-04
-3.937917315859074119e-04
-3.890794058081514795e-04
-3.843600212492526147e-04
-3.796336901978891731e-04
-3.749005255997556185e-04
-3.701606410571878225e-04
-3.654141508278030415e-04
-3.606611698269146515e-04
-3.559018136251312914e-04
-3.511361984500221967e-04
-3.463644411858673999e-04
-3.415866593721589295e-04
-3.368029712062098335e-04
-3.320134955403092336e-04
-3.272183518841648153e-04
-3.224176604038619942e-04
-3.176115419208369595e-04
-3.128001179143052868e-04
-3.079828980578624975e-04
-3.031567393206591188e-04
-2.983213253823085997e-04
-2.934768286289718420e-04
-2.886234208614169017e-04
-2.837612732923266989e-04
-2.788905565486582416e-04
-2.740114406705879135e-04
-2.691240951105677848e-04
-2.642286887356432024e-04
-2.593253898247466216e-04
-2.544143660710845856e-04
-2.494957845811454633e-04
-2.445698118736100435e-04
-2.396366138818009639e-04
-2.346963559509279706e-04
-2.297492028404679587e-04
-2.247953187231588323e-04
-2.198348671839517321e-04
-2.148680112224465866e-04
-2.098949132501234938e-04
-2.049157350927019450e-04
-1.999306379892110130e-04
-1.949397825908721904e-04
-1.899433289635280020e-04
-1.849414365849427755e-04
-1.799342643471063541e-04
-1.749219705553042847e-04
-1.699047129270284118e-04
-1.648826485943916120e-04
-1.598559341014285651e-04
-1.548247254064549772e-04
-1.497891778808255192e-04
-1.447494463085036154e-04
-1.397056848875324886e-04
-1.346580472290151431e-04
-1.296066863567327254e-04
-1.245517547085739363e-04
-1.194934041347760212e-04
-1.144317858996421466e-04
-1.093670506805387299e-04
-1.042993485675311471e-04
-9.922882906476110376e-05
-9.415564108872925830e-05
-8.907993297001953747e-05
-8.400185245225483266e-05
-7.892154669177781079e-05
-7.383916225898318197e-05
-6.875484513665583441e-05
-6.366874072163096476e-05
-5.858099382381048992e-05
-5.349174866579355092e-05
-4.840114888425561812e-05
-4.330933752823631910e-05
-3.821645706084814131e-05
-3.312264935825467993e-05
-2.802805570932022372e-05
-2.293281681699232966e-05
-1.783707279664169254e-05
-1.274096317744688803e-05
-7.644626902041573233e-06
-2.548202325491650405e-06
2.548172782923714165e-06
7.644361241768062726e-06
1.274022645539329979e-05
1.783563241496491369e-05
2.293044369921972553e-05
2.802452547240492919e-05
3.311774348702285764e-05
3.820996408109011977e-05
4.330105417950369517e-05
4.839088129473222144e-05
5.347931352475861211e-05
5.856621955581745032e-05
6.365146865965412570e-05
6.873493069490393959e-05
7.381647610776864710e-05
7.889597592995734043e-05
8.397330178143772028e-05
8.904832586769870217e-05
9.412092098109656191e-05
9.919096050156964162e-05
1.042583183945636205e-04
1.093228692137758473e-04
1.143844880984283552e-04
1.194430507746070680e-04
1.244984335559869149e-04
1.295505133417501620e-04
1.345991676193203368e-04
1.396442744616421816e-04
1.446857125285555545e-04
1.497233610674580939e-04
1.547570999112651835e-04
1.597868094811369377e-04
1.648123707837442775e-04
1.698336654126567091e-04
1.748505755490223357e-04
1.798629839594723112e-04
1.848707739988963983e-04
1.898738296077159826e-04
1.948720353132302185e-04
1.998652762303029795e-04
2.048534380593158843e-04
2.098364070888883437e-04
2.148140701931644525e-04
2.197863148331868910e-04
2.247530290575422418e-04
2.297141015003487108e-04
2.346694213839692345e-04
2.396188785162706170e-04
2.445623632920182478e-04
2.494997666934173353e-04
2.544309802887181893e-04
2.593558962335901219e-04
2.642744072698099966e-04
2.691864067258520343e-04
2.740917885176441526e-04
2.789904471471593705e-04
2.838822777038452205e-04
2.887671758631665808e-04
2.936450378873550759e-04
2.985157606260613328e-04
3.033792415150088351e-04
3.082353785773678245e-04
3.130840704223120108e-04
3.179252162458512387e-04
3.227587158313310889e-04
3.275844695482116320e-04
3.324023783533996967e-04
3.372123437898333354e-04
3.420142679872034686e-04
3.468080536626200194e-04
3.515936041192796457e-04
3.563708232478118854e-04
3.611396155248913775e-04
3.658998860139317522e-04
3.706515403657795193e-04
3.753944848173540461e-04
3.801286261930492127e-04
3.848538719032346123e-04
3.895701299450743393e-04
3.942773089031653688e-04
3.989753179481497769e-04
4.036640668381302754e-04
4.083434659172269221e-04
4.130134261163681542e-04
4.176738589538181445e-04
4.223246765339833120e-04
4.269657915487168331e-04
4.315971172758475971e-04
4.362185675800267504e-04
4.408300569132966862e-04
4.454315003137726547e-04
4.500228134070166641e-04
4.546039124046358237e-04
4.591747141049762337e-04
4.637351358938307522e-04
4.682850957430234606e-04
4.728245122118807098e-04
4.773533044457323182e-04
4.818713921766470953e-04
4.863786957241544862e-04
4.908751359938567926e-04
4.953606344787336857e-04
4.998351132578793266e-04
5.042984949971129893e-04
5.087507029497007061e-04
5.131916609552311659e-04
5.176212934396018372e-04
5.220395254164622578e-04
5.264462824849658329e-04
5.308414908324621262e-04
5.352250772318878358e-04
5.395969690430713062e-04
5.439570942133431508e-04
5.483053812755933620e-04
5.526417593509358461e-04
5.569661581460161326e-04
5.612785079543991529e-04
5.655787396571243519e-04
5.698667847208183090e-04
5.741425752003592731e-04
5.784060437361293605e-04
5.826571235553468231e-04
5.868957484728987151e-04
5.911218528890649360e-04
5.953353717924880772e-04
5.995362407572590868e-04
6.037243959443883146e-04
6.078997741023883794e-04
6.120623125654145458e-04
6.162119492557072142e-04
6.203486226811494308e-04
6.244722719364603769e-04
6.285828367039447695e-04
6.326802572514111933e-04
6.367644744349199026e-04
6.408354296960350194e-04
6.448930650632123118e-04
6.489373231524930841e-04
6.529681471653947522e-04
6.569854808917141575e-04
6.609892687068075201e-04
6.649794555728116840e-04
6.689559870395045404e-04
6.729188092421400924e-04
6.768678689042795238e-04
6.808031133349323749e-04
6.847244904300553436e-04
6.886319486731073969e-04
6.925254371331346359e-04
6.964049054673238093e-04
7.002703039185043110e-04
7.041215833163139148e-04
7.079586950780036858e-04
7.117815912063008010e-04
7.155902242921841072e-04
7.193845475121640742e-04
7.231645146296150628e-04
7.269300799955247250e-04
7.306811985463568249e-04
7.344178258068267962e-04
7.381399178871816957e-04
7.418474314845047157e-04
7.455403238835478508e-04
7.492185529544836964e-04
7.528820771557920288e-04
7.565308555314009809e-04
7.601648477121858427e-04
7.637840139165796849e-04
7.673883149485472011e-04
7.709777122002214877e-04
7.745521676492950203e-04
7.781116438604074315e-04
7.816561039857006232e-04
7.851855117628481207e-04
7.886998315177751184e-04
7.921990281619106788e-04
7.956830671935477550e-04
7.991519146984815691e-04
8.026055373485108113e-04
8.060439024028531740e-04
8.094669777068685956e-04
8.128747316925866162e-04
8.162671333794557782e-04
8.196441523730668699e-04
8.230057588664019264e-04
8.263519236384464506e-04
8.296826180550498364e-04
8.329978140693972133e-04
8.362974842207882009e-04
8.395816016358859102e-04
8.428501400274679423e-04
8.461030736951202780e-04
8.493403775257368782e-04
8.525620269923539496e-04
8.557679981553989457e-04
8.589582676613860546e-04
8.621328127435545774e-04
8.652916112225905731e-04
8.684346415052390800e-04
8.715618825857196494e-04
8.746733140441997900e-04
8.777689160476831454e-04
8.808486693506478726e-04
8.839125552934645746e-04
8.869605558041171456e-04
8.899926533965651920e-04
8.930088311714934335e-04
8.960090728171166141e-04
8.989933626075141682e-04
9.019616854045175991e-04
9.049140266556565670e-04
9.078503723954911564e-04
9.107707092458339204e-04
9.136750244146396582e-04
9.165633056973931936e-04
9.194355414753330180e-04
9.222917207168390696e-04
9.251318329773772220e-04
9.279558683986666168e-04
9.307638177098453980e-04
9.335556722260274221e-04
9.363314238491904362e-04
9.390910650686201677e-04
9.418345889598556120e-04
9.445619891855216999e-04
9.472732599947186749e-04
9.499683962229665823e-04
9.526473932934265143e-04
9.553102472154573199e-04
9.579569545848376499e-04
9.605875125850427132e-04
9.632019189850793417e-04
9.658001721418729701e-04
9.683822709986023014e-04
9.709482150845882842e-04
9.734980045171814922e-04
9.760316399989865666e-04
9.785491228209153292e-04
9.810504548596332697e-04
9.835356385783367017e-04
9.860046770279184969e-04
9.884575738449141724e-04
9.908943332539998927e-04
9.933149600653279343e-04
9.957194596760254868e-04
9.981078380706942532e-04
1.000480101819578582e-03
1.002836258081063470e-03
1.005176314599065535e-03
1.007500279704420798e-03
1.009808162315495306e-03
1.012099971936242238e-03
1.014375718658755421e-03
1.016635413160771328e-03
1.018879066706779302e-03
1.021106691148909729e-03
1.023318298924769110e-03
1.025513903060382148e-03
1.027693517166972104e-03
1.029857155442903682e-03
1.032004832674071615e-03
1.034136564231791233e-03
1.036252366075629538e-03
1.038352254750851689e-03
1.040436247389364688e-03
1.042504361710827609e-03
1.044556616020264617e-03
1.046593029211062564e-03
1.048613620762139931e-03
1.050618410739168063e-03
1.052607419795514865e-03
1.054580669169968843e-03
1.056538180689625683e-03
1.058479976767168207e-03
1.060406080401921081e-03
1.062316515181127574e-03
1.064211305277174002e-03
1.066090475450975905e-03
1.067954051048869424e-03
1.069802058004054590e-03
1.071634522837261461e-03
1.073451472654807226e-03
1.075252935151316258e-03
1.077038938606778018e-03
1.078809511888212391e-03
1.080564684450002755e-03
1.082304486332341664e-03
1.084028948163395789e-03
1.085738101157029956e-03
1.087431977113917370e-03
1.089110608422205750e-03
1.090774028055796485e-03
1.092422269576676097e-03
1.094055367132307222e-03
1.095673355457182918e-03
1.097276269873215249e-03
1.098864146287903409e-03
1.100437021197109289e-03
1.101994931681948842e-03
1.103537915410623960e-03
1.105066010638922069e-03
1.106579256207940176e-03
1.108077691547249000e-03
1.109561356671839860e-03
1.111030292183567969e-03
1.112484539271763051e-03
1.113924139711786054e-03
1.115349135866416930e-03
1.116759570684577874e-03
1.118155487701777417e-03
1.119536931041165140e-03
1.120903945411866331e-03
1.122256576110314263e-03
1.123594869019139963e-03
1.124918870607727328e-03
1.126228627932823745e-03
1.127524188637263336e-03
1.128805600951299226e-03
1.130072913691326786e-03
1.131326176260438743e-03
1.132565438648980294e-03
1.133790751433660926e-03
1.135002165778498107e-03
1.136199733433429504e-03
1.137383506735423211e-03
1.138553538608588767e-03
1.139709882563288978e-03
1.140852592697305656e-03
1.141981723694285300e-03
1.143097330824960345e-03
1.144199469947204673e-03
1.145288197504978900e-03
1.146363570529940201e-03
1.147425646639443908e-03
1.148474484037875776e-03
1.149510141516929540e-03
1.150532678454274649e-03
1.151542154815221597e-03
1.152538631150945569e-03
1.153522168599541153e-03
1.154492828886410916e-03
1.155450674323099669e-03
1.156395767808404695e-03
1.157328172827543078e-03
1.158247953451985168e-03
1.159155174341119920e-03
1.160049900740145468e-03
1.160932198481623434e-03
1.161802133984424223e-03
1.162659774253838041e-03
1.163505186882962672e-03
1.164338440050649570e-03
1.165159602523335725e-03
1.165968743653489348e-03
1.166765933380276010e-03
1.167551242230335795e-03
1.168324741316451032e-03
1.169086502338656519e-03
1.169836597583240323e-03
1.170575099923076845e-03
1.171302082818515000e-03
1.172017620316267994e-03
1.172721787049468833e-03
1.173414658238725039e-03
1.174096309690397799e-03
1.174766817799044460e-03
1.175426259544531948e-03
1.176074712493979657e-03
1.176712254801648427e-03
1.177338965207663790e-03
1.177954923040291924e-03
1.178560208213219607e-03
1.179154901227108532e-03
1.179739083170205927e-03
1.180312835716235131e-03
1.180876241127171156e-03
1.181429382250409610e-03
1.181972342520543062e-03
1.182505205959305528e-03
1.183028057174240200e-03
1.183540981361086430e-03
1.184044064301059684e-03
1.184537392362239316e-03
1.185021052500345728e-03
1.185495132256519923e-03
1.185959719760265596e-03
1.186414903726507042e-03
1.186860773457087959e-03
1.187297418841437580e-03
1.187724930354461250e-03
1.188143399059315986e-03
1.188552916604745935e-03
1.188953575226303627e-03
1.189345467747182639e-03
1.189728687575941635e-03
1.190103328709557484e-03
1.190469485730483168e-03
1.190827253807869024e-03
1.191176728698839504e-03
1.191518006745662106e-03
1.191851184878911507e-03
1.192176360614749520e-03
1.192493632056368380e-03
1.192803097894268305e-03
1.193104857404536645e-03
1.193399010451623443e-03
1.193685657485454854e-03
1.193964899542820923e-03
1.194236838247819676e-03
1.194501575810469340e-03
1.194759215029095323e-03
1.195009859286999543e-03
1.195253612554791900e-03
1.195490579390612318e-03
1.195720864938021322e-03
1.195944574928664572e-03
1.196161815680385487e-03
1.196372694096892175e-03
1.196577317670310947e-03
1.196775794477855648e-03
1.196968233185047303e-03
1.197154743043049585e-03
1.197335433889890055e-03
1.197510416151015278e-03
1.197679800837403441e-03
1.197843699548672980e-03
1.198002224469307819e-03
1.198155488371210886e-03
1.198303604613593087e-03
1.198446687141196954e-03
1.198584850487183218e-03
1.198718209769911169e-03
1.198846880695048078e-03
1.198970979555347149e-03
1.199090623229537300e-03
1.199205929184543606e-03
1.199317015472267656e-03
1.199424000732030038e-03
1.199527004190459323e-03
1.199626145660270815e-03
1.199721545541376777e-03
1.199813324820220295e-03
1.199901605069442212e-03
1.199986508449435441e-03
1.200068157706790650e-03
1.200146676175184446e-03
1.200222187774380167e-03
1.200294817011227089e-03
1.200364688979771444e-03
1.200431929360035177e-03
1.200496664419459236e-03
1.200559021012015393e-03
1.200619126577873175e-03
1.200677109144732135e-03
1.200733097326711629e-03
1.200787220325016946e-03
1.200839550431598290e-03
1.200889841567187588e-03
1.200938039865762086e-03
1.200984138660099454e-03
1.201028133925419183e-03
1.201070024278827475e-03
1.201109810979428261e-03
1.201147497928767294e-03
1.201183091670054992e-03
1.201216601389054617e-03
1.201248038913083072e-03
1.201277418711677036e-03
1.201304757896703990e-03
1.201330076221585053e-03
1.201353396082849301e-03
1.201374742517913319e-03
1.201394143206413467e-03
1.201411628470983040e-03
1.201427231275364882e-03
1.201440987226187751e-03
1.201452934571300979e-03
1.201463114200995719e-03
1.201471569647893922e-03
1.201478347086171183e-03
1.201483495333111051e-03
1.201487065846551516e-03
1.201489112727216479e-03
1.201489692718382685e-03
1.201488865204547452e-03
1.201486692212316854e-03
1.201483238411404919e-03
1.201478571112191140e-03
1.201472760267940920e-03
1.201465878474250459e-03
1.201458000967825512e-03
1.201449205628479788e-03
1.201439572976803483e-03
1.201429186177493946e-03
1.201418131035247860e-03
1.201406495997536794e-03
1.201394372154940271e-03
1.201381853238148167e-03
1.201369035621846493e-03
1.201356018321608765e-03
