-4.172837350425906422e-02
-4.172837411603014246e-02
-4.172837800963113963e-02
-4.172838697599123847e-02
-4.172840121167187277e-02
-4.172841966182838647e-02
-4.172844002220932325e-02
-4.172845873915287385e-02
-4.172847100959264921e-02
-4.172847078104924279e-02
-4.172845075163955642e-02
-4.172840237007280351e-02
-4.172831150128786248e-02
-4.172815329485946023e-02
-4.172790387795233258e-02
-4.172753978725296520e-02
-4.172703794551413381e-02
-4.172637566154824285e-02
-4.172553063023531905e-02
-4.172448093251679424e-02
-4.172320503540083436e-02
-4.172168179196011906e-02
-4.171989044132784485e-02
-4.171781060870527469e-02
-4.171542230535507656e-02
-4.171270592860620852e-02
-4.170964226185214230e-02
-4.170621247454597835e-02
-4.170239812221154807e-02
-4.169818114643186746e-02
-4.169354387485579849e-02
-4.168846902119893727e-02
-4.168293968523473225e-02
-4.167693935280825102e-02
-4.167045189582285758e-02
-4.166346157224909419e-02
-4.165595302612201678e-02
-4.164791128753808636e-02
-4.163932177266227441e-02
-4.163017028371740480e-02
-4.162044300899658822e-02
-4.161012652285567270e-02
-4.159920778571146727e-02
-4.158767414404973550e-02
-4.157551333041542563e-02
-4.156271346342155226e-02
-4.154926304774519963e-02
-4.153515097412352475e-02
-4.152036651936397149e-02
-4.150489934633139200e-02
-4.148873950395959298e-02
-4.147187742724822712e-02
-4.145430393725391127e-02
-4.143601024110488140e-02
-4.141698793198811401e-02
-4.139722898915820792e-02
-4.137672577793383155e-02
-4.135547104969417020e-02
-4.133345794188914013e-02
-4.131067997802384539e-02
-4.128713106767589736e-02
-4.126280550648475653e-02
-4.123769797615040034e-02
-4.121180354444131666e-02
-4.118511766518784256e-02
-4.115763617828482879e-02
-4.112935530969430431e-02
-4.110027167143615046e-02
-4.107038226160231176e-02
-4.103968446434036466e-02
-4.100817604986861653e-02
-4.097585517446900027e-02
-4.094272038048263340e-02
-4.090877059632136437e-02
-4.087400513645533806e-02
-4.083842370142232170e-02
-4.080202637782548436e-02
-4.076481269890841475e-02
-4.072676975450928438e-02
-4.068789598742261759e-02
-4.064819502232186466e-02
-4.060767052556091272e-02
-4.056632620517364174e-02
-4.052416581088014169e-02
-4.048119313407649855e-02
-4.043741200784589651e-02
-4.039282630695328891e-02
-4.034743994784006915e-02
-4.030125688863606115e-02
-4.025428112914841705e-02
-4.020651671086827861e-02
-4.015796771696988898e-02
-4.010863827230481959e-02
-4.005853254341129599e-02
-4.000765473850842469e-02
-3.995600910749397272e-02
-3.990359994195280535e-02
-3.985043157514622791e-02
-3.979650838202086760e-02
-3.974183477920645302e-02
-3.968641522500915286e-02
-3.963025421942445448e-02
-3.957335630412162075e-02
-3.951572606245834507e-02
-3.945736811947231359e-02
-3.939828714188076120e-02
-3.933848783808668870e-02
-3.927797495817086926e-02
-3.921675329389850972e-02
-3.915482767871791836e-02
-3.909220298775561986e-02
-3.902888413782346078e-02
-3.896487608741239228e-02
-3.890018383669668900e-02
-3.883481242753394902e-02
-3.876876694346043095e-02
-3.870205250969793731e-02
-3.863467429314559887e-02
-3.856663750238831234e-02
-3.849794738769252156e-02
-3.842860924100399700e-02
-3.835862839595383100e-02
-3.828801022785111030e-02
-3.821676015368957735e-02
-3.814488363214563194e-02
-3.807238616357411232e-02
-3.799927329001584475e-02
-3.792555059518920579e-02
-3.785122370449722773e-02
-3.777629828502582221e-02
-3.770078004554000550e-02
-3.762467473648856142e-02
-3.754798815000048862e-02
-3.747072611988788715e-02
-3.739289452164662464e-02
-3.731449927244989695e-02
-3.723554633115710999e-02
-3.715604169830610815e-02
-3.707599141611916949e-02
-3.699540156850078532e-02
-3.691427828103388542e-02
-3.683262772098783167e-02
-3.675045609730864804e-02
-3.666776966062901266e-02
-3.658457470326270666e-02
-3.650087755920194965e-02
-3.641668460412583741e-02
-3.633200225538990580e-02
-3.624683697203567867e-02
-3.616119525478689312e-02
-3.607508364604483653e-02
-3.598850872989856065e-02
-3.590147713211244707e-02
-3.581399552013775356e-02
-3.572607060310750704e-02
-3.563770913183317290e-02
-3.554891789881220454e-02
-3.545970373821916155e-02
-3.537007352591436948e-02
-3.528003417944036713e-02
-3.518959265801857583e-02
-3.509875596255462860e-02
-3.500753113563370711e-02
-3.491592526152520470e-02
-3.482394546618139408e-02
-3.473159891723209824e-02
-3.463889282399357228e-02
-3.454583443745984361e-02
-3.445243105031026154e-02
-3.435868999690594450e-02
-3.426461865328622736e-02
-3.417022443717754321e-02
-3.407551480798232113e-02
-3.398049726679008842e-02
-3.388517935637103129e-02
-3.378956866117421853e-02
-3.369367280733515102e-02
-3.359749946266621379e-02
-3.350105633666555782e-02
-3.340435118051354735e-02
-3.330739178706831893e-02
-3.321018599087555145e-02
-3.311274166815580955e-02
-3.301506673681786630e-02
-3.291716915645093167e-02
-3.281905692832265409e-02
-3.272073809538778022e-02
-3.262222074227749680e-02
-3.252351299530875650e-02
-3.242462302248072525e-02
-3.232555903347100745e-02
-3.222632927964252936e-02
-3.212694205403709979e-02
-3.202740569138051718e-02
-3.192772856808190340e-02
-3.182791910222748655e-02
-3.172798575359037088e-02
-3.162793702362098891e-02
-3.152778145545598321e-02
-3.142752763391265525e-02
-3.132718418548674499e-02
-3.122675977836175676e-02
-3.112626312239674675e-02
-3.102570296913786940e-02
-3.092508811181193806e-02
-3.082442738532487070e-02
-3.072372966626812918e-02
-3.062300387291161385e-02
-3.052225896520988080e-02
-3.042148057452309651e-02
-3.032060220423837826e-02
-3.021962426701607640e-02
-3.011855251493544827e-02
-3.001739262866842672e-02
-2.991615021747739966e-02
-2.981483081920854872e-02
-2.971343990030206328e-02
-2.961198285578703349e-02
-2.951046500927856364e-02
-2.940889161298576582e-02
-2.930726784770221194e-02
-2.920559882281348330e-02
-2.910388957629539419e-02
-2.900214507470977310e-02
-2.890037021321179012e-02
-2.879856981554107520e-02
-2.869674863402993381e-02
-2.859491134960068237e-02
-2.849306257176120738e-02
-2.839120683861295902e-02
-2.828934861684229141e-02
-2.818749230172756803e-02
-2.808564221713738540e-02
-2.798380261552635417e-02
-2.788197767794220461e-02
-2.778017151401712681e-02
-2.767838816197687457e-02
-2.757663158863588038e-02
-2.747490568939414679e-02
-2.737321428824723846e-02
-2.727156113777295943e-02
-2.716994991914356561e-02
-2.706838424211976957e-02
-2.696686764504829803e-02
-2.686540359487032958e-02
-2.676399548711083654e-02
-2.666264664588791078e-02
-2.656136032390876700e-02
-2.646013970246685609e-02
-2.635898789144919263e-02
-2.625790792932725104e-02
-2.615690278316540329e-02
-2.605597534861736619e-02
-2.595512844992331480e-02
-2.585436483991565559e-02
-2.575368720001325329e-02
-2.565309814022609380e-02
-2.555260019915484015e-02
-2.545219584398550339e-02
-2.535188747049721414e-02
-2.525167740305511721e-02
-2.515156789461525655e-02
-2.505156112672524138e-02
-2.495165920951669669e-02
-2.485186418171569933e-02
-2.475217801063323009e-02
-2.465260259217272321e-02
-2.455313975082695777e-02
-2.445379123967450496e-02
-2.435455874038772173e-02
-2.425544386322409096e-02
-2.415644814703310495e-02
-2.405757305925404488e-02
-2.395881999591198408e-02
-2.386019028162533751e-02
-2.376168516959831223e-02
-2.366330584162623651e-02
-2.356505340809555982e-02
-2.346692890797652531e-02
-2.336893330883493825e-02
-2.327106750682106373e-02
-2.317333232667651011e-02
-2.307572852173400690e-02
-2.297825677391052146e-02
-2.288091769371813911e-02
-2.278371182025296093e-02
-2.268663962120354149e-02
-2.258970149284866835e-02
-2.249289776005181096e-02
-2.239622867627089065e-02
-2.229969442354917675e-02
-2.220329511252128185e-02
-2.210703078241205155e-02
-2.201090140103190151e-02
-2.191490686478458905e-02
-2.181904699865988562e-02
-2.172332155623890593e-02
-2.162773021969277565e-02
-2.153227259977796848e-02
-2.143694823584518794e-02
-2.134175659583004148e-02
-2.124669707626036796e-02
-2.115176900225357315e-02
-2.105697162751218876e-02
-2.096230413433408657e-02
-2.086776563360004388e-02
-2.077335516478473476e-02
-2.067907169595228911e-02
-2.058491412375140772e-02
-2.049088127342635346e-02
-2.039697189880385064e-02
-2.030318468230551954e-02
-2.020951823494154809e-02
-2.011597109630713920e-02
-2.002254173459250275e-02
-1.992922854657142029e-02
-1.983602985761134807e-02
-1.974294392166897616e-02
-1.964996892128567652e-02
-1.955710296759860523e-02
-1.946434410032715778e-02
-1.937169028778573665e-02
-1.927913942687697890e-02
-1.918668934308886964e-02
-1.909433779050451196e-02
-1.900208245179058064e-02
-1.890992093820675901e-02
-1.881785078960274138e-02
-1.872586947441279293e-02
-1.863397438966607478e-02
-1.854216286097554178e-02
-1.845043214254782349e-02
-1.835877941717856121e-02
-1.826720179624818918e-02
-1.817569631973292577e-02
-1.808425995619145077e-02
-1.799288960277689586e-02
-1.790158208523129346e-02
-1.781033415788169094e-02
-1.771914250364992061e-02
-1.762800373404205256e-02
-1.753691438915716549e-02
-1.744587093768290575e-02
-1.735486977689360000e-02
-1.726390723265736060e-02
-1.717297955942609367e-02
-1.708208294024560203e-02
-1.699121348675014520e-02
-1.690036723915977479e-02
-1.680954016628832814e-02
-1.671872816553732211e-02
-1.662792706289561995e-02
-1.653713261294453840e-02
-1.644634049885107530e-02
-1.635554633237490396e-02
-1.626474565386448745e-02
-1.617393393225430298e-02
-1.608310656507261349e-02
-1.599225887843269689e-02
-1.590138612704039556e-02
-1.581048349419034160e-02
-1.571954609176406947e-02
-1.562856896023567810e-02
-1.553754706866472546e-02
-1.544647531470388913e-02
-1.535534852459385924e-02
-1.526416145316245032e-02
-1.517290878383004138e-02
-1.508158512860324763e-02
-1.499018502807969444e-02
-1.489870295144779533e-02
-1.480713329648108978e-02
-1.471547038954668096e-02
-1.462370848559713110e-02
-1.453184176817678974e-02
-1.443986434942012842e-02
-1.434777027004718875e-02
-1.425555349937157601e-02
-1.416320793529191047e-02
-1.407072740429904378e-02
-1.397810566147383859e-02
-1.388533639048272761e-02
-1.379241320358537415e-02
-1.369932964162734468e-02
-1.360607917404521583e-02
-1.351265519886668542e-02
-1.341905104270413318e-02
-1.332525996076394659e-02
-1.323127513683775014e-02
-1.313708968330895566e-02
-1.304269664115087490e-02
-1.294808897992305585e-02
-1.285325959777772198e-02
-1.275820132145299990e-02
-1.266290690627858151e-02
-1.256736903617439172e-02
-1.247158032364603653e-02
-1.237553330979201949e-02
-1.227922046429741343e-02
-1.218263418543763521e-02
-1.208576680007933390e-02
-1.198861056367417355e-02
-1.189115766026749288e-02
-1.179340020248992316e-02
-1.169533023156416052e-02
-1.159693971730291207e-02
-1.149822055810373334e-02
-1.139916458095879825e-02
-1.129976354144507367e-02
-1.120000912373136925e-02
-1.109989294057694975e-02
-1.099940653332565077e-02
-1.089854162720615971e-02
-1.079735732903358558e-02
-1.069589699164469332e-02
-1.059415085970771830e-02
-1.049210920065574149e-02
-1.038976230469712547e-02
-1.028710048480496742e-02
-1.018411407672464852e-02
-1.008079343897205771e-02
-9.977128952828151487e-03
-9.873111022348779464e-03
-9.768730074355025383e-03
-9.663976558439701936e-03
-9.558840946966518093e-03
-9.453313735064139411e-03
-9.347385440636291065e-03
-9.241046604351377258e-03
-9.134287789650197276e-03
-9.027099582744169126e-03
-8.919472592609500872e-03
-8.811397450997959790e-03
-8.702864812424881968e-03
-8.593865354179608396e-03
-8.484389776320877541e-03
-8.374428801672773037e-03
-8.263973175834660179e-03
-8.153013667169639600e-03
-8.041541066814539285e-03
-7.929546188676139806e-03
-7.817019869426011791e-03
-7.703952968511174060e-03
-7.590336368142602819e-03
-7.476160973304779578e-03
-7.361417711752138437e-03
-7.246097534003959062e-03
-7.130191413355135843e-03
-7.013690345864020959e-03
-6.896585350363193534e-03
-6.778867468454463641e-03
-6.660527764505014270e-03
-6.541557325657310074e-03
-6.421947261817551045e-03
-6.301688705665858814e-03
-6.180772812651863513e-03
-6.059190760990401659e-03
-5.936933751671702453e-03
-5.813993008449591660e-03
-5.690359777851955458e-03
-5.566025329176133019e-03
-5.440980954484614385e-03
-5.315217968615337796e-03
-5.188727709169921321e-03
-5.061501536523849154e-03
-4.933530833822225015e-03
-4.804807006975247985e-03
-4.675321484668509830e-03
-4.545065718351365414e-03
-4.414031182247313279e-03
-4.282209373348278003e-03
-4.149591811413028131e-03
-4.016170038973421175e-03
-3.881935621330018238e-03
-3.746880146550474189e-03
-3.610995225475616133e-03
-3.474272491711907773e-03
-3.336703601638957295e-03
-3.198280234404965450e-03
-3.058994091925337777e-03
-2.918836898888596543e-03
-2.777800402748942243e-03
-2.635876373733608835e-03
-2.493056604838575496e-03
-2.349332911826915171e-03
-2.204697133234859163e-03
-2.059141130364330885e-03
-1.912656787290245575e-03
-1.765236010856298388e-03
-1.616870730673285184e-03
-1.467552899125118548e-03
-1.317274491361423994e-03
-1.166027505304839673e-03
-1.013803961646755902e-03
-8.605959038456845178e-04
-7.063953981332367349e-04
-5.511945335070073115e-04
-3.949854217365350584e-04
-2.377601973617155667e-04
-7.951101768851557422e-05
7.976993720348619227e-05
2.400904644698151347e-04
4.014583384923942067e-04
5.638813108839006716e-04
7.273671104909631979e-04
8.919234433854249244e-04
1.057557992875962638e-03
1.224278419496523107e-03
1.392092361012058077e-03
1.561007432421490648e-03
1.731031225948982677e-03
1.902171311055488034e-03
2.074435234427254859e-03
2.247830519981522390e-03
2.422364668869511628e-03
2.598045159467682330e-03
2.774879447389300147e-03
2.952874965472862545e-03
3.132039123787941359e-03
3.312379309638041613e-03
3.493902887551914027e-03
3.676617199295115213e-03
3.860529563858461355e-03
4.045647277463801372e-03
4.231977613566945129e-03
4.419527822848878795e-03
4.608305133227574846e-03
4.798316749846043283e-03
4.989569855078451743e-03
5.182071608532901053e-03
5.375829147042737732e-03
5.570849584678100319e-03
5.767140012734400800e-03
5.964707499738070018e-03
6.163559091449527516e-03
6.363701810854355267e-03
6.565142658175010526e-03
6.767888610859251752e-03
6.971946623585689728e-03
7.177323628267173738e-03
7.384026534041521206e-03
7.592062227283480347e-03
7.801437571593072828e-03
8.012159407801283661e-03
8.224234553973142070e-03
8.437669805398867462e-03
8.652471934605471260e-03
8.868647691345266093e-03
9.086203802601555690e-03
9.305146972590994103e-03
9.525483882757923570e-03
9.747221191779842364e-03
9.970365535562020209e-03
1.019492352723999629e-02
1.042090175718285439e-02
1.064830679298700566e-02
1.087714517948240589e-02
1.110742343872650473e-02
1.133914807000718783e-02
1.157232554984588546e-02
1.180696233199124423e-02
1.204306484742556638e-02
1.228063950435853702e-02
1.251969268823049930e-02
1.276023076171478587e-02
1.300226006471277840e-02
1.324578691435879252e-02
1.349081760501497085e-02
1.373735840827378096e-02
1.398541557296123505e-02
1.423499532513045063e-02
1.448610386806836736e-02
1.473874738228947434e-02
1.499293202553830806e-02
1.524866393279333820e-02
1.550594921625997324e-02
1.576479396537749933e-02
1.602520424681241895e-02
1.628718610446194814e-02
1.655074555945645898e-02
1.681588861015398395e-02
1.708262123214593364e-02
1.735094937825121253e-02
1.762087897851916107e-02
1.789241594023266435e-02
1.816556614790193480e-02
1.844033546327061845e-02
1.871672972531002177e-02
1.899475475022172066e-02
1.927441633144094668e-02
1.955572023963009221e-02
1.983867222268526076e-02
2.012327800572988323e-02
2.040954329111799304e-02
2.069747375843694615e-02
2.098707506450170346e-02
2.127835284336027089e-02
2.157131270628870334e-02
2.186596024179310316e-02
2.216230101561345034e-02
2.246034057071644163e-02
2.276008442730304004e-02
2.306153808280120288e-02
2.336470701186943444e-02
2.366959666639978366e-02
2.397621247551273704e-02
2.428455984555788483e-02
2.459464416011891696e-02
2.490647078000518544e-02
2.522004504326236241e-02
2.553537226516178205e-02
2.585245773820565862e-02
2.617130673213041714e-02
2.649192449389703441e-02
2.681431624770425071e-02
2.713848719497524709e-02
2.746444251436463979e-02
2.779218736176081173e-02
2.812172687027758577e-02
2.845306615026566011e-02
2.878621028930061776e-02
2.912116435218925492e-02
2.945793338097246750e-02
2.979652239491625831e-02
3.013693639052328344e-02
3.047918034152197198e-02
3.082325919887118904e-02
3.116917789076412149e-02
3.151694132261906311e-02
3.186655437709118299e-02
3.221802191406064608e-02
3.257134877063916356e-02
3.292653976117188019e-02
3.328359967722949175e-02
3.364253328761956929e-02
3.400334533837456874e-02
3.436604055275827019e-02
3.473062363126833141e-02
3.509709925162773914e-02
3.546547206879591130e-02
3.583574671495837194e-02
3.620792779953052598e-02
3.658201990916287727e-02
3.695802760773025941e-02
3.733595543634493641e-02
3.771580791334383509e-02
3.809758953429553952e-02
3.848130477200217836e-02
3.886695807649132028e-02
3.925455387502729820e-02
3.964409657209944093e-02
4.003559054942862350e-02
4.042904016596926553e-02
4.082444975790133768e-02
4.122182363864101973e-02
4.162116609883059759e-02
4.202248140634268214e-02
4.242577380628442807e-02
4.283104752098754187e-02
4.323830675002127144e-02
4.364755567017941651e-02
4.405879843548754504e-02
4.447203917720443656e-02
4.488728200381475464e-02
4.530453100103948305e-02
4.572379023182504554e-02
4.614506373634919001e-02
4.656835553202320899e-02
4.699366961348372396e-02
4.742100995260412066e-02
4.785038049848344688e-02
4.828178517745118636e-02
4.871522789307125567e-02
4.915071252613256725e-02
4.958824293466090882e-02
5.002782295390728606e-02
5.046945639635380676e-02
5.091314705171579025e-02
5.135889868693643834e-02
5.180671504619183132e-02
5.225659985088615400e-02
5.270855679965369411e-02
5.316258956836195093e-02
5.361870181010675029e-02
5.407689715521601936e-02
5.453717921124656698e-02
5.499955156298474979e-02
5.546401777245080211e-02
5.593058137889195258e-02
5.639924589878964056e-02
5.687001482585185563e-02
5.734289163101780051e-02
5.781787976246011151e-02
5.829498264557786413e-02
5.877420368300501075e-02
5.925554625460227598e-02
5.973901371746059841e-02
6.022460940590479428e-02
6.071233663148656312e-02
6.120219868299225929e-02
6.169419882643456532e-02
6.218834030505715482e-02
6.268462633933635786e-02
6.318306012697760821e-02
6.368364484291766381e-02
6.418638363932283042e-02
6.469127964558851751e-02
6.519833596834412326e-02
6.570755569144615116e-02
6.621894187598487136e-02
6.673249756027788138e-02
6.724822575987321471e-02
6.776612946755289357e-02
6.828621165332560139e-02
6.880847526443378825e-02
6.933292322534700958e-02
6.985952473875300939e-02
7.038820964797998236e-02
7.091897436436567226e-02
7.145181747900286595e-02
7.198673754296436300e-02
7.252373306730586222e-02
7.306280252307018053e-02
7.360394434127792707e-02
7.414715691293860544e-02
7.469243858904017763e-02
7.523978768055394895e-02
7.578920245843745462e-02
7.634068115362957485e-02
7.689422195705075680e-02
7.744982301960812165e-02
7.800748245218813715e-02
7.856719832566283479e-02
7.912896867088758945e-02
7.969279147869756663e-02
8.025866469991616015e-02
8.082658624534388991e-02
8.139655398577172463e-02
8.196856575196709294e-02
8.254261933468254320e-02
8.311871248465618756e-02
8.369684291260481857e-02
8.427700828923367915e-02
8.485920624522758082e-02
8.544343437125334617e-02
8.602969021796491589e-02
8.661797129599491107e-02
8.720827507596395911e-02
8.780059898847225597e-02
8.839494042410223074e-02
8.899129673342409674e-02
8.958966522698497137e-02
9.019004317532219872e-02
9.079242780895002696e-02
9.139681631836760189e-02
9.200320585406007723e-02
9.261159352649084298e-02
9.322197640611196157e-02
9.383435152335373175e-02
9.444871586863090585e-02
9.506506639234424405e-02
9.568340000487207675e-02
9.630371357658229492e-02
9.692600393782169199e-02
9.755026787891951656e-02
9.817650215019213533e-02
9.880470346193348519e-02
9.943486848442795178e-02
1.000669938479366028e-01
1.007010761427049594e-01
1.013371119189643288e-01
1.019750976869253645e-01
1.026150299167867264e-01
1.032569050387257548e-01
1.039007194429033554e-01
1.045464694794666638e-01
1.051941514585414961e-01
1.058437616502421186e-01
1.064952962846614781e-01
1.071487515518760869e-01
1.078041236019489091e-01
1.084614085449209231e-01
1.091206024508222239e-01
1.097817013496609206e-01
1.104447012314293541e-01
1.111095980461063171e-01
1.117763877036477282e-01
1.124450660739997332e-01
1.131156289870858256e-01
1.137880722328139527e-01
1.144623915610780696e-01
1.151385826817501457e-01
1.158166412646919330e-01
1.164965629397425317e-01
1.171783432967250516e-01
1.178619778854490541e-01
1.185474622157021152e-01
1.192347917572618154e-01
1.199239619398824175e-01
1.206149681533028595e-01
1.213078057472480875e-01
1.220024700314217281e-01
1.226989562755158580e-01
1.233972597092014567e-01
1.240973755221321806e-01
1.247992988639488043e-01
1.255030248442714491e-01
1.262085485327064660e-01
1.269158649588404408e-01
1.276249691122433028e-01
1.283358559424707668e-01
1.290485203590590046e-01
1.297629572315297519e-01
1.304791613893849789e-01
1.311971276221102212e-01
1.319168506791770223e-01
1.326383252700369386e-01
1.333615460641268680e-01
1.340865076908652753e-01
1.348132047396524147e-01
1.355416317598761022e-01
1.362717832609019464e-01
1.370036537120844500e-01
1.377372375427563522e-01
1.384725291422339577e-01
1.392095228598200229e-01
1.399482130047964290e-01
1.406885938464330632e-01
1.414306596139778271e-01
1.421744044966632980e-01
1.429198226437067287e-01
1.436669081643071610e-01
1.444156551276483125e-01
1.451660575628948013e-01
1.459181094591937011e-01
1.466718047656794255e-01
1.474271373914650685e-01
1.481841012056506202e-01
1.489426900373158613e-01
1.497028976755241381e-01
1.504647178693245824e-01
1.512281443277463389e-01
1.519931707198050042e-01
1.527597906744955214e-01
1.535279977807970653e-01
1.542977855876743742e-01
1.550691476040721994e-01
1.558420772989210779e-01
1.566165681011324473e-01
1.573926133996004229e-01
1.581702065432057935e-01
1.589493408408078068e-01
1.597300095612537163e-01
1.605122059333703444e-01
1.612959231459669684e-01
1.620811543478397621e-01
1.628678926477640232e-01
1.636561311145026121e-01
1.644458627767972914e-01
1.652370806233736111e-01
1.660297776029424632e-01
1.668239466241971947e-01
1.676195805558111651e-01
1.684166722264464067e-01
1.692152144247416334e-01
1.700151998993253422e-01
1.708166213588044879e-01
1.716194714717691472e-01
1.724237428667956262e-01
1.732294281324393559e-01
1.740365198172442174e-01
1.748450104297321062e-01
1.756548924384093713e-01
1.764661582717674815e-01
1.772788003182776961e-01
1.780928109263990589e-01
1.789081824045695157e-01
1.797249070212101341e-01
1.805429770047293214e-01
1.813623845435126114e-01
1.821831217859350982e-01
1.830051808403505564e-01
1.838285537750954379e-01
1.846532326184933126e-01
1.854792093588457647e-01
1.863064759444430507e-01
1.871350242835545519e-01
1.879648462444325485e-01
1.887959336553159950e-01
1.896282783044218601e-01
1.904618719399564508e-01
1.912967062701047549e-01
1.921327729630337711e-01
1.929700636468991704e-01
1.938085699098328618e-01
1.946482832999563151e-01
1.954891953253699022e-01
1.963312974541577827e-01
1.971745811143890137e-01
1.980190376941124430e-01
1.988646585413655909e-01
1.997114349641633257e-01
2.005593582305049694e-01
2.014084195683769618e-01
2.022586101657424251e-01
2.031099211705533758e-01
2.039623436907427312e-01
2.048158687942240874e-01
2.056704875088986029e-01
2.065261908226456722e-01
2.073829696833344727e-01
2.082408149988108637e-01
2.090997176369053800e-01
2.099596684254345647e-01
2.108206581521934186e-01
2.116826775649660597e-01
2.125457173715150638e-01
2.134097682395856843e-01
2.142748207969102925e-01
2.151408656311997181e-01
2.160078932901527971e-01
2.168758942814479340e-01
2.177448590727464328e-01
2.186147780916956052e-01
2.194856417259223313e-01
2.203574403230414980e-01
2.212301641906457839e-01
2.221038035963127655e-01
2.229783487676062492e-01
2.238537898920669456e-01
2.247301171172253476e-01
2.256073205505910728e-01
2.264853902596568602e-01
2.273643162719003463e-01
2.282440885747800685e-01
2.291246971157421264e-01
2.300061318022099677e-01
2.308883825015923819e-01
2.317714390412835002e-01
2.326552912086570224e-01
2.335399287510733224e-01
2.344253413758736748e-01
2.353115187503806993e-01
2.361984505019045777e-01
2.370861262177350604e-01
2.379745354451472394e-01
2.388636676913979962e-01
2.397535124237264448e-01
2.406440590693574855e-01
2.415352970154960310e-01
2.424272156093350006e-01
2.433198041580442172e-01
2.442130519287788459e-01
2.451069481486802815e-01
2.460014820048694872e-01
2.468966426444527684e-01
2.477924191745168869e-01
2.486888006621335023e-01
2.495857761343578396e-01
2.504833345782260245e-01
2.513814649407621893e-01
2.522801561289673700e-01
2.531793970098279445e-01
2.540791764103165207e-01
2.549794831173839427e-01
2.558803058779686168e-01
2.567816333989898503e-01
2.576834543473478512e-01
2.585857573499303896e-01
2.594885309936043605e-01
2.603917638252246647e-01
2.612954443516244396e-01
2.621995610396208320e-01
2.631041023160163306e-01
2.640090565675943246e-01
2.649144121411239894e-01
2.658201573433554010e-01
2.667262804410199806e-01
2.676327696608367113e-01
2.685396131895050331e-01
2.694467991737083956e-01
2.703543157201120373e-01
2.712621508953647620e-01
2.721702927261002714e-01
2.730787291989336119e-01
2.739874482604616190e-01
2.748964378172686907e-01
2.758056857359170166e-01
2.767151798429563492e-01
2.776249079249182294e-01
2.785348577283137672e-01
2.794450169596438549e-01
2.803553732853854008e-01
2.812659143320046518e-01
2.821766276859465350e-01
2.830875008936408754e-01
2.839985214615010634e-01
2.849096768559213899e-01
2.858209545032841525e-01
2.867323417899489968e-01
