-2.167321806860300626e-03
-2.167321739924510382e-03
-2.167321276587141909e-03
-2.167320040076248233e-03
-2.167317674619972934e-03
-2.167313841171303324e-03
-2.167308217374319668e-03
-2.167300497563751094e-03
-2.167290392774301466e-03
-2.167277630726438531e-03
-2.167261955839272503e-03
-2.167243129225226994e-03
-2.167221242355132915e-03
-2.167196600653564786e-03
-2.167169122222478705e-03
-2.167138719302297289e-03
-2.167105301086547087e-03
-2.167068773716973595e-03
-2.167029040295087583e-03
-2.166986000867066053e-03
-2.166939552437074923e-03
-2.166889588961939950e-03
-2.166836001347149931e-03
-2.166778677455738489e-03
-2.166717502098514103e-03
-2.166652357042941901e-03
-2.166583121007814583e-03
-2.166509669662364246e-03
-2.166431875633367810e-03
-2.166349608494044787e-03
-2.166262734775159515e-03
-2.166171117959692083e-03
-2.166074618478841529e-03
-2.165973093722683984e-03
-2.165866398028182260e-03
-2.165754382688955815e-03
-2.165636895951283947e-03
-2.165513783008776727e-03
-2.165384886016585853e-03
-2.165250044072752900e-03
-2.165109093235528803e-03
-2.164961866513603894e-03
-2.164808193864331542e-03
-2.164647902204830388e-03
-2.164480815398661662e-03
-2.164306754264710975e-03
-2.164125536576300135e-03
-2.163936977053637634e-03
-2.163740887377141320e-03
-2.163537076172783458e-03
-2.163325349024081135e-03
-2.163105508466323101e-03
-2.162877353983461148e-03
-2.162640682018768246e-03
-2.162395285961959956e-03
-2.162140956158964400e-03
-2.161877479908813626e-03
-2.161604641458314546e-03
-2.161322222014483430e-03
-2.161029999729446871e-03
-2.160727749712876289e-03
-2.160415244026658854e-03
-2.160092251681344777e-03
-2.159758538645917270e-03
-2.159413867837134404e-03
-2.159057999126634542e-03
-2.158690689340492241e-03
-2.158311692251668745e-03
-2.157920758593334654e-03
-2.157517636043770892e-03
-2.157102069239691389e-03
-2.156673799768693556e-03
-2.156232566167926024e-03
-2.155778103933414513e-03
-2.155310145507183250e-03
-2.154828420288357194e-03
-2.154332654627832966e-03
-2.153822571826502497e-03
-2.153297892142802539e-03
-2.152758332782500617e-03
-2.152203607907132721e-03
-2.151633428632226952e-03
-2.151047503020198093e-03
-2.150445536094114374e-03
-2.149827229822154351e-03
-2.149192283129153225e-03
-2.148540391893494217e-03
-2.147871248941779498e-03
-2.147184544059044242e-03
-2.146479963976766214e-03
-2.145757192384412093e-03
-2.145015909921887953e-03
-2.144255794180427444e-03
-2.143476519705256322e-03
-2.142677757996036547e-03
-2.141859177500649025e-03
-2.141020443625407665e-03
-2.140161218722180791e-03
-2.139281162101713818e-03
-2.138379930025191555e-03
-2.137457175704904344e-03
-2.136512549308910991e-03
-2.135545697954155386e-03
-2.134556265712239664e-03
-2.133543893609424202e-03
-2.132508219620632417e-03
-2.131448878676556191e-03
-2.130365502657882715e-03
-2.129257720399513332e-03
-2.128125157690341496e-03
-2.126967437269033923e-03
-2.125784178600209628e-03
-2.124573160278808714e-03
-2.123332481152928608e-03
-2.122062117034584361e-03
-2.120762044740320817e-03
-2.119432242098095998e-03
-2.118072687941063847e-03
-2.116683362113569444e-03
-2.115264245468262416e-03
-2.113815319863654452e-03
-2.112336568169448370e-03
-2.110827974260542916e-03
-2.109289523022583879e-03
-2.107721200350187729e-03
-2.106122993143388911e-03
-2.104494889313635042e-03
-2.102836877777347624e-03
-2.101148948461695198e-03
-2.099431092303261082e-03
-2.097683301243602472e-03
-2.095905568235689742e-03
-2.094097887237689193e-03
-2.092260253218514165e-03
-2.090392662156270731e-03
-2.088495111034260887e-03
-2.086567597846755717e-03
-2.084610121594332455e-03
-2.082622682286761062e-03
-2.080605280944114455e-03
-2.078557919590995340e-03
-2.076480601264307779e-03
-2.074373330005041538e-03
-2.072236110865377512e-03
-2.070068949906911371e-03
-2.067871854195990622e-03
-2.065644831811042081e-03
-2.063387891834356225e-03
-2.061101044360302836e-03
-2.058784300491778296e-03
-2.056437672336874911e-03
-2.054061173015764297e-03
-2.051654816652259683e-03
-2.049218618382475654e-03
-2.046752594351053389e-03
-2.044256761707607950e-03
-2.041731138613611662e-03
-2.039175744235288690e-03
-2.036590598749832282e-03
-2.033975723343406372e-03
-2.031331140207814911e-03
-2.028656872545830936e-03
-2.025952944565201364e-03
-2.023219381485086288e-03
-2.020456209533394443e-03
-2.017663455943008444e-03
-2.014841148959112260e-03
-2.011989317830309432e-03
-2.009107992817948940e-03
-2.006197205191462274e-03
-2.003256987225254804e-03
-2.000287372206033254e-03
-1.997288394424812097e-03
-1.994260089183574891e-03
-1.991202492793942014e-03
-1.988115642571841590e-03
-1.984999576845947189e-03
-1.981854334948351948e-03
-1.978679957223228314e-03
-1.975476485023275330e-03
-1.972243960706832056e-03
-1.968982427643428679e-03
-1.965691930207125182e-03
-1.962372513783838812e-03
-1.959024224768457501e-03
-1.955647110559288748e-03
-1.952241219569161856e-03
-1.948806601213215473e-03
-1.945343305918889598e-03
-1.941851385122816964e-03
-1.938330891265049871e-03
-1.934781877799940375e-03
-1.931204399184149878e-03
-1.927598510887307270e-03
-1.923964269387123949e-03
-1.920301732165397013e-03
-1.916610957718445363e-03
-1.912892005544231111e-03
-1.909144936154127947e-03
-1.905369811067592067e-03
-1.901566692808165371e-03
-1.897735644913245423e-03
-1.893876731923205270e-03
-1.889990019390497267e-03
-1.886075573876544453e-03
-1.882133462946633529e-03
-1.878163755179240724e-03
-1.874166520156927973e-03
-1.870141828473448342e-03
-1.866089751732191715e-03
-1.862010362539745500e-03
-1.857903734516552774e-03
-1.853769942286698225e-03
-1.849609061485901762e-03
-1.845421168758631936e-03
-1.841206341753442999e-03
-1.836964659131190558e-03
-1.832696200561034772e-03
-1.828401046716665590e-03
-1.824079279285850674e-03
-1.819730980958444988e-03
-1.815356235437270982e-03
-1.810955127433011569e-03
-1.806527742660879454e-03
-1.802074167850165054e-03
-1.797594490732690176e-03
-1.793088800052577980e-03
-1.788557185562478224e-03
-1.783999738019126369e-03
-1.779416549193557628e-03
-1.774807711859116566e-03
-1.770173319801449097e-03
-1.765513467815171822e-03
-1.760828251698320912e-03
-1.756117768263898427e-03
-1.751382115326771682e-03
-1.746621391714331395e-03
-1.741835697262494875e-03
-1.737025132811487182e-03
-1.732189800215389042e-03
-1.727329802331034614e-03
-1.722445243027559414e-03
-1.717536227182181463e-03
-1.712602860677092664e-03
-1.707645250407896498e-03
-1.702663504272949879e-03
-1.697657731183355168e-03
-1.692628041057631094e-03
-1.687574544819936406e-03
-1.682497354407175294e-03
-1.677396582759671517e-03
-1.672272343830050190e-03
-1.667124752578352798e-03
-1.661953924970704932e-03
-1.656759977985311494e-03
-1.651543029604463086e-03
-1.646303198821863489e-03
-1.641040605639965122e-03
-1.635755371065972241e-03
-1.630447617120056591e-03
-1.625117466825809487e-03
-1.619765044219123595e-03
-1.614390474343752047e-03
-1.608993883248421852e-03
-1.603575397995049556e-03
-1.598135146649193317e-03
-1.592673258288046512e-03
-1.587189862996885026e-03
-1.581685091866624759e-03
-1.576159077000482966e-03
-1.570611951505318515e-03
-1.565043849500513673e-03
-1.559454906113089123e-03
-1.553845257475039432e-03
-1.548215040731548697e-03
-1.542564394031442632e-03
-1.536893456534960123e-03
-1.531202368411532788e-03
-1.525491270834233859e-03
-1.519760305990214277e-03
-1.514009617069822511e-03
-1.508239348275264291e-03
-1.502449644817271945e-03
-1.496640652910663505e-03
-1.490812519784112666e-03
-1.484965393669934741e-03
-1.479099423811636171e-03
-1.473214760461694084e-03
-1.467311554876671309e-03
-1.461389959326986343e-03
-1.455450127086255208e-03
-1.449492212439951189e-03
-1.443516370682074168e-03
-1.437522758110709731e-03
-1.431511532038243217e-03
-1.425482850779591359e-03
-1.419436873661972243e-03
-1.413373761021352593e-03
-1.407293674197118705e-03
-1.401196775543400719e-03
-1.395083228416860166e-03
-1.388953197186126864e-03
-1.382806847228801317e-03
-1.376644344926236663e-03
-1.370465857674085797e-03
-1.364271553870421982e-03
-1.358061602925841882e-03
-1.351836175259579775e-03
-1.345595442294400534e-03
-1.339339576467701853e-03
-1.333068751219190773e-03
-1.326783141001208755e-03
-1.320482921274512833e-03
-1.314168268503612680e-03
-1.307839360167650788e-03
-1.301496374747745932e-03
-1.295139491738095394e-03
-1.288768891640867942e-03
-1.282384755962429068e-03
-1.275987267223332999e-03
-1.269576608946665353e-03
-1.263152965668035144e-03
-1.256716522931466962e-03
-1.250267467284738032e-03
-1.243805986290258403e-03
-1.237332268512525424e-03
-1.230846503529003932e-03
-1.224348881925241272e-03
-1.217839595290759469e-03
-1.211318836229602347e-03
-1.204786798347901033e-03
-1.198243676264643121e-03
-1.191689665607120752e-03
-1.185124963006600751e-03
-1.178549766108649699e-03
-1.171964273561143521e-03
-1.165368685024592565e-03
-1.158763201168033774e-03
-1.152148023664367749e-03
-1.145523355200794846e-03
-1.138889399466713748e-03
-1.132246361164823689e-03
-1.125594446004796190e-03
-1.118933860702053806e-03
-1.112264812985097606e-03
-1.105587296272747544e-03
-1.098900928237389607e-03
-1.092205739055551739e-03
-1.085501779018560597e-03
-1.078789098498011967e-03
-1.072067747940552707e-03
-1.065337777866770530e-03
-1.058599238877189208e-03
-1.051852181644385986e-03
-1.045096656921318257e-03
-1.038332715535661421e-03
-1.031560408389475825e-03
-1.024779786464535825e-03
-1.017990900814669253e-03
-1.011193802574084089e-03
-1.004388542951706320e-03
-9.975751732308468789e-04
-9.907537447746417314e-04
-9.839243090180582740e-04
-9.770869174765550724e-04
-9.702416217404197241e-04
-9.633884734743247691e-04
-9.565275244223236939e-04
-9.496588264014116376e-04
-9.427824313070765072e-04
-9.358983911119667098e-04
-9.290067578614502608e-04
-9.221075836812753224e-04
-9.152009207692435311e-04
-9.082868214024264475e-04
-9.013653379347230654e-04
-8.944365227926409645e-04
-8.875004284830678714e-04
-8.805571075853890761e-04
-8.736066127578157037e-04
-8.666489967352752899e-04
-8.596843123259700903e-04
-8.527126124178163735e-04
-8.457339499714500164e-04
-8.387483780263327304e-04
-8.317559496988646828e-04
-8.247567181782766710e-04
-8.177507367338465727e-04
-8.107380587074608513e-04
-8.037187375199428274e-04
-7.966928266688322324e-04
-7.896603797244994283e-04
-7.826214503379169685e-04
-7.755760922317778139e-04
-7.685243592084889386e-04
-7.614663051466186161e-04
-7.544019839981208619e-04
-7.473314497947747270e-04
-7.402547566410788704e-04
-7.331719587202467636e-04
-7.260831102923193114e-04
-7.189882656905566272e-04
-7.118874793278773261e-04
-7.047808056901416762e-04
-6.976682993418137357e-04
-6.905500149245180630e-04
-6.834260071518216684e-04
-6.762963308188374434e-04
-6.691610407923986870e-04
-6.620201920181645328e-04
-6.548738395191211481e-04
-6.477220383900861300e-04
-6.405648438074229567e-04
-6.334023110192710249e-04
-6.262344953524845437e-04
-6.190614522113557783e-04
-6.118832370720084235e-04
-6.046999054919455219e-04
-5.975115131007235902e-04
-5.903181156063364021e-04
-5.831197687944378316e-04
-5.759165285223466491e-04
-5.687084507289275059e-04
-5.614955914248209723e-04
-5.542780066995489641e-04
-5.470557527198494085e-04
-5.398288857242916627e-04
-5.325974620331019871e-04
-5.253615380381715383e-04
-5.181211702102173078e-04
-5.108764150973388318e-04
-5.036273293193560541e-04
-4.963739695779678662e-04
-4.891163926455388555e-04
-4.818546553748692673e-04
-4.745888146950871800e-04
-4.673189276072076126e-04
-4.600450511942910659e-04
-4.527672426099527137e-04
-4.454855590882433880e-04
-4.382000579394862427e-04
-4.309107965460579059e-04
-4.236178323722139538e-04
-4.163212229528756581e-04
-4.090210259033999485e-04
-4.017172989152495433e-04
-3.944100997522737018e-04
-3.870994862598120534e-04
-3.797855163540919676e-04
-3.724682480317209610e-04
-3.651477393655233605e-04
-3.578240485004602345e-04
-3.504972336633160879e-04
-3.431673531514856101e-04
-3.358344653428546600e-04
-3.284986286915536624e-04
-3.211599017237387610e-04
-3.138183430475005586e-04
-3.064740113414843314e-04
-2.991269653648820359e-04
-2.917772639530191725e-04
-2.844249660134134938e-04
-2.770701305353229227e-04
-2.697128165787265885e-04
-2.623530832840392790e-04
-2.549909898679203479e-04
-2.476265956190826234e-04
-2.402599599080623705e-04
-2.328911421761448164e-04
-2.255202019452728912e-04
-2.181471988124961126e-04
-2.107721924486938292e-04
-2.033952426042373585e-04
-1.960164091050209390e-04
-1.886357518509074183e-04
-1.812533308213626349e-04
-1.738692060684748908e-04
-1.664834377239632346e-04
-1.590960859949169803e-04
-1.517072111624773179e-04
-1.443168735873884279e-04
-1.369251337030169546e-04
-1.295320520223325333e-04
-1.221376891336889425e-04
-1.147421056995195920e-04
-1.073453624617914937e-04
-9.994752023517738948e-05
-9.254863991388362354e-05
-8.514878246754925550e-05
-7.774800893986522077e-05
-7.034638045408381224e-05
-6.294395820610754200e-05
-5.554080347144191299e-05
-4.813697760098351042e-05
-4.073254201968426469e-05
-3.332755823206787205e-05
-2.592208781558580366e-05
-1.851619242615801242e-05
-1.110993379680076665e-05
-3.703373733443364457e-06
3.703425877842406178e-06
1.111040307917067482e-05
1.851749583252002007e-05
2.592464202389246908e-05
3.333177946636400879e-05
4.073884589176485216e-05
4.814577896177646421e-05
5.555251625683627070e-05
6.295899528167142600e-05
7.036515346810212623e-05
7.777092816668024211e-05
8.517625665783318256e-05
9.258107614072003111e-05
9.998532373881041657e-05
1.073889365026531317e-04
1.147918514015355829e-04
1.221940053346137756e-04
1.295953351198031456e-04
1.369957774992741628e-04
1.443952691423250334e-04
1.517937466369717603e-04
1.591911465011197624e-04
1.665874051713783777e-04
1.739824590087091227e-04
1.813762443010902281e-04
1.887686972553148657e-04
1.961597540079962343e-04
2.035493506144792075e-04
2.109374230544469597e-04
2.183239072346687681e-04
2.257087389805900735e-04
2.330918540476012435e-04
2.404731881097965651e-04
2.478526767655531149e-04
2.552302555403895834e-04
2.626058598785285803e-04
2.699794251539988643e-04
2.773508866597274025e-04
2.847201796127574180e-04
2.920872391573570148e-04
2.994520003564982158e-04
3.068143982029591932e-04
3.141743676083053050e-04
3.215318434084679655e-04
3.288867603663259143e-04
3.362390531636005875e-04
3.435886564118473263e-04
3.509355046413809021e-04
3.582795323067711202e-04
3.656206737891742886e-04
3.729588633906710804e-04
3.802940353398454043e-04
3.876261237863443121e-04
3.949550628035147781e-04
4.022807863911515014e-04
4.096032284701123238e-04
4.169223228877583232e-04
4.242380034124026977e-04
4.315502037361418353e-04
4.388588574775198481e-04
4.461638981761439915e-04
4.534652592981247565e-04
4.607628742304137326e-04
4.680566762839122319e-04
4.753465986958582690e-04
4.826325746246640236e-04
4.899145371550783779e-04
4.971924192928578456e-04
5.044661539675976414e-04
5.117356740353407041e-04
5.190009122731376046e-04
5.262618013845421494e-04
5.335182739940047547e-04
5.407702626498700482e-04
5.480176998269303823e-04
5.552605179208747188e-04
5.624986492541173000e-04
5.697320260698024441e-04
5.769605805349686811e-04
5.841842447431022656e-04
5.914029507088081061e-04
5.986166303730278138e-04
6.058252155977661424e-04
6.130286381687555242e-04
6.202268297982871381e-04
6.274197221195487728e-04
6.346072466922869637e-04
6.417893349973113892e-04
6.489659184389928726e-04
6.561369283483720061e-04
6.633022959773859917e-04
6.704619525045862893e-04
6.776158290293654574e-04
6.847638565749547546e-04
6.919059660910886755e-04
6.990420884483983244e-04
7.061721544442400855e-04
7.132960947966449083e-04
7.204138401476489761e-04
7.275253210657361969e-04
7.346304680402315768e-04
7.417292114871854025e-04
7.488214817434890591e-04
7.559072090698171209e-04
7.629863236534584203e-04
7.700587556034310666e-04
7.771244349513706240e-04
7.841832916560820266e-04
7.912352555954349498e-04
7.982802565769109293e-04
8.053182243268341978e-04
8.123490884960338221e-04
8.193727786620641496e-04
8.263892243214332467e-04
8.333983549005941072e-04
8.404000997443983323e-04
8.473943881224244024e-04
8.543811492309760780e-04
8.613603121853108391e-04
8.683318060305200703e-04
8.752955597305378532e-04
8.822515021731369700e-04
8.891995621738146838e-04
8.961396684664668655e-04
9.030717497147122685e-04
9.099957345013454102e-04
9.169115513329995082e-04
9.238191286435881722e-04
9.307183947859787310e-04
9.376092780426503737e-04
9.444917066147029416e-04
9.513656086278521329e-04
9.582309121347609704e-04
9.650875451068241517e-04
9.719354354453813016e-04
9.787745109702816748e-04
9.856046994258793603e-04
9.924259284835867945e-04
9.992381257336591105e-04
1.006041218695852280e-03
1.012835134809098037e-03
1.019619801436388862e-03
1.026395145867886605e-03
1.033161095312484790e-03
1.039917576908799823e-03
1.046664517714290810e-03
1.053401844710921686e-03
1.060129484807381672e-03
1.066847364831313705e-03
1.073555411540305649e-03
1.080253551610343976e-03
1.086941711642142039e-03
1.093619818163249491e-03
1.100287797619947661e-03
1.106945576388462804e-03
1.113593080763641829e-03
1.120230236964947501e-03
1.126856971138567864e-03
1.133473209349533661e-03
1.140078877592820561e-03
1.146673901782246929e-03
1.153258207755580855e-03
1.159831721277981842e-03
1.166394368033119022e-03
1.172946073634939523e-03
1.179486763615678058e-03
1.186016363431963150e-03
1.192534798467814738e-03
1.199041994025540347e-03
1.205537875337725495e-03
1.212022367555354307e-03
1.218495395754026767e-03
1.224956884936179158e-03
1.231406760023090463e-03
1.237844945865873569e-03
1.244271367234484060e-03
1.250685948822938265e-03
1.257088615252199837e-03
1.263479291063740462e-03
1.269857900725868127e-03
1.276224368627620898e-03
1.282578619082097582e-03
1.288920576328567158e-03
1.295250164527472769e-03
1.301567307765871817e-03
1.307871930051440756e-03
1.314163955316027810e-03
1.320443351108036012e-03
1.326713090655018412e-03
1.332974772802475449e-03
1.339228057212871192e-03
1.345472606096742574e-03
1.351708084215808015e-03
1.357934158877305286e-03
1.364150499939209560e-03
1.370356779805237402e-03
1.376552673426956197e-03
1.382737858307336865e-03
1.388912014494536606e-03
1.395074824587783091e-03
1.401225973731712315e-03
1.407365149619366207e-03
1.413492042494413070e-03
1.419606345146373627e-03
1.425707752915172932e-03
1.431795963687365614e-03
1.437870677896357918e-03
1.443931598527070648e-03
1.449978431110165999e-03
1.456010883726932548e-03
1.462028667004844351e-03
1.468031494118227087e-03
1.474019080793587122e-03
1.479991145302061994e-03
1.485947408466525843e-03
1.491887593655372157e-03
1.497811426784068090e-03
1.503718636320039437e-03
1.509608953276009302e-03
1.515482111215549210e-03
1.521337846247972081e-03
1.527175897030552676e-03
1.532996004771192133e-03
1.538797913223977076e-03
1.544581368693620504e-03
1.550346120030354768e-03
1.556091918632596105e-03
1.561818518449609172e-03
1.567525675977510247e-03
1.573213150258601090e-03
1.578880702887808241e-03
1.584528098003579188e-03
1.590155102296098022e-03
1.595761485002622493e-03
1.601347017906595838e-03
1.606911475344308116e-03
1.612454634194016023e-03
1.617976273889487615e-03
1.623476176407123717e-03
1.628954126271953129e-03
1.634409910561185342e-03
1.639843318894662616e-03
1.645254143447072437e-03
1.650642178935513016e-03
1.656007222626820763e-03
1.661349074338902554e-03
1.666667536432742125e-03
1.671962413823946392e-03
1.677233513970977086e-03
1.682480646881812092e-03
1.687703625115277717e-03
1.692902263773499172e-03
1.698076380513446892e-03
1.703225795534502041e-03
1.708350331585339887e-03
1.713449813966594348e-03
1.718524070521310065e-03
1.723572931647154860e-03
1.728596230284873414e-03
1.733593801924504518e-03
1.738565484607601519e-03
1.743511118917906444e-03
1.748430547994894724e-03
1.753323617520008426e-03
1.758190175724205773e-03
1.763030073390403629e-03
1.767843163843707543e-03
1.772629302964290332e-03
1.777388349174735538e-03
1.782120163447586947e-03
1.786824609306236766e-03
1.791501552816932019e-03
1.796150862601431086e-03
1.800772409823236941e-03
1.805366068195590756e-03
1.809931713983470303e-03
1.814469225994264079e-03
1.818978485590427852e-03
1.823459376676828114e-03
1.827911785707847514e-03
1.832335601689383253e-03
1.836730716170187350e-03
1.841097023253635001e-03
1.845434419585512131e-03
1.849742804361786952e-03
1.854022079329276096e-03
1.858272148777428967e-03
1.862492919551206327e-03
1.866684301037535576e-03
1.870846205173304355e-03
1.874978546446248728e-03
1.879081241887181619e-03
1.883154211082205265e-03
1.887197376159166495e-03
1.891210661795872383e-03
1.895193995221644556e-03
1.899147306208437413e-03
1.903070527082828534e-03
1.906963592714472355e-03
1.910826440521873337e-03
1.914659010475494583e-03
1.918461245088431966e-03
1.922233089428404540e-03
1.925974491105986175e-03
1.929685400281266894e-03
1.933365769664741052e-03
1.937015554512422355e-03
1.940634712631617020e-03
1.944223204374706526e-03
1.947780992642256237e-03
1.951308042886346072e-03
1.954804323104353259e-03
1.958269803844059354e-03
1.961704458198987311e-03
1.965108261811288060e-03
1.968481192873960950e-03
1.971823232125302638e-03
1.975134362854458203e-03
1.978414570896092073e-03
1.981663844633274607e-03
1.984882174999924587e-03
1.988069555475702188e-03
1.991225982090893964e-03
1.994351453421083775e-03
1.997445970590483455e-03
2.000509537274375305e-03
2.003542159693338931e-03
2.006543846618580318e-03
2.009514609367046845e-03
2.012454461804091821e-03
2.015363420345916978e-03
2.018241503954243399e-03
2.021088734141418541e-03
2.023905134965531261e-03
2.026690733033076341e-03
2.029445557501174946e-03
2.032169640072911676e-03
2.034863015001553421e-03
2.037525719086108467e-03
2.040157791674657162e-03
2.042759274665018054e-03
2.045330212501417222e-03
2.047870652178707118e-03
2.050380643236593414e-03
2.052860237763853846e-03
2.055309490400336614e-03
2.057728458330965182e-03
2.060117201291289390e-03
2.062475781562600474e-03
2.064804263974595600e-03
2.067102715908264443e-03
2.069371207289671943e-03
2.071609810595509416e-03
2.073818600847987526e-03
2.075997655618389004e-03
2.078147055028178869e-03
2.080266881744785579e-03
2.082357220986041924e-03
2.084418160515300045e-03
2.086449790644762103e-03
2.088452204237478682e-03
2.090425496702241759e-03
2.092369765995583109e-03
2.094285112624660883e-03
2.096171639641486451e-03
2.098029452651362092e-03
2.099858659803333083e-03
2.101659371794850628e-03
2.103431701874658444e-03
2.105175765835465285e-03
2.106891682023936951e-03
2.108579571330260194e-03
2.110239557192805648e-03
2.111871765601458506e-03
2.113476325090513086e-03
2.115053366746888486e-03
2.116603024202357020e-03
2.118125433636652843e-03
2.119620733780358535e-03
2.121089065908687843e-03
2.122530573850367475e-03
2.123945403977645086e-03
2.125333705211396307e-03
2.126695629023789280e-03
2.128031329430957186e-03
2.129340963002324116e-03
2.130624688851723292e-03
2.131882668640949774e-03
2.133115066583313180e-03
2.134322049435644075e-03
2.135503786509174162e-03
2.136660449658434047e-03
2.137792213286582310e-03
2.138899254347625956e-03
2.139981752339759069e-03
2.141039889315354827e-03
2.142073849870085311e-03
2.143083821147806489e-03
2.144069992844110928e-03
2.145032557198334189e-03
2.145971709003546835e-03
2.146887645596784466e-03
2.147780566863044527e-03
2.148650675238616969e-03
2.149498175704422920e-03
2.150323275794452371e-03
2.151126185586882400e-03
2.151907117707629880e-03
2.152666287334348283e-03
2.153403912189322256e-03
2.154120212546573043e-03
2.154815411226973509e-03
2.155489733596027691e-03
2.156143407573640758e-03
2.156776663622572698e-03
2.157389734757764188e-03
2.157982856541451611e-03
2.158556267080946611e-03
2.159110207036185614e-03
2.159644919611292124e-03
2.160160650562570339e-03
2.160657648193620162e-03
2.161136163352228579e-03
2.161596449439695533e-03
2.162038762401508052e-03
2.162463360734889761e-03
2.162870505483915906e-03
2.163260460238625171e-03
2.163633491140792842e-03
2.163989866876825374e-03
2.164329858685754004e-03
2.164653740352129319e-03
2.164961788206909432e-03
2.165254281133233150e-03
2.165531500559758626e-03
2.165793730464660172e-03
2.166041257375184159e-03
2.166274370362319956e-03
2.166493361051013977e-03
2.166698523610399718e-03
2.166890154760015008e-03
2.167068553768469741e-03
2.167234022447672714e-03
2.167386865163489773e-03
2.167527388826417933e-03
2.167655902897802633e-03
2.167772719385396840e-03
2.167878152844249229e-03
2.167972520379812806e-03
2.168056141644836288e-03
2.168129338841140452e-03
2.168192436718285876e-03
2.168245762570908397e-03
2.168289646247600899e-03
2.168324420140699260e-03
2.168350419192943690e-03
2.168367980896146463e-03
2.168377445285862848e-03
2.168379154951161070e-03
2.168373455025740526e-03
2.168360693194149036e-03
2.168341219687786037e-03
2.168315387284458495e-03
2.168283551314154067e-03
2.168246069651491581e-03
2.168203302721938286e-03
2.168155613499145318e-03
2.168103367500506806e-03
2.168046932797818016e-03
2.167986680007061295e-03
2.167922982294179235e-03
2.167856215374186490e-03
2.167786757506284800e-03
2.167714989501856593e-03
2.167641294719135914e-03
2.167566059065428874e-03
2.167489670995781381e-03
2.167412521511202783e-03
2.167335004164439027e-03
2.167257515053755412e-03
2.167180452828709747e-03
2.167104218684379191e-03
2.167029216364024791e-03
2.166955852160423746e-03
2.166884534914981231e-03
2.166815676014621772e-03
2.166749689398894674e-03
2.166686991550648145e-03
2.166628001504911083e-03
2.166573140842675826e-03
2.166522833692674510e-03
2.166477506736264047e-03
2.166437589195879809e-03
2.166403512849246482e-03
2.166375712017831745e-03
2.166354623570843074e-03
2.166340686931444992e-03
2.166334344062992301e-03
2.166336039484129117e-03
2.166346220257686639e-03
