-2.258144484365764981e-02
-2.258144583926213755e-02
-2.258145238438569180e-02
-2.258146840365693464e-02
-2.258149608396564645e-02
-2.258153624743108878e-02
-2.258158835357804151e-02
-2.258165049932703283e-02
-2.258171941900766200e-02
-2.258179048434527658e-02
-2.258185770446896612e-02
-2.258191372591333845e-02
-2.258194579612826658e-02
-2.258192967516414740e-02
-2.258184118089623382e-02
-2.258165657295307938e-02
-2.258135253388005026e-02
-2.258090616912600268e-02
-2.258029500705571735e-02
-2.257949699894101769e-02
-2.257849051896965165e-02
-2.257725436424085075e-02
-2.257576775476088926e-02
-2.257401033345107777e-02
-2.257196216614065776e-02
-2.256960374157301885e-02
-2.256691597140658700e-02
-2.256388019020016955e-02
-2.256047815543560375e-02
-2.255669204749777279e-02
-2.255250446968704026e-02
-2.254789844821747380e-02
-2.254285743220663107e-02
-2.253736529369154695e-02
-2.253140632761452267e-02
-2.252496525183289577e-02
-2.251802720711681971e-02
-2.251057775714082609e-02
-2.250260288849936785e-02
-2.249408901068949973e-02
-2.248502295612775370e-02
-2.247539198013992490e-02
-2.246518376095751890e-02
-2.245438639973196260e-02
-2.244298842051728471e-02
-2.243097877028565890e-02
-2.241834681892029835e-02
-2.240508235920968261e-02
-2.239117560686221253e-02
-2.237661720048800262e-02
-2.236139820161664460e-02
-2.234551009468832561e-02
-2.232894478704716690e-02
-2.231169460895854328e-02
-2.229375231358998732e-02
-2.227511107702762061e-02
-2.225576449826816017e-02
-2.223570659921314530e-02
-2.221493182468448069e-02
-2.219343504240667286e-02
-2.217121154302192920e-02
-2.214825704008394069e-02
-2.212456767005077651e-02
-2.210013999230220350e-02
-2.207497098911792577e-02
-2.204905806569845694e-02
-2.202239905015357380e-02
-2.199499219349831947e-02
-2.196683616966854657e-02
-2.193793007550137730e-02
-2.190827343075341105e-02
-2.187786617809228673e-02
-2.184670868308913327e-02
-2.181480173423677726e-02
-2.178214654292931485e-02
-2.174874474347943121e-02
-2.171459445267265309e-02
-2.167966155082368118e-02
-2.164394414142778444e-02
-2.160745037705558147e-02
-2.157018842096025679e-02
-2.153216644707178773e-02
-2.149339263998584215e-02
-2.145387519498687112e-02
-2.141362231802013127e-02
-2.137264222571877426e-02
-2.133094314538785952e-02
-2.128853331500213386e-02
-2.124542098322068640e-02
-2.120161440936874087e-02
-2.115712186345497514e-02
-2.111195162616130716e-02
-2.106611198884067448e-02
-2.101961125352636017e-02
-2.097245773292710780e-02
-2.092465975042268056e-02
-2.087622564007540760e-02
-2.082716374661330860e-02
-2.077748242544785739e-02
-2.072719004266554421e-02
-2.067629497502254665e-02
-2.062480560995805234e-02
-2.057273034557827174e-02
-2.052007759067109305e-02
-2.046685576469986501e-02
-2.041307329779895596e-02
-2.035873863078307977e-02
-2.030386021513708172e-02
-2.024844651302570853e-02
-2.019250599728961149e-02
-2.013604715144001744e-02
-2.007907846966894283e-02
-2.002160845683764734e-02
-1.996364562848906843e-02
-1.990519851084027181e-02
-1.984627564077978690e-02
-1.978688556587693270e-02
-1.972703684437115967e-02
-1.966673804518093149e-02
-1.960599774790106054e-02
-1.954482454279737880e-02
-1.948322703081650786e-02
-1.942121382357431258e-02
-1.935879354336700331e-02
-1.929597482316669499e-02
-1.923276630661607811e-02
-1.916917664803907684e-02
-1.910521451242797042e-02
-1.904088857545760405e-02
-1.897620752347606299e-02
-1.891118005350378439e-02
-1.884581487324066273e-02
-1.878012070105894438e-02
-1.871410626600722438e-02
-1.864778030781311102e-02
-1.858115157687301178e-02
-1.851422883426501187e-02
-1.844702085173688388e-02
-1.837953641171630181e-02
-1.831178430730640017e-02
-1.824377334228177716e-02
-1.817551233109826470e-02
-1.810701009887782931e-02
-1.803827548142855619e-02
-1.796931732522955016e-02
-1.790014448743226794e-02
-1.783076583586939989e-02
-1.776119024904243560e-02
-1.769142661613321010e-02
-1.762148383700035126e-02
-1.755137082217173017e-02
-1.748109649285733980e-02
-1.741066978093508411e-02
-1.734009962896498891e-02
-1.726939499018209645e-02
-1.719856482849202450e-02
-1.712761811848162452e-02
-1.705656384540565895e-02
-1.698541100520190028e-02
-1.691416860448224924e-02
-1.684284566052918208e-02
-1.677145120130729694e-02
-1.669999426544865884e-02
-1.662848390226745465e-02
-1.655692917175333179e-02
-1.648533914456562499e-02
-1.641372290204579087e-02
-1.634208953620364113e-02
-1.627044814973022113e-02
-1.619880785599203676e-02
-1.612717777902661354e-02
-1.605556705355182245e-02
-1.598398482495388961e-02
-1.591244024930249523e-02
-1.584094249334100368e-02
-1.576950073448291079e-02
-1.569812416082427831e-02
-1.562682197112907900e-02
-1.555560337484296340e-02
-1.548447759208615437e-02
-1.541345385365078258e-02
-1.534254140100888009e-02
-1.527174948630216633e-02
-1.520108737235315033e-02
-1.513056433265980161e-02
-1.506018965139022114e-02
-1.498997262339507586e-02
-1.491992255419161140e-02
-1.485004875998052754e-02
-1.478036056763798456e-02
-1.471086731470627740e-02
-1.464157834941515191e-02
-1.457250303066004449e-02
-1.450365072801718114e-02
-1.443503082173958063e-02
-1.436665270274861683e-02
-1.429852577265000591e-02
-1.423065944371559866e-02
-1.416306313889981183e-02
-1.409574629183296679e-02
-1.402871834681240770e-02
-1.396198875882248558e-02
-1.389556699351057745e-02
-1.382946252721017899e-02
-1.376368484692713778e-02
-1.369824345033743285e-02
-1.363314784580005323e-02
-1.356840755234278717e-02
-1.350403209967376839e-02
-1.344003102817747930e-02
-1.337640179809751473e-02
-1.331311605739982085e-02
-1.325017307823728174e-02
-1.318757397854941615e-02
-1.312531982621711890e-02
-1.306341163905644365e-02
-1.300185038483059330e-02
-1.294063698124547912e-02
-1.287977229594217121e-02
-1.281925714651155346e-02
-1.275909230047655996e-02
-1.269927847530816223e-02
-1.263981633842048424e-02
-1.258070650716147654e-02
-1.252194954882979161e-02
-1.246354598065657626e-02
-1.240549626982012654e-02
-1.234780083344100277e-02
-1.229046003857625635e-02
-1.223347420223142024e-02
-1.217684359134496574e-02
-1.212056842280340163e-02
-1.206464886343461274e-02
-1.200908503000297500e-02
-1.195387698922223407e-02
-1.189902475773774171e-02
-1.184452830214288710e-02
-1.179038753897510006e-02
-1.173660233470563696e-02
-1.168317250575467980e-02
-1.163009781847623714e-02
-1.157737798917235494e-02
-1.152501268408601121e-02
-1.147300151939667501e-02
-1.142134406123229695e-02
-1.137003982565465421e-02
-1.131908827867311729e-02
-1.126848883623798869e-02
-1.121824086423695022e-02
-1.116834367850527698e-02
-1.111879654481207069e-02
-1.106959867887402638e-02
-1.102074924635010333e-02
-1.097224736283486379e-02
-1.092409209387046332e-02
-1.087628245493510448e-02
-1.082881741145236276e-02
-1.078169587878896607e-02
-1.073491672224635707e-02
-1.068847875707490402e-02
-1.064238074846057813e-02
-1.059662141153427939e-02
-1.055119941136961614e-02
-1.050611336297690990e-02
-1.046136183131385344e-02
-1.041694333127241023e-02
-1.037285632769280319e-02
-1.032909923535596519e-02
-1.028567041897932022e-02
-1.024256819322744150e-02
-1.019979082270228155e-02
-1.015733652194938941e-02
-1.011520345545813271e-02
-1.007338973765348200e-02
-1.003189343290800117e-02
-9.990712555530301131e-03
-9.949845069773921580e-03
-9.909288889836442848e-03
-9.869041879848827747e-03
-9.829101853892963092e-03
-9.789466575984118180e-03
-9.750133760084045420e-03
-9.711101070097205579e-03
-9.672366119862552125e-03
-9.633926473169074356e-03
-9.595779643740254272e-03
-9.557923095245168810e-03
-9.520354241295825304e-03
-9.483070445438723794e-03
-9.446069021171066282e-03
-9.409347231922993160e-03
-9.372902291071349978e-03
-9.336731361935912687e-03
-9.300831557771171987e-03
-9.265199941780988269e-03
-9.229833527103936675e-03
-9.194729276824187281e-03
-9.159884103969284652e-03
-9.125294871500599925e-03
-9.090958392329984150e-03
-9.056871429303781085e-03
-9.023030695213707375e-03
-8.989432852794410067e-03
-8.956074514715695045e-03
-8.922952243597181976e-03
-8.890062551990984829e-03
-8.857401902397699089e-03
-8.824966707259740417e-03
-8.792753328954017178e-03
-8.760758079807917653e-03
-8.728977222081102383e-03
-8.697406967982157511e-03
-8.666043479660823223e-03
-8.634882869201110367e-03
-8.603921198638175838e-03
-8.573154479939670836e-03
-8.542578675021283985e-03
-8.512189695740524087e-03
-8.481983403889170603e-03
-8.451955611210371089e-03
-8.422102079378435135e-03
-8.392418520017042027e-03
-8.362900594691247136e-03
-8.333543914900598537e-03
-8.304344042095346268e-03
-8.275296487658012623e-03
-8.246396712919601413e-03
-8.217640129152714579e-03
-8.189022097564224723e-03
-8.160537929312372540e-03
-8.132182885487004853e-03
-8.103952177126894085e-03
-8.075840965212188749e-03
-8.047844360657530061e-03
-8.019957424328483242e-03
-7.992175167022441684e-03
-7.964492549485502337e-03
-7.936904482406026418e-03
-7.909405826405757622e-03
-7.881991392058029788e-03
-7.854655939868004921e-03
-7.827394180290214720e-03
-7.800200773718124481e-03
-7.773070330483022872e-03
-7.745997410865346211e-03
-7.718976525077581030e-03
-7.692002133282027643e-03
-7.665068645579919959e-03
-7.638170422010093219e-03
-7.611301772558753953e-03
-7.584456957151486378e-03
-7.557630185652142174e-03
-7.530815617871944312e-03
-7.504007363557274601e-03
-7.477199482401664099e-03
-7.450385984038243592e-03
-7.423560828039077464e-03
-7.396717923922491167e-03
-7.369851131141968992e-03
-7.342954259099254699e-03
-7.316021067135247691e-03
-7.289045264529114831e-03
-7.262020510506728144e-03
-7.234940414229784622e-03
-7.207798534807130508e-03
-7.180588381287433819e-03
-7.153303412656963900e-03
-7.125937037849583433e-03
-7.098482615735202117e-03
-7.070933455128658451e-03
-7.043282814787277246e-03
-7.015523903405096462e-03
-6.987649879623525351e-03
-6.959653852019132003e-03
-6.931528879114967623e-03
-6.903267969376347679e-03
-6.874864081204190569e-03
-6.846310122947674159e-03
-6.817598952891579245e-03
-6.788723379265837465e-03
-6.759675480658033919e-03
-6.730435723555583394e-03
-6.700992841257802368e-03
-6.671340288903704341e-03
-6.641471520109076820e-03
-6.611379986964038835e-03
-6.581059140025158349e-03
-6.550502428327886761e-03
-6.519703299374568495e-03
-6.488655199143655850e-03
-6.457351572088043667e-03
-6.425785861127075727e-03
-6.393951507658979239e-03
-6.361841951549096486e-03
-6.329450631138766603e-03
-6.296770983243438202e-03
-6.263796443145563941e-03
-6.230520444606146846e-03
-6.196936419853082967e-03
-6.163037799590709298e-03
-6.128818012997250264e-03
-6.094270487718045359e-03
-6.059388649876873423e-03
-6.024165924064517341e-03
-5.988595733347978900e-03
-5.952671499269035493e-03
-5.916386641834137095e-03
-5.879734579531281646e-03
-5.842708729313805804e-03
-5.805302506611709212e-03
-5.767509325329212011e-03
-5.729322597835762032e-03
-5.690735734982355076e-03
-5.651742146084770546e-03
-5.612335238935894921e-03
-5.572508419802835178e-03
-5.532255093418037006e-03
-5.491568662995049976e-03
-5.450442530212762371e-03
-5.408870095226614438e-03
-5.366844756666822036e-03
-5.324359911628273601e-03
-5.281408955687516560e-03
-5.237985282886326033e-03
-5.194082285743029104e-03
-5.149693355250395399e-03
-5.104811880866311213e-03
-5.059431250530321833e-03
-5.013544850646645124e-03
-4.967146066096495005e-03
-4.920228280235638962e-03
-4.872784874884961148e-03
-4.824809230346782662e-03
-4.776294725387209006e-03
-4.727234737251340135e-03
-4.677622641657608327e-03
-4.627451812789229457e-03
-4.576715623311744530e-03
-4.525407444353923836e-03
-4.473520645524087236e-03
-4.421048594902998730e-03
-4.367984659036816542e-03
-4.314322202954024021e-03
-4.260054590146111764e-03
-4.205175182584119931e-03
-4.149677340711754869e-03
-4.093554423438061640e-03
-4.036799788154299407e-03
-3.979406790714734576e-03
-3.921368785453238637e-03
-3.862679125176293748e-03
-3.803331161155887319e-03
-3.743318243146054325e-03
-3.682633719363781477e-03
-3.621270936505882609e-03
-3.559223239741671208e-03
-3.496483972705854981e-03
-3.433046477515244721e-03
-3.368904094749824996e-03
-3.304050163469129942e-03
-3.238478021205248858e-03
-3.172181003955776291e-03
-3.105152446200465377e-03
-3.037385680881909966e-03
-2.968874039422531030e-03
-2.899610851717249194e-03
-2.829589446126656860e-03
-2.758803149492894402e-03
-2.687245287121775572e-03
-2.614909182798830223e-03
-2.541788158780505791e-03
-2.467875535791363983e-03
-2.393164633034405853e-03
-2.317648768183605545e-03
-2.241321257381828636e-03
-2.164175415250102485e-03
-2.086204554875958905e-03
-2.007401987825063738e-03
-1.927761024134277967e-03
-1.847274972309354002e-03
-1.765937139334039507e-03
-1.683740830658725374e-03
-1.600679350211908769e-03
-1.516746000393309757e-03
-1.431934082071345538e-03
-1.346236894592761635e-03
-1.259647735770696997e-03
-1.172159901896466239e-03
-1.083766687732592993e-03
-9.944613865103674177e-04
-9.042372899393247287e-04
-8.130876881954074431e-04
-7.210058699327753784e-04
-6.279851222767834917e-04
-5.340187308215185724e-04
-4.390999796393332821e-04
-3.432221512694802468e-04
-2.463785267275316049e-04
-1.485623855030492740e-04
-4.976700555248732977e-05
5.001433668850707032e-05
1.507883663192828572e-04
2.525618099600314415e-04
3.553413957588444361e-04
4.591338533968952751e-04
5.639459140743471877e-04
6.697843105291090282e-04
7.766557770180759768e-04
8.845670493265456180e-04
9.935248647728600613e-04
1.103535962194340803e-03
1.214607081966093127e-03
1.326744965982215585e-03
1.439956357665125863e-03
1.554248001970390258e-03
1.669626645372512819e-03
1.786099035883753627e-03
1.903671923035393787e-03
2.022352057887061294e-03
2.142146193031491119e-03
2.263061082580314354e-03
2.385103482183043022e-03
2.508280149008085269e-03
2.632597841752265522e-03
2.758063320645515182e-03
2.884683347436634016e-03
3.012464685412302723e-03
3.141414099378098124e-03
3.271538355668068832e-03
3.402844222149259412e-03
3.535338468207749330e-03
3.669027864767304692e-03
3.803919184270698750e-03
3.940019200689204304e-03
4.077334689526979083e-03
4.215872427807298983e-03
4.355639194091209809e-03
4.496641768458542465e-03
4.638886932517793937e-03
4.782381469410290631e-03
4.927132163796532627e-03
5.073145801874623384e-03
5.220429171361729015e-03
5.368989061503404159e-03
5.518832263078254918e-03
5.669965568383839027e-03
5.822395771255595154e-03
5.976129667047747063e-03
6.131174052643073580e-03
6.287535726456405794e-03
6.445221488425301182e-03
6.604238140019536019e-03
6.764592484231501945e-03
6.926291325581146463e-03
7.089341470120469335e-03
7.253749725424196715e-03
7.419522900599273552e-03
7.586667806275371184e-03
7.755191254609439255e-03
7.925100059290868248e-03
8.096401035531330947e-03
8.269101000075163022e-03
8.443206771189037951e-03
8.618725168667351610e-03
8.795663013836274580e-03
8.974027129544981385e-03
9.153824340174865348e-03
9.335061471629768626e-03
9.517745351341200255e-03
9.701882808272666026e-03
9.887480672910675672e-03
1.007454577727340261e-02
1.026308495490202422e-02
1.045310504086538472e-02
1.064461287176399207e-02
1.083761528572135813e-02
1.103211912239321357e-02
1.122813122295795996e-02
1.142565843012122162e-02
1.162470758812095273e-02
1.182528554271777832e-02
1.202739914120454223e-02
1.223105523239687020e-02
1.243626066663749974e-02
1.264302229580172021e-02
1.285134697328749187e-02
1.306124155402454967e-02
1.327271289446552149e-02
1.348576785259092414e-02
1.370041328791260504e-02
1.391665606146597067e-02
1.413450303581786915e-02
1.435396107505837460e-02
1.457503704480478390e-02
1.479773781220661277e-02
1.502207024593582574e-02
1.524804121619693920e-02
1.547565759471702940e-02
1.570492625475039539e-02
1.593585407108399910e-02
1.616844792002714026e-02
1.640271467942122641e-02
1.663866122863044694e-02
1.687629444854665817e-02
1.711562122159338006e-02
1.735664843171946803e-02
1.759938296439766958e-02
1.784383170663517149e-02
1.809000154695805662e-02
1.833789937543006676e-02
1.858753208363395082e-02
1.883890656468101277e-02
1.909202971321521947e-02
1.934690842540021105e-02
1.960354959893662041e-02
1.986196013304475372e-02
2.012214692847269504e-02
2.038411688750185746e-02
2.064787691393299429e-02
2.091343391310385158e-02
2.118079479187162661e-02
2.144996645862229379e-02
2.172095582327382424e-02
2.199376979726430648e-02
2.226841529356882177e-02
2.254489922668212465e-02
2.282322851262619245e-02
2.310341006895733074e-02
2.338545081475040810e-02
2.366935767061750795e-02
2.395513755869038697e-02
2.424279740262869076e-02
2.453234412762594907e-02
2.482378466039381060e-02
2.511712592918180498e-02
2.541237486375869103e-02
2.570953839542156061e-02
2.600862345700072353e-02
2.630963698284505270e-02
2.661258590884152397e-02
2.691747717239634241e-02
2.722431771244337995e-02
2.753311446944994856e-02
2.784387438540258941e-02
2.815660440382505847e-02
2.847131146976056293e-02
2.878800252978042096e-02
2.910668453198939076e-02
2.942736442601101565e-02
2.975004916300605373e-02
3.007474569565515843e-02
3.040146097816687210e-02
3.073020196628273304e-02
3.106097561726328671e-02
3.139378888990718153e-02
3.172864874453207307e-02
3.206556214298350582e-02
3.240453604864002024e-02
3.274557742640005209e-02
3.308869324269858581e-02
3.343389046549050114e-02
3.378117606425878883e-02
3.413055701001987963e-02
3.448204027530810123e-02
3.483563283419655043e-02
3.519134166227688709e-02
3.554917373666954816e-02
3.590913603602752247e-02
3.627123554052280596e-02
3.663547923186571964e-02
3.700187409328536958e-02
3.737042710953852875e-02
3.774114526691585425e-02
3.811403555322678827e-02
3.848910495781843188e-02
3.886636047155689333e-02
3.924580908683639180e-02
3.962746033179054272e-02
4.001140050599416575e-02
4.039767030481900001e-02
4.078627126350897747e-02
4.117720486413367631e-02
4.157047253559187361e-02
4.196607565360355174e-02
4.236401554071922426e-02
4.276429346630927775e-02
4.316691064656952292e-02
4.357186824452630169e-02
4.397916737002627308e-02
4.438880907974573908e-02
4.480079437718287316e-02
4.521512421265971859e-02
4.563179948332996005e-02
4.605082103316671116e-02
4.647218965297295057e-02
4.689590608037352837e-02
4.732197099981805266e-02
4.775038504258577454e-02
4.818114878677670632e-02
4.861426275732183555e-02
4.904972742597202284e-02
4.948754321130333089e-02
4.992771047872235357e-02
5.037022954045577983e-02
5.081510065556082978e-02
5.126232402991526271e-02
5.171189981622226206e-02
5.216382811401509834e-02
5.261810896964758122e-02
5.307474237630316338e-02
5.353372827398672484e-02
5.399506654952790363e-02
5.445875703658686895e-02
5.492479951564388507e-02
5.539319371400996950e-02
5.586393930581623479e-02
5.633703591201921768e-02
5.681248310040576399e-02
5.729028038558325875e-02
5.777042722898872995e-02
5.825292303888063294e-02
5.873776717034218109e-02
5.922495892528689687e-02
5.971449755244928603e-02
6.020638224739305322e-02
6.070061215250288633e-02
6.119718635698934150e-02
6.169610389689261787e-02
6.219736375507545212e-02
6.270096486122267443e-02
6.320690609185253273e-02
6.371518627029959525e-02
6.422580416673051573e-02
6.473875849813515160e-02
6.525404792832567580e-02
6.577167106794612472e-02
6.629162647445729917e-02
6.681391265215563813e-02
6.733852805215478909e-02
6.786547107239471188e-02
6.839474005764589748e-02
6.892633329949626741e-02
6.946024903636915937e-02
6.999648545350445339e-02
7.053504068296945206e-02
7.107591280366110098e-02
7.161909984129444240e-02
7.216459976841882451e-02
7.271241050440169218e-02
7.326252991543658055e-02
7.381495581454755595e-02
7.436968596157633726e-02
7.492671806319917138e-02
7.548604977290995777e-02
7.604767869102913025e-02
7.661160236470809792e-02
7.717781828791414611e-02
7.774632390145086447e-02
7.831711659293949523e-02
7.889019369682692684e-02
7.946555249439057889e-02
8.004319021372552356e-02
8.062310402976180512e-02
8.120529106424712040e-02
8.178974838575525652e-02
8.237647300969053177e-02
8.296546189827491702e-02
8.355671196056535521e-02
8.415022005243599779e-02
8.474598297658708645e-02
8.534399748255028229e-02
8.594426026667401075e-02
8.654676797214211348e-02
8.715151718895564059e-02
8.775850445394128840e-02
8.836772625075806076e-02
8.897917900988039364e-02
8.959285910861947144e-02
9.020876287110235481e-02
9.082688656828397100e-02
9.144722641794844620e-02
9.206977858469844733e-02
9.269453917997028114e-02
9.332150426201968330e-02
9.395066983592670340e-02
9.458203185360325449e-02
9.521558621377845810e-02
9.585132876201551966e-02
9.648925529069618534e-02
9.712936153902873571e-02
9.777164319305020612e-02
9.841609588561750499e-02
9.906271519642073642e-02
9.971149665196810119e-02
1.003624357255938904e-01
1.010155278374642585e-01
1.016707683545603480e-01
1.023281525906996059e-01
1.029876758065180198e-01
1.036493332094758912e-01
1.043131199538658294e-01
1.049790311407963195e-01
1.056470618182121513e-01
1.063172069808744347e-01
1.069894615703717022e-01
1.076638204751216854e-01
1.083402785303628768e-01
1.090188305181634121e-01
1.096994711674130762e-01
1.103821951538259682e-01
1.110669970999476064e-01
1.117538715751433820e-01
1.124428130956074412e-01
1.131338161243560236e-01
1.138268750712314592e-01
1.145219842929043885e-01
1.152191380928675457e-01
1.159183307214424197e-01
1.166195563757717046e-01
1.173228091998246292e-01
1.180280832843982886e-01
1.187353726671118714e-01
1.194446713324142095e-01
1.201559732115753398e-01
1.208692721826891692e-01
1.215845620706823560e-01
1.223018366472996554e-01
1.230210896311159097e-01
1.237423146875280544e-01
1.244655054287582274e-01
1.251906554138582095e-01
1.259177581486996544e-01
1.266468070859856354e-01
1.273777956252386545e-01
1.281107171128077482e-01
1.288455648418715960e-01
1.295823320524287503e-01
1.303210119313087390e-01
1.310615976121614068e-01
1.318040821754613567e-01
1.325484586485154992e-01
1.332947200054488412e-01
1.340428591672173653e-01
1.347928690015973707e-01
1.355447423231912474e-01
1.362984718934310280e-01
1.370540504205695065e-01
1.378114705596895639e-01
1.385707249126939544e-01
1.393318060283124105e-01
1.400947064021034194e-01
1.408594184764462298e-01
1.416259346405506214e-01
1.423942472304466911e-01
1.431643485289892936e-01
1.439362307658655915e-01
1.447098861175812878e-01
1.454853067074717288e-01
1.462624846056947980e-01
1.470414118292326933e-01
1.478220803418976992e-01
1.486044820543246381e-01
1.493886088239713139e-01
1.501744524551265059e-01
1.509620046988975339e-01
1.517512572532249138e-01
1.525422017628685900e-01
1.533348298194132653e-01
1.541291329612755057e-01
1.549251026736877535e-01
1.557227303887191994e-01
1.565220074852562426e-01
1.573229252890091523e-01
1.581254750725218372e-01
1.589296480551540824e-01
1.597354354031015333e-01
1.605428282293757114e-01
1.613518175938164489e-01
1.621623945030927771e-01
1.629745499106918238e-01
1.637882747169352449e-01
1.646035597689623486e-01
1.654203958607389779e-01
1.662387737330615067e-01
1.670586840735430734e-01
1.678801175166326765e-01
1.687030646435974113e-01
1.695275159825277989e-01
1.703534620083480000e-01
1.711808931427980518e-01
1.720097997544538515e-01
1.728401721587080608e-01
1.736720006177798759e-01
1.745052753407185797e-01
1.753399864833924404e-01
1.761761241485024776e-01
1.770136783855691398e-01
1.778526391909385218e-01
1.786929965077868054e-01
1.795347402261073810e-01
1.803778601827303874e-01
1.812223461613018394e-01
1.820681878922942865e-01
1.829153750530112532e-01
1.837638972675734728e-01
1.846137441069362062e-01
1.854649050888736994e-01
1.863173696779845123e-01
1.871711272856986241e-01
1.880261672702645548e-01
1.888824789367644641e-01
1.897400515370977203e-01
1.905988742699911143e-01
1.914589362810019679e-01
1.923202266625030354e-01
1.931827344537051516e-01
1.940464486406354716e-01
1.949113581561454644e-01
1.957774518799193508e-01
1.966447186384581158e-01
1.975131472050986048e-01
1.983827262999930952e-01
1.992534445901226192e-01
2.001252906892969641e-01
2.009982531581440135e-01
2.018723205041266233e-01
2.027474811815248579e-01
2.036237235914462040e-01
2.045010360818269035e-01
2.053794069474212947e-01
2.062588244298204643e-01
2.071392767174304872e-01
2.080207519454848608e-01
2.089032381960467255e-01
2.097867234979999829e-01
2.106711958270586216e-01
2.115566431057569474e-01
2.124430532034553565e-01
2.133304139363438878e-01
2.142187130674333417e-01
2.151079383065637174e-01
2.159980773103971075e-01
2.168891176824199185e-01
2.177810469729495324e-01
2.186738526791218717e-01
2.195675222449060549e-01
2.204620430610906290e-01
2.213574024652875671e-01
2.222535877419407058e-01
2.231505861223150866e-01
2.240483847845045062e-01
2.249469708534235224e-01
2.258463314008132272e-01
2.267464534452434677e-01
2.276473239521052960e-01
2.285489298336198516e-01
2.294512579488290349e-01
2.303542951035995046e-01
2.312580280506284502e-01
2.321624434894338229e-01
2.330675280663632165e-01
2.339732683745858743e-01
2.348796509540949096e-01
2.357866622917139665e-01
2.366942888210883389e-01
2.376025169226920752e-01
2.385113329238204294e-01
2.394207230985943013e-01
2.403306736679642341e-01
2.412411707997019761e-01
2.421522006084075862e-01
2.430637491555045493e-01
2.439758024492397759e-01
2.448883464446902636e-01
2.458013670437546594e-01
2.467148500951608092e-01
2.476287813944573202e-01
2.485431466840188897e-01
2.494579316530494140e-01
2.503731219375735506e-01
2.512887031204469324e-01
2.522046607313441768e-01
2.531209802467655479e-01
2.540376470900445049e-01
2.549546466313339366e-01
2.558719641876083806e-01
2.567895850226764587e-01
2.577074943471644453e-01
2.586256773185295899e-01
2.595441190410521237e-01
2.604628045658352598e-01
2.613817188908131861e-01
2.623008469607386317e-01
2.632201736671979653e-01
2.641396838485956522e-01
2.650593622901622481e-01
2.659791937239592841e-01
2.668991628288654994e-01
2.678192542305946056e-01
2.687394525016779667e-01
