-5.216366847170084142e-02
-5.216366893533308513e-02
-5.216367180651282354e-02
-5.216367805750010689e-02
-5.216368712567165389e-02
-5.216369724379088524e-02
-5.216370544193171810e-02
-5.216370754747634564e-02
-5.216369818511745748e-02
-5.216367077685957199e-02
-5.216361754201548351e-02
-5.216352949721025922e-02
-5.216339224900501392e-02
-5.216318110745010728e-02
-5.216287239101635720e-02
-5.216244280992432536e-02
-5.216186944315692742e-02
-5.216112973845676848e-02
-5.216020151233013991e-02
-5.215906295004413273e-02
-5.215769260562930221e-02
-5.215606940187900165e-02
-5.215417263034582973e-02
-5.215198195134673753e-02
-5.214947739396036397e-02
-5.214663935602592559e-02
-5.214344860414854566e-02
-5.213988627368948414e-02
-5.213593386877946045e-02
-5.213157326230355437e-02
-5.212678669591452874e-02
-5.212155678002639014e-02
-5.211586649381194647e-02
-5.210969918521057842e-02
-5.210303857091980184e-02
-5.209586873640148497e-02
-5.208817413588073819e-02
-5.207993959234036296e-02
-5.207115029753084379e-02
-5.206179181195880190e-02
-5.205185006489809751e-02
-5.204131135438339051e-02
-5.203016234720836408e-02
-5.201839007893349631e-02
-5.200598195387673428e-02
-5.199292574512126563e-02
-5.197920959451263201e-02
-5.196482201265517631e-02
-5.194975187891959223e-02
-5.193398844143426452e-02
-5.191752131709281848e-02
-5.190034049155167750e-02
-5.188243631922495602e-02
-5.186379952329400744e-02
-5.184442119569787621e-02
-5.182429279714062531e-02
-5.180340615708889374e-02
-5.178175347376745563e-02
-5.175932731416788002e-02
-5.173612061403987106e-02
-5.171212667789770734e-02
-5.168733917901846553e-02
-5.166175215943757948e-02
-5.163536002995727792e-02
-5.160815757013725857e-02
-5.158013992830223771e-02
-5.155130262153995169e-02
-5.152164153569627203e-02
-5.149115292538364308e-02
-5.145983341397242228e-02
-5.142767999359798559e-02
-5.139469002515806295e-02
-5.136086123830918559e-02
-5.132619173147445757e-02
-5.129067997183378580e-02
-5.125432479533409413e-02
-5.121712540668310609e-02
-5.117908137934779056e-02
-5.114018714901047424e-02
-5.110043304912514905e-02
-5.105982135028885871e-02
-5.101835469689808278e-02
-5.097603577211073933e-02
-5.093286729785284628e-02
-5.088885203481074981e-02
-5.084399278243822984e-02
-5.079829237895272520e-02
-5.075175370133355734e-02
-5.070437966532792551e-02
-5.065617322544246903e-02
-5.060713737495259323e-02
-5.055727514589714033e-02
-5.050658960907594697e-02
-5.045508387405606143e-02
-5.040276108916885711e-02
-5.034962444150758998e-02
-5.029567715693294971e-02
-5.024092250006595428e-02
-5.018536377429461126e-02
-5.012900432177169741e-02
-5.007184752341120593e-02
-5.001389679889522988e-02
-4.995515560666530241e-02
-4.989562744393105653e-02
-4.983531584666600622e-02
-4.977422438960554807e-02
-4.971235668625184623e-02
-4.964971638886894745e-02
-4.958630718848655583e-02
-4.952213281489958874e-02
-4.945719703666440203e-02
-4.939150366110434121e-02
-4.932505653430441228e-02
-4.925785954111550069e-02
-4.918991660515392716e-02
-4.912123168879589663e-02
-4.905180879318726817e-02
-4.898165195823311890e-02
-4.891076526260573765e-02
-4.883915282374240441e-02
-4.876681879784094953e-02
-4.869376737986752524e-02
-4.862000280354883408e-02
-4.854552934137790210e-02
-4.847035130461296859e-02
-4.839447304327348931e-02
-4.831789894614613168e-02
-4.824063344077877957e-02
-4.816268099348586240e-02
-4.808404610934657875e-02
-4.800473333220067751e-02
-4.792474724465689562e-02
-4.784409246808363214e-02
-4.776277366261671986e-02
-4.768079552715587255e-02
-4.759816279936290861e-02
-4.751488025566641404e-02
-4.743095271125685741e-02
-4.734638502009036465e-02
-4.726118207488827494e-02
-4.717534880713314394e-02
-4.708889018707518304e-02
-4.700181122372493192e-02
-4.691411696486014193e-02
-4.682581249702333359e-02
-4.673690294551824387e-02
-4.664739347441559936e-02
-4.655728928654734311e-02
-4.646659562351262984e-02
-4.637531776567449526e-02
-4.628346103215763563e-02
-4.619103078085462499e-02
-4.609803240841747751e-02
-4.600447135026697332e-02
-4.591035308058732944e-02
-4.581568311232442348e-02
-4.572046699719067853e-02
-4.562471032566106643e-02
-4.552841872697621639e-02
-4.543159786914152676e-02
-4.533425345892361236e-02
-4.523639124185740990e-02
-4.513801700223729618e-02
-4.503913656312574787e-02
-4.493975578634912260e-02
-4.483988057249521653e-02
-4.473951686091992563e-02
-4.463867062973836397e-02
-4.453734789583463360e-02
-4.443555471485582942e-02
-4.433329718121092888e-02
-4.423058142807656523e-02
-4.412741362738992201e-02
-4.402379998985495035e-02
-4.391974676494037055e-02
-4.381526024087611937e-02
-4.371034674466001135e-02
-4.360501264204996730e-02
-4.349926433757156374e-02
-4.339310827451448027e-02
-4.328655093492916883e-02
-4.317959883963506940e-02
-4.307225854821061795e-02
-4.296453665900301644e-02
-4.285643980912268169e-02
-4.274797467444146903e-02
-4.263914796959933362e-02
-4.252996644799655890e-02
-4.242043690180063997e-02
-4.231056616194339703e-02
-4.220036109811764469e-02
-4.208982861878451942e-02
-4.197897567116548601e-02
-4.186780924124877679e-02
-4.175633635378783737e-02
-4.164456407229555346e-02
-4.153249949905513105e-02
-4.142014977510832807e-02
-4.130752208026522432e-02
-4.119462363309955855e-02
-4.108146169094606392e-02
-4.096804354990846164e-02
-4.085437654484969094e-02
-4.074046804940079092e-02
-4.062632547595668164e-02
-4.051195627567349966e-02
-4.039736793847503726e-02
-4.028256799304674729e-02
-4.016756400683929584e-02
-4.005236358606945046e-02
-3.993697437571452902e-02
-3.982139629253511615e-02
-3.970557654071660281e-02
-3.958950801260452401e-02
-3.947319591143050310e-02
-3.935664538038552429e-02
-3.923986150262459560e-02
-3.912284930126541660e-02
-3.900561373938526977e-02
-3.888815972002657162e-02
-3.877049208619065546e-02
-3.865261562084243430e-02
-3.853453504691040088e-02
-3.841625502728152064e-02
-3.829778016480900327e-02
-3.817911500230386501e-02
-3.806026402254181207e-02
-3.794123164826124217e-02
-3.782202224215946984e-02
-3.770264010690005385e-02
-3.758308948510347136e-02
-3.746337455935644378e-02
-3.734349945220749589e-02
-3.722346822616406925e-02
-3.710328488369962763e-02
-3.698295336724566340e-02
-3.686247755919880298e-02
-3.674186128191725409e-02
-3.662110829771925147e-02
-3.650022230888860797e-02
-3.637920695766672097e-02
-3.625806582626056596e-02
-3.613680243683847770e-02
-3.601542025152926207e-02
-3.589392267242663692e-02
-3.577231304158190461e-02
-3.565059464101283382e-02
-3.552877069269810839e-02
-3.540684435857643919e-02
-3.528481874055144907e-02
-3.516269688048567765e-02
-3.504048176020635452e-02
-3.491817630150251262e-02
-3.479578336612298983e-02
-3.467330575578175811e-02
-3.455074621215192821e-02
-3.442810741687041265e-02
-3.430539199153692653e-02
-3.418260249771021275e-02
-3.405974143691481437e-02
-3.393681125063352511e-02
-3.381381432031393963e-02
-3.369075296736578906e-02
-3.356762945315860946e-02
-3.344444597902629379e-02
-3.332120468626276200e-02
-3.319790765612506966e-02
-3.307455690983374108e-02
-3.295115440856799527e-02
-3.282770205347251835e-02
-3.270420168565102426e-02
-3.258065508617125072e-02
-3.245706397606351601e-02
-3.233343001631761027e-02
-3.220975480788834666e-02
-3.208603989168945514e-02
-3.196228674859902252e-02
-3.183849679945816025e-02
-3.171467140506578630e-02
-3.159081186618750703e-02
-3.146691942354773452e-02
-3.134299525783434959e-02
-3.121904048969859069e-02
-3.109505617974983593e-02
-3.097104332856392972e-02
-3.084700287667541119e-02
-3.072293570458239920e-02
-3.059884263274625926e-02
-3.047472442158682959e-02
-3.035058177149030367e-02
-3.022641532280090360e-02
-3.010222565582731935e-02
-2.997801329084137656e-02
-2.985377868807281843e-02
-2.972952224771796548e-02
-2.960524430993172196e-02
-2.948094515483290490e-02
-2.935662500250324491e-02
-2.923228401298305634e-02
-2.910792228627867573e-02
-2.898353986235535640e-02
-2.885913672114215345e-02
-2.873471278253092454e-02
-2.861026790637211104e-02
-2.848580189248306471e-02
-2.836131448063794469e-02
-2.823680535057693231e-02
-2.811227412200201226e-02
-2.798772035457397500e-02
-2.786314354791996628e-02
-2.773854314162482737e-02
-2.761391851523875562e-02
-2.748926898827408483e-02
-2.736459382020162145e-02
-2.723989221045908238e-02
-2.711516329844121387e-02
-2.699040616350834032e-02
-2.686561982498358869e-02
-2.674080324214744842e-02
-2.661595531424798544e-02
-2.649107488049051717e-02
-2.636616072004560607e-02
-2.624121155204583999e-02
-2.611622603558294564e-02
-2.599120276971467192e-02
-2.586614029345646326e-02
-2.574103708578945326e-02
-2.561589156565646785e-02
-2.549070209195902770e-02
-2.536546696356567487e-02
-2.524018441930175882e-02
-2.511485263795842915e-02
-2.498946973828919393e-02
-2.486403377900581191e-02
-2.473854275878661912e-02
-2.461299461626764717e-02
-2.448738723005028373e-02
-2.436171841869783083e-02
-2.423598594073261836e-02
-2.411018749464322042e-02
-2.398432071887557360e-02
-2.385838319184185874e-02
-2.373237243191506085e-02
-2.360628589742808092e-02
-2.348012098667950909e-02
-2.335387503792574204e-02
-2.322754532938908767e-02
-2.310112907925276904e-02
-2.297462344565981418e-02
-2.284802552671838516e-02
-2.272133236049778127e-02
-2.259454092502755085e-02
-2.246764813830237628e-02
-2.234065085827519059e-02
-2.221354588286472698e-02
-2.208632994995041177e-02
-2.195899973737203137e-02
-2.183155186293406214e-02
-2.170398288440056334e-02
-2.157628929949972907e-02
-2.144846754592144578e-02
-2.132051400131595997e-02
-2.119242498329787505e-02
-2.106419674944137732e-02
-2.093582549728489894e-02
-2.080730736432867545e-02
-2.067863842803296937e-02
-2.054981470582295522e-02
-2.042083215508283534e-02
-2.029168667316094687e-02
-2.016237409736831854e-02
-2.003289020497522888e-02
-1.990323071321709048e-02
-1.977339127928834372e-02
-1.964336750034767487e-02
-1.951315491351623965e-02
-1.938274899587455469e-02
-1.925214516446815960e-02
-1.912133877630189938e-02
-1.899032512834453179e-02
-1.885909945752767269e-02
-1.872765694074168819e-02
-1.859599269484280004e-02
-1.846410177664581376e-02
-1.833197918292983619e-02
-1.819961985043661024e-02
-1.806701865586696210e-02
-1.793417041588696303e-02
-1.780106988712204519e-02
-1.766771176616133143e-02
-1.753409068955680272e-02
-1.740020123381963435e-02
-1.726603791542602462e-02
-1.713159519081164373e-02
-1.699686745637596363e-02
-1.686184904848103683e-02
-1.672653424344833217e-02
-1.659091725756445257e-02
-1.645499224707513974e-02
-1.631875330818993719e-02
-1.618219447708135750e-02
-1.604530972988116311e-02
-1.590809298268602845e-02
-1.577053809155187780e-02
-1.563263885249871477e-02
-1.549438900150940102e-02
-1.535578221452515990e-02
-1.521681210745368107e-02
-1.507747223616090482e-02
-1.493775609647707281e-02
-1.479765712419522927e-02
-1.465716869506683562e-02
-1.451628412480970853e-02
-1.437499666910030394e-02
-1.423329952357887951e-02
-1.409118582384877305e-02
-1.394864864547168404e-02
-1.380568100397577824e-02
-1.366227585484752760e-02
-1.351842609353742786e-02
-1.337412455545922141e-02
-1.322936401598479028e-02
-1.308413719045253831e-02
-1.293843673415900897e-02
-1.279225524236521361e-02
-1.264558525029491065e-02
-1.249841923313027570e-02
-1.235074960601995064e-02
-1.220256872407071702e-02
-1.205386888235387977e-02
-1.190464231590337985e-02
-1.175488119971157541e-02
-1.160457764873756847e-02
-1.145372371789782351e-02
-1.130231140207443863e-02
-1.115033263611142633e-02
-1.099777929481138283e-02
-1.084464319294353718e-02
-1.069092012309530437e-02
-1.053671434380731853e-02
-1.038206657448662029e-02
-1.022696577422069208e-02
-1.007140094358191518e-02
-9.915361124618438105e-03
-9.758835400862059251e-03
-9.601812897324979446e-03
-9.444282780496110474e-03
-9.286234258349429505e-03
-9.127656580334458924e-03
-8.968539037384509749e-03
-8.808870961913267683e-03
-8.648641727811212654e-03
-8.487840750453640171e-03
-8.326457486691668519e-03
-8.164481434860121345e-03
-8.001902134774113717e-03
-7.838709167725527172e-03
-7.674892156491364137e-03
-7.510440765324033485e-03
-7.345344699959927004e-03
-7.179593707615589127e-03
-7.013177576984525041e-03
-6.846086138245000008e-03
-6.678309263051129818e-03
-6.509836864540624601e-03
-6.340658897331624688e-03
-6.170765357519009120e-03
-6.000146282682694565e-03
-5.828791751878115157e-03
-5.656691885644798967e-03
-5.483836846001621801e-03
-5.310216836445696975e-03
-5.135822101957190911e-03
-4.960642928995881440e-03
-4.784669645499950441e-03
-4.607892620890730040e-03
-4.430302266066776795e-03
-4.251889033409742003e-03
-4.072643416780916126e-03
-3.892555951519965918e-03
-3.711617214449694502e-03
-3.529817823870129434e-03
-3.347148439564434641e-03
-3.163599762795371584e-03
-2.979162536304091891e-03
-2.793827544314897438e-03
-2.607585612529286778e-03
-2.420427608131908714e-03
-2.232344439787023460e-03
-2.043327057637246702e-03
-1.853366453308379069e-03
-1.662453659903410930e-03
-1.470579752008469021e-03
-1.277735845689284555e-03
-1.083913098489978910e-03
-8.891027094378306517e-04
-6.932959190375370673e-04
-4.964840092760297585e-04
-2.986583036212187015e-04
-9.981016701847422734e-05
1.000689941032181784e-04
3.009877318383494260e-04
5.029545567978160880e-04
7.059779381124592357e-04
9.100663034356526460e-04
1.115228038936245947e-03
1.321471489307918246e-03
1.528804957759852257e-03
1.737236706021418053e-03
1.946774954344490660e-03
2.157427881496434829e-03
2.369203624769444794e-03
2.582110279971232270e-03
2.796155901429661639e-03
3.011348501995136928e-03
3.227696053033538015e-03
3.445206484435553440e-03
3.663887684607444739e-03
3.883747500475570602e-03
4.104793737488829364e-03
4.327034159611664599e-03
4.550476489333252217e-03
4.775128407658341123e-03
5.000997554111846766e-03
5.228091526741196482e-03
5.456417882109279582e-03
5.685984135303842613e-03
5.916797759928163480e-03
6.148866188105617248e-03
6.382196810482160254e-03
6.616796976219238569e-03
6.852673993003072228e-03
7.089835127035454265e-03
7.328287603038302622e-03
7.568038604256061008e-03
7.809095272448718372e-03
8.051464707900968243e-03
8.295153969413160411e-03
8.540170074305714065e-03
8.786519998421588040e-03
9.034210676119258654e-03
9.283249000281990071e-03
9.533641822308591696e-03
9.785395952117997842e-03
1.003851815815176574e-02
1.029301516736677580e-02
1.054889366524489058e-02
1.080616029578337911e-02
1.106482166149974633e-02
1.132488432343353724e-02
1.158635480114153515e-02
1.184923957270281325e-02
1.211354507471351649e-02
1.237927770228974822e-02
1.264644380906951304e-02
1.291504970720816492e-02
1.318510166738320888e-02
1.345660591878941603e-02
1.372956864914129382e-02
1.400399600467544525e-02
1.427989409014568389e-02
1.455726896882797439e-02
1.483612666251576950e-02
1.511647315152198079e-02
1.539831437468169861e-02
1.568165622934736270e-02
1.596650457139336954e-02
1.625286521521168703e-02
1.654074393371374185e-02
1.683014645833319500e-02
1.712107847902089031e-02
1.741354564424985041e-02
1.770755356101055833e-02
1.800310779481290036e-02
1.830021386968899710e-02
1.859887726818842957e-02
1.889910343138251347e-02
1.920089775886024697e-02
1.950426560873008697e-02
1.980921229762283575e-02
2.011574310068625637e-02
2.042386325159051275e-02
2.073357794252289610e-02
2.104489232419043399e-02
2.135781150582249932e-02
2.167234055516525926e-02
2.198848449848744835e-02
2.230624832057498397e-02
2.262563696473335328e-02
2.294665533279022229e-02
2.326930828509055083e-02
2.359360064050147754e-02
2.391953717640743493e-02
2.424712262871242530e-02
2.457636169184262975e-02
2.490725901874163428e-02
2.523981922087492613e-02
2.557404686822545292e-02
2.590994648929584310e-02
2.624752257111079290e-02
2.658677955921229241e-02
2.692772185766445503e-02
2.727035382904868799e-02
2.761467979446607934e-02
2.796070403354000700e-02
2.830843078441175331e-02
2.865786424374111574e-02
2.900900856671101424e-02
2.936186786701949769e-02
2.971644621688995791e-02
3.007274764706063808e-02
3.043077614679046139e-02
3.079053566386075191e-02
3.115203010456829569e-02
3.151526333373461108e-02
3.188023917469684498e-02
3.224696140931221366e-02
3.261543377796066734e-02
3.298565997953745166e-02
3.335764367146254461e-02
3.373138846967160820e-02
3.410689794862065138e-02
3.448417564128769541e-02
3.486322503916683413e-02
3.524404959227639411e-02
3.562665270915066351e-02
3.601103775684399988e-02
3.639720806093327266e-02
3.678516690551059121e-02
3.717491753319324133e-02
3.756646314511402629e-02
3.795980690092548571e-02
3.835495191880300414e-02
3.875190127543770569e-02
3.915065800604489166e-02
3.955122510435593597e-02
3.995360552262205989e-02
4.035780217161721861e-02
4.076381792063077381e-02
4.117165559747693049e-02
4.158131798848507810e-02
4.199280783850534160e-02
4.240612785091024683e-02
4.282128068758728201e-02
4.323826896894955585e-02
4.365709527392480638e-02
4.407776213996161818e-02
4.450027206303097671e-02
4.492462749761916285e-02
4.535083085673730086e-02
4.577888451191225450e-02
4.620879079319084592e-02
4.664055198914252021e-02
4.707417034685201784e-02
4.750964807192914474e-02
4.794698732849933531e-02
4.838619023920776030e-02
4.882725888522232438e-02
4.927019530622667176e-02
4.971500150042862387e-02
5.016167942455229678e-02
5.061023099384143187e-02
5.106065808206250445e-02
5.151296252149739630e-02
5.196714610295305459e-02
5.242321057575149990e-02
5.288115764773515526e-02
5.334098898526917765e-02
5.380270621323379743e-02
5.426631091503453241e-02
5.473180463259186279e-02
5.519918886634689326e-02
5.566846507526301835e-02
5.613963467681937214e-02
5.661269904701937694e-02
5.708765952038263869e-02
5.756451738994849965e-02
5.804327390727848091e-02
5.852393028245139739e-02
5.900648768406824285e-02
5.949094723924730488e-02
5.997731003362649638e-02
6.046557711136579805e-02
6.095574947514270647e-02
6.144782808615645298e-02
6.194181386412400681e-02
6.243770768728185150e-02
6.293551039238831635e-02
6.343522277471957960e-02
6.393684558807333218e-02
6.444037954476489194e-02
6.494582531562931305e-02
6.545318353002405054e-02
6.596245477582274308e-02
6.647363959942231837e-02
6.698673850573666488e-02
6.750175195819907437e-02
6.801868037876523942e-02
6.853752414790792447e-02
6.905828360462229476e-02
6.958095904642036533e-02
7.010555072933455367e-02
7.063205886791878996e-02
7.116048363524440923e-02
7.169082516290492535e-02
7.222308354101147909e-02
7.275725881819417040e-02
7.329335100160572214e-02
7.383136005691648407e-02
7.437128590831787456e-02
7.491312843851949399e-02
7.545688748875045704e-02
7.600256285876183515e-02
7.655015430682210464e-02
7.709966154972169861e-02
7.765108426276856601e-02
7.820442207979028115e-02
7.875967459313659713e-02
7.931684135367422783e-02
7.987592187079228800e-02
8.043691561239740828e-02
8.099982200491528950e-02
8.156464043329436642e-02
8.213137024100003458e-02
8.270001073001975733e-02
8.327056116085851389e-02
8.384302075254090880e-02
8.441738868261372541e-02
8.499366408714159604e-02
8.557184606070811217e-02
8.615193365641915513e-02
8.673392588589712293e-02
8.731782171928736958e-02
8.790362008525309800e-02
8.849131987097602625e-02
8.908091992216093935e-02
8.967241904302813982e-02
9.026581599632288455e-02
9.086110950330539282e-02
9.145829824375661943e-02
9.205738085597980902e-02
9.265835593679372373e-02
9.326122204154174700e-02
9.386597768408322384e-02
9.447262133679734664e-02
9.508115143058581964e-02
9.569156635486608664e-02
9.630386445757999070e-02
9.691804404518522542e-02
9.753410338265955382e-02
9.815204069350369487e-02
9.877185415973266380e-02
9.939354192188787351e-02
1.000171020790248111e-01
1.006425326887200322e-01
1.012698317670722714e-01
1.018989972886960027e-01
1.025300271867302104e-01
1.031629193528293964e-01
1.037976716371686869e-01
1.044342818484449431e-01
1.050727477538717647e-01
1.057130670791859295e-01
1.063552375086409540e-01
1.069992566850102023e-01
1.076451222095895499e-01
1.082928316421902792e-01
1.089423825011486269e-01
1.095937722633160138e-01
1.102469983640643747e-01
1.109020581972881558e-01
1.115589491153972102e-01
1.122176684293259008e-01
1.128782134085248856e-01
1.135405812809642256e-01
1.142047692331367159e-01
1.148707744100510020e-01
1.155385939152397956e-01
1.162082248107527693e-01
1.168796641171576667e-01
1.175529088135465194e-01
1.182279558375258777e-01
1.189048020852276899e-01
1.195834444112988670e-01
1.202638796289072776e-01
1.209460622617988257e-01
1.216298667584700954e-01
1.223152851723694479e-01
1.230023175665324597e-01
1.236909639318171106e-01
1.243812241869055590e-01
1.250730981782979256e-01
1.257665856803205084e-01
1.264616863951175674e-01
1.271583999526553210e-01
1.278567259107243892e-01
1.285566637549329094e-01
1.292582128987156409e-01
1.299613726833253047e-01
1.306661423778359143e-01
1.313725211791469949e-01
1.320805082119744789e-01
1.327901025288622527e-01
1.335013031101703884e-01
1.342141088640818047e-01
1.349285186266031555e-01
1.356445311615614990e-01
1.363621451606056301e-01
1.370813592432058581e-01
1.378021719566531189e-01
1.385245817760625275e-01
1.392485871043684931e-01
1.399741862723293817e-01
1.407013775385228538e-01
1.414301590893485283e-01
1.421605290390302034e-01
1.428924854296098612e-01
1.436260262309547731e-01
1.443611493407508384e-01
1.450978525845056932e-01
1.458361337155511528e-01
1.465759904150383264e-01
1.473174202919420583e-01
1.480604208830571533e-01
1.488049896529990423e-01
1.495511239942082238e-01
1.502988212269438240e-01
1.510480785992891484e-01
1.517988932871472407e-01
1.525512623942422152e-01
1.533051829521221432e-01
1.540606519201550562e-01
1.548176661855324987e-01
1.555762225632653095e-01
1.563363177961865080e-01
1.570979485549524046e-01
1.578611114380388258e-01
1.586258029717462215e-01
1.593920196101934472e-01
1.601597577353217616e-01
1.609290136568959362e-01
1.616997836125000365e-01
1.624720637675425294e-01
1.632458502152516200e-01
1.640211389766756955e-01
1.647979260006882107e-01
1.655762071639819144e-01
1.663559782710732904e-01
1.671372350542981167e-01
1.679199731738143520e-01
1.687041882176032459e-01
1.694898757014653423e-01
1.702770310690262523e-01
1.710656496917297709e-01
1.718557268688418738e-01
1.726472578274522718e-01
1.734402377224706360e-01
1.742346616366292622e-01
1.750305245804812948e-01
1.758278214924009486e-01
1.766265472385861734e-01
1.774266966130553236e-01
1.782282643376471576e-01
1.790312450620255014e-01
1.798356333636714766e-01
1.806414237478923823e-01
1.814486106478141458e-01
1.822571884243837648e-01
1.830671513663737482e-01
1.838784936903730127e-01
1.846912095407977628e-01
1.855052929898814984e-01
1.863207380376805666e-01
1.871375386120748274e-01
1.879556885687618806e-01
1.887751816912663916e-01
1.895960116909303217e-01
1.904181722069173688e-01
1.912416568062165201e-01
1.920664589836333924e-01
1.928925721618015565e-01
1.937199896911701025e-01
1.945487048500122995e-01
1.953787108444244858e-01
1.962100008083211833e-01
1.970425678034435357e-01
1.978764048193499825e-01
1.987115047734211437e-01
1.995478605108624848e-01
2.003854648046963227e-01
2.012243103557720403e-01
2.020643897927565380e-01
2.029056956721386751e-01
2.037482204782323780e-01
2.045919566231679809e-01
2.054368964469039938e-01
2.062830322172144459e-01
2.071303561296975460e-01
2.079788603077745712e-01
2.088285368026849831e-01
2.096793775934948645e-01
2.105313745870871500e-01
2.113845196181680652e-01
2.122388044492673487e-01
2.130942207707327007e-01
2.139507602007382214e-01
2.148084142852757505e-01
2.156671744981590866e-01
2.165270322410270953e-01
2.173879788433350502e-01
2.182500055623659563e-01
2.191131035832196705e-01
2.199772640188182304e-01
2.208424779099087409e-01
2.217087362250551585e-01
2.225760298606480614e-01
2.234443496408964336e-01
2.243136863178303297e-01
2.251840305713048718e-01
2.260553730089926994e-01
2.269277041663926298e-01
2.278010145068218861e-01
2.286752944214187622e-01
2.295505342291468409e-01
2.304267241767870011e-01
2.313038544389462992e-01
2.321819151180501972e-01
2.330608962443454502e-01
2.339407877759038801e-01
2.348215795986143828e-01
2.357032615261931419e-01
2.365858233001731925e-01
2.374692545899099727e-01
2.383535449925826555e-01
2.392386840331905962e-01
2.401246611645562190e-01
2.410114657673214644e-01
2.418990871499502315e-01
2.427875145487301545e-01
2.436767371277683836e-01
2.445667439789960262e-01
2.454575241221632620e-01
2.463490665048422290e-01
2.472413600024292446e-01
2.481343934181390321e-01
2.490281554830118260e-01
2.499226348559056010e-01
2.508178201235007343e-01
2.517136998003020043e-01
2.526102623286330395e-01
2.535074960786407594e-01
2.544053893482929318e-01
2.553039303633781731e-01
2.562031072775088347e-01
2.571029081721170062e-01
2.580033210564585122e-01
2.589043338676089157e-01
2.598059344704646279e-01
2.607081106577477936e-01
2.616108501499971872e-01
2.625141405955784268e-01
2.634179695706742041e-01
2.643223245792900578e-01
2.652271930532552613e-01
2.661325623522186046e-01
2.670384197636521684e-01
2.679447525028484378e-01
2.688515477129205244e-01
2.697587924648063851e-01
2.706664737572626045e-01
2.715745785168699467e-01
2.724830935980289137e-01
2.733920057829615224e-01
2.743013017817135246e-01
2.752109682321497441e-01
2.761209916999598502e-01
2.770313586786519178e-01
2.779420555895566469e-01
2.788530687818278064e-01
2.797643845324391254e-01
2.806759890461878459e-01
2.815878684556909484e-01
2.825000088213867055e-01
2.834123961315386797e-01
2.843250163022281729e-01
2.852378551773588899e-01
2.861508985286584927e-01
2.870641320556730491e-01
2.879775413857732502e-01
2.888911120741501914e-01
2.898048296038151506e-01
2.907186793856044726e-01
2.916326467581717985e-01
2.925467169879973905e-01
2.934608752693792511e-01
2.943751067244377850e-01
2.952893964031173546e-01
2.962037292831796176e-01
2.971180902702144078e-01
2.980324641976268563e-01
