4.495424285553962562e+00
4.486415276654962980e+00
4.477406268405418999e+00
4.468397261411658050e+00
4.459388256234015913e+00
4.450379253398219603e+00
4.441370253395453105e+00
4.432361256682352035e+00
4.423352263681014307e+00
4.414343274778988579e+00
4.405334290329285807e+00
4.396325310650365914e+00
4.387316334484903102e+00
4.378307359871682181e+00
4.369298386953619939e+00
4.360289415895998388e+00
4.351280446871927943e+00
4.342271480062352751e+00
4.333262515656049807e+00
4.324253553849626286e+00
4.315244594847523985e+00
4.306235638862013992e+00
4.297226686113197580e+00
4.288217736829013305e+00
4.279208791245228127e+00
4.270199849605441855e+00
4.261190912161084476e+00
4.252181979171421489e+00
4.243173050903546795e+00
4.234164127632387142e+00
4.225155209640703013e+00
4.216146297219084182e+00
4.207137390665955046e+00
4.198128490287568404e+00
4.189119596398011680e+00
4.180110709319205142e+00
4.171101829380897463e+00
4.162092956920671938e+00
4.153084092283942930e+00
4.144075235823955872e+00
4.135066387901790819e+00
4.126057548886356230e+00
4.117048719154396075e+00
4.108039899090480951e+00
4.099031089087019630e+00
4.090022289544250178e+00
4.081013500870239952e+00
4.072004723480892707e+00
4.062995957799939717e+00
4.053987204258948651e+00
4.044978463297316473e+00
4.035969735362270328e+00
4.026961020908874644e+00
4.017952320400020483e+00
4.008943634306432635e+00
3.999934963106670072e+00
3.990926307287119279e+00
3.981917667342002254e+00
3.972909043773371174e+00
3.963900437091111062e+00
3.954891847812938011e+00
3.945883276464400069e+00
3.936874723578879021e+00
3.927866189697585497e+00
3.918857675369564753e+00
3.909849181151691777e+00
3.900840707608675295e+00
3.891832255313055100e+00
3.882823824845202942e+00
3.873815416793322974e+00
3.864807031753449529e+00
3.855798670329451117e+00
3.846790333133027318e+00
3.837782020783709225e+00
3.828773733908859889e+00
3.819765473143674761e+00
3.810757239131180363e+00
3.801749032522236948e+00
3.792740853975534510e+00
3.783732704157596327e+00
3.774724583742776751e+00
3.765716493413262089e+00
3.756708433859071938e+00
3.747700405778056076e+00
3.738692409875897571e+00
3.729684446866110115e+00
3.720676517470039801e+00
3.711668622416865571e+00
3.702660762443596987e+00
3.693652938295076016e+00
3.684645150723976581e+00
3.675637400490804119e+00
3.666629688363896467e+00
3.657622015119424752e+00
3.648614381541388507e+00
3.639606788421621886e+00
3.630599236559790111e+00
3.621591726763390806e+00
3.612584259847753554e+00
3.603576836636039005e+00
3.594569457959239767e+00
3.585562124656180405e+00
3.576554837573518775e+00
3.567547597565744244e+00
3.558540405495175918e+00
3.549533262231967079e+00
3.540526168654102079e+00
3.531519125647397228e+00
3.522512134105501680e+00
3.513505194929894770e+00
3.504498309029888681e+00
3.495491477322693719e+00
3.486484701161399080e+00
3.477477981427202991e+00
3.468471318367277512e+00
3.459464712224661120e+00
3.450458163238256937e+00
3.441451671642831833e+00
3.432445237669019100e+00
3.423438861543314005e+00
3.414432543488077787e+00
3.405426283721537661e+00
3.396420082457783263e+00
3.387413939906771088e+00
3.378407856274319609e+00
3.369401831762114163e+00
3.360395866567704282e+00
3.351389960884503694e+00
3.342384114901791659e+00
3.333378328804710300e+00
3.324372602774267715e+00
3.315366936987337532e+00
3.306361331616656241e+00
3.297355786830826307e+00
3.288350302794313507e+00
3.279344879667449142e+00
3.270339517606429602e+00
3.261334216763315030e+00
3.252328977286031986e+00
3.243323799318368117e+00
3.234318682999978822e+00
3.225313628466383697e+00
3.216308635848966535e+00
3.207303705274975769e+00
3.198298836867524475e+00
3.189294030745589925e+00
3.180289287024014921e+00
3.171284605813506907e+00
3.162279987220638411e+00
3.153275431347843938e+00
3.144270938293425743e+00
3.135266508151548948e+00
3.126262141012245088e+00
3.117257836961409456e+00
3.108253596080800207e+00
3.099249418448041915e+00
3.090245304136624238e+00
3.081241253215901477e+00
3.072237265751091684e+00
3.063233341803277110e+00
3.054229481429405535e+00
3.045225684682289380e+00
3.036221951610606595e+00
3.027218282258898885e+00
3.018214676667570817e+00
3.009211134872894711e+00
3.000207656907005305e+00
2.991204242797904200e+00
2.982200892569455863e+00
2.973197606241389401e+00
2.964194383829298562e+00
2.955191225344643513e+00
2.946188130794747284e+00
2.937185100182799324e+00
2.928182133507850615e+00
2.919179230764819000e+00
2.910176391944486962e+00
2.901173617033502516e+00
2.892170906014376541e+00
2.883168258865485001e+00
2.874165675561067612e+00
2.865163156071231398e+00
2.856160700361946692e+00
2.847158308395048021e+00
2.838155980128233669e+00
2.829153715515069223e+00
2.820151514504982693e+00
2.811149377043268061e+00
2.802147303071083506e+00
2.793145292525450962e+00
2.784143345339258335e+00
2.775141461441257729e+00
2.766139640756066331e+00
2.757137883204165529e+00
2.748136188701900462e+00
2.739134557161482242e+00
2.730132988490986623e+00
2.721131482594353557e+00
2.712130039371388079e+00
2.703128658717758093e+00
2.694127340524999248e+00
2.685126084680508729e+00
2.676124891067551470e+00
2.667123759565255270e+00
2.658122690048611236e+00
2.649121682388477339e+00
2.640120736451576633e+00
2.631119852100495038e+00
2.622119029193684003e+00
2.613118267585458288e+00
2.604117567125999955e+00
2.595116927661353490e+00
2.586116349033429351e+00
2.577115831080002195e+00
2.568115373634709986e+00
2.559114976527057550e+00
2.550114639582413911e+00
2.541114362622011846e+00
2.532114145462949217e+00
2.523113987918187640e+00
2.514113889796555146e+00
2.505113850902743966e+00
2.496113871037310084e+00
2.487113949996675455e+00
2.478114087573124014e+00
2.469114283554807443e+00
2.460114537725741179e+00
2.451114849865804857e+00
2.442115219750742749e+00
2.433115647152163330e+00
2.424116131837541044e+00
2.415116673570214534e+00
2.406117272109386640e+00
2.397117927210125288e+00
2.388118638623361711e+00
2.379119406095894007e+00
2.370120229370384468e+00
2.361121108185358253e+00
2.352122042275207825e+00
2.343123031370186737e+00
2.334124075196416292e+00
2.325125173475882434e+00
2.316126325926434415e+00
2.307127532261786129e+00
2.298128792191516112e+00
2.289130105421068428e+00
2.280131471651752229e+00
2.271132890580739527e+00
2.262134361901067869e+00
2.253135885301640773e+00
2.244137460467222844e+00
2.235139087078447773e+00
2.226140764811811223e+00
2.217142493339673504e+00
2.208144272330261337e+00
2.199146101447663426e+00
2.190147980351835777e+00
2.181149908698597706e+00
2.172151886139632726e+00
2.163153912322491212e+00
2.154155986890585073e+00
2.145158109483193520e+00
2.136160279735458634e+00
2.127162497278388020e+00
2.118164761738854818e+00
2.109167072739594584e+00
2.100169429899209295e+00
2.091171832832165123e+00
2.082174281148792439e+00
2.073176774455287585e+00
2.064179312353709772e+00
2.055181894441984181e+00
2.046184520313899746e+00
2.037187189559110934e+00
2.028189901763137293e+00
2.019192656507359906e+00
2.010195453369029384e+00
2.001198291921256533e+00
1.992201171733019915e+00
1.983204092369161176e+00
1.974207053390386601e+00
1.965210055481979357e+00
1.956213099826662694e+00
1.947216186190688036e+00
1.938219314333499144e+00
1.929222484014960326e+00
1.920225694995357113e+00
1.911228947035392922e+00
1.902232239896193722e+00
1.893235573339303368e+00
1.884238947126686714e+00
1.875242361020728721e+00
1.866245814784233570e+00
1.857249308180427327e+00
1.848252840972953726e+00
1.839256412925877937e+00
1.830260023803685243e+00
1.821263673371279923e+00
1.812267361393988141e+00
1.803271087637553949e+00
1.794274851868142395e+00
1.785278653852339081e+00
1.776282493357148384e+00
1.767286370149996566e+00
1.758290283998727777e+00
1.749294234671608272e+00
1.740298221937322642e+00
1.731302245564975806e+00
1.722306305324094122e+00
1.713310400984621840e+00
1.704314532316925535e+00
1.695318699091789894e+00
1.686322901080420156e+00
1.677327138054442779e+00
1.668331409785901887e+00
1.659335716047264597e+00
1.650340056611415696e+00
1.641344431251660296e+00
1.632348839741725399e+00
1.623353281855755226e+00
1.614357757368316992e+00
1.605362266054395581e+00
1.596366807689396206e+00
1.587371382049146185e+00
1.578375988909890060e+00
1.569380628048294923e+00
1.560385299241445756e+00
1.551390002266848533e+00
1.542394736902430230e+00
1.533399502926535485e+00
1.524404300117931710e+00
1.515409128255804205e+00
1.506413987119758824e+00
1.497418876489822859e+00
1.488423796146441269e+00
1.479428745870481565e+00
1.470433725443228923e+00
1.461438734646389737e+00
1.452443773262091176e+00
1.443448841072878519e+00
1.434453937861719375e+00
1.425459063411998795e+00
1.416464217507524603e+00
1.407469399932522736e+00
1.398474610471639012e+00
1.389479848909941362e+00
1.380485115032914933e+00
1.371490408626467650e+00
1.362495729476925765e+00
1.353501077371035421e+00
1.344506452095964200e+00
1.335511853439298013e+00
1.326517281189044439e+00
1.317522735133630274e+00
1.308528215061901312e+00
1.299533720763126121e+00
1.290539252026989825e+00
1.281544808643600986e+00
1.272550390403486054e+00
1.263555997097591366e+00
1.254561628517285365e+00
1.245567284454353496e+00
1.236572964701004418e+00
1.227578669049864679e+00
1.218584397293980937e+00
1.209590149226821731e+00
1.200595924642272827e+00
1.191601723334642537e+00
1.182607545098657731e+00
1.173613389729466494e+00
1.164619257022635690e+00
1.155625146774152290e+00
1.146631058780424706e+00
1.137636992838279459e+00
1.128642948744965180e+00
1.119648926298149050e+00
1.110654925295917694e+00
1.101660945536780289e+00
1.092666986819663011e+00
1.083673048943915251e+00
1.074679131709303848e+00
1.065685234916015744e+00
1.056691358364659994e+00
1.047697501856263758e+00
1.038703665192275860e+00
1.029709848174563236e+00
1.020716050605413594e+00
1.011722272287535862e+00
1.002728513024057300e+00
9.937347726185267183e-01
9.847410508749117053e-01
9.757473475975999566e-01
9.667536625914002757e-01
9.577599956615403531e-01
9.487663466136690982e-01
9.397727152538543072e-01
9.307791013885837739e-01
9.217855048247666216e-01
9.127919253697305280e-01
9.037983628312246109e-01
8.948048170174168758e-01
8.858112877368953253e-01
8.768177747986692916e-01
8.678242780121664390e-01
8.588307971872360946e-01
8.498373321341460285e-01
8.408438826635858954e-01
8.318504485866634601e-01
8.228570297149074841e-01
8.138636258602671703e-01
8.048702368351104974e-01
7.958768624522273294e-01
7.868835025248255288e-01
7.778901568665340660e-01
7.688968252914023527e-01
7.599035076138984657e-01
7.509102036489124776e-01
7.419169132117525711e-01
7.329236361181474813e-01
7.239303721842471617e-01
7.149371212266196762e-01
7.059438830622554173e-01
6.969506575085624434e-01
6.879574443833700315e-01
6.789642435049280111e-01
6.699710546919046550e-01
6.609778777633906754e-01
6.519847125388942288e-01
6.429915588383445790e-01
6.339984164820920975e-01
6.250052852909049328e-01
6.160121650859738951e-01
6.070190556889071276e-01
5.980259569217354354e-01
5.890328686069076225e-01
5.800397905672928234e-01
5.710467226261818352e-01
5.620536646072830100e-01
5.530606163347272508e-01
5.440675776330636815e-01
5.350745483272615344e-01
5.260815282427118156e-01
5.170885172052229750e-01
5.080955150410261245e-01
4.991025215767704304e-01
4.901095366395255004e-01
4.811165600567822165e-01
4.721235916564495705e-01
4.631306312668585501e-01
4.541376787167586970e-01
4.451447338353196614e-01
4.361517964521324786e-01
4.271588663972062938e-01
4.181659435009723591e-01
4.091730275942803696e-01
4.001801185084000179e-01
3.911872160750226590e-01
3.821943201262575363e-01
3.732014304946361105e-01
3.642085470131081193e-01
3.552156695150435750e-01
3.462227978342339307e-01
3.372299318048886385e-01
3.282370712616392017e-01
3.192442160395356776e-01
3.102513659740481766e-01
3.012585209010683052e-01
2.922656806569057242e-01
2.832728450782920904e-01
2.742800140023771149e-01
2.652871872667326159e-01
2.562943647093487987e-01
2.473015461686359773e-01
2.383087314834260728e-01
2.293159204929689221e-01
2.203231130369364688e-01
2.113303089554191272e-01
2.023375080889274202e-01
1.933447102783933669e-01
1.843519153651669851e-01
1.753591231910203718e-01
1.663663335981441505e-01
1.573735464291489972e-01
1.483807615270670566e-01
1.393879787353485833e-01
1.303951978978658000e-01
1.214024188589095110e-01
1.124096414631905461e-01
1.034168655558412309e-01
9.442409098241195953e-02
8.543131758887516358e-02
7.643854522162178700e-02
6.744577372746282662e-02
5.845300295363079629e-02
4.946023274777624351e-02
4.046746295797176707e-02
3.147469343270797859e-02
2.248192402089753406e-02
1.348915457187162270e-02
4.496384935381467565e-03
-4.496385038400678782e-03
-1.348915549888252824e-02
-2.248192659505276331e-02
-3.147469847547951921e-02
-4.046747128831092166e-02
-4.946024518127603575e-02
-5.845302030168091079e-02
-6.744579679641456160e-02
-7.643857481194496484e-02
-8.543135449432005812e-02
-9.442413598916875317e-02
-1.034169194416969390e-01
-1.124097049966934492e-01
-1.214024927985261071e-01
-1.303952829911426692e-01
-1.393880757180718799e-01
-1.483808711224194887e-01
-1.573736693468741343e-01
-1.663664705337034588e-01
-1.753592748247550792e-01
-1.843520823614575865e-01
-1.933448932848164936e-01
-2.023377077354203413e-01
-2.113305258534365905e-01
-2.203233477786127048e-01
-2.293161736502770387e-01
-2.383090036073350348e-01
-2.473018377882749697e-01
-2.562946763311642062e-01
-2.652875193736500270e-01
-2.742803670529606053e-01
-2.832732195059011748e-01
-2.922660768688599697e-01
-3.012589392778040609e-01
-3.102518068682806329e-01
-3.192446797754176502e-01
-3.282375581339202486e-01
-3.372304420780763978e-01
-3.462233317417530709e-01
-3.552162272583971880e-01
-3.642091287610367267e-01
-3.732020363822764475e-01
-3.821949502543043331e-01
-3.911878705088870922e-01
-4.001807972773714916e-01
-4.091737306906853000e-01
-4.181666708793332909e-01
-4.271596179734030163e-01
-4.361525721025611979e-01
-4.451455333960553928e-01
-4.541385019827101632e-01
-4.631314779909331270e-01
-4.721244615487107388e-01
-4.811174527836095116e-01
-4.901104515760593139e-01
-4.991034425558260601e-01
-5.080964170440481764e-01
-5.170893757431223037e-01
-5.260823193522835561e-01
-5.350752485676063541e-01
-5.440681640820005383e-01
-5.530610665852174757e-01
-5.620539567638457301e-01
-5.710468353013125054e-01
-5.800397028778843111e-01
-5.890325601706629666e-01
-5.980254078535919282e-01
-6.070182465974518493e-01
-6.160110770698619120e-01
-6.250038999352806046e-01
-6.339967158550019466e-01
-6.429895254871613730e-01
-6.519823294867316266e-01
-6.609751285055238679e-01
-6.699679231921886746e-01
-6.789607141922121558e-01
-6.879535021479217249e-01
-6.969462876984821031e-01
-7.059390714798966515e-01
-7.149318541250079262e-01
-7.239246362634940146e-01
-7.329174185218745308e-01
-7.419102015235061742e-01
-7.509029858885842845e-01
-7.598957722341435073e-01
-7.688885611740541304e-01
-7.778813533190275242e-01
-7.868741492766125889e-01
-7.958669496511967534e-01
-8.048597550440067527e-01
-8.138525660531047423e-01
-8.228453832733941820e-01
-8.318382072966161722e-01
-8.408310387113501205e-01
-8.498238781030146294e-01
-8.588167260538641656e-01
-8.678095831429940565e-01
-8.768024499463376031e-01
-8.857953270366660803e-01
-8.947882149835902910e-01
-9.037811143535565694e-01
-9.127740257098526655e-01
-9.217669496126034145e-01
-9.307598866187725140e-01
-9.397528372821626341e-01
-9.487458021534123098e-01
-9.577387817800010472e-01
-9.667317767062461042e-01
-9.757247874733040449e-01
-9.847178146191666315e-01
-9.937108586786672637e-01
-1.002703920183476649e+00
-1.011696999662104357e+00
-1.020690097639898264e+00
-1.029683214639043110e+00
-1.038676351178563495e+00
-1.047669507774322772e+00
-1.056662684939022157e+00
-1.065655883182202057e+00
-1.074649103010238527e+00
-1.083642344926349033e+00
-1.092635609430588239e+00
-1.101628897019850006e+00
-1.110622208187866500e+00
-1.119615543425205750e+00
-1.128608903219277426e+00
-1.137602288054328392e+00
-1.146595698411444042e+00
-1.155589134768548965e+00
-1.164582597600403613e+00
-1.173576087378608745e+00
-1.182569604571603872e+00
-1.191563149644666586e+00
-1.200556723059913233e+00
-1.209550325276296023e+00
-1.218543956749608581e+00
-1.227537617932481728e+00
-1.236531309274385482e+00
-1.245525031221627943e+00
-1.254518784217353966e+00
-1.263512568701548489e+00
-1.272506385111034755e+00
-1.281500233879474759e+00
-1.290494115437368805e+00
-1.299488030212053502e+00
-1.308481978627705988e+00
-1.317475961105341709e+00
-1.326469978062814414e+00
-1.335464029914816608e+00
-1.344458117072876879e+00
-1.353452239945364566e+00
-1.362446398937487091e+00
-1.371440594451290185e+00
-1.380434826885658328e+00
-1.389429096636312533e+00
-1.398423404095813671e+00
-1.407417749653561589e+00
-1.416412133695793774e+00
-1.425406556605587127e+00
-1.434401018762854196e+00
-1.443395520544348498e+00
-1.452390062323661635e+00
-1.461384644471223071e+00
-1.470379267354301689e+00
-1.479373931337002457e+00
-1.488368636780270649e+00
-1.497363384041889622e+00
-1.506358173476481488e+00
-1.515353005435507106e+00
-1.524347880267262978e+00
-1.533342798316886579e+00
-1.542337759926353913e+00
-1.551332765434478622e+00
-1.560327815176913546e+00
-1.569322909486147610e+00
-1.578318048691510045e+00
-1.587313233119168832e+00
-1.596308463092130925e+00
-1.605303738930238033e+00
-1.614299060950174169e+00
-1.623294429465459876e+00
-1.632289844786454669e+00
-1.641285307220357703e+00
-1.650280817071203110e+00
-1.659276374639866436e+00
-1.668271980224060647e+00
-1.677267634118337236e+00
-1.686263336614087338e+00
-1.695259087999537062e+00
-1.704254888559754155e+00
-1.713250738576643561e+00
-1.722246638328948753e+00
-1.731242588092253065e+00
-1.740238588138974585e+00
-1.749234638738373038e+00
-1.758230740156545346e+00
-1.767226892656427184e+00
-1.776223096497793863e+00
-1.785219351937255672e+00
-1.794215659228264315e+00
-1.803212018621108692e+00
-1.812208430362916456e+00
-1.821204894697655119e+00
-1.830201411866126948e+00
-1.839197982105975404e+00
-1.848194605651682032e+00
-1.857191282734566240e+00
-1.866188013582787519e+00
-1.875184798421340115e+00
-1.884181637472059911e+00
-1.893178530953620209e+00
-1.902175479081532394e+00
-1.911172482068148160e+00
-1.920169540122653729e+00
-1.929166653451077185e+00
-1.938163822256283364e+00
-1.947161046737976520e+00
-1.956158327092699656e+00
-1.965155663513831641e+00
-1.974153056191592093e+00
-1.983150505313038270e+00
-1.992148011062066182e+00
-2.001145573619411255e+00
-2.010143193162643893e+00
-2.019140869866176136e+00
-2.028138603901256776e+00
-2.037136395435974912e+00
-2.046134244635256838e+00
-2.055132151660866047e+00
-2.064130116671405890e+00
-2.073128139822317362e+00
-2.082126221265881760e+00
-2.091124361151218025e+00
-2.100122559624280072e+00
-2.109120816827864786e+00
-2.118119132901604473e+00
-2.127117507981974409e+00
-2.136115942202280404e+00
-2.145114435692673904e+00
-2.154112988580141330e+00
-2.163111600988508076e+00
-2.172110273038440287e+00
-2.181109004847436861e+00
-2.190107796529840556e+00
-2.199106648196830882e+00
-2.208105559956424102e+00
-2.217104531913478560e+00
-2.226103564169685800e+00
-2.235102656823580780e+00
-2.244101809970533434e+00
-2.253101023702754002e+00
-2.262100298109292584e+00
-2.271099633276031593e+00
-2.280099029285698631e+00
-2.289098486217856721e+00
-2.298098004148906526e+00
-2.307097583152090792e+00
-2.316097223297484575e+00
-2.325096924652006791e+00
-2.334096687279412219e+00
-2.343096511240294610e+00
-2.352096396592088468e+00
-2.361096343389060159e+00
-2.370096351682321689e+00
-2.379096421519819149e+00
-2.388096552946338935e+00
-2.397096746003506418e+00
-2.406097000729781499e+00
-2.415097317160467050e+00
-2.424097695327701807e+00
-2.433098135260463923e+00
-2.442098636984571414e+00
-2.451099200522675492e+00
-2.460099825894271675e+00
-2.469100513115690898e+00
-2.478101262200102184e+00
-2.487102073157516635e+00
-2.496102945994777222e+00
-2.505103880715571218e+00
-2.514104877320421760e+00
-2.523105935806690514e+00
-2.532107056168580339e+00
-2.541108238397125518e+00
-2.550109482480206413e+00
-2.559110788402537473e+00
-2.568112156145673008e+00
-2.577113585688006747e+00
-2.586115077004766949e+00
-2.595116630068023955e+00
-2.604118244846686192e+00
-2.613119921306497950e+00
-2.622121659410046934e+00
-2.631123459116752272e+00
-2.640125320382877394e+00
-2.649127243161521150e+00
-2.658129227402621808e+00
-2.667131273052957496e+00
-2.676133380056139988e+00
-2.685135548352624912e+00
-2.694137777879703322e+00
-2.703140068571504795e+00
-2.712142420359000550e+00
-2.721144833169993227e+00
-2.730147306929131545e+00
-2.739149841557897869e+00
-2.748152436974615753e+00
-2.757155093094443732e+00
-2.766157809829381975e+00
-2.775160587088267850e+00
-2.784163424776777251e+00
-2.793166322797425050e+00
-2.802169281049562422e+00
-2.811172299429380850e+00
-2.820175377829910346e+00
-2.829178516141018562e+00
-2.838181714249413012e+00
-2.847184972038635742e+00
-2.856188289389071322e+00
-2.865191666177941521e+00
-2.874195102279306191e+00
-2.883198597564064158e+00
-2.892202151899950557e+00
-2.901205765151541272e+00
-2.910209437180250269e+00
-2.919213167844329160e+00
-2.928216956998869414e+00
-2.937220804495798365e+00
-2.946224710183883211e+00
-2.955228673908730119e+00
-2.964232695512783344e+00
-2.973236774835326113e+00
-2.982240911712477072e+00
-2.991245105977196062e+00
-3.000249357459281896e+00
-3.009253665985370141e+00
-3.018258031378935780e+00
-3.027262453460290548e+00
-3.036266932046585598e+00
-3.045271466951811945e+00
-3.054276057986796911e+00
-3.063280704959208123e+00
-3.072285407673548630e+00
-3.081290165931162228e+00
-3.090294979530231689e+00
-3.099299848265776980e+00
-3.108304771929656596e+00
-3.117309750310566674e+00
-3.126314783194043212e+00
-3.135319870362459849e+00
-3.144325011595029196e+00
-3.153330206667802393e+00
-3.162335455353666891e+00
-3.171340757422350443e+00
-3.180346112640420220e+00
-3.189351520771279258e+00
-3.198356981575171787e+00
-3.207362494809176567e+00
-3.216368060227213999e+00
-3.225373677580042564e+00
-3.234379346615257944e+00
-3.243385067077296569e+00
-3.252390838707428955e+00
-3.261396661243767259e+00
-3.270402534421262608e+00
-3.279408457971703328e+00
-3.288414431623714940e+00
-3.297420455102763270e+00
-3.306426528131151343e+00
-3.315432650428022043e+00
-3.324438821709356340e+00
-3.333445041687971511e+00
-3.342451310073525139e+00
-3.351457626572512449e+00
-3.360463990888268970e+00
-3.369470402720966984e+00
-3.378476861767615969e+00
-3.387483367722065708e+00
-3.396489920275003627e+00
-3.405496519113956566e+00
-3.414503163923289897e+00
-3.423509854384203965e+00
-3.432516590174742088e+00
-3.441523370969782558e+00
-3.450530196441044417e+00
-3.459537066257085680e+00
-3.468543980083298450e+00
-3.477550937581917356e+00
-3.486557938412013335e+00
-3.495564982229498519e+00
-3.504572068687120900e+00
-3.513579197434466117e+00
-3.522586368117960109e+00
-3.531593580380866904e+00
-3.540600833863289054e+00
-3.549608128202168089e+00
-3.558615463031280957e+00
-3.567622837981246242e+00
-3.576630252679518840e+00
-3.585637706750394393e+00
-3.594645199815006187e+00
-3.603652731491322925e+00
-3.612660301394155393e+00
-3.621667909135151131e+00
-3.630675554322797094e+00
-3.639683236562418767e+00
-3.648690955456177498e+00
-3.657698710603075387e+00
-3.666706501598952173e+00
-3.675714328036487011e+00
-3.684722189505197143e+00
-3.693730085591435675e+00
-3.702738015878398237e+00
-3.711745979946114993e+00
-3.720753977371458188e+00
-3.729762007728136375e+00
-3.738770070586695748e+00
-3.747778165514522364e+00
-3.756786292075840361e+00
-3.765794449831711965e+00
-3.774802638340039707e+00
-3.783810857155560647e+00
-3.792819105829853044e+00
-3.801827383911333236e+00
-3.810835690945255649e+00
-3.819844026473714571e+00
-3.828852390035639264e+00
-3.837860781166800184e+00
-3.846869199399805428e+00
-3.855877644264102067e+00
-3.864886115285975254e+00
-3.873894611988547343e+00
-3.882903133891780545e+00
-3.891911680512474714e+00
-3.900920251364270008e+00
-3.909928845957642007e+00
-3.918937463799905707e+00
-3.927946104395215965e+00
-3.936954767244564390e+00
-3.945963451845783343e+00
-3.954972157693539714e+00
-3.963980884279341588e+00
-3.972989631091535134e+00
-3.981998397615304164e+00
-3.991007183332673236e+00
-4.000015987722500554e+00
-4.009024810260487293e+00
-4.018033650419171821e+00
-4.027042507667928817e+00
-4.036051381472976374e+00
-4.045060271297362675e+00
-4.054069176600982871e+00
-4.063078096840566644e+00
-4.072087031469680873e+00
-4.081095979938734075e+00
-4.090104941694970186e+00
-4.099113916182472117e+00
-4.108122902842164414e+00
-4.117131901111805270e+00
-4.126140910425996289e+00
-4.135149930216170944e+00
-4.144158959910607010e+00
-4.153167998934418570e+00
-4.162177046709556905e+00
-4.171186102654816708e+00
-4.180195166185821876e+00
-4.189204236715042384e+00
-4.198213313651785406e+00
-4.207222396402194420e+00
-4.216231484369254545e+00
-4.225240576952782767e+00
-4.234249673549442150e+00
-4.243258773552730290e+00
-4.252267876352982867e+00
-4.261276981337377201e+00
-4.270286087889923365e+00
-4.279295195391474849e+00
-4.288304303219722335e+00
-4.297313410749192819e+00
-4.306322517351256707e+00
-4.315331622394114497e+00
-4.324340725242813654e+00
-4.333349825259236177e+00
-4.342358921802101257e+00
-4.351368014226969727e+00
-4.360377101886236950e+00
-4.369386184129140815e+00
-4.378395260301754632e+00
-4.387404329746990683e+00
-4.396413391804602000e+00
-4.405422445811175258e+00
-4.414431491100140548e+00
-4.423440527001764266e+00
-4.432449552843150897e+00
-4.441458567948242120e+00
-4.450467571637821251e+00
-4.459476563229507029e+00
-4.468485542037758940e+00
-4.477494507373873667e+00
-4.486503458545986867e+00
-4.495512394859069616e+00
