8.190602253815072231e+00
8.174483566389330491e+00
8.158364851280722974e+00
8.142246081184925544e+00
8.126127229215127201e+00
8.110008268950894106e+00
8.093889174438453793e+00
8.077769920190693398e+00
8.061650481187163209e+00
8.045530832874069560e+00
8.029410951164285493e+00
8.013290812437336541e+00
7.997170311059801584e+00
7.981049321536387353e+00
7.964927841153614629e+00
7.948805867827776872e+00
7.932683399291862614e+00
7.916560433095568783e+00
7.900436966605292710e+00
7.884312997004128576e+00
7.868188521291881621e+00
7.852063536285053047e+00
7.835938038616844459e+00
7.819812024737166745e+00
7.803685490912625866e+00
7.787558433226532628e+00
7.771430847578900902e+00
7.755302729686445851e+00
7.739174075082582149e+00
7.723044879117429318e+00
7.706915136957809942e+00
7.690784843587243458e+00
7.674653993805957697e+00
7.658522582230880005e+00
7.642390603295634577e+00
7.626258051250558445e+00
7.610124920162680162e+00
7.593991203915738453e+00
7.577856896210167115e+00
7.561721990563107454e+00
7.545586480308399402e+00
7.529450358596586845e+00
7.513313618394914073e+00
7.497176252487328441e+00
7.481038253474481259e+00
7.464899613773720688e+00
7.448760325619101508e+00
7.432620381061380677e+00
7.416479771968012003e+00
7.400338490023158577e+00
7.384196526727681231e+00
7.368053873399139420e+00
7.351910521171804547e+00
7.335766460996639537e+00
7.319621683641316601e+00
7.303476179690206571e+00
7.287329939544381574e+00
7.271182953421620354e+00
7.255035211356398506e+00
7.238886703199896466e+00
7.222737418619996852e+00
7.206587347101280905e+00
7.190436477945036486e+00
7.174284800269250972e+00
7.158132303008614805e+00
7.141978974914518830e+00
7.125824804555056957e+00
7.109669780315027943e+00
7.093513890395924726e+00
7.077357122815952195e+00
7.061199465410011200e+00
7.045040905829702993e+00
7.028881431543338110e+00
7.012721029835921271e+00
6.996559687809164707e+00
6.980397392381480159e+00
6.964234130287980662e+00
6.948069888080484091e+00
6.931904652127508726e+00
6.915738408614274135e+00
6.899571143542702956e+00
6.883402842731420002e+00
6.867233491815751378e+00
6.851063076247725370e+00
6.834891581296074214e+00
6.818718992046227889e+00
6.802545293400322990e+00
6.786370470077195627e+00
6.770194506612382312e+00
6.754017387358127955e+00
6.737839096483372536e+00
6.721659617973759993e+00
6.705478935631639104e+00
6.689297033076058163e+00
6.673113893742767644e+00
6.656929500884221973e+00
6.640743837569573316e+00
6.624556886684678680e+00
6.608368630932100807e+00
6.592179052831098396e+00
6.575988134717633216e+00
6.559795858744370989e+00
6.543602206880679617e+00
6.527407160912629180e+00
6.511210702442989273e+00
6.495012812891232556e+00
6.478813473493536534e+00
6.462612665302775561e+00
6.446410369188531497e+00
6.430206534542588948e+00
6.414001102690880529e+00
6.397794059532992073e+00
6.381585391439763555e+00
6.365375085004018274e+00
6.349163127040559296e+00
6.332949504586174783e+00
6.316734204899635330e+00
6.300517215461690412e+00
6.284298523975079931e+00
6.268078118364517337e+00
6.251855986776702956e+00
6.235632117580321321e+00
6.219406499366035845e+00
6.203179120946496816e+00
6.186949971356333400e+00
6.170719039852156307e+00
6.154486315912564898e+00
6.138251789238133860e+00
6.122015449751426530e+00
6.105777287596985126e+00
6.089537293141334295e+00
6.073295456972982898e+00
6.057051769902423111e+00
6.040806222962127769e+00
6.024558807406552141e+00
6.008309514712134813e+00
5.992058336577299471e+00
5.975805264922445126e+00
5.959550291889962992e+00
5.943293409844220498e+00
5.927034611371565731e+00
5.910773889280336313e+00
5.894511236600848747e+00
5.878246646585401081e+00
5.861980112708275570e+00
5.845711628665734239e+00
5.829441188376026872e+00
5.813168785979382136e+00
5.796894415838011128e+00
5.780618072536110041e+00
5.764339750879853952e+00
5.748059445897403030e+00
5.731777152838900768e+00
5.715492867176471314e+00
5.699206584604221248e+00
5.682918301038240472e+00
5.666628012616602206e+00
5.650335715699362105e+00
5.634041406868557367e+00
5.617745082928207623e+00
5.601446740904314936e+00
5.585146378044865578e+00
5.568843991819829142e+00
5.552539579921153212e+00
5.536233140262773134e+00
5.519924670980602244e+00
5.503614170432538089e+00
5.487301637198465976e+00
5.470987070080245651e+00
5.454670468101723735e+00
5.438351830508728391e+00
5.422031156769069327e+00
5.405708446572543124e+00
5.389383699830925245e+00
5.373056916677971806e+00
5.356728097469426686e+00
5.340397242783011755e+00
5.324064353418434870e+00
5.307729430397385428e+00
5.291392474963534376e+00
5.275053488582533312e+00
5.258712472942021598e+00
5.242369429951619253e+00
5.226024361742925173e+00
5.209677270669526017e+00
5.193328159306988212e+00
5.176977030452859729e+00
5.160623887126674525e+00
5.144268732569947211e+00
5.127911570246173056e+00
5.111552403840834202e+00
5.095191237261389894e+00
5.078828074637288914e+00
5.062462920319956261e+00
5.046095778882801142e+00
5.029726655121218748e+00
5.013355554052582264e+00
4.996982480916249969e+00
4.980607441173562577e+00
4.964230440507842346e+00
4.947851484824393964e+00
4.931470580250507219e+00
4.915087733135451664e+00
4.898702950050480176e+00
4.882316237788828950e+00
4.865927603365715726e+00
4.849537054018340676e+00
4.833144597205889959e+00
4.816750240609527722e+00
4.800353992132399661e+00
4.783955859899641005e+00
4.767555852258364091e+00
4.751153977777665460e+00
4.734750245248624090e+00
4.718344663684297835e+00
4.701937242319734978e+00
4.685527990611960902e+00
4.669116918239983427e+00
4.652704035104796354e+00
4.636289351329370589e+00
4.619872877258663912e+00
4.603454623459618311e+00
4.587034600721152877e+00
4.570612820054172687e+00
4.554189292691564361e+00
4.537764030088198730e+00
4.521337043920927279e+00
4.504908346088584814e+00
4.488477948711988574e+00
4.472045864133936455e+00
4.455612104919213223e+00
4.439176683854584304e+00
4.422739613948794890e+00
4.406300908432577934e+00
4.389860580758642605e+00
4.373418644601685834e+00
4.356975113858387871e+00
4.340530002647405183e+00
4.324083325309382886e+00
4.307635096406945863e+00
4.291185330724700542e+00
4.274734043269241113e+00
4.258281249269138868e+00
4.241826964174948422e+00
4.225371203659209485e+00
4.208913983616442422e+00
4.192455320163151811e+00
4.175995229637822881e+00
4.159533728600923297e+00
4.143070833834904931e+00
4.126606562344202089e+00
4.110140931355230620e+00
4.093673958316388806e+00
4.077205660898059136e+00
4.060736056992604759e+00
4.044265164714372141e+00
4.027793002399691957e+00
4.011319588606874653e+00
3.994844942116212660e+00
3.978369081929986617e+00
3.961892027272452488e+00
3.945413797589854443e+00
3.928934412550416422e+00
3.912453891266310269e+00
3.895972198428796052e+00
3.879489314712404102e+00
3.863005252560473668e+00
3.846520024349915801e+00
3.830033642391216464e+00
3.813546118928439643e+00
3.797057466139218462e+00
3.780567696134765843e+00
3.764076820959866954e+00
3.747584852592879656e+00
3.731091802945741609e+00
3.714597683863959166e+00
3.698102507126619365e+00
3.681606284446377497e+00
3.665109027469469538e+00
3.648610747775702379e+00
3.632111456878457378e+00
3.615611166224693029e+00
3.599109887194940072e+00
3.582607631103305934e+00
3.566104409197470737e+00
3.549600232658689958e+00
3.533095112601795762e+00
3.516589060075190343e+00
3.500082086060855691e+00
3.483574201474345156e+00
3.467065417164786556e+00
3.450555743914884843e+00
3.434045192440917216e+00
3.417533773392737118e+00
3.401021497353771572e+00
3.384508374841022071e+00
3.367994416305066796e+00
3.351479632130055286e+00
3.334964032633715103e+00
3.318447628067346500e+00
3.301930428615823310e+00
3.285412444397596943e+00
3.268893685464691501e+00
3.252374161802705999e+00
3.235853883330813474e+00
3.219332859901764543e+00
3.202811101301880292e+00
3.186288617251058497e+00
3.169765417402772734e+00
3.153241511344068382e+00
3.136716908595568842e+00
3.120191618611469320e+00
3.103665650779540375e+00
3.087139014421128813e+00
3.070611718791152800e+00
3.054083773078109854e+00
3.037555186404067076e+00
3.021025967824669145e+00
3.004496126329135652e+00
2.987965670840258881e+00
2.971434610214407801e+00
2.954902953241524521e+00
2.938370708645125617e+00
2.921837885082304798e+00
2.905304491143726242e+00
2.888770535353634372e+00
2.872236026169842305e+00
2.855700971983740288e+00
2.839165381120295706e+00
2.822629261838046411e+00
2.806092622329107833e+00
2.789555470719168540e+00
2.773017815067492009e+00
2.756479663366917521e+00
2.739941023543856158e+00
2.723401903458297912e+00
2.706862310903803248e+00
2.690322253607508873e+00
2.673781739230128185e+00
2.657240775365944607e+00
2.640699369542820918e+00
2.624157529222191698e+00
2.607615261799068218e+00
2.591072574602033551e+00
2.574529474893247016e+00
2.557985969868444620e+00
2.541442066656931953e+00
2.524897772321595291e+00
2.508353093858890936e+00
2.491808038198850550e+00
2.475262612205082924e+00
2.458716822674768210e+00
2.442170676338665469e+00
2.425624179861103791e+00
2.409077339839988063e+00
2.392530162806801197e+00
2.375982655226595686e+00
2.359434823498002931e+00
2.342886673953227028e+00
2.326338212858044763e+00
2.309789446411812275e+00
2.293240380747455731e+00
2.276691021931480652e+00
2.260141375963962140e+00
2.243591448778551545e+00
2.227041246242478678e+00
2.210490774156542049e+00
2.193940038255119518e+00
2.177389044206160751e+00
2.160837797611191657e+00
2.144286304005311727e+00
2.127734568857194919e+00
2.111182597569091879e+00
2.094630395476825058e+00
2.078077967849794039e+00
2.061525319890971986e+00
2.044972456736904309e+00
2.028419383457716663e+00
2.011866105057103837e+00
1.995312626472338868e+00
1.978758952574267704e+00
1.962205088167309874e+00
1.945651037989463150e+00
1.929096806712295553e+00
1.912542398940954458e+00
1.895987819214157932e+00
1.879433072004198957e+00
1.862878161716948755e+00
1.846323092691848355e+00
1.829767869201918140e+00
1.813212495453749629e+00
1.796656975587509031e+00
1.780101313676940578e+00
1.763545513729358305e+00
1.746989579685656269e+00
1.730433515420298995e+00
1.713877324741325703e+00
1.697321011390354073e+00
1.680764579042571372e+00
1.664208031306744440e+00
1.647651371725211256e+00
1.631094603773884266e+00
1.614537730862254161e+00
1.597980756333381658e+00
1.581423683463906604e+00
1.564866515464039320e+00
1.548309255477568147e+00
1.531751906581854339e+00
1.515194471787832731e+00
1.498636954040016178e+00
1.482079356216488453e+00
1.465521681128910902e+00
1.448963931522517790e+00
1.432406110076117622e+00
1.415848219402095598e+00
1.399290262046409605e+00
1.382732240488593778e+00
1.366174157141755607e+00
1.349616014352576832e+00
1.333057814401316099e+00
1.316499559501803862e+00
1.299941251801447928e+00
1.283382893381229017e+00
1.266824486255701432e+00
1.250266032372997715e+00
1.233707533614821328e+00
1.217148991796453084e+00
1.200590408666746933e+00
1.184031785908130852e+00
1.167473125136609946e+00
1.150914427901760906e+00
1.134355695686737997e+00
1.117796929908267511e+00
1.101238131916653318e+00
1.084679302995770644e+00
1.068120444363070520e+00
1.051561557169580663e+00
1.035002642499900150e+00
1.018443701372205856e+00
1.001884734738247129e+00
9.853257434833473383e-01
9.687667284264076528e-01
9.522076903199002684e-01
9.356486298498754017e-01
9.190895476359555172e-01
9.025304442313371034e-01
8.859713201227946699e-01
8.694121757306734199e-01
8.528530114088971326e-01
8.362938274449608356e-01
8.197346240599348022e-01
8.031754014084664384e-01
7.866161595787741767e-01
7.700568985926550258e-01
7.534976184054772430e-01
7.369383189061842199e-01
7.203789999172965919e-01
7.038196611949060211e-01
6.872603024286825235e-01
6.707009232418676969e-01
6.541415231912781625e-01
6.375821017673077851e-01
6.210226583939212341e-01
6.044631924286618663e-01
5.879037031626443977e-01
5.713441898205586789e-01
5.547846515606716933e-01
5.382250874748215619e-01
5.216654965884242046e-01
5.051058778604673449e-01
4.885462301835163945e-01
4.719865523837089016e-01
4.554268432207568829e-01
4.388671013879499316e-01
4.223073255121483904e-01
4.057475141537911778e-01
3.891876658068889050e-01
3.726277788990269846e-01
3.560678517913679619e-01
3.395078827786455200e-01
3.229478700891718068e-01
3.063878118848304410e-01
2.898277062610801202e-01
2.732675512469565637e-01
2.567073448050667395e-01
2.401470848315958306e-01
2.235867691563008242e-01
2.070263955425134528e-01
1.904659616871427763e-01
1.739054652206688811e-01
1.573449037071500689e-01
1.407842279304805655e-01
1.242231196215506234e-01
1.076615269067009301e-01
9.109945898085171356e-02
7.453692501902214884e-02
5.797393417632326629e-02
4.141049558796499469e-02
2.484661836924997175e-02
8.282311615576147881e-03
-8.282415597561230969e-03
-2.484755421457159746e-02
-4.141309519977084269e-02
-5.797902953737857357e-02
-7.454534823151898193e-02
-9.111204230622273192e-02
-1.076791028054196603e-01
-1.242465207929496357e-01
-1.408142873525554117e-01
-1.573823935878843061e-01
-1.739508306224900880e-01
-1.905195895998257061e-01
-2.070886616832541827e-01
-2.236580380560413694e-01
-2.402277099213576961e-01
-2.567976685022801409e-01
-2.733679050417846534e-01
-2.899384108027573959e-01
-3.065091770679873595e-01
-3.230801951401681693e-01
-3.396514563418996935e-01
-3.562229520156813267e-01
-3.727946735239220932e-01
-3.893666122489343184e-01
-4.059387595929344617e-01
-4.225111069780458362e-01
-4.390836458462907821e-01
-4.556563676596014356e-01
-4.722292638998132341e-01
-4.888023260686658600e-01
-5.053755456878057384e-01
-5.219489142987780994e-01
-5.385224234630384688e-01
-5.550960647619451738e-01
-5.716698297967612863e-01
-5.882437101886561770e-01
-6.048176975786982990e-01
-6.213917836278661788e-01
-6.379659600170414224e-01
-6.545402184470101581e-01
-6.711145506384645909e-01
-6.876889483319967855e-01
-7.042634032881079920e-01
-7.208379072872032056e-01
-7.374124521295913892e-01
-7.539870296354882484e-01
-7.705616316450085712e-01
-7.871362500181771082e-01
-8.037108766349216893e-01
-8.202855033950763319e-01
-8.368601222183744692e-01
-8.534347250444591637e-01
-8.700093038328768902e-01
-8.865838505630783128e-01
-9.031583572344207278e-01
-9.197328158661605135e-01
-9.363072184974639001e-01
-9.528815571874007517e-01
-9.694558240149444561e-01
-9.860300110789756989e-01
-1.002604110498273915e+00
-1.019178114411528391e+00
-1.035752014977332047e+00
-1.052325804374181661e+00
-1.068899474800480975e+00
-1.085473018474532036e+00
-1.102046427634548298e+00
-1.118619694538644627e+00
-1.135192811464841522e+00
-1.151765770711066006e+00
-1.168338564595142959e+00
-1.184911185454808891e+00
-1.201483625647701947e+00
-1.218055877551365906e+00
-1.234627933563250402e+00
-1.251199786100703815e+00
-1.267771427600985934e+00
-1.284342850521257740e+00
-1.300914047338586066e+00
-1.317485010549944047e+00
-1.334055732672202899e+00
-1.350626206242145244e+00
-1.367196423816455786e+00
-1.383766377971724193e+00
-1.400336061304446433e+00
-1.416905466431017446e+00
-1.433474585987742689e+00
-1.450043412630829920e+00
-1.466611939036391865e+00
-1.483180157900447993e+00
-1.499748061938915855e+00
-1.516315643887623965e+00
-1.532882896502304026e+00
-1.549449812558591155e+00
-1.566016384852028098e+00
-1.582582606198055686e+00
-1.599148469432025488e+00
-1.615713967409192042e+00
-1.632279093004713966e+00
-1.648843839113657062e+00
-1.665408198650984994e+00
-1.681972164551572835e+00
-1.698535729770198177e+00
-1.715098887281542472e+00
-1.731661630080194803e+00
-1.748223951180642111e+00
-1.764785843617282302e+00
-1.781347300444416248e+00
-1.797908314736250457e+00
-1.814468879586891514e+00
-1.831028988110354971e+00
-1.847588633440560013e+00
-1.864147808731330791e+00
-1.880706507156396645e+00
-1.897264721909387442e+00
-1.913822446203842009e+00
-1.930379673273202368e+00
-1.946936396370815947e+00
-1.963492608769935144e+00
-1.980048303763712880e+00
-1.996603474665211264e+00
-2.013158114807395371e+00
-2.029712217543135910e+00
-2.046265776245208112e+00
-2.062818784306287956e+00
-2.079371235138960827e+00
-2.095923122175715747e+00
-2.112474438868944926e+00
-2.129025178690948206e+00
-2.145575335133923289e+00
-2.162124901709980396e+00
-2.178673871951129826e+00
-2.195222239409287734e+00
-2.211769997656277020e+00
-2.228317140283819775e+00
-2.244863660903546609e+00
-2.261409553146993545e+00
-2.277954810665598906e+00
-2.294499427130708646e+00
-2.311043396233567027e+00
-2.327586711685329934e+00
-2.344129367217054671e+00
-2.360671356579703062e+00
-2.377212673544144561e+00
-2.393753311901146930e+00
-2.410293265461387779e+00
-2.426832528055448357e+00
-2.443371093533814431e+00
-2.459908955766877181e+00
-2.476446108644928756e+00
-2.492982546078169381e+00
-2.509518261996702915e+00
-2.526053250350538182e+00
-2.542587505109590751e+00
-2.559121020263674495e+00
-2.575653789822512696e+00
-2.592185807815734044e+00
-2.608717068292869534e+00
-2.625247565323356458e+00
-2.641777292996533522e+00
-2.658306245421647951e+00
-2.674834416727849273e+00
-2.691361801064191983e+00
-2.707888392599638649e+00
-2.724414185523048815e+00
-2.740939174043192761e+00
-2.757463352388744404e+00
-2.773986714808281739e+00
-2.790509255570288616e+00
-2.807030968963149409e+00
-2.823551849295157012e+00
-2.840071890894507511e+00
-2.856591088109303289e+00
-2.873109435307551252e+00
-2.889626926877157498e+00
-2.906143557225938867e+00
-2.922659320781615833e+00
-2.939174211991813834e+00
-2.955688225324057505e+00
-2.972201355265783551e+00
-2.988713596324328758e+00
-3.005224943026935769e+00
-3.021735389920754411e+00
-3.038244931572832819e+00
-3.054753562570129422e+00
-3.071261277519504507e+00
-3.087768071047725105e+00
-3.104273937801462768e+00
-3.120778872447288688e+00
-3.137282869671685237e+00
-3.153785924181036204e+00
-3.170288030701630344e+00
-3.186789183979663154e+00
-3.203289378781229768e+00
-3.219788609892333842e+00
-3.236286872118882663e+00
-3.252784160286689819e+00
-3.269280469241472087e+00
-3.285775793848848103e+00
-3.302270128994345022e+00
-3.318763469583394077e+00
-3.335255810541329691e+00
-3.351747146813394362e+00
-3.368237473364728007e+00
-3.384726785180381281e+00
-3.401215077265308917e+00
-3.417702344644368839e+00
-3.434188582362325715e+00
-3.450673785483842515e+00
-3.467157949093494285e+00
-3.483641068295757925e+00
-3.500123138215013974e+00
-3.516604153995551041e+00
-3.533084110801555600e+00
-3.549563003817124862e+00
-3.566040828246259231e+00
-3.582517579312862743e+00
-3.598993252260746623e+00
-3.615467842353620842e+00
-3.631941344875105671e+00
-3.648413755128724123e+00
-3.664885068437903293e+00
-3.681355280145978348e+00
-3.697824385616181875e+00
-3.714292380231656754e+00
-3.730759259395450389e+00
-3.747225018530512930e+00
-3.763689653079701714e+00
-3.780153158505771938e+00
-3.796615530291391760e+00
-3.813076763939129865e+00
-3.829536854971459459e+00
-3.845995798930761822e+00
-3.862453591379316098e+00
-3.878910227899311725e+00
-3.895365704092840886e+00
-3.911820015581903398e+00
-3.928273158008395605e+00
-3.944725127034127254e+00
-3.961175918340808622e+00
-3.977625527630054947e+00
-3.994073950623387770e+00
-4.010521183062229156e+00
-4.026967220707910577e+00
-4.043412059341664033e+00
-4.059855694764630485e+00
-4.076298122797853196e+00
-4.092739339282277733e+00
-4.109179340078758180e+00
-4.125618121068050925e+00
-4.142055678150818210e+00
-4.158492007247628131e+00
-4.174927104298948422e+00
-4.191360965265155336e+00
-4.207793586126530982e+00
-4.224224962883258883e+00
-4.240655091555430189e+00
-4.257083968183036582e+00
-4.273511588825976482e+00
-4.289937949564055941e+00
-4.306363046496981539e+00
-4.322786875744367485e+00
-4.339209433445727626e+00
-4.355630715760486105e+00
-4.372050718867969366e+00
-4.388469438967407044e+00
-4.404886872277939069e+00
-4.421303015038599682e+00
-4.437717863508338745e+00
-4.454131413966002206e+00
-4.470543662710346311e+00
-4.486954606060032269e+00
-4.503364240353619152e+00
-4.519772561949576328e+00
-4.536179567226278131e+00
-4.552585252581999420e+00
-4.568989614434926239e+00
-4.585392649223141603e+00
-4.601794353404636162e+00
-4.618194723457307305e+00
-4.634593755878957388e+00
-4.650991447187289296e+00
-4.667387793919911765e+00
-4.683782792634342051e+00
-4.700176439907996162e+00
-4.716568732338198622e+00
-4.732959666542180699e+00
-4.749349239157070635e+00
-4.765737446839906966e+00
-4.782124286267634083e+00
-4.798509754137096017e+00
-4.814893847165048868e+00
-4.831276562088141269e+00
-4.847657895662938365e+00
-4.864037844665904942e+00
-4.880416405893409859e+00
-4.896793576161730499e+00
-4.913169352307042104e+00
-4.929543731185429323e+00
-4.945916709672880884e+00
-4.962288284665291371e+00
-4.978658453078456780e+00
-4.995027211848078963e+00
-5.011394557929765625e+00
-5.027760488299026775e+00
-5.044124999951280941e+00
-5.060488089901847175e+00
-5.076849755185949498e+00
-5.093209992858719559e+00
-5.109568799995193089e+00
-5.125926173690308119e+00
-5.142282111058907645e+00
-5.158636609235740522e+00
-5.174989665375459680e+00
-5.191341276652623904e+00
-5.207691440261695170e+00
-5.224040153417039534e+00
-5.240387413352928903e+00
-5.256733217323539264e+00
-5.273077562602950685e+00
-5.289420446485153526e+00
-5.305761866284030681e+00
-5.322101819333380668e+00
-5.338440302986903419e+00
-5.354777314618200279e+00
-5.371112851620782891e+00
-5.387446911408061645e+00
-5.403779491413355451e+00
-5.420110589089886410e+00
-5.436440201910782477e+00
-5.452768327369075685e+00
-5.469094962977699481e+00
-5.485420106269498497e+00
-5.501743754797215225e+00
-5.518065906133501564e+00
-5.534386557870913492e+00
-5.550705707621906626e+00
-5.567023353018847764e+00
-5.583339491714004232e+00
-5.599654121379550098e+00
-5.615967239707566172e+00
-5.632278844410029350e+00
-5.648588933218829489e+00
-5.664897503885759633e+00
-5.681204554182513355e+00
-5.697510081900695411e+00
-5.713814084851809305e+00
-5.730116560867263509e+00
-5.746417507798375013e+00
-5.762716923516363998e+00
-5.779014805912354724e+00
-5.795311152897372864e+00
-5.811605962402355274e+00
-5.827899232378137562e+00
-5.844190960795463852e+00
-5.860481145644983236e+00
-5.876769784937243557e+00
-5.893056876702703839e+00
-5.909342418991723633e+00
-5.925626409874569234e+00
-5.941908847441414565e+00
-5.958189729802328749e+00
-5.974469055087294755e+00
-5.990746821446196080e+00
-6.007023027048823849e+00
-6.023297670084867939e+00
-6.039570748763928520e+00
-6.055842261315507180e+00
-6.072112205989012246e+00
-6.088380581053758789e+00
-6.104647384798957077e+00
-6.120912615533732115e+00
-6.137176271587109433e+00
-6.153438351308018639e+00
-6.169698853065297861e+00
-6.185957775247683976e+00
-6.202215116263820605e+00
-6.218470874542258109e+00
-6.234725048531450931e+00
-6.250977636699757589e+00
-6.267228637535438907e+00
-6.283478049546662447e+00
-6.299725871261501631e+00
-6.315972101227933955e+00
-6.332216738013840107e+00
-6.348459780207003966e+00
-6.364701226415118818e+00
-6.380941075265778473e+00
-6.397179325406483485e+00
-6.413415975504640265e+00
-6.429651024247553082e+00
-6.445884470342439165e+00
-6.462116312516416272e+00
-6.478346549516506236e+00
-6.494575180109640300e+00
-6.510802203082646678e+00
-6.527027617242263879e+00
-6.543251421415131830e+00
-6.559473614447799861e+00
-6.575694195206716941e+00
-6.591913162578237895e+00
-6.608130515468622512e+00
-6.624346252804036439e+00
-6.640560373530548510e+00
-6.656772876614133416e+00
-6.672983761040668149e+00
-6.689193025815936444e+00
-6.705400669965625227e+00
-6.721606692535328165e+00
-6.737811092590543893e+00
-6.754013869216669796e+00
-6.770215021519014442e+00
-6.786414548622788701e+00
-6.802612449673107520e+00
-6.818808723834992591e+00
-6.835003370293366132e+00
-6.851196388253057989e+00
-6.867387776938802979e+00
-6.883577535595240882e+00
-6.899765663486913780e+00
-6.915952159898267837e+00
-6.932137024133657732e+00
-6.948320255517339561e+00
-6.964501853393475272e+00
-6.980681817126132671e+00
-6.996860146099280087e+00
-7.013036839716794368e+00
-7.029211897402454667e+00
-7.045385318599946878e+00
-7.061557102772863637e+00
-7.077727249404692778e+00
-7.093895757998835983e+00
-7.110062807717461020e+00
-7.126228995181251413e+00
-7.142394368020338113e+00
-7.158558926652626830e+00
-7.174722671841717414e+00
-7.190885604696904743e+00
-7.207047726673185828e+00
-7.223209039571245604e+00
-7.239369545537472916e+00
-7.255529247063950748e+00
-7.271688146988457113e+00
-7.287846248494472157e+00
-7.304003555111164836e+00
-7.320160070713406242e+00
-7.336315799521762493e+00
-7.352470746102496513e+00
-7.368624915367568917e+00
-7.384778312574633574e+00
-7.400930943327043821e+00
-7.417082813573849798e+00
-7.433233929609797563e+00
-7.449384298075330868e+00
-7.465533925956586714e+00
-7.481682820585401572e+00
-7.497830989639308719e+00
-7.513978441141536457e+00
-7.530125183461013449e+00
-7.546271225312358055e+00
-7.562416575755890769e+00
-7.578561244197629776e+00
-7.594705240389283851e+00
-7.610848574428265678e+00
-7.626991256757678528e+00
-7.643133298166324252e+00
-7.659274709788703284e+00
-7.675415503105010195e+00
-7.691555689941139029e+00
-7.707695282468677078e+00
-7.723834293204908441e+00
-7.739972735012816685e+00
-7.756110621101082181e+00
-7.772247965024079441e+00
-7.788384780681878006e+00
-7.804521082320249548e+00
-7.820656884530657216e+00
-7.836792202250263628e+00
-7.852927050761930872e+00
-7.869061445694208068e+00
-7.885195403021350025e+00
-7.901328939063305690e+00
-7.917462070485719039e+00
-7.933594814299934406e+00
-7.949727187862986710e+00
-7.965859208877612119e+00
-7.981990895392242713e+00
-7.998122265801007380e+00
-8.014253338843731811e+00
-8.030384133605934949e+00
-8.046514669518835206e+00
-8.062644966359346910e+00
-8.078775044250088300e+00
-8.094904923659358431e+00
-8.111034625401165599e+00
-8.127164170635213125e+00
-8.143293580866895809e+00
-8.159422877947314134e+00
-8.175552084073251180e+00
-8.191681221787199263e+00
