-1.629154762690543379e-03
-1.629154710946600915e-03
-1.629154352760897595e-03
-1.629153396782045959e-03
-1.629151567810183110e-03
-1.629148603535135464e-03
-1.629144254514880430e-03
-1.629138284173548001e-03
-1.629130468806083698e-03
-1.629120597573141538e-03
-1.629108472505746974e-03
-1.629093908503298493e-03
-1.629076958192587909e-03
-1.629057833751446083e-03
-1.629036473269840357e-03
-1.629012810544727685e-03
-1.628986777085783544e-03
-1.628958302113403533e-03
-1.628927312563588359e-03
-1.628893733082614759e-03
-1.628857486030810264e-03
-1.628818491482997288e-03
-1.628776667223164054e-03
-1.628731928751792069e-03
-1.628684189278972738e-03
-1.628633359729958485e-03
-1.628579348743164346e-03
-1.628522062666837300e-03
-1.628461405565939657e-03
-1.628397279214599536e-03
-1.628329583102328115e-03
-1.628258214431577144e-03
-1.628183068115074406e-03
-1.628104036781818920e-03
-1.628021010770197563e-03
-1.627933878133536183e-03
-1.627842524639211419e-03
-1.627746833763543677e-03
-1.627646686700234824e-03
-1.627541962351264360e-03
-1.627432537334660978e-03
-1.627318285981838031e-03
-1.627199080333152637e-03
-1.627074790146787464e-03
-1.626945282888758726e-03
-1.626810423741353873e-03
-1.626670075600245013e-03
-1.626524099069825979e-03
-1.626372352472538196e-03
-1.626214691838656634e-03
-1.626050970914727500e-03
-1.625881041160459617e-03
-1.625704751744505572e-03
-1.625521949553565548e-03
-1.625332479182173273e-03
-1.625136182940911667e-03
-1.624932900853748308e-03
-1.624722470653594542e-03
-1.624504727791187264e-03
-1.624279505425318959e-03
-1.624046634431053349e-03
-1.623805943396172680e-03
-1.623557258618291144e-03
-1.623300404111738260e-03
-1.623035201599787314e-03
-1.622761470521760785e-03
-1.622479028029477632e-03
-1.622187688984810805e-03
-1.621887265966570624e-03
-1.621577569261845042e-03
-1.621258406874215297e-03
-1.620929584520203193e-03
-1.620590905625052258e-03
-1.620242171332275660e-03
-1.619883180493220109e-03
-1.619513729675503555e-03
-1.619133613159684515e-03
-1.618742622935709363e-03
-1.618340548710683890e-03
-1.617927177900657654e-03
-1.617502295637285314e-03
-1.617065684765162104e-03
-1.616617125838493152e-03
-1.616156397128865052e-03
-1.615683274616142029e-03
-1.615197531996237501e-03
-1.614698940678227501e-03
-1.614187269780353873e-03
-1.613662286138461965e-03
-1.613123754296452717e-03
-1.612571436514498302e-03
-1.612005092766155556e-03
-1.611424480733703035e-03
-1.610829355815690533e-03
-1.610219471123830459e-03
-1.609594577479445121e-03
-1.608954423421016244e-03
-1.608298755195303187e-03
-1.607627316764892456e-03
-1.606939849805533171e-03
-1.606236093703250489e-03
-1.605515785560118758e-03
-1.604778660187600181e-03
-1.604024450112317979e-03
-1.603252885574057984e-03
-1.602463694523548199e-03
-1.601656602626233550e-03
-1.600831333258279088e-03
-1.599987607510566789e-03
-1.599125144186919201e-03
-1.598243659802323080e-03
-1.597342868306927954e-03
-1.596420217061078617e-03
-1.595473461164509388e-03
-1.594502625255289630e-03
-1.593507734376498064e-03
-1.592488813981107754e-03
-1.591445889926657031e-03
-1.590378988480134481e-03
-1.589288136316424627e-03
-1.588173360515421351e-03
-1.587034688566690832e-03
-1.585872148365252698e-03
-1.584685768214688650e-03
-1.583475576826698372e-03
-1.582241603318212952e-03
-1.580983877215613731e-03
-1.579702428450735496e-03
-1.578397287364197155e-03
-1.577068484704735596e-03
-1.575716051625652980e-03
-1.574340019690811943e-03
-1.572940420868418343e-03
-1.571517287536350338e-03
-1.570070652479937934e-03
-1.568600548889742541e-03
-1.567107010366441955e-03
-1.565590070914835152e-03
-1.564049764950059540e-03
-1.562486127294038241e-03
-1.560899193174369870e-03
-1.559288998228547385e-03
-1.557655578498184923e-03
-1.555998970435457096e-03
-1.554319210899324233e-03
-1.552616337153756021e-03
-1.550890386873948756e-03
-1.549141398137665604e-03
-1.547369409434340426e-03
-1.545574459659526667e-03
-1.543756588114675310e-03
-1.541915834511131678e-03
-1.540052238964140230e-03
-1.538165841999505901e-03
-1.536256684550485474e-03
-1.534324807954456915e-03
-1.532370253960246842e-03
-1.530393064719692831e-03
-1.528393282795859065e-03
-1.526370951158373401e-03
-1.524326113182095099e-03
-1.522258812652221849e-03
-1.520169093758072520e-03
-1.518057001098860326e-03
-1.515922579681694415e-03
-1.513765874918027166e-03
-1.511586932630093472e-03
-1.509385799043805321e-03
-1.507162520795857219e-03
-1.504917144929729389e-03
-1.502649718893911412e-03
-1.500360290547675390e-03
-1.498048908153526426e-03
-1.495715620385418276e-03
-1.493360476323202235e-03
-1.490983525452849179e-03
-1.488584817670224325e-03
-1.486164403274869983e-03
-1.483722332977333025e-03
-1.481258657894723996e-03
-1.478773429549606888e-03
-1.476266699874662081e-03
-1.473738521206913177e-03
-1.471188946293056077e-03
-1.468618028287682620e-03
-1.466025820749727870e-03
-1.463412377649353502e-03
-1.460777753359732145e-03
-1.458122002665263039e-03
-1.455445180757131141e-03
-1.452747343230642585e-03
-1.450028546093440340e-03
-1.447288845755734243e-03
-1.444528299038072561e-03
-1.441746963169121543e-03
-1.438944895781002487e-03
-1.436122154918173521e-03
-1.433278799027659645e-03
-1.430414886967046328e-03
-1.427530478001592940e-03
-1.424625631800902070e-03
-1.421700408445802921e-03
-1.418754868420135651e-03
-1.415789072618967026e-03
-1.412803082343927485e-03
-1.409796959301878871e-03
-1.406770765609799412e-03
-1.403724563789232604e-03
-1.400658416771838333e-03
-1.397572387896506285e-03
-1.394466540906247332e-03
-1.391340939955520994e-03
-1.388195649602463888e-03
-1.385030734815773101e-03
-1.381846260970931439e-03
-1.378642293848431066e-03
-1.375418899638214398e-03
-1.372176144938341835e-03
-1.368914096751439047e-03
-1.365632822490914222e-03
-1.362332389973852642e-03
-1.359012867427678017e-03
-1.355674323487043864e-03
-1.352316827191168969e-03
-1.348940447990720770e-03
-1.345545255739821755e-03
-1.342131320702266706e-03
-1.338698713549746344e-03
-1.335247505358738707e-03
-1.331777767616726393e-03
-1.328289572214202963e-03
-1.324782991452444492e-03
-1.321258098039734818e-03
-1.317714965089589185e-03
-1.314153666126083309e-03
-1.310574275076969997e-03
-1.306976866280340488e-03
-1.303361514481071737e-03
-1.299728294829938235e-03
-1.296077282887830862e-03
-1.292408554619317584e-03
-1.288722186399082759e-03
-1.285018255009484633e-03
-1.281296837637668773e-03
-1.277558011881785305e-03
-1.273801855743217359e-03
-1.270028447633464452e-03
-1.266237866371922038e-03
-1.262430191182550843e-03
-1.258605501699872065e-03
-1.254763877962861152e-03
-1.250905400419610736e-03
-1.247030149926553477e-03
-1.243138207744576285e-03
-1.239229655544793474e-03
-1.235304575403328720e-03
-1.231363049805089815e-03
-1.227405161643435605e-03
-1.223430994215957135e-03
-1.219440631231027972e-03
-1.215434156801253884e-03
-1.211411655448801916e-03
-1.207373212103513005e-03
-1.203318912100348470e-03
-1.199248841184163972e-03
-1.195163085504713507e-03
-1.191061731620757236e-03
-1.186944866499506368e-03
-1.182812577512293295e-03
-1.178664952441232927e-03
-1.174502079472783400e-03
-1.170324047202853102e-03
-1.166130944635135336e-03
-1.161922861178221744e-03
-1.157699886650820353e-03
-1.153462111276537527e-03
-1.149209625687985792e-03
-1.144942520926006679e-03
-1.140660888435451881e-03
-1.136364820072732762e-03
-1.132054408097826759e-03
-1.127729745180494625e-03
-1.123390924398393054e-03
-1.119038039233188897e-03
-1.114671183578108682e-03
-1.110290451730278072e-03
-1.105895938396161959e-03
-1.101487738690343221e-03
-1.097065948131525914e-03
-1.092630662649640705e-03
-1.088181978578739439e-03
-1.083719992662213194e-03
-1.079244802051571028e-03
-1.074756504302221138e-03
-1.070255197381242418e-03
-1.065740979659501875e-03
-1.061213949917094723e-03
-1.056674207342678251e-03
-1.052121851528475815e-03
-1.047556982478381471e-03
-1.042979700600077386e-03
-1.038390106710807004e-03
-1.033788302035931750e-03
-1.029174388204601165e-03
-1.024548467257857531e-03
-1.019910641639643067e-03
-1.015261014204682510e-03
-1.010599688214930403e-03
-1.005926767336573491e-03
-1.001242355647469218e-03
-9.965465576284859850e-04
-9.918394781711636909e-04
-9.871212225744940838e-04
-9.823918965414790705e-04
-9.776516061869022778e-04
-9.729004580283362458e-04
-9.681385589945801229e-04
-9.633660164211077515e-04
-9.585829380480692663e-04
-9.537894320269524329e-04
-9.489856069125890414e-04
-9.441715716701493122e-04
-9.393474356723663377e-04
-9.345133086962054136e-04
-9.296693009300804889e-04
-9.248155229655274923e-04
-9.199520858047538496e-04
-9.150791008574188368e-04
-9.101966799373029104e-04
-9.053049352697462027e-04
-9.004039794830998034e-04
-8.954939256166083439e-04
-8.905748871167462610e-04
-8.856469778341091725e-04
-8.807103120309633937e-04
-8.757650043726972200e-04
-8.708111699353704438e-04
-8.658489242021616406e-04
-8.608783830608146559e-04
-8.558996628102999438e-04
-8.509128801530430053e-04
-8.459181522020298161e-04
-8.409155964769210456e-04
-8.359053309028308121e-04
-8.308874738154337081e-04
-8.258621439540814180e-04
-8.208294604685750784e-04
-8.157895429156125644e-04
-8.107425112570121328e-04
-8.056884858647084258e-04
-8.006275875173107792e-04
-7.955599373989930001e-04
-7.904856571042673252e-04
-7.854048686317671724e-04
-7.803176943902423446e-04
-7.752242571954504058e-04
-7.701246802683803239e-04
-7.650190872401374520e-04
-7.599076021466144581e-04
-7.547903494333763064e-04
-7.496674539528846992e-04
-7.445396778115176417e-04
-7.394079284611665415e-04
-7.342722089811459796e-04
-7.291325179373808751e-04
-7.239888542107664193e-04
-7.188412169960578524e-04
-7.136896058062003334e-04
-7.085340204672219144e-04
-7.033744611226744325e-04
-6.982109282323012422e-04
-6.930434225688175687e-04
-6.878719452235726450e-04
-6.826964976007765529e-04
-6.775170814221631588e-04
-6.723336987256023356e-04
-6.671463518622133826e-04
-6.619550435014165402e-04
-6.567597766257704528e-04
-6.515605545351910166e-04
-6.463573808458411563e-04
-6.411502594869666893e-04
-6.359391947063364192e-04
-6.307241910646355088e-04
-6.255052534400173947e-04
-6.202823870269935647e-04
-6.150555973328808435e-04
-6.098248901837410862e-04
-6.045902717185525077e-04
-5.993517483935950629e-04
-5.941093269816732914e-04
-5.888630145683415584e-04
-5.836128185578437488e-04
-5.783587466673956179e-04
-5.731008069315701725e-04
-5.678390077012984705e-04
-5.625733576404834402e-04
-5.573038657314954847e-04
-5.520305412698434111e-04
-5.467533938682822559e-04
-5.414724334560361285e-04
-5.361876702751344759e-04
-5.308991148863517751e-04
-5.256067781632123292e-04
-5.203106712968752490e-04
-5.150108057949132068e-04
-5.097071934769825674e-04
-5.043998464826504602e-04
-4.990887772636232178e-04
-4.937739985891309580e-04
-4.884555235450394051e-04
-4.831333655292979756e-04
-4.778075382596003173e-04
-4.724780557658903035e-04
-4.671449323956911037e-04
-4.618081828129949606e-04
-4.564678219940998538e-04
-4.511238652348814604e-04
-4.457763281435211944e-04
-4.404252266457242548e-04
-4.350705769838314474e-04
-4.297123957121562476e-04
-4.243506997050339180e-04
-4.189855061487723908e-04
-4.136168325473144058e-04
-4.082446967212383093e-04
-4.028691168030951175e-04
-3.974901112454021224e-04
-3.921076988127047969e-04
-3.867218985872389325e-04
-3.813327299677649052e-04
-3.759402126650712717e-04
-3.705443667100793981e-04
-3.651452124450171866e-04
-3.597427705309130808e-04
-3.543370619445984637e-04
-3.489281079750439218e-04
-3.435159302314361174e-04
-3.381005506341849820e-04
-3.326819914226120112e-04
-3.272602751516751063e-04
-3.218354246886934167e-04
-3.164074632210633897e-04
-3.109764142473769866e-04
-3.055423015851932433e-04
-3.001051493677076021e-04
-2.946649820405045084e-04
-2.892218243691624391e-04
-2.837757014305108960e-04
-2.783266386203464560e-04
-2.728746616501021016e-04
-2.674197965435720636e-04
-2.619620696446001151e-04
-2.565015076082255430e-04
-2.510381374084547090e-04
-2.455719863349858922e-04
-2.401030819898231083e-04
-2.346314522950199155e-04
-2.291571254838808969e-04
-2.236801301086499549e-04
-2.182004950372351537e-04
-2.127182494498502940e-04
-2.072334228467864747e-04
-2.017460450396135752e-04
-1.962561461587575273e-04
-1.907637566503916915e-04
-1.852689072729396536e-04
-1.797716291049855641e-04
-1.742719535362258210e-04
-1.687699122755875747e-04
-1.632655373468155924e-04
-1.577588610872371344e-04
-1.522499161525081579e-04
-1.467387355132687699e-04
-1.412253524540052485e-04
-1.357098005775603244e-04
-1.301921137994987987e-04
-1.246723263537002913e-04
-1.191504727890424498e-04
-1.136265879682490931e-04
-1.081007070723727370e-04
-1.025728655952296009e-04
-9.704309934892296763e-05
-9.151144446055414772e-05
-8.597793737108450074e-05
-8.044261483979020522e-05
-7.490551393871114350e-05
-6.936667205818813908e-05
-6.382612690354616536e-05
-5.828391649399106145e-05
-5.274007916702266874e-05
-4.719465357290453245e-05
-4.164767868020807784e-05
-3.609919377249928840e-05
-3.054923844719725778e-05
-2.499785262003936803e-05
-1.944507651974181073e-05
-1.389095069244568326e-05
-8.335516000600694253e-06
-2.778813619640566057e-06
2.779114956245973961e-06
8.338227920779567315e-06
1.389848314892368208e-05
1.945983820021875144e-05
2.502225032122509796e-05
3.058567643885942711e-05
3.615007316927487668e-05
4.171539680898617153e-05
4.728160333930531145e-05
5.284864842855507838e-05
5.841648742543198436e-05
6.398507536785336125e-05
6.955436697410333213e-05
7.512431664726676450e-05
8.069487847744277742e-05
8.626600623508340338e-05
9.183765337988925026e-05
9.740977305190690050e-05
1.029823180759975587e-04
1.085552409640228033e-04
1.141284939082110039e-04
1.197020287900391056e-04
1.252757971713092111e-04
1.308497502986588623e-04
1.364238391057120969e-04
1.419980142064874995e-04
1.475722259042105966e-04
1.531464241824737060e-04
1.587205587096629511e-04
1.642945788412064623e-04
1.698684336128436501e-04
1.754420717496041338e-04
1.810154416568565683e-04
1.865884914247217807e-04
1.921611688304458720e-04
1.977334213315029565e-04
2.033051960746989906e-04
2.088764398871789663e-04
2.144470992808400478e-04
2.200171204546630399e-04
2.255864492879400274e-04
2.311550313492116704e-04
2.367228118874131759e-04
2.422897358362041675e-04
2.478557478163556649e-04
2.534207921288944565e-04
2.589848127641514175e-04
2.645477533928242142e-04
2.701095573703626851e-04
2.756701677388284644e-04
2.812295272223985787e-04
2.867875782318063393e-04
2.923442628599837168e-04
2.978995228841152532e-04
3.034532997680527977e-04
3.090055346577635920e-04
3.145561683857434065e-04
3.201051414666311601e-04
3.256523940994848765e-04
3.311978661698911086e-04
3.367414972455240463e-04
3.422832265807251861e-04
3.478229931119236618e-04
3.533607354598289341e-04
3.588963919319287932e-04
3.644299005175488659e-04
3.699611988929318862e-04
3.754902244161306690e-04
3.810169141297836681e-04
3.865412047629468439e-04
3.920630327269858384e-04
3.975823341196282890e-04
4.030990447209115146e-04
4.086130999951254061e-04
4.141244350931994056e-04
4.196329848481505920e-04
4.251386837795245732e-04
4.306414660891766388e-04
4.361412656631036278e-04
4.416380160739974414e-04
4.471316505766931293e-04
4.526221021124987587e-04
4.581093033050320784e-04
4.635931864620523868e-04
4.690736835780140446e-04
4.745507263295700717e-04
4.800242460797909949e-04
4.854941738739460000e-04
4.909604404417233781e-04
4.964229761992844381e-04
5.018817112449891482e-04
5.073365753637260056e-04
5.127874980226376778e-04
5.182344083730083817e-04
5.236772352528729080e-04
5.291159071824091953e-04
5.345503523681571778e-04
5.399804986990219824e-04
5.454062737482168188e-04
5.508276047754279148e-04
5.562444187225401571e-04
5.616566422180224727e-04
5.670642015724314255e-04
5.724670227807981959e-04
5.778650315245714708e-04
5.832581531682867748e-04
5.886463127595664702e-04
5.940294350333386042e-04
5.994074444051200601e-04
6.047802649793987406e-04
6.101478205411958733e-04
6.155100345603403689e-04
6.208668301935782452e-04
6.262181302780778225e-04
6.315638573402004852e-04
6.369039335867299201e-04
6.422382809092019862e-04
6.475668208861251607e-04
6.528894747765412454e-04
6.582061635285185730e-04
6.635168077706032896e-04
6.688213278161492248e-04
6.741196436654273150e-04
6.794116749991307991e-04
6.846973411872570026e-04
6.899765612800035086e-04
6.952492540125421172e-04
7.005153378070172465e-04
7.057747307657180613e-04
7.110273506805153687e-04
7.162731150233137001e-04
7.215119409511583370e-04
7.267437453077896237e-04
7.319684446174257175e-04
7.371859550936443739e-04
7.423961926301680947e-04
7.475990728056380874e-04
7.527945108858347112e-04
7.579824218165720495e-04
7.631627202332458282e-04
7.683353204513965196e-04
7.735001364713722793e-04
7.786570819806604149e-04
7.838060703470040025e-04
7.889470146273946938e-04
7.940798275591909317e-04
7.992044215646698646e-04
8.043207087529147259e-04
8.094286009134865623e-04
8.145280095251949959e-04
8.196188457472164401e-04
8.247010204233129471e-04
8.297744440846077651e-04
8.348390269423688892e-04
8.398946788972239119e-04
8.449413095298341503e-04
8.499788281062237161e-04
8.550071435788897389e-04
8.600261645811402289e-04
8.650357994349766599e-04
8.700359561434334310e-04
8.750265423936864906e-04
8.800074655603840057e-04
8.849786326984299123e-04
8.899399505517546771e-04
8.948913255449886250e-04
8.998326637872366973e-04
9.047638710748540092e-04
9.096848528843404225e-04
9.145955143817774413e-04
9.194957604131692719e-04
9.243854955096608705e-04
9.292646238892032784e-04
9.341330494502253501e-04
9.389906757804045156e-04
9.438374061477849963e-04
9.486731435049966521e-04
9.534977904914754276e-04
9.583112494286893934e-04
9.631134223246906600e-04
9.679042108698965308e-04
9.726835164385327914e-04
9.774512400919643795e-04
9.822072825734773360e-04
9.869515443127196974e-04
9.916839254218157151e-04
9.964043256970311901e-04
1.001112644621326986e-03
1.005808781359696091e-03
1.010492634763715536e-03
1.015164103367216519e-03
1.019823085388282813e-03
1.024469478731582228e-03
1.029103180983814703e-03
1.033724089418486258e-03
1.038332100991024021e-03
1.042927112341440754e-03
1.047509019796111218e-03
1.052077719363442299e-03
1.056633106738869010e-03
1.061175077299414404e-03
1.065703526106909216e-03
1.070218347909546175e-03
1.074719437137550138e-03
1.079206687908063067e-03
1.083679994019814963e-03
1.088139248956454530e-03
1.092584345887992470e-03
1.097015177666360586e-03
1.101431636830407790e-03
1.105833615600904096e-03
1.110221005883094136e-03
1.114593699268584537e-03
1.118951587031347117e-03
1.123294560131826714e-03
1.127622509212722335e-03
1.131935324600874537e-03
1.136232896309818940e-03
1.140515114035234312e-03
1.144781867159272437e-03
1.149033044746450294e-03
1.153268535545426410e-03
1.157488227991443352e-03
1.161692010201997860e-03
1.165879769980948666e-03
1.170051394814630719e-03
1.174206771873520516e-03
1.178345788014567574e-03
1.182468329777863758e-03
1.186574283386532258e-03
1.190663534751168484e-03
1.194735969463178726e-03
1.198791472801330471e-03
1.202829929727533553e-03
1.206851224886618112e-03
1.210855242610997529e-03
1.214841866913340951e-03
1.218810981495566104e-03
1.222762469739957503e-03
1.226696214713496325e-03
1.230612099170524942e-03
1.234510005545419453e-03
1.238389815961915552e-03
1.242251412224004703e-03
1.246094675820486053e-03
1.249919487927408923e-03
1.253725729400967381e-03
1.257513280786604071e-03
1.261282022310128426e-03
1.265031833882157564e-03
1.268762595100447754e-03
1.272474185243011036e-03
1.276166483276996999e-03
1.279839367849922027e-03
1.283492717294443253e-03
1.287126409629912871e-03
1.290740322555938846e-03
1.294334333461710784e-03
1.297908405812009391e-03
1.301463633546440235e-03
1.305000396110811423e-03
1.308518711947703750e-03
1.312018600019060344e-03
1.315500079796638744e-03
1.318963171267117929e-03
1.322407894934096717e-03
1.325834271810988341e-03
1.329242323430568362e-03
1.332632071835648802e-03
1.336003539583741073e-03
1.339356749749276432e-03
1.342691725916500545e-03
1.346008492189021410e-03
1.349307073180927574e-03
1.352587494020340841e-03
1.355849780352524903e-03
1.359093958333001950e-03
1.362320054635990374e-03
1.365528096446411155e-03
1.368718111463440579e-03
1.371890127903396817e-03
1.375044174492190407e-03
1.378180280475538311e-03
1.381298475608971899e-03
1.384398790162499893e-03
1.387481254923272900e-03
1.390545901188477984e-03
1.393592760774442496e-03
1.396621866007530244e-03
1.399633249728804429e-03
1.402626945296470140e-03
1.405602986578324831e-03
1.408561407961750334e-03
1.411502244343942891e-03
1.414425531137020187e-03
1.417331304269797698e-03
1.420219600181127362e-03
1.423090455829445489e-03
1.425943908682558714e-03
1.428779996723639201e-03
1.431598758452334863e-03
1.434400232878552117e-03
1.437184459531337666e-03
1.439951478449774669e-03
1.442701330187867725e-03
1.445434055815431051e-03
1.448149696914757811e-03
1.450848295584616920e-03
1.453529894435146019e-03
1.456194536591404187e-03
1.458842265694260121e-03
1.461473125896617375e-03
1.464087161868299347e-03
1.466684418790276112e-03
1.469264942358661230e-03
1.471828778784933789e-03
1.474375974793273869e-03
1.476906577624115258e-03
1.479420635029482511e-03
1.481918195276099581e-03
1.484399307146722080e-03
1.486864019936362524e-03
1.489312383456287137e-03
1.491744448029352910e-03
1.494160264493338275e-03
1.496559884201831281e-03
1.498943359020454835e-03
1.501310741331751686e-03
1.503662084029411261e-03
1.505997440521822384e-03
1.508316864734071672e-03
1.510620411102170380e-03
1.512908134579715735e-03
1.515180090631229604e-03
1.517436335236377332e-03
1.519676924890189795e-03
1.521901916600842952e-03
1.524111367891878288e-03
1.526305336799316237e-03
1.528483881873210493e-03
1.530647062179868456e-03
1.532794937298298521e-03
1.534927567322652564e-03
1.537045012860227544e-03
1.539147335031909591e-03
1.541234595474838542e-03
1.543306856338633182e-03
1.545364180288943956e-03
1.547406630503456171e-03
1.549434270674110437e-03
1.551447165009323115e-03
1.553445378228879292e-03
1.555428975569927985e-03
1.557398022780986935e-03
1.559352586124607143e-03
1.561292732380037407e-03
1.563218528838561383e-03
1.565130043307716434e-03
1.567027344106852738e-03
1.568910500069797820e-03
1.570779580546632914e-03
1.572634655400140247e-03
1.574475795006247125e-03
1.576303070258022743e-03
1.578116552558794794e-03
1.579916313830587171e-03
1.581702426506348402e-03
1.583474963532616187e-03
1.585233998373958286e-03
1.586979605004312788e-03
1.588711857916758063e-03
1.590430832114630988e-03
1.592136603116411919e-03
1.593829246956612877e-03
1.595508840180226429e-03
1.597175459851607471e-03
1.598829183544925314e-03
1.600470089349048664e-03
1.602098255869988108e-03
1.603713762223568651e-03
1.605316688044755580e-03
1.606907113478772686e-03
1.608485119185321111e-03
1.610050786341465923e-03
1.611604196633642516e-03
1.613145432268092705e-03
1.614674575960650671e-03
1.616191710942072035e-03
1.617696920960254303e-03
1.619190290272465305e-03
1.620671903655779289e-03
1.622141846397306963e-03
1.623600204298636385e-03
1.625047063678053405e-03
1.626482511364324424e-03
1.627906634705356126e-03
1.629319521558647565e-03
1.630721260297063324e-03
1.632111939809721690e-03
1.633491649496443543e-03
1.634860479275523915e-03
1.636218519576182473e-03
1.637565861341450102e-03
1.638902596031943659e-03
1.640228815617872371e-03
1.641544612588807794e-03
1.642850079944579988e-03
1.644145311199274317e-03
1.645430400384340075e-03
1.646705442040818923e-03
1.647970531229336899e-03
1.649225763520556498e-03
1.650471234999617565e-03
1.651707042268579784e-03
1.652933282439761342e-03
1.654150053144398669e-03
1.655357452523986694e-03
1.656555579234719744e-03
1.657744532449489938e-03
1.658924411851669944e-03
1.660095317643106583e-03
1.661257350536571309e-03
1.662410611758868839e-03
1.663555203053945775e-03
1.664691226676007219e-03
1.665818785397732427e-03
1.666937982502947335e-03
1.668048921789289096e-03
1.669151707571536747e-03
1.670246444674727826e-03
1.671333238442818114e-03
1.672412194730021895e-03
1.673483419905252845e-03
1.674547020853678347e-03
1.675603104972278601e-03
1.676651780175175688e-03
1.677693154887416327e-03
1.678727338048746631e-03
1.679754439115610509e-03
1.680774568056042639e-03
1.681787835354331406e-03
1.682794352007022098e-03
1.683794229524693264e-03
1.684787579934399204e-03
1.685774515775229077e-03
1.686755150102525747e-03
1.687729596483666938e-03
1.688697968999841592e-03
1.689660382249380532e-03
1.690616951342205354e-03
1.691567791904269313e-03
1.692513020074004615e-03
1.693452752503876724e-03
1.694387106362604811e-03
1.695316199331164952e-03
1.696240149606564884e-03
1.697159075898069247e-03
1.698073097428753897e-03
1.698982333938614531e-03
1.699886905679459659e-03
1.700786933418907410e-03
1.701682538437498948e-03
1.702573842529142567e-03
1.703460968004666398e-03
1.704344037686489344e-03
1.705223174913728101e-03
1.706098503537312183e-03
1.706970147922204362e-03
1.707838232950065205e-03
1.708702884014590140e-03
1.709564227025284211e-03
1.710422388404131411e-03
1.711277495087371037e-03
1.712129674527274048e-03
1.712979054688146263e-03
1.713825764050769251e-03
1.714669931608181486e-03
1.715511686867010610e-03
1.716351159850582064e-03
1.717188481094256147e-03
1.718023781649868909e-03
1.718857193081069212e-03
1.719688847465317139e-03
1.720518877397214652e-03
1.721347415983842666e-03
1.722174596844761041e-03
1.723000554117559702e-03
1.723825422449865030e-03
1.724649337006889382e-03
1.725472433466768152e-03
1.726294848020115680e-03
1.727116717374910237e-03
1.727938178749832687e-03
1.728759369881815999e-03
1.729580429018939824e-03
1.730401494922872985e-03
1.731222706872870276e-03
1.732044204658000908e-03
1.732866128586696419e-03
1.733688619477202764e-03
