-7.787946579952897963e-02
-7.787946598535055998e-02
-7.787946694073055731e-02
-7.787946811099222266e-02
-7.787946752532071137e-02
-7.787946210128238178e-02
-7.787944764660026387e-02
-7.787941885915317108e-02
-7.787936932697681058e-02
-7.787929152826245094e-02
-7.787917683135914260e-02
-7.787901549477216356e-02
-7.787879291792387804e-02
-7.787848512000494772e-02
-7.787806890316972819e-02
-7.787752142165360603e-02
-7.787682016167973842e-02
-7.787594294145638862e-02
-7.787486791118047869e-02
-7.787357355303470285e-02
-7.787203868118908190e-02
-7.787024244180251742e-02
-7.786816431301746277e-02
-7.786578410496702851e-02
-7.786308195976765489e-02
-7.786003835152555119e-02
-7.785663408633336502e-02
-7.785285030226973824e-02
-7.784866846940174945e-02
-7.784407038978158333e-02
-7.783903819745030539e-02
-7.783355435843564152e-02
-7.782760167075086777e-02
-7.782116326439836307e-02
-7.781422260136583446e-02
-7.780676347562831552e-02
-7.779877001314927654e-02
-7.779022667187684981e-02
-7.778111824174827049e-02
-7.777142984468587983e-02
-7.776114693460067784e-02
-7.775025529739076902e-02
-7.773874105093891984e-02
-7.772659064511766580e-02
-7.771379086178464846e-02
-7.770032881478550202e-02
-7.768619194995318722e-02
-7.767136804510599291e-02
-7.765584521005131080e-02
-7.763961188658141666e-02
-7.762265684847724501e-02
-7.760496920150705691e-02
-7.758653838342355336e-02
-7.756735416396964844e-02
-7.754740664487247415e-02
-7.752668625984782125e-02
-7.750518377459880703e-02
-7.748289028681365487e-02
-7.745979722617035712e-02
-7.743589635433023588e-02
-7.741117976494493735e-02
-7.738563988365221302e-02
-7.735926946807547555e-02
-7.733206160782724048e-02
-7.730400972450468533e-02
-7.727510757169386846e-02
-7.724534923496784167e-02
-7.721472913188442977e-02
-7.718324201199189272e-02
-7.715088295682215325e-02
-7.711764737989612595e-02
-7.708353102672216295e-02
-7.704852997479316734e-02
-7.701264063359181122e-02
-7.697585974458553970e-02
-7.693818438123023462e-02
-7.689961194896921537e-02
-7.686014018523035229e-02
-7.681976715943128475e-02
-7.677848822038813026e-02
-7.673629480287313953e-02
-7.669318727608354092e-02
-7.664916652665532126e-02
-7.660423346692979418e-02
-7.655838903494860403e-02
-7.651163419445805580e-02
-7.646396993490778282e-02
-7.641539727144786021e-02
-7.636591724493424493e-02
-7.631553092192244758e-02
-7.626423939467386059e-02
-7.621204378115209455e-02
-7.615894522502197894e-02
-7.610494489565244880e-02
-7.605004398811632260e-02
-7.599424372318686061e-02
-7.593754534734276085e-02
-7.587995013276327416e-02
-7.582145937733208996e-02
-7.576207440463600395e-02
-7.570179656396280876e-02
-7.564062723030573476e-02
-7.557856780435823207e-02
-7.551561971251841143e-02
-7.545178440688748989e-02
-7.538706336526801444e-02
-7.532145809116697066e-02
-7.525497011379278511e-02
-7.518760098805754577e-02
-7.511935229457711305e-02
-7.505022563966845528e-02
-7.498022265535264630e-02
-7.490934499935286706e-02
-7.483759435509551583e-02
-7.476497243171087437e-02
-7.469148096402988823e-02
-7.461712171258882975e-02
-7.454189646362441302e-02
-7.446580702907823479e-02
-7.438885524659433202e-02
-7.431104297951862669e-02
-7.423237211690125736e-02
-7.415284457349380354e-02
-7.407246228975183922e-02
-7.399122723183404471e-02
-7.390914139160076335e-02
-7.382620678661633296e-02
-7.374242546014686539e-02
-7.365779948116224496e-02
-7.357233094433590637e-02
-7.348602197004194814e-02
-7.339887470435979555e-02
-7.331089131906942669e-02
-7.322207401165559126e-02
-7.313242500530559020e-02
-7.304194654890838745e-02
-7.295064091705760756e-02
-7.285851041004764994e-02
-7.276555735387768564e-02
-7.267178410024932589e-02
-7.257719302656617799e-02
-7.248178653593606580e-02
-7.238556705716769901e-02
-7.228853704477467002e-02
-7.219069897897334442e-02
-7.209205536568108474e-02
-7.199260873652069126e-02
-7.189236164881518398e-02
-7.179131668559235457e-02
-7.168947645558310100e-02
-7.158684359321920709e-02
-7.148342075863778344e-02
-7.137921063767616037e-02
-7.127421594187688392e-02
-7.116843940848471828e-02
-7.106188380044642372e-02
-7.095455190641308807e-02
-7.084644654073668502e-02
-7.073757054347395989e-02
-7.062792678038432026e-02
-7.051751814292883669e-02
-7.040634754827279629e-02
-7.029441793928281612e-02
-7.018173228452984080e-02
-7.006829357828792126e-02
-6.995410484053210531e-02
-6.983916911694254548e-02
-6.972348947890005810e-02
-6.960706902349012015e-02
-6.948991087350098184e-02
-6.937201817742222332e-02
-6.925339410944841845e-02
-6.913404186947469388e-02
-6.901396468310094789e-02
-6.889316580162974102e-02
-6.877164850206529678e-02
-6.864941608711638832e-02
-6.852647188519267463e-02
-6.840281925040814226e-02
-6.827846156258021715e-02
-6.815340222722710006e-02
-6.802764467557231853e-02
-6.790119236453950879e-02
-6.777404877675763384e-02
-6.764621742055820786e-02
-6.751770182997351988e-02
-6.738850556474196285e-02
-6.725863221030137229e-02
-6.712808537779524354e-02
-6.699686870406929007e-02
-6.686498585167055531e-02
-6.673244050885129841e-02
-6.659923638956433134e-02
-6.646537723346690463e-02
-6.633086680591981921e-02
-6.619570889798398472e-02
-6.605990732642630370e-02
-6.592346593371389840e-02
-6.578638858801855172e-02
-6.564867918321526385e-02
-6.551034163887947681e-02
-6.537137990029262546e-02
-6.523179793843592034e-02
-6.509159974999589870e-02
-6.495078935736164905e-02
-6.480937080862336774e-02
-6.466734817757624487e-02
-6.452472556371657841e-02
-6.438150709224499391e-02
-6.423769691406500115e-02
-6.409329920578121786e-02
-6.394831816970314442e-02
-6.380275803384161115e-02
-6.365662305191144288e-02
-6.350991750333090380e-02
-6.336264569321858886e-02
-6.321481195239830875e-02
-6.306642063739653636e-02
-6.291747242622369729e-02
-6.276794335624702459e-02
-6.261783063589254628e-02
-6.246713707984818953e-02
-6.231586547103440399e-02
-6.216401856060416176e-02
-6.201159906794473375e-02
-6.185860968067513621e-02
-6.170505305464835111e-02
-6.155093181395154822e-02
-6.139624855090242139e-02
-6.124100582605496168e-02
-6.108520616819357318e-02
-6.092885207433695882e-02
-6.077194600973823135e-02
-6.061449040788091658e-02
-6.045648767048472649e-02
-6.029794016749967511e-02
-6.013885023711074140e-02
-5.997922018573631497e-02
-5.981905228802608665e-02
-5.965834878686526732e-02
-5.949711189337003603e-02
-5.933534378689075961e-02
-5.917304661501177065e-02
-5.901022249354881399e-02
-5.884687350655259941e-02
-5.868300170630502688e-02
-5.851860911332251725e-02
-5.835369771635512404e-02
-5.818826947238420200e-02
-5.802232630662640389e-02
-5.785587011252935064e-02
-5.768890275177551707e-02
-5.752142605428045563e-02
-5.735344181819168607e-02
-5.718495180989102700e-02
-5.701595776399248638e-02
-5.684646138334403798e-02
-5.667646433902717718e-02
-5.650596827035503367e-02
-5.633497478487525800e-02
-5.616348545836802320e-02
-5.599150183484646881e-02
-5.581902542655825528e-02
-5.564605771398212219e-02
-5.547260014583210719e-02
-5.529865413905321603e-02
-5.512422107882519740e-02
-5.494930231856121061e-02
-5.477389917990571622e-02
-5.459801295273858379e-02
-5.442164489517065107e-02
-5.424479623354749869e-02
-5.406746816244789589e-02
-5.388966184468241272e-02
-5.371137841129630663e-02
-5.353261896156674693e-02
-5.335338456300453558e-02
-5.317367625135477338e-02
-5.299349503059325173e-02
-5.281284187293144861e-02
-5.263171771881208771e-02
-5.245012347691196952e-02
-5.226806002414191576e-02
-5.208552820564338326e-02
-5.190252883479395951e-02
-5.171906269320170058e-02
-5.153513053070973848e-02
-5.135073306539411631e-02
-5.116587098356267793e-02
-5.098054493975823220e-02
-5.079475555675522225e-02
-5.060850342556200143e-02
-5.042178910542094439e-02
-5.023461312380517185e-02
-5.004697597642354667e-02
-4.985887812721617740e-02
-4.967032000835747141e-02
-4.948130202025530222e-02
-4.929182453154884458e-02
-4.910188787911273778e-02
-4.891149236805270029e-02
-4.872063827170891592e-02
-4.852932583165525671e-02
-4.833755525769650729e-02
-4.814532672787336098e-02
-4.795264038845697963e-02
-4.775949635395360104e-02
-4.756589470710276268e-02
-4.737183549887519218e-02
-4.717731874847708173e-02
-4.698234444334570270e-02
-4.678691253915295833e-02
-4.659102295980427355e-02
-4.639467559743593039e-02
-4.619787031242017505e-02
-4.600060693335988882e-02
-4.580288525709291791e-02
-4.560470504869029718e-02
-4.540606604145425162e-02
-4.520696793692291493e-02
-4.500741040486472277e-02
-4.480739308328351989e-02
-4.460691557841606203e-02
-4.440597746473029517e-02
-4.420457828493012942e-02
-4.400271754994994344e-02
-4.380039473895924740e-02
-4.359760929936062901e-02
-4.339436064678792171e-02
-4.319064816511081206e-02
-4.298647120642934416e-02
-4.278182909107886012e-02
-4.257672110762783513e-02
-4.237114651287587908e-02
-4.216510453185823293e-02
-4.195859435784116132e-02
-4.175161515232550524e-02
-4.154416604504557187e-02
-4.133624613396674752e-02
-4.112785448529032717e-02
-4.091899013344790781e-02
-4.070965208110660649e-02
-4.049983929916606273e-02
-4.028955072675782789e-02
-4.007878527124875134e-02
-3.986754180823653959e-02
-3.965581918155375307e-02
-3.944361620326597428e-02
-3.923093165367058655e-02
-3.901776428129960506e-02
-3.880411280291812259e-02
-3.858997590352297724e-02
-3.837535223634608306e-02
-3.816024042285054430e-02
-3.794463905273431914e-02
-3.772854668392811028e-02
-3.751196184259475430e-02
-3.729488302313166415e-02
-3.707730868816805359e-02
-3.685923726856737970e-02
-3.664066716342639918e-02
-3.642159674007355852e-02
-3.620202433407226916e-02
-3.598194824921724377e-02
-3.576136675753810445e-02
-3.554027809929705128e-02
-3.531868048298852925e-02
-3.509657208534167072e-02
-3.487395105131713136e-02
-3.465081549410997663e-02
-3.442716349514851615e-02
-3.420299310409291582e-02
-3.397830233883808448e-02
-3.375308918551045423e-02
-3.352735159847086699e-02
-3.330108750031351983e-02
-3.307429478186424410e-02
-3.284697130218383609e-02
-3.261911488856461538e-02
-3.239072333653297830e-02
-3.216179440984906490e-02
-3.193232584050459399e-02
-3.170231532872597180e-02
-3.147176054297123882e-02
-3.124065911993284539e-02
-3.100900866453665250e-02
-3.077680674993998888e-02
-3.054405091753528700e-02
-3.031073867694636381e-02
-3.007686750603133508e-02
-2.984243485088186598e-02
-2.960743812582114498e-02
-2.937187471340738099e-02
-2.913574196443019515e-02
-2.889903719791347969e-02
-2.866175770111473176e-02
-2.842390072952294400e-02
-2.818546350686199076e-02
-2.794644322508738066e-02
-2.770683704438881012e-02
-2.746664209318958050e-02
-2.722585546814440538e-02
-2.698447423414304658e-02
-2.674249542430678916e-02
-2.649991603999110601e-02
-2.625673305078515818e-02
-2.601294339450915816e-02
-2.576854397721900503e-02
-2.552353167320164928e-02
-2.527790332497836800e-02
-2.503165574330415422e-02
-2.478478570716496909e-02
-2.453728996378251592e-02
-2.428916522860949390e-02
-2.404040818533309531e-02
-2.379101548587397863e-02
-2.354098375038396473e-02
-2.329030956725056112e-02
-2.303898949309224342e-02
-2.278702005276189713e-02
-2.253439773934615142e-02
-2.228111901416254814e-02
-2.202718030676439898e-02
-2.177257801493592826e-02
-2.151730850469590894e-02
-2.126136811029666340e-02
-2.100475313422156542e-02
-2.074745984718967540e-02
-2.048948448815116063e-02
-2.023082326429040401e-02
-1.997147235102567087e-02
-1.971142789200597267e-02
-1.945068599911650709e-02
-1.918924275247263500e-02
-1.892709420042509860e-02
-1.866423635955763438e-02
-1.840066521468530780e-02
-1.813637671885881542e-02
-1.787136679335957212e-02
-1.760563132770390227e-02
-1.733916617964151308e-02
-1.707196717515310769e-02
-1.680403010845535339e-02
-1.653535074199523336e-02
-1.626592480645513983e-02
-1.599574800075037606e-02
-1.572481599202749103e-02
-1.545312441566892847e-02
-1.518066887528755904e-02
-1.490744494273141263e-02
-1.463344815808167998e-02
-1.435867402965076978e-02
-1.408311803398677731e-02
-1.380677561586846069e-02
-1.352964218830964016e-02
-1.325171313255726901e-02
-1.297298379808956015e-02
-1.269344950262042693e-02
-1.241310553209439005e-02
-1.213194714069104618e-02
-1.184996955082322223e-02
-1.156716795313482427e-02
-1.128353750650565313e-02
-1.099907333804596432e-02
-1.071377054310121424e-02
-1.042762418524990908e-02
-1.014062929630187015e-02
-9.852780876302619228e-03
-9.564073893528257653e-03
-9.274503284490087651e-03
-8.984063953932128199e-03
-8.692750774830282356e-03
-8.400558588395265480e-03
-8.107482204070551313e-03
-7.813516399531608703e-03
-7.518655920688871452e-03
-7.222895481683949681e-03
-6.926229764893390706e-03
-6.628653420926444717e-03
-6.330161068624433340e-03
-6.030747295063490498e-03
-5.730406655551106843e-03
-5.429133673629571444e-03
-5.126922841073945636e-03
-4.823768617891348309e-03
-4.519665432323689835e-03
-4.214607680844285886e-03
-3.908589728161174226e-03
-3.601605907215289781e-03
-3.293650519179455033e-03
-2.984717833461453945e-03
-2.674802087700319658e-03
-2.363897487769966999e-03
-2.051998207777051830e-03
-1.739098390060239002e-03
-1.425192145193059437e-03
-1.110273551980530890e-03
-7.943366574619387110e-04
-4.773754769101033572e-04
-1.593839938294169031e-04
1.596438400407332661e-04
4.797141047298771228e-04
8.008329120325619055e-04
1.123006405510294792e-03
1.446240760493058830e-03
1.770542184075227232e-03
2.095916915120961399e-03
2.422371224258867972e-03
2.749911413884663369e-03
3.078543818162526868e-03
3.408274803021072580e-03
3.739110766158636884e-03
4.071057274692091443e-03
4.404116856219227050e-03
4.738293206138180502e-03
5.073590150834431101e-03
5.410011495660747849e-03
5.747561024932040796e-03
6.086242501927900672e-03
6.426059668893965848e-03
6.767016247037960230e-03
7.109115936534869673e-03
7.452362416521848831e-03
7.796759345100691407e-03
8.142310359339280379e-03
8.489019075267542624e-03
8.836889087882729421e-03
9.185923971144177580e-03
9.536127277975925409e-03
9.887502540268114370e-03
1.024005326887288125e-02
1.059378295360967337e-02
1.094869506326008601e-02
1.130479304557040210e-02
1.166208032725293831e-02
1.202056031398207603e-02
1.238023639039950718e-02
1.274111192010907168e-02
1.310319024567922763e-02
1.346647468864453634e-02
1.383096854950163768e-02
1.419667510771444041e-02
1.456359762170895966e-02
1.493173932887593980e-02
1.530110344557217283e-02
1.567169316711648774e-02
1.604351166779501014e-02
1.641656210085605527e-02
1.679084759851252884e-02
1.716637127194323154e-02
1.754313621128991696e-02
1.792114548566027532e-02
1.830040214312500524e-02
1.868090921071929866e-02
1.906266969444417314e-02
1.944568657926361299e-02
1.982996282910752528e-02
2.021550138686886711e-02
2.060230517440504727e-02
2.099037709253924466e-02
2.137972002105772984e-02
2.177033681871262671e-02
2.216223032321915087e-02
2.255540335125685858e-02
2.294985869847124271e-02
2.334559913947079068e-02
2.374262742782975999e-02
2.414094629608565246e-02
2.454055845574029671e-02
2.494146659726143023e-02
2.534367339007961850e-02
2.574718148259147465e-02
2.615199350215671736e-02
2.655811205509936435e-02
2.696553972670934218e-02
2.737427908123957199e-02
2.778433266190882822e-02
2.819570299089896315e-02
2.860839256935635011e-02
2.902240387739307703e-02
2.943773937408433738e-02
2.985440149747112248e-02
3.027239266455747368e-02
3.069171527131203669e-02
3.111237169266908853e-02
3.153436428252603951e-02
3.195769537374612557e-02
3.238236727815571592e-02
3.280838228654553435e-02
3.323574266867215798e-02
3.366445067325518625e-02
3.409450852798012743e-02
3.452591843949553985e-02
3.495868259341439188e-02
3.539280315431550528e-02
3.582828226574069630e-02
3.626512205019769008e-02
3.670332460915723405e-02
3.714289202305456894e-02
3.758382635129081661e-02
3.802612963222987141e-02
3.846980388320175859e-02
3.891485110049947016e-02
3.936127325938043597e-02
3.980907231406799474e-02
4.025825019774892377e-02
4.070880882257371658e-02
4.116075007965930288e-02
4.161407583908457997e-02
4.206878794989565851e-02
4.252488824010092205e-02
4.298237851667338627e-02
4.344126056555216997e-02
4.390153615163838730e-02
4.436320701880042128e-02
4.482627488986887232e-02
4.529074146663897293e-02
4.575660842987200327e-02
4.622387743929134984e-02
4.669255013358764028e-02
4.716262813041371960e-02
4.763411302638703715e-02
4.810700639709097892e-02
4.858130979707137032e-02
4.905702475984097255e-02
4.953415279787476422e-02
5.001269540261249480e-02
5.049265404445990590e-02
5.097403017278478998e-02
5.145682521592231939e-02
5.194104058116966183e-02
5.242667765478881137e-02
5.291373780200769872e-02
5.340222236701647196e-02
5.389213267297221499e-02
5.438347002199461766e-02
5.487623569516780764e-02
5.537043095254190472e-02
5.586605703312924609e-02
5.636311515490943780e-02
5.686160651482408124e-02
5.736153228877960419e-02
5.786289363164842658e-02
5.836569167726501917e-02
5.886992753843128812e-02
5.937560230691096841e-02
5.988271705343278795e-02
6.039127282769141125e-02
6.090127065834355369e-02
6.141271155301325502e-02
6.192559649828655033e-02
6.243992645971441213e-02
6.295570238181363854e-02
6.347292518806324502e-02
6.399159578090940492e-02
6.451171504176061999e-02
6.503328383098982979e-02
6.555630298793613253e-02
6.608077333090089933e-02
6.660669565715227058e-02
6.713407074292115917e-02
6.766289934340274925e-02
6.819318219275832815e-02
6.872492000411140056e-02
6.925811346955262904e-02
6.979276326013478249e-02
7.032887002587545622e-02
7.086643439575818215e-02
7.140545697772865408e-02
7.194593835869966814e-02
7.248787910454634886e-02
7.303127976010848066e-02
7.357614084919184005e-02
7.412246287456430993e-02
7.467024631796098655e-02
7.521949164007918354e-02
7.577019928058087439e-02
7.632236965809385820e-02
7.687600317020892859e-02
7.743110019348270479e-02
7.798766108343502257e-02
7.854568617455004453e-02
7.910517578027770336e-02
7.966613019303114829e-02
8.022854968418918764e-02
8.079243450409390181e-02
8.135778488205158698e-02
8.192460102633458696e-02
8.249288312417807356e-02
8.306263134178332175e-02
8.363384582431432346e-02
8.420652669589989703e-02
8.478067405963446435e-02
8.535628799757544183e-02
8.593336857074623802e-02
8.651191581913331152e-02
8.709192976168744771e-02
8.767341039632547961e-02
8.825635769992701274e-02
8.884077162833764474e-02
8.942665211636602329e-02
9.001399907778528942e-02
9.060281240533440972e-02
9.119309197071517881e-02
9.178483762459554995e-02
9.237804919660630443e-02
9.297272649534282785e-02
9.356886930836616489e-02
9.416647740220074336e-02
9.476555052233626153e-02
9.536608839322613385e-02
9.596809071828776849e-02
9.657155717990445476e-02
9.717648743942280953e-02
9.778288113715483121e-02
9.839073789237612333e-02
9.900005730332628318e-02
9.961083894721112220e-02
1.002230823801988913e-01
1.008367871374244995e-01
1.014519527329851289e-01
1.020685786599431211e-01
1.026866643903261989e-01
1.033062093751251354e-01
1.039272130442965847e-01
1.045496748067604731e-01
1.051735940504011091e-01
1.057989701420683493e-01
1.064258024275759884e-01
1.070540902317012044e-01
1.076838328581878335e-01
1.083150295897415960e-01
1.089476796880349818e-01
1.095817823937035862e-01
1.102173369263471092e-01
1.108543424845314096e-01
1.114927982457845079e-01
1.121327033666012496e-01
1.127740569824393635e-01
1.134168582077207943e-01
1.140611061358335343e-01
1.147067998391278487e-01
1.153539383689210496e-01
1.160025207554929438e-01
1.166525460080874987e-01
1.173040131149152843e-01
1.179569210431485327e-01
1.186112687389270226e-01
1.192670551273522506e-01
1.199242791124910390e-01
1.205829395773758694e-01
1.212430353840012742e-01
1.219045653733292767e-01
1.225675283652836733e-01
1.232319231587534203e-01
1.238977485315930771e-01
1.245650032406196983e-01
1.252336860216171077e-01
1.259037955893318461e-01
1.265753306374749476e-01
1.272482898387229389e-01
1.279226718447152855e-01
1.285984752860581670e-01
1.292756987723200357e-01
1.299543408920341703e-01
1.306344002127000081e-01
1.313158752807783713e-01
1.319987646216981281e-01
1.326830667398498642e-01
1.333687801185891031e-01
1.340559032202370826e-01
1.347444344860777576e-01
1.354343723363612417e-01
1.361257151703010315e-01
1.368184613660746729e-01
1.375126092808256484e-01
1.382081572506598244e-01
1.389051035906502252e-01
1.396034465948320369e-01
1.403031845362050500e-01
1.410043156667353248e-01
1.417068382173505281e-01
1.424107503979462619e-01
1.431160503973796239e-01
1.438227363834729822e-01
1.445308065030140865e-01
1.452402588817535145e-01
1.459510916244086687e-01
1.466633028146590023e-01
1.473768905151489061e-01
1.480918527674887075e-01
1.488081875922510067e-01
1.495258929889752286e-01
1.502449669361635154e-01
1.509654073912821692e-01
1.516872122907639842e-01
1.524103795500033609e-01
1.531349070633624132e-01
1.538607927041653056e-01
1.545880343247004740e-01
1.553166297562230680e-01
1.560465768089498440e-01
1.567778732720649382e-01
1.575105169137145378e-01
1.582445054810099894e-01
1.589798367000276880e-01
1.597165082758076338e-01
1.604545178923556525e-01
1.611938632126402871e-01
1.619345418785947954e-01
1.626765515111181504e-01
1.634198897100727077e-01
1.641645540542859827e-01
1.649105421015492068e-01
1.656578513886177717e-01
1.664064794312131168e-01
1.671564237240190653e-01
1.679076817406861544e-01
1.686602509338273048e-01
1.694141287350204861e-01
1.701693125548090491e-01
1.709257997826995057e-01
1.716835877871640825e-01
1.724426739156382782e-01
1.732030554945223066e-01
1.739647298291814304e-01
1.747276942039447389e-01
1.754919458821063705e-01
1.762574821059246233e-01
1.770243000966210678e-01
1.777923970543842103e-01
1.785617701583642747e-01
1.793324165666786429e-01
1.801043334164069698e-01
1.808775178235936254e-01
1.816519668832490275e-01
1.824276776693459778e-01
1.832046472348237698e-01
1.839828726115844137e-01
1.847623508104947465e-01
1.855430788213865423e-01
1.863250536130560686e-01
1.871082721332637533e-01
1.878927313087347395e-01
1.886784280451572204e-01
1.894653592271859921e-01
1.902535217184389005e-01
1.910429123614991731e-01
1.918335279779136426e-01
1.926253653681929690e-01
1.934184213118145257e-01
1.942126925672176263e-01
1.950081758718084091e-01
1.958048679419555071e-01
1.966027654729921581e-01
1.974018651392176471e-01
1.982021635938938653e-01
1.990036574692486404e-01
1.998063433764731833e-01
2.006102179057230872e-01
2.014152776261194377e-01
2.022215190857472589e-01
2.030289388116550686e-01
2.038375333098578768e-01
2.046472990653322999e-01
2.054582325420228894e-01
2.062703301828356928e-01
2.070835884096420276e-01
2.078980036232789264e-01
2.087135722035455832e-01
2.095302905092084611e-01
2.103481548779957411e-01
2.111671616266014295e-01
2.119873070506843593e-01
2.128085874248661913e-01
2.136309990027351891e-01
2.144545380168427773e-01
2.152792006787039858e-01
2.161049831788005582e-01
2.169318816865761779e-01
2.177598923504415751e-01
2.185890112977698641e-01
2.194192346348988742e-01
2.202505584471322608e-01
2.210829787987360628e-01
2.219164917329432551e-01
2.227510932719490855e-01
2.235867794169136280e-01
2.244235461479627824e-01
2.252613894241847214e-01
2.261003051836346645e-01
2.269402893433304369e-01
2.277813377992538024e-01
2.286234464263533495e-01
2.294666110785391622e-01
2.303108275886889267e-01
2.311560917686423799e-01
2.320023994092038633e-01
2.328497462801440987e-01
2.336981281301951929e-01
2.345475406870574098e-01
2.353979796573921757e-01
2.362494407268267427e-01
2.371019195599533003e-01
2.379554118003270879e-01
2.388099130704695039e-01
2.396654189718652184e-01
2.405219250849630619e-01
2.413794269691778016e-01
2.422379201628865886e-01
2.430974001834333986e-01
2.439578625271250356e-01
2.448193026692324636e-01
2.456817160639925834e-01
2.465450981446049017e-01
2.474094443232359719e-01
2.482747499910140654e-01
2.491410105180327239e-01
2.500082212533514259e-01
2.508763775249913675e-01
2.517454746399414578e-01
2.526155078841526569e-01
2.534864725225400850e-01
2.543583637989860202e-01
2.552311769363334593e-01
2.561049071363938889e-01
2.569795495799399587e-01
2.578550994267096996e-01
2.587315518154069682e-01
2.596089018636975609e-01
2.604871446682145431e-01
2.613662753045533638e-01
2.622462888272741877e-01
2.631271802699026718e-01
2.640089446449275234e-01
2.648915769438036083e-01
2.657750721369487312e-01
2.666594251737449683e-01
2.675446309825406654e-01
2.684306844706465522e-01
2.693175805243395171e-01
2.702053140088599426e-01
2.710938797684121493e-01
2.719832726261661726e-01
2.728734873842555420e-01
2.737645188237793903e-01
2.746563617047999006e-01
2.755490107663437493e-01
2.764424607264033273e-01
2.773367062819344087e-01
2.782317399993375906e-01
2.791274832446188903e-01
2.800238904647049942e-01
2.809209507638739112e-01
2.818186531214361690e-01
2.827169863917375903e-01
2.836159393041568499e-01
2.845155004631061413e-01
2.854156583480343956e-01
2.863164013134216201e-01
2.872177175887848932e-01
2.881195952786725911e-01
2.890220223626684959e-01
2.899249866953907961e-01
2.908284760064907548e-01
2.917324779006553737e-01
2.926369798576039516e-01
2.935419692320903051e-01
2.944474332539033234e-01
2.953533590278649701e-01
2.962597335338319482e-01
2.971665436266948124e-01
2.980737760363771915e-01
2.989814173678388975e-01
2.998894541010720394e-01
3.007978725911040208e-01
3.017066590679955418e-01
3.026157996368410430e-01
3.035252802777705927e-01
3.044350868459466675e-01
3.053452050715672605e-01
3.062556205598634396e-01
3.071663187911001236e-01
3.080772851205776375e-01
3.089885047786299355e-01
3.098999628706233800e-01
3.108116443769617376e-01
3.117235341530789627e-01
3.126356169294468579e-01
3.135478773115685236e-01
3.144602997799819111e-01
3.153728686902604883e-01
3.162855682730090212e-01
3.171983826338700130e-01
3.181112957535165986e-01
3.190242914876575409e-01
3.199373535670362312e-01
3.208504655974284692e-01
3.217636110596464594e-01
3.226767733095345925e-01
