3.906556017653538326e+00
3.898727676031862988e+00
3.890899331683718820e+00
3.883070981959312107e+00
3.875242624293671945e+00
3.867414256219302793e+00
3.859585875366254637e+00
3.851757479462123879e+00
3.843929066332053335e+00
3.836100633898731793e+00
3.828272180182396678e+00
3.820443703300828719e+00
3.812615187049717136e+00
3.804786611799730434e+00
3.796957979425060081e+00
3.789129291928713172e+00
3.781300551300303958e+00
3.773471759516048518e+00
3.765642918538771422e+00
3.757814030317899956e+00
3.749985096789469008e+00
3.742156119876117515e+00
3.734327101487088019e+00
3.726498043518230663e+00
3.718668947851999196e+00
3.710839816357454968e+00
3.703010650890260269e+00
3.695181453292686768e+00
3.687352225393608851e+00
3.679522969008507172e+00
3.671693685939467766e+00
3.663864377975179831e+00
3.656035046890940610e+00
3.648205694448650949e+00
3.640376322396816633e+00
3.632546932470549716e+00
3.624717526391566302e+00
3.616888105868188763e+00
3.609058672595343964e+00
3.601229228254564596e+00
3.593399774513987399e+00
3.585570313028354494e+00
3.577740845439015160e+00
3.569911373373921837e+00
3.562081898447631900e+00
3.554252422261309885e+00
3.546422946402723486e+00
3.538593472446247112e+00
3.530764001952859221e+00
3.522934536470144096e+00
3.515105077532291400e+00
3.507275626660095291e+00
3.499446185360955752e+00
3.491616755128877259e+00
3.483787337444470111e+00
3.475957933774949993e+00
3.468128545574136190e+00
3.460299174282456480e+00
3.452469821326939581e+00
3.444640488121222699e+00
3.436811176065546647e+00
3.428981886546757618e+00
3.421152620938308520e+00
3.413323380600254531e+00
3.405494166879258433e+00
3.397664981108587501e+00
3.389835824608113946e+00
3.382006698684315360e+00
3.374177604630273830e+00
3.366348543725678599e+00
3.358519517236822516e+00
3.350690526416602921e+00
3.342861572504524315e+00
3.335032656726694356e+00
3.327203780295828306e+00
3.319374944411245032e+00
3.311546150258867449e+00
3.303717399011226519e+00
3.295888691827455474e+00
3.288060029853296040e+00
3.280231414221092212e+00
3.272402846049793812e+00
3.264574326444956931e+00
3.256745856498741709e+00
3.248917437289915000e+00
3.241089069883846374e+00
3.233260755332512559e+00
3.225432494674495221e+00
3.217604288934980517e+00
3.209776139125760874e+00
3.201948046245232771e+00
3.194120011278397619e+00
3.186292035196863992e+00
3.178464118958844065e+00
3.170636263509155395e+00
3.162808469779220921e+00
3.154980738687068076e+00
3.147153071137330560e+00
3.139325468021248344e+00
3.131497930216663228e+00
3.123670458588024168e+00
3.115843053986385502e+00
3.108015717249406951e+00
3.100188449201352725e+00
3.092361250653092419e+00
3.084534122402099676e+00
3.076707065232456628e+00
3.068880079914846792e+00
3.061053167206561287e+00
3.053226327851495725e+00
3.045399562580150210e+00
3.037572872108992517e+00
3.029746251656418643e+00
3.021919695941886363e+00
3.014093204587018793e+00
3.006266777220947706e+00
2.998440413480313982e+00
2.990614113009265385e+00
2.982787875459459670e+00
2.974961700490061478e+00
2.967135587767744553e+00
2.959309536966690413e+00
2.951483547768589233e+00
2.943657619862639407e+00
2.935831752945547990e+00
2.928005946721529362e+00
2.920180200902307455e+00
2.912354515207112637e+00
2.904528889362685717e+00
2.896703323103275274e+00
2.888877816170636326e+00
2.881052368314034773e+00
2.873226979290242511e+00
2.865401648863542317e+00
2.857576376805723406e+00
2.849751162896082324e+00
2.841926006921426939e+00
2.834100908676070230e+00
2.826275867961836941e+00
2.818450884588056926e+00
2.810625958371569144e+00
2.802801089136721657e+00
2.794976276715371188e+00
2.787151520946881789e+00
2.779326821678125725e+00
2.771502178763482593e+00
2.763677592064843314e+00
2.755853061451605690e+00
2.748028586800673967e+00
2.740204167996462825e+00
2.732379804930893830e+00
2.724555497503398538e+00
2.716731245620916724e+00
2.708907049197893713e+00
2.701082908156286155e+00
2.693258822425557142e+00
2.685434791942679311e+00
2.677610816652133074e+00
2.669786896505907059e+00
2.661963031463498108e+00
2.654139221491911282e+00
2.646315466565660746e+00
2.638491766666767990e+00
2.630668121784763169e+00
2.622844531916685096e+00
2.615020997067080355e+00
2.607197517248003305e+00
2.599374092479018294e+00
2.591550722787196559e+00
2.583727408207117993e+00
2.575904148780870706e+00
2.568080944558051470e+00
2.560257795595765273e+00
2.552434701958624874e+00
2.544611663718751693e+00
2.536788680955775810e+00
2.528965753756834189e+00
2.521142882216574677e+00
2.513320066437150668e+00
2.505497306528225998e+00
2.497674602606970495e+00
2.489851954798064426e+00
2.482029363233696273e+00
2.474206828053561402e+00
2.466384349404863841e+00
2.458561927442316719e+00
2.450739562328140497e+00
2.442917254232064739e+00
2.435095003331328112e+00
2.427272809810673948e+00
2.419450673862358681e+00
2.411628595686142962e+00
2.403806575489298769e+00
2.395984613486605408e+00
2.388162709900348624e+00
2.380340864960325487e+00
2.372519078903838619e+00
2.364697351975701967e+00
2.356875684428234141e+00
2.349054076521264633e+00
2.341232528522131151e+00
2.333411040705677841e+00
2.325589613354260177e+00
2.317768246757738293e+00
2.309946941213482763e+00
2.302125697026372819e+00
2.294304514508795911e+00
2.286483393980645484e+00
2.278662335769325864e+00
2.270841340209748704e+00
2.263020407644333876e+00
2.255199538423010353e+00
2.247378732903214438e+00
2.239557991449890206e+00
2.231737314435491726e+00
2.223916702239980392e+00
2.216096148437513680e+00
2.208275644387357683e+00
2.200455189675131429e+00
2.192634783914460872e+00
2.184814426720866010e+00
2.176994117711758214e+00
2.169173856506442899e+00
2.161353642726118629e+00
2.153533475993877566e+00
2.145713355934704136e+00
2.137893282175476806e+00
2.130073254344966749e+00
2.122253272073838293e+00
2.114433334994649361e+00
2.106613442741849695e+00
2.098793594951784414e+00
2.090973791262690007e+00
2.083154031314697452e+00
2.075334314749828657e+00
2.067514641212001347e+00
2.059695010347025512e+00
2.051875421802603849e+00
2.044055875228332653e+00
2.036236370275700036e+00
2.028416906598089042e+00
2.020597483850776310e+00
2.012778101690930299e+00
2.004958759777611732e+00
1.997139457771776483e+00
1.989320195336272912e+00
1.981500972135842975e+00
1.973681787837120449e+00
1.965862642108633596e+00
1.958043534620803161e+00
1.950224465045943489e+00
1.942405433058261854e+00
1.934586438333858682e+00
1.926767480550727329e+00
1.918948559388755193e+00
1.911129674529721933e+00
1.903310825657300809e+00
1.895492012457058228e+00
1.887673234616452866e+00
1.879854491824838769e+00
1.872035783773460249e+00
1.864217110155457657e+00
1.856398470665862943e+00
1.848579865001600098e+00
1.840761292861489595e+00
1.832942753946241288e+00
1.825124247958461732e+00
1.817305774602647750e+00
1.809487333585190649e+00
1.801668924614375111e+00
1.793850547400378082e+00
1.786032201655271434e+00
1.778213887093018197e+00
1.770395603429474995e+00
1.762577350382392938e+00
1.754759127671414731e+00
1.746940935018077345e+00
1.739122772145810014e+00
1.731304638779936012e+00
1.723486534647671320e+00
1.715668459478124852e+00
1.707850413002299561e+00
1.700032394953090220e+00
1.692214405065286309e+00
1.684396443075569572e+00
1.676578508722514016e+00
1.668760601746589689e+00
1.660942721890156015e+00
1.653124868897469124e+00
1.645307042514676299e+00
1.637489242489817753e+00
1.629671468572828852e+00
1.621853720515535224e+00
1.614035998071658762e+00
1.606218300996812287e+00
1.598400629048502442e+00
1.590582981986129463e+00
1.582765359570986075e+00
1.574947761566259263e+00
1.567130187737027835e+00
1.559312637850264416e+00
1.551495111674835004e+00
1.543677608981498084e+00
1.535860129542906183e+00
1.528042673133604312e+00
1.520225239530031303e+00
1.512407828510518470e+00
1.504590439855290285e+00
1.496773073346465255e+00
1.488955728768053932e+00
1.481138405905961353e+00
1.473321104547984373e+00
1.465503824483813444e+00
1.457686565505032839e+00
1.449869327405119090e+00
1.442052109979442776e+00
1.434234913025267399e+00
1.426417736341748066e+00
1.418600579729936140e+00
1.410783442992772807e+00
1.402966325935095515e+00
1.395149228363632643e+00
1.387332150087005944e+00
1.379515090915732323e+00
1.371698050662218948e+00
1.363881029140768808e+00
1.356064026167576264e+00
1.348247041560729498e+00
1.340430075140209842e+00
1.332613126727891784e+00
1.324796196147543403e+00
1.316979283224825048e+00
1.309162387787290660e+00
1.301345509664387778e+00
1.293528648687456206e+00
1.285711804689730231e+00
1.277894977506336183e+00
1.270078166974293099e+00
1.262261372932515391e+00
1.254444595221807734e+00
1.246627833684870845e+00
1.238811088166296592e+00
1.230994358512570885e+00
1.223177644572072564e+00
1.215360946195072733e+00
1.207544263233738313e+00
1.199727595542125824e+00
1.191910942976188492e+00
1.184094305393770030e+00
1.176277682654607970e+00
1.168461074620334550e+00
1.160644481154472496e+00
1.152827902122440795e+00
1.145011337391548922e+00
1.137194786831000837e+00
1.129378250311893428e+00
1.121561727707216516e+00
1.113745218891853961e+00
1.105928723742581665e+00
1.098112242138068906e+00
1.090295773958879222e+00
1.082479319087467529e+00
1.074662877408183892e+00
1.066846448807270198e+00
1.059030033172861263e+00
1.051213630394986387e+00
1.043397240365566914e+00
1.035580862978418004e+00
1.027764498129247306e+00
1.019948145715656729e+00
1.012131805637140669e+00
1.004315477795085565e+00
9.964991620927736715e-01
9.886828584353776206e-01
9.808665667299656388e-01
9.730502868854975507e-01
9.652340188128261111e-01
9.574177624246990037e-01
9.496015176357550658e-01
9.417852843625280634e-01
9.339690625234436938e-01
9.261528520388209174e-01
9.183366528308728460e-01
9.105204648237044118e-01
9.027042879433150313e-01
8.948881221175964962e-01
8.870719672763333064e-01
8.792558233512045573e-01
8.714396902757811647e-01
8.636235679855283065e-01
8.558074564178034249e-01
8.479913555118571145e-01
8.401752652088343432e-01
8.323591854517715660e-01
8.245431161856000557e-01
8.167270573571430159e-01
8.089110089151169136e-01
8.010949708101325895e-01
7.932789429946922599e-01
7.854629254231930702e-01
7.776469180519242075e-01
7.698309208390677894e-01
7.620149337447006399e-01
7.541989567307906261e-01
7.463829897612009878e-01
7.385670328016861186e-01
7.307510858198954518e-01
7.229351487853701297e-01
7.151192216695446691e-01
7.073033044457477381e-01
6.994873970891999360e-01
6.916714995770162355e-01
6.838556118882037627e-01
6.760397340036627956e-01
6.682238659061880970e-01
6.604080075804658057e-01
6.525921590130768779e-01
6.447763201924944232e-01
6.369604911090843702e-01
6.291446717551073542e-01
6.213288621247152754e-01
6.135130622139551848e-01
6.056972720207657312e-01
5.978814915449789380e-01
5.900657207883212019e-01
5.822499597544104066e-01
5.744342084487591427e-01
5.666184668787721534e-01
5.588027350537472238e-01
5.509870129848765119e-01
5.431713006852437742e-01
5.353555981698274735e-01
5.275399054554978928e-01
5.197242225610197996e-01
5.119085495070500036e-01
5.040928863161384665e-01
4.962772330127296350e-01
4.884615896231593868e-01
4.806459561756584731e-01
4.728303327003496315e-01
4.650147192292485299e-01
4.571991157962654873e-01
4.493835224372023096e-01
4.415679391897555095e-01
4.337523660935136416e-01
4.259368031899583573e-01
4.181212505224656817e-01
4.103057081363032932e-01
4.024901760786336324e-01
3.946746543985110711e-01
3.868591431468829112e-01
3.790436423765913831e-01
3.712281521423697050e-01
3.634126725008463010e-01
3.555972035105412488e-01
3.477817452318680003e-01
3.399662977271343256e-01
3.321508610605394263e-01
3.243354352981775435e-01
3.165200205080345719e-01
3.087046167599898361e-01
3.008892229407110208e-01
2.930738349509420249e-01
2.852584523709082442e-01
2.774430751261722228e-01
2.696277031418250480e-01
2.618123363424883498e-01
2.539969746523107474e-01
2.461816179949715688e-01
2.383662662936774090e-01
2.305509194711655163e-01
2.227355774497006280e-01
2.149202401510765803e-01
2.071049074966173631e-01
1.992895794071742055e-01
1.914742558031289066e-01
1.836589366043910321e-01
1.758436217303989135e-01
1.680283111001212859e-01
1.602130046320539569e-01
1.523977022442234153e-01
1.445824038541838330e-01
1.367671093790183146e-01
1.289518187353400624e-01
1.211365318392896712e-01
1.133212486065382635e-01
1.055059689522846178e-01
9.769069279125645877e-02
8.987542003771172017e-02
8.206015060543558892e-02
7.424488440774383580e-02
6.642962135747991492e-02
5.861436136701620586e-02
5.079910434825528343e-02
4.298385021262696171e-02
3.516859887109169414e-02
2.735335023413713179e-02
1.953810421178159284e-02
1.172286071357102680e-02
3.907619648580309447e-03
-3.907619074585883673e-03
-1.172285554779394987e-02
-1.953808986338221795e-02
-2.735332211415966372e-02
-3.516855239340632017e-02
-4.298378079487417264e-02
-5.079900741278366161e-02
-5.861423234182890768e-02
-6.642945567717423172e-02
-7.424467751445501529e-02
-8.205989794977859575e-02
-8.987511707972076214e-02
-9.769033500133099401e-02
-1.055055518121289504e-01
-1.133207676101053857e-01
-1.211359824937229684e-01
-1.289511965619128397e-01
-1.367664099140798450e-01
-1.445816226500989954e-01
-1.523968348703163278e-01
-1.602120466755499739e-01
-1.680272581670863574e-01
-1.758424694466856619e-01
-1.836576806165782783e-01
-1.914728917794656371e-01
-1.992881030385211250e-01
-2.071033144973865592e-01
-2.149185262601775448e-01
-2.227337384314796720e-01
-2.305489511163498761e-01
-2.383641644203167986e-01
-2.461793784493776227e-01
-2.539945933100033471e-01
-2.618098091091348723e-01
-2.696250259541844718e-01
-2.774402439530361808e-01
-2.852554632140424928e-01
-2.930706838460298003e-01
-3.008859059582943418e-01
-3.087011296606037014e-01
-3.165163550631973077e-01
-3.243315822767831036e-01
-3.321468114125425419e-01
-3.399620425821274772e-01
-3.477772758976607759e-01
-3.555925114717371494e-01
-3.634077494174199896e-01
-3.712229898482460322e-01
-3.790382328782224697e-01
-3.868534786218284505e-01
-3.946687271940114705e-01
-4.024839787101927024e-01
-4.102992332862634983e-01
-4.181144910385863889e-01
-4.259297520839958606e-01
-4.337450165397947477e-01
-4.415602845237595608e-01
-4.493755561541371013e-01
-4.571908315496452380e-01
-4.650061108294736290e-01
-4.728213941132805020e-01
-4.806366815211978727e-01
-4.884519731738278248e-01
-4.962672691922435098e-01
-5.040825696979900350e-01
-5.118978748130810219e-01
-5.197131846600036020e-01
-5.275284993617154194e-01
-5.353438190416449638e-01
-5.431591438236925695e-01
-5.509744738322274182e-01
-5.587898091920918686e-01
-5.666051500285987919e-01
-5.744204964675320157e-01
-5.822358486351475459e-01
-5.900512066581695692e-01
-5.978665706637960042e-01
-6.056819407796950605e-01
-6.134973171340060150e-01
-6.213126998553398783e-01
-6.291280890727765085e-01
-6.369434849158689405e-01
-6.447588875146409437e-01
-6.525742969995869114e-01
-6.603897135016735254e-01
-6.682051371523356487e-01
-6.760205680834818764e-01
-6.838360064274914274e-01
-6.916514523172138107e-01
-6.994669058859711575e-01
-7.072823672675536688e-01
-7.150978365962253891e-01
-7.229133140067205421e-01
-7.307287996342445302e-01
-7.385442936144743786e-01
-7.463597960835558487e-01
-7.541753071781084339e-01
-7.619908270352214741e-01
-7.698063557924557099e-01
-7.776218935878437266e-01
-7.854374405598865128e-01
-7.932529968475587889e-01
-8.010685625903055662e-01
-8.088841379280428123e-01
-8.166997230011582287e-01
-8.245153179505085861e-01
-8.323309229174236101e-01
-8.401465380437037611e-01
-8.479621634716211220e-01
-8.557777993439164010e-01
-8.635934458038039274e-01
-8.714091029949683209e-01
-8.792247710615652689e-01
-8.870404501482219706e-01
-8.948561404000349162e-01
-9.026718419625734402e-01
-9.104875549818776115e-01
-9.183032796044583446e-01
-9.261190159772986208e-01
-9.339347642478496025e-01
-9.417505245640365175e-01
-9.495662970742547726e-01
-9.573820819273702876e-01
-9.651978792727216039e-01
-9.730136892601153331e-01
-9.808295120398318190e-01
-9.886453477626218067e-01
-9.964611965797068871e-01
-1.004277058642780718e+00
-1.012092934104005248e+00
-1.019908823116016272e+00
-1.027724725831919983e+00
-1.035540642405293088e+00
-1.043356572990184583e+00
-1.051172517741111978e+00
-1.058988476813066404e+00
-1.066804450361509282e+00
-1.074620438542372325e+00
-1.082436441512060865e+00
-1.090252459427446752e+00
-1.098068492445877009e+00
-1.105884540725167842e+00
-1.113700604423607521e+00
-1.121516683699955275e+00
-1.129332778713439511e+00
-1.137148889623761816e+00
-1.144965016591094065e+00
-1.152781159776079756e+00
-1.160597319339833566e+00
-1.168413495443939132e+00
-1.176229688250453265e+00
-1.184045897921903956e+00
-1.191862124621289265e+00
-1.199678368512079318e+00
-1.207494629758213200e+00
-1.215310908524103395e+00
-1.223127204974632898e+00
-1.230943519275154774e+00
-1.238759851591495487e+00
-1.246576202089948460e+00
-1.254392570937282292e+00
-1.262208958300734762e+00
-1.270025364348014607e+00
-1.277841789247303517e+00
-1.285658233167250586e+00
-1.293474696276979197e+00
-1.301291178746082577e+00
-1.309107680744625579e+00
-1.316924202443144010e+00
-1.324740744012643301e+00
-1.332557305624602062e+00
-1.340373887450968304e+00
-1.348190489664162772e+00
-1.356007112437076501e+00
-1.363823755943070370e+00
-1.371640420355977552e+00
-1.379457105850102838e+00
-1.387273812600221756e+00
-1.395090540781579236e+00
-1.402907290569893162e+00
-1.410724062141351931e+00
-1.418540855672615120e+00
-1.426357671340814148e+00
-1.434174509323548730e+00
-1.441991369798892419e+00
-1.449808252945389286e+00
-1.457625158942053911e+00
-1.465442087968372720e+00
-1.473259040204301540e+00
-1.481076015830268489e+00
-1.488893015027173528e+00
-1.496710037976386021e+00
-1.504527084859748731e+00
-1.512344155859571604e+00
-1.520161251158639537e+00
-1.527978370940206387e+00
-1.535795515387997856e+00
-1.543612684686211711e+00
-1.551429879019513125e+00
-1.559247098573042667e+00
-1.567064343532409199e+00
-1.574881614083694314e+00
-1.582698910413450122e+00
-1.590516232708698574e+00
-1.598333581156934136e+00
-1.606150955946122005e+00
-1.613968357264698783e+00
-1.621785785301572025e+00
-1.629603240246118689e+00
-1.637420722288189134e+00
-1.645238231618103564e+00
-1.653055768426653804e+00
-1.660873332905103306e+00
-1.668690925245184031e+00
-1.676508545639101344e+00
-1.684326194279531563e+00
-1.692143871359621299e+00
-1.699961577072989449e+00
-1.707779311613723205e+00
-1.715597075176383823e+00
-1.723414867956002405e+00
-1.731232690148081232e+00
-1.739050541948594431e+00
-1.746868423553984417e+00
-1.754686335161168120e+00
-1.762504276967531425e+00
-1.770322249170932505e+00
-1.778140251969700714e+00
-1.785958285562633918e+00
-1.793776350149004051e+00
-1.801594445928552890e+00
-1.809412573101493393e+00
-1.817230731868510363e+00
-1.825048922430757559e+00
-1.832867144989861474e+00
-1.840685399747919782e+00
-1.848503686907501331e+00
-1.856322006671644154e+00
-1.864140359243859235e+00
-1.871958744828128296e+00
-1.879777163628904013e+00
-1.887595615851110464e+00
-1.895414101700141352e+00
-1.903232621381862666e+00
-1.911051175102611577e+00
-1.918869763069195988e+00
-1.926688385488896094e+00
-1.934507042569459712e+00
-1.942325734519109393e+00
-1.950144461546537089e+00
-1.957963223860905932e+00
-1.965782021671851565e+00
-1.973600855189477032e+00
-1.981419724624360557e+00
-1.989238630187549095e+00
-1.997057572090561672e+00
-2.004876550545388714e+00
-2.012695565764489380e+00
-2.020514617960795789e+00
-2.028333707347711456e+00
-2.036152834139110634e+00
-2.043971998549339197e+00
-2.051791200793210201e+00
-2.059610441086013655e+00
-2.067429719643506747e+00
-2.075249036681919179e+00
-2.083068392417952275e+00
-2.090887787068774983e+00
-2.098707220852031874e+00
-2.106526693985836030e+00
-2.114346206688772156e+00
-2.122165759179896583e+00
-2.129985351678735039e+00
-2.137804984405286213e+00
-2.145624657580018635e+00
-2.153444371423872905e+00
-2.161264126158260357e+00
-2.169083922005061726e+00
-2.176903759186632037e+00
-2.184723637925794382e+00
-2.192543558445843921e+00
-2.200363520970549658e+00
-2.208183525724146001e+00
-2.216003572931342980e+00
-2.223823662817320024e+00
-2.231643795607727743e+00
-2.239463971528689701e+00
-2.247284190806796200e+00
-2.255104453669112274e+00
-2.262924743416686368e+00
-2.270745036743662570e+00
-2.278565335096801814e+00
-2.286385640100780492e+00
-2.294205953360505035e+00
-2.302026276461108356e+00
-2.309846610967951630e+00
-2.317666958426622070e+00
-2.325487320362932930e+00
-2.333307698282926612e+00
-2.341128093672873334e+00
-2.348948507999268909e+00
-2.356768942708837855e+00
-2.364589399228528954e+00
-2.372409878965521468e+00
-2.380230383307221587e+00
-2.388050913621261984e+00
-2.395871471255500929e+00
-2.403692057538025839e+00
-2.411512673777152393e+00
-2.419333321261421865e+00
-2.427154001259603344e+00
-2.434974715020691516e+00
-2.442795463773910214e+00
-2.450616248728710644e+00
-2.458437071074770941e+00
-2.466257931981996165e+00
-2.474078832600517419e+00
-2.481899774060694952e+00
-2.489720757473115942e+00
-2.497541783928594050e+00
-2.505362854498171643e+00
-2.513183970233115350e+00
-2.521005132164922280e+00
-2.528826341305315140e+00
-2.536647598646244450e+00
-2.544468905159887662e+00
-2.552290261798649595e+00
-2.560111669495162001e+00
-2.567933129162284001e+00
-2.575754641693102531e+00
-2.583576207960931903e+00
-2.591397828819312021e+00
-2.599219505102011496e+00
-2.607041237623025864e+00
-2.614863027176578036e+00
-2.622684874537118738e+00
-2.630506780459323402e+00
-2.638328745678097498e+00
-2.646150770908572980e+00
-2.653972856846107842e+00
-2.661795004166290557e+00
-2.669617213524931643e+00
-2.677439485558073873e+00
-2.685261820881983841e+00
-2.693084220093157288e+00
-2.700906683768318217e+00
-2.708729212464414005e+00
-2.716551806718622064e+00
-2.724374467048346737e+00
-2.732197193951220182e+00
-2.740019987905101040e+00
-2.747842849368073992e+00
-2.755665778778452868e+00
-2.763488776554777981e+00
-2.771311843095817018e+00
-2.779134978780565923e+00
-2.786958183968245351e+00
-2.794781458998304213e+00
-2.802604804190420573e+00
-2.810428219844498088e+00
-2.818251706240668231e+00
-2.826075263639287627e+00
-2.833898892280942938e+00
-2.841722592386446866e+00
-2.849546364156840816e+00
-2.857370207773390458e+00
-2.865194123397589721e+00
-2.873018111171162570e+00
-2.880842171216056791e+00
-2.888666303634449761e+00
-2.896490508508743567e+00
-2.904314785901569440e+00
-2.912139135855785987e+00
-2.919963558394478298e+00
-2.927788053520959277e+00
-2.935612621218767426e+00
-2.943437261451670839e+00
-2.951261974163663204e+00
-2.959086759278966916e+00
-2.966911616702030852e+00
-2.974736546317529040e+00
-2.982561547990366435e+00
-2.990386621565673586e+00
-2.998211766868807526e+00
-3.006036983705353993e+00
-3.013862271861124320e+00
-3.021687631102158100e+00
-3.029513061174722743e+00
-3.037338561805311699e+00
-3.045164132700646675e+00
-3.052989773547675423e+00
-3.060815484013574395e+00
-3.068641263745745640e+00
-3.076467112371819468e+00
-3.084293029499655336e+00
-3.092119014717335190e+00
-3.099945067593171899e+00
-3.107771187675705260e+00
-3.115597374493700222e+00
-3.123423627556153104e+00
-3.131249946352282265e+00
-3.139076330351536548e+00
-3.146902779003591277e+00
-3.154729291738349595e+00
-3.162555867965942014e+00
-3.170382507076724199e+00
-3.178209208441280964e+00
-3.186035971410423606e+00
-3.193862795315192127e+00
-3.201689679466852567e+00
-3.209516623156897008e+00
-3.217343625657046235e+00
-3.225170686219248850e+00
-3.232997804075679937e+00
-3.240824978438742399e+00
-3.248652208501064287e+00
-3.256479493435502359e+00
-3.264306832395142077e+00
-3.272134224513294054e+00
-3.279961668903498051e+00
-3.287789164659517205e+00
-3.295616710855346465e+00
-3.303444306545205933e+00
-3.311271950763542637e+00
-3.319099642525033200e+00
-3.326927380824576286e+00
-3.334755164637303704e+00
-3.342582992918571527e+00
-3.350410864603962757e+00
-3.358238778609289543e+00
-3.366066733830589630e+00
-3.373894729144127691e+00
-3.381722763406397547e+00
-3.389550835454119948e+00
-3.397378944104239018e+00
-3.405207088153932027e+00
-3.413035266380600063e+00
-3.420863477541872033e+00
-3.428691720375604213e+00
-3.436519993599879363e+00
-3.444348295913008506e+00
-3.452176625993530479e+00
-3.460004982500209270e+00
-3.467833364072038460e+00
-3.475661769328236339e+00
-3.483490196868250788e+00
-3.491318645271756171e+00
-3.499147113098652895e+00
-3.506975598889070955e+00
-3.514804101163365058e+00
-3.522632618422119055e+00
-3.530461149146142841e+00
-3.538289691796474123e+00
-3.546118244814379317e+00
-3.553946806621348209e+00
-3.561775375619101069e+00
-3.569603950189584651e+00
-3.577432528694972635e+00
-3.585261109477667407e+00
-3.593089690860295615e+00
-3.600918271145713501e+00
-3.608746848617003344e+00
-3.616575421537475687e+00
-3.624403988150669331e+00
-3.632232546680346452e+00
-3.640061095330500152e+00
-3.647889632285348682e+00
-3.655718155709339001e+00
-3.663546663747145882e+00
-3.671375154523667916e+00
-3.679203626144033290e+00
-3.687032076693598448e+00
-3.694860504237945875e+00
-3.702688906822885873e+00
-3.710517282474453449e+00
-3.718345629198914093e+00
-3.726173944982759334e+00
-3.734002227792708073e+00
-3.741830475575707027e+00
-3.749658686258926732e+00
-3.757486857749770426e+00
-3.765314987935864721e+00
-3.773143074685064935e+00
-3.780971115845453756e+00
-3.788799109245339025e+00
-3.796627052693259063e+00
-3.804454943977976900e+00
-3.812282780868484267e+00
-3.820110561114000269e+00
-3.827938282443968721e+00
-3.835765942568064357e+00
-3.843593539176186180e+00
-3.851421069938463226e+00
-3.859248532505247908e+00
-3.867075924507123119e+00
-3.874903243554898680e+00
-3.882730487239610895e+00
-3.890557653132522997e+00
-3.898384738785125592e+00
-3.906211741729137543e+00
