-3.513269505432115025e-02
-3.513269577755906425e-02
-3.513270044084881860e-02
-3.513271145306440246e-02
-3.513272958561763915e-02
-3.513275432452855895e-02
-3.513278387246643319e-02
-3.513281514875243872e-02
-3.513284378936321062e-02
-3.513286414692551318e-02
-3.513286929072023668e-02
-3.513285100668328553e-02
-3.513279543860958753e-02
-3.513267773832273733e-02
-3.513247391841423095e-02
-3.513216041256583821e-02
-3.513171405239923217e-02
-3.513111206746577508e-02
-3.513033208526072926e-02
-3.512935213120993438e-02
-3.512815062867691296e-02
-3.512670639896642300e-02
-3.512499866131202353e-02
-3.512300703288984138e-02
-3.512071152880702485e-02
-3.511809256211240182e-02
-3.511513094378981847e-02
-3.511180788275547471e-02
-3.510810498586813821e-02
-3.510400425791715406e-02
-3.509948810163221466e-02
-3.509453931767980706e-02
-3.508914110465832792e-02
-3.508327705910829764e-02
-3.507693117550170214e-02
-3.507008784624865427e-02
-3.506273186169961420e-02
-3.505484841013339903e-02
-3.504642307777405819e-02
-3.503744184877399803e-02
-3.502789110522686045e-02
-3.501775762716441420e-02
-3.500702859254722910e-02
-3.499569157728110724e-02
-3.498373455520065178e-02
-3.497114589808303364e-02
-3.495791437563999793e-02
-3.494402915551564348e-02
-3.492947980329708102e-02
-3.491425628250111046e-02
-3.489834895458621133e-02
-3.488174857894676961e-02
-3.486444631290952501e-02
-3.484643371174245274e-02
-3.482770272864543770e-02
-3.480824571475737983e-02
-3.478805541915619415e-02
-3.476712498884992897e-02
-3.474544796878920039e-02
-3.472301830185520188e-02
-3.469983032886947427e-02
-3.467587878859168526e-02
-3.465115881771119177e-02
-3.462566595086213894e-02
-3.459939612060569658e-02
-3.457234565744826682e-02
-3.454451128982904962e-02
-3.451589014412004275e-02
-3.448647974463714405e-02
-3.445627801362505238e-02
-3.442528327127014620e-02
-3.439349423569471043e-02
-3.436091002295382779e-02
-3.432753014704337247e-02
-3.429335451989157235e-02
-3.425838345136522634e-02
-3.422261764927059247e-02
-3.418605323535794938e-02
-3.414867550305755728e-02
-3.411048737570299139e-02
-3.407149339090098650e-02
-3.403169812668371819e-02
-3.399110620150258555e-02
-3.394972227424153388e-02
-3.390755104420151156e-02
-3.386459725111201635e-02
-3.382086567513020725e-02
-3.377636113683069041e-02
-3.373108849722017410e-02
-3.368505265772414603e-02
-3.363825856019664329e-02
-3.359071118691714375e-02
-3.354241556058568108e-02
-3.349337674432906198e-02
-3.344359984170131028e-02
-3.339308999667700562e-02
-3.334185239365972109e-02
-3.328989225747314151e-02
-3.323721485336816883e-02
-3.318382548702336621e-02
-3.312972950453518806e-02
-3.307493229243174682e-02
-3.301943927766037845e-02
-3.296325592759652423e-02
-3.290638775004106620e-02
-3.284884029321544219e-02
-3.279061914577052761e-02
-3.273172993677686549e-02
-3.267217833573488051e-02
-3.261197005256777359e-02
-3.255111083762241009e-02
-3.248960648167154019e-02
-3.242746281591157853e-02
-3.236468571196393640e-02
-3.230128108187768632e-02
-3.223725487812245660e-02
-3.217261309359464860e-02
-3.210736176161477218e-02
-3.204150695592788978e-02
-3.197505479070672507e-02
-3.190801142054278117e-02
-3.184038304045966328e-02
-3.177217588589886788e-02
-3.170339623273044083e-02
-3.163405039724986878e-02
-3.156414473617363825e-02
-3.149368564664767334e-02
-3.142267956623712166e-02
-3.135113297293701251e-02
-3.127905238516559550e-02
-3.120644436176389647e-02
-3.113331550200015840e-02
-3.105967244556406825e-02
-3.098552187257475055e-02
-3.091087050357321786e-02
-3.083572509952459129e-02
-3.076009246182076495e-02
-3.068397943227640923e-02
-3.060739289313119116e-02
-3.053033976705332719e-02
-3.045282701712892504e-02
-3.037486164687530632e-02
-3.029645070022946030e-02
-3.021760126155603743e-02
-3.013832045564601714e-02
-3.005861544770915827e-02
-2.997849344338820998e-02
-2.989796168874159221e-02
-2.981702747025893885e-02
-2.973569811485488046e-02
-2.965398098986238296e-02
-2.957188350304740254e-02
-2.948941310259289850e-02
-2.940657727711259994e-02
-2.932338355564256815e-02
-2.923983950764341699e-02
-2.915595274300120110e-02
-2.907173091202430726e-02
-2.898718170544878348e-02
-2.890231285443611853e-02
-2.881713213056924516e-02
-2.873164734585875735e-02
-2.864586635273669302e-02
-2.855979704406230724e-02
-2.847344735312118402e-02
-2.838682525361857500e-02
-2.829993875969161188e-02
-2.821279592589287510e-02
-2.812540484720793543e-02
-2.803777365904469576e-02
-2.794991053723272501e-02
-2.786182369803102965e-02
-2.777352139811850584e-02
-2.768501193460237708e-02
-2.759630364501552968e-02
-2.750740490731073962e-02
-2.741832413987066452e-02
-2.732906980149785170e-02
-2.723965039142361988e-02
-2.715007444930384040e-02
-2.706035055521538446e-02
-2.697048732966522699e-02
-2.688049343357867826e-02
-2.679037756831048611e-02
-2.670014847564150529e-02
-2.660981493777092588e-02
-2.651938577732981805e-02
-2.642886985736758731e-02
-2.633827608136307674e-02
-2.624761339321968201e-02
-2.615689077726091050e-02
-2.606611725824214965e-02
-2.597530190133490180e-02
-2.588445381214277141e-02
-2.579358213669302735e-02
-2.570269606143238406e-02
-2.561180481323921398e-02
-2.552091765941044699e-02
-2.543004390767245049e-02
-2.533919290617570041e-02
-2.524837404349122849e-02
-2.515759674862150241e-02
-2.506687049098621500e-02
-2.497620478043560688e-02
-2.488560916724447125e-02
-2.479509324210726895e-02
-2.470466663614900860e-02
-2.461433902091481052e-02
-2.452410021961948239e-02
-2.443387786684469987e-02
-2.434366911607788175e-02
-2.425347941818301045e-02
-2.416331415008143857e-02
-2.407317861476010457e-02
-2.398307804126709186e-02
-2.389301758470763204e-02
-2.380300232625343071e-02
-2.371303727313733845e-02
-2.362312735865002011e-02
-2.353327744214994688e-02
-2.344349230904985149e-02
-2.335377667082938480e-02
-2.326413516502978673e-02
-2.317457235524988945e-02
-2.308509273115588734e-02
-2.299570070846912451e-02
-2.290640062897697504e-02
-2.281719676052929024e-02
-2.272809329703240344e-02
-2.263909435846067630e-02
-2.255020399084384231e-02
-2.246142616627722077e-02
-2.237276478291860826e-02
-2.228422366498272744e-02
-2.219580656275210728e-02
-2.210751715256442651e-02
-2.201935903682294970e-02
-2.193133574399386276e-02
-2.184345072859983361e-02
-2.175570737123155851e-02
-2.166810897853443940e-02
-2.158065878322057429e-02
-2.149335994406365025e-02
-2.140621554589472453e-02
-2.131922859961221661e-02
-2.123240204217036187e-02
-2.114573873658875947e-02
-2.105924147194926377e-02
-2.097291296339154343e-02
-2.088675585212129704e-02
-2.080077270540114931e-02
-2.071496601655908876e-02
-2.062933820498491500e-02
-2.054389161612646397e-02
-2.045862852149737954e-02
-2.037355111866867574e-02
-2.028866153127628635e-02
-2.020396180901795624e-02
-2.011945392764968865e-02
-2.003513978899329473e-02
-1.995102122092773378e-02
-1.986709997739732891e-02
-1.978337773840777025e-02
-1.969985611002300629e-02
-1.961653662437323753e-02
-1.953342073964581260e-02
-1.945050984009233375e-02
-1.936780523602710247e-02
-1.928530816382245661e-02
-1.920301978591587577e-02
-1.912094119080309795e-02
-1.903907339304411472e-02
-1.895741733326139489e-02
-1.887597387813477745e-02
-1.879474382041057545e-02
-1.871372787889247213e-02
-1.863292669844840432e-02
-1.855234085000900812e-02
-1.847197083056184574e-02
-1.839181706316161957e-02
-1.831187989692018014e-02
-1.823215960701340954e-02
-1.815265639468011116e-02
-1.807337038721623657e-02
-1.799430163798443338e-02
-1.791545012640449741e-02
-1.783681575796047802e-02
-1.775839836419956796e-02
-1.768019770272499791e-02
-1.760221345720824893e-02
-1.752444523737684001e-02
-1.744689257902343194e-02
-1.736955494400271860e-02
-1.729243172022654207e-02
-1.721552222167455071e-02
-1.713882568838176468e-02
-1.706234128644923409e-02
-1.698606810804004219e-02
-1.691000517137353221e-02
-1.683415142073751980e-02
-1.675850572647608061e-02
-1.668306688499732182e-02
-1.660783361877271602e-02
-1.653280457632999578e-02
-1.645797833226536611e-02
-1.638335338722951562e-02
-1.630892816794005107e-02
-1.623470102717639030e-02
-1.616067024377398909e-02
-1.608683402263699769e-02
-1.601319049472471612e-02
-1.593973771706269638e-02
-1.586647367273807951e-02
-1.579339627089515474e-02
-1.572050334674557348e-02
-1.564779266155702508e-02
-1.557526190266300681e-02
-1.550290868345904904e-02
-1.543073054339672012e-02
-1.535872494799694898e-02
-1.528688928883470410e-02
-1.521522088355187208e-02
-1.514371697585192855e-02
-1.507237473549505324e-02
-1.500119125830923217e-02
-1.493016356617848928e-02
-1.485928860705265642e-02
-1.478856325494271040e-02
-1.471798430991766438e-02
-1.464754849811389370e-02
-1.457725247172247940e-02
-1.450709280900164266e-02
-1.443706601427119374e-02
-1.436716851790742489e-02
-1.429739667635465672e-02
-1.422774677211291472e-02
-1.415821501374814328e-02
-1.408879753588809791e-02
-1.401949039921734919e-02
-1.395028959048849604e-02
-1.388119102250928716e-02
-1.381219053415416731e-02
-1.374328389035828213e-02
-1.367446678211514666e-02
-1.360573482648486099e-02
-1.353708356658356315e-02
-1.346850847159386522e-02
-1.340000493675885807e-02
-1.333156828338000199e-02
-1.326319375882467622e-02
-1.319487653652073877e-02
-1.312661171595497223e-02
-1.305839432267996703e-02
-1.299021930830512872e-02
-1.292208155050600382e-02
-1.285397585301861767e-02
-1.278589694563780910e-02
-1.271783948422422483e-02
-1.264979805069543772e-02
-1.258176715303527260e-02
-1.251374122528747801e-02
-1.244571462755528213e-02
-1.237768164600727694e-02
-1.230963649286942463e-02
-1.224157330643316222e-02
-1.217348615105073861e-02
-1.210536901713332725e-02
-1.203721582115768740e-02
-1.196902040565805958e-02
-1.190077653923327095e-02
-1.183247791654451486e-02
-1.176411815831057694e-02
-1.169569081131649479e-02
-1.162718934840467622e-02
-1.155860716848189362e-02
-1.148993759651750768e-02
-1.142117388353847129e-02
-1.135230920663776732e-02
-1.128333666896608189e-02
-1.121424929973813267e-02
-1.114504005423144761e-02
-1.107570181378114693e-02
-1.100622738578826976e-02
-1.093660950371155849e-02
-1.086684082707389809e-02
-1.079691394146098382e-02
-1.072682135851565910e-02
-1.065655551594757444e-02
-1.058610877752319546e-02
-1.051547343307368543e-02
-1.044464169849279589e-02
-1.037360571573175960e-02
-1.030235755280783927e-02
-1.023088920379588984e-02
-1.015919258883524190e-02
-1.008725955412748121e-02
-1.001508187193200783e-02
-9.942651240574362781e-03
-9.869959284437457292e-03
-9.797022093181007030e-03
-9.723885739633120195e-03
-9.650543268799660623e-03
-9.576985701808760076e-03
-9.503204074213456032e-03
-9.429189435998686086e-03
-9.354932851579511599e-03
-9.280425399794567376e-03
-9.205658173917941056e-03
-9.130622281647515770e-03
-9.055308845112741700e-03
-8.979709000873858926e-03
-8.903813899914347907e-03
-8.827614707653363979e-03
-8.751102603933524904e-03
-8.674268783029126517e-03
-8.597104453645476596e-03
-8.519600838911012275e-03
-8.441749176389679032e-03
-8.363540718068995794e-03
-8.284966730368548138e-03
-8.206018494138100916e-03
-8.126687304651269983e-03
-8.046964471616790959e-03
-7.966841319167139446e-03
-7.886309185866857696e-03
-7.805359424710611727e-03
-7.723983403116863045e-03
-7.642172502939359457e-03
-7.559918120455477730e-03
-7.477211666374661281e-03
-7.394044565836477290e-03
-7.310408258404399451e-03
-7.226294198077354292e-03
-7.141693853276620541e-03
-7.056598706857541980e-03
-6.971000256104475934e-03
-6.884890012725464192e-03
-6.798259502864612003e-03
-6.711100267088043747e-03
-6.623403860396059883e-03
-6.535161852217863387e-03
-6.446365826406508237e-03
-6.357007381251000844e-03
-6.267078129462255731e-03
-6.176569698185641055e-03
-6.085473728995149933e-03
-5.993781877888959553e-03
-5.901485815300755444e-03
-5.808577226086575340e-03
-5.715047809536577539e-03
-5.620889279369711833e-03
-5.526093363729056573e-03
-5.430651805193198456e-03
-5.334556360763242910e-03
-5.237798801874082866e-03
-5.140370914389735812e-03
-5.042264498598070244e-03
-4.943471369222685041e-03
-4.843983355409531288e-03
-4.743792300738486345e-03
-4.642890063218413355e-03
-4.541268515282137486e-03
-4.438919543798242051e-03
-4.335835050057496032e-03
-4.232006949784761218e-03
-4.127427173133801919e-03
-4.022087664682344466e-03
-3.915980383443956603e-03
-3.809097302854197453e-03
-3.701430410783301816e-03
-3.592971709528880453e-03
-3.483713215814698838e-03
-3.373646960797366257e-03
-3.262764990061617354e-03
-3.151059363618369247e-03
-3.038522155911632661e-03
-2.925145455810018724e-03
-2.810921366615121153e-03
-2.695842006056548001e-03
-2.579899506290159183e-03
-2.463086013904866589e-03
-2.345393689914224145e-03
-2.226814709764698974e-03
-2.107341263330841930e-03
-1.986965554913469600e-03
-1.865679803246367285e-03
-1.743476241487990075e-03
-1.620347117229789524e-03
-1.496284692491217649e-03
-1.371281243717943632e-03
-1.245329061788764957e-03
-1.118420452007017063e-03
-9.905477341090596077e-04
-8.617032422592527108e-04
-7.318793250482499846e-04
-6.010683454996945674e-04
-4.692626810621977618e-04
-3.364547236160558841e-04
-2.026368794715519700e-04
-6.780156936387823907e-05
6.805877153801594831e-05
2.049516936416181934e-04
3.428847329207118655e-04
4.818654109204449643e-04
6.219012347610172742e-04
7.629996971275712636e-04
9.051682762836812945e-04
1.048414436057867882e-03
1.192745625850359648e-03
1.338169280636423986e-03
1.484692820956312609e-03
1.632323652928660551e-03
1.781069168237073286e-03
1.930936744136857453e-03
2.081933743458372343e-03
2.234067514596940751e-03
2.387345391526268790e-03
2.541774693785081585e-03
2.697362726483729101e-03
2.854116780307655588e-03
3.012044131507268796e-03
3.171152041911345920e-03
3.331447758913724799e-03
3.492938515479826478e-03
3.655631530150138531e-03
3.819534007030223055e-03
3.984653135803845059e-03
4.150996091719982850e-03
4.318570035599073043e-03
4.487382113836785313e-03
4.657439458393669574e-03
4.828749186808700689e-03
5.001318402185761514e-03
5.175154193200526276e-03
5.350263634103624710e-03
5.526653784710761075e-03
5.704331690415925804e-03
5.883304382178211611e-03
6.063578876528225026e-03
6.245162175571777885e-03
6.428061266979617772e-03
6.612283124000806200e-03
6.797834705449479209e-03
6.984722955711397674e-03
7.172954804747444513e-03
7.362537168083327366e-03
7.553476946823456384e-03
7.745781027636788885e-03
7.939456282764267847e-03
8.134509570021208891e-03
8.330947732790416893e-03
8.528777600029180395e-03
8.728005986262499238e-03
8.928639691586248706e-03
9.130685501670787740e-03
9.334150187754075567e-03
9.539040506648444051e-03
9.745363200733936360e-03
9.953124997961637632e-03
1.016233261185683912e-02
1.037299274151276540e-02
1.058511207159662515e-02
1.079869727234367138e-02
1.101375499956003257e-02
1.123029189462609878e-02
1.144831458449002692e-02
1.166782968167429102e-02
1.188884378426929844e-02
1.211136347593588791e-02
1.233539532590999244e-02
1.256094588899453468e-02
1.278802170556725404e-02
1.301662930157337916e-02
1.324677518852912517e-02
1.347846586352524634e-02
1.371170780921993071e-02
1.394650749384601651e-02
1.418287137120360919e-02
1.442080588066430025e-02
1.466031744717366525e-02
1.490141248124504658e-02
1.514409737896638131e-02
1.538837852199292922e-02
1.563426227755121412e-02
1.588175499844202143e-02
1.613086302303379238e-02
1.638159267526928531e-02
1.663395026465919191e-02
1.688794208628485727e-02
1.714357442080227667e-02
1.740085353443476812e-02
1.765978567898074392e-02
1.792037709180527294e-02
1.818263399584518769e-02
1.844656259961141576e-02
1.871216909718242949e-02
1.897945966821157349e-02
1.924844047791929302e-02
1.951911767709724188e-02
1.979149740211150199e-02
2.006558577489581108e-02
2.034138890295811297e-02
2.061891287937434036e-02
2.089816378279119036e-02
2.117914767742978821e-02
2.146187061308013622e-02
2.174633862510155780e-02
2.203255773442880372e-02
2.232053394756161602e-02
2.261027325657827269e-02
2.290178163912226506e-02
2.319506505840807087e-02
2.349012946322570627e-02
2.378698078793017867e-02
2.408562495245480939e-02
2.438606786229768897e-02
2.468831540852900464e-02
2.499237346779359381e-02
2.529824790230161824e-02
2.560594455984133155e-02
2.591546927376597864e-02
2.622682786300090108e-02
2.654002613204597960e-02
2.685506987096619724e-02
2.717196485540540607e-02
2.749071684657167225e-02
2.781133159124515863e-02
2.813381482178123338e-02
2.845817225609992285e-02
2.878440959769967833e-02
2.911253253564416443e-02
2.944254674456847631e-02
2.977445788468302545e-02
3.010827160176288153e-02
3.044399352716176121e-02
3.078162927779826141e-02
3.112118445616252060e-02
3.146266465032010462e-02
3.180607543390123748e-02
3.215142236611445714e-02
3.249871099173362587e-02
3.284794684110414753e-02
3.319913543014618718e-02
3.355228226034545624e-02
3.390739281876553601e-02
3.426447257803522106e-02
3.462352699635495856e-02
3.498456151750017895e-02
3.534758157081163699e-02
3.571259257120784625e-02
3.607959991917275566e-02
3.644860900076196675e-02
3.681962518760606429e-02
3.719265383690062432e-02
3.756770029141942580e-02
3.794476987950146096e-02
3.832386791505737467e-02
3.870499969757279501e-02
3.908817051209845239e-02
3.947338562926328009e-02
3.986065030526120267e-02
4.024996978185801932e-02
4.064134928639451250e-02
4.103479403177634488e-02
4.143030921648760412e-02
4.182790002457725809e-02
4.222757162566626032e-02
4.262932917495032559e-02
4.303317781319038193e-02
4.343912266672544931e-02
4.384716884745976095e-02
4.425732145286920272e-02
4.466958556600464370e-02
4.508396625548205527e-02
4.550046857549538970e-02
4.591909756580414559e-02
4.633985825173914108e-02
4.676275564420584452e-02
4.718779473967726901e-02
4.761498052020063376e-02
4.804431795339070277e-02
4.847581199243378158e-02
4.890946757609015982e-02
4.934528962868789392e-02
4.978328306012946847e-02
5.022345276588491281e-02
5.066580362699513174e-02
5.111034051007612433e-02
5.155706826731054626e-02
5.200599173645592543e-02
5.245711574083733453e-02
5.291044508935138779e-02
5.336598457646823945e-02
5.382373898222625463e-02
5.428371307223800457e-02
5.474591159768382731e-02
5.521033929531471429e-02
5.567700526433028152e-02
5.614600094528832130e-02
5.661735844037663057e-02
5.709107402292956657e-02
5.756714394344886188e-02
5.804556442960806528e-02
5.852633168624388205e-02
5.900944189536527773e-02
5.949489121614504050e-02
5.998267578492355590e-02
6.047279171521258156e-02
6.096523509768814186e-02
6.146000200019741122e-02
6.195708846775160872e-02
6.245649052253021694e-02
6.295820416388342444e-02
6.346222536832568650e-02
6.396855008954260846e-02
6.447717425838517258e-02
6.498809378287018212e-02
6.550130454818692272e-02
6.601680241668850257e-02
6.653458322789962409e-02
6.705464279850836817e-02
6.757697692237174536e-02
6.810158137051702809e-02
6.862845189113597755e-02
6.915758420959194908e-02
6.968897402841167654e-02
7.022261702729060140e-02
7.075850886309487109e-02
7.129664516985600997e-02
7.183702155877180751e-02
7.237963361821231345e-02
7.292447691370940177e-02
7.347154698796831696e-02
7.402083936085923632e-02
7.457234952941838024e-02
7.512607296785445143e-02
7.568200512753753273e-02
7.624014143701307589e-02
7.680047730198791278e-02
7.736300810533780492e-02
7.792772920710988593e-02
7.849463594451311366e-02
7.906372363193114872e-02
7.963498756090992003e-02
8.020842300016362003e-02
8.078402519557759121e-02
8.136178937019988844e-02
8.194171072425282532e-02
8.252378443512053963e-02
8.310800565735609879e-02
8.369436952268372032e-02
8.428287113998944591e-02
8.487350559533468619e-02
8.546626795194223192e-02
8.606115325020335938e-02
8.665815650768116107e-02
8.725727271910033167e-02
8.785849685636093476e-02
8.846182386852419199e-02
8.906724868182003263e-02
8.967476619965042417e-02
9.028437130257827015e-02
9.089605884834273120e-02
9.150982367184323785e-02
9.212566058514859435e-02
9.274356437749897708e-02
9.336352981529683071e-02
9.398555164211863655e-02
9.460962457870336628e-02
9.523574332295803302e-02
9.586390254996191018e-02
9.649409691195542926e-02
9.712632103835416864e-02
9.776056953573553088e-02
9.839683698784518207e-02
9.903511795560104858e-02
9.967540697708199282e-02
1.003176985675422461e-01
1.009619872193980861e-01
1.016082674022336096e-01
1.022565335628051741e-01
1.029067801250307390e-01
1.035590014900029665e-01
1.042131920359763431e-01
1.048693461183742848e-01
1.055274580697911357e-01
1.061875221999837304e-01
1.068495327958833840e-01
1.075134841215832360e-01
1.081793704183451332e-01
1.088471859046022949e-01
1.095169247759497644e-01
1.101885812051579538e-01
1.108621493421582116e-01
1.115376233140514817e-01
1.122149972251089700e-01
1.128942651567650390e-01
1.135754211676280878e-01
1.142584592934685617e-01
1.149433735472256135e-01
1.156301579190095463e-01
1.163188063760929314e-01
1.170093128629228207e-01
1.177016713011085347e-01
1.183958755894274351e-01
1.190919196038282557e-01
1.197897971974235531e-01
1.204895022004979221e-01
1.211910284204991139e-01
1.218943696420435874e-01
1.225995196269185072e-01
1.233064721140750830e-01
1.240152208196363404e-01
1.247257594368891276e-01
1.254380816362881124e-01
1.261521810654591125e-01
1.268680513491922124e-01
1.275856860894488687e-01
1.283050788653543606e-01
1.290262232332020087e-01
1.297491127264567279e-01
1.304737408557470335e-01
1.312001011088723690e-01
1.319281869507975546e-01
1.326579918236541200e-01
1.333895091467451888e-01
1.341227323165383734e-01
1.348576547066719922e-01
1.355942696679488524e-01
1.363325705283391365e-01
1.370725505929859533e-01
1.378142031441933479e-01
1.385575214414391798e-01
1.393024987213655752e-01
1.400491281977807034e-01
1.407974030616663264e-01
1.415473164811649198e-01
1.422988616015938845e-01
1.430520315454324454e-01
1.438068194123289789e-01
1.445632182791014575e-01
1.453212211997343406e-01
1.460808212053814614e-01
1.468420113043606978e-01
1.476047844821597455e-01
1.483691337014350076e-01
1.491350519020093746e-01
1.499025320008748885e-01
1.506715668921896345e-01
1.514421494472777407e-01
1.522142725146360398e-01
1.529879289199251868e-01
1.537631114659758769e-01
1.545398129327848480e-01
1.553180260775151034e-01
1.560977436345023506e-01
1.568789583152443434e-01
1.576616628084122063e-01
1.584458497798397758e-01
1.592315118725298184e-01
1.600186417066566946e-01
1.608072318795570332e-01
1.615972749657377250e-01
1.623887635168750343e-01
1.631816900618079380e-01
1.639760471065501157e-01
1.647718271342784035e-01
1.655690226053350145e-01
1.663676259572377525e-01
1.671676296046626931e-01
1.679690259394628349e-01
1.687718073306525568e-01
1.695759661244142791e-01
1.703814946441029043e-01
1.711883851902342712e-01
1.719966300404998094e-01
1.728062214497514404e-01
1.736171516500117917e-01
1.744294128504728647e-01
1.752429972374898171e-01
1.760578969745929534e-01
1.768741042024726262e-01
1.776916110389903380e-01
1.785104095791760770e-01
1.793304918952243199e-01
1.801518500365029141e-01
1.809744760295424193e-01
1.817983618780414368e-01
1.826234995628692737e-01
1.834498810420588377e-01
1.842774982508168513e-01
1.851063431015127492e-01
1.859364074836822311e-01
1.867676832640356999e-01
1.876001622864431617e-01
1.884338363719502141e-01
1.892686973187633903e-01
1.901047369022594857e-01
1.909419468749864457e-01
1.917803189666527075e-01
1.926198448841427435e-01
1.934605163115019622e-01
1.943023249099455896e-01
1.951452623178591139e-01
1.959893201507911797e-01
1.968344900014638021e-01
1.976807634397621527e-01
1.985281320127390003e-01
1.993765872446191523e-01
2.002261206367887958e-01
2.010767236678097092e-01
2.019283877934054949e-01
2.027811044464669088e-01
2.036348650370580771e-01
2.044896609524036180e-01
2.053454835569037407e-01
2.062023241921204786e-01
2.070601741767839066e-01
2.079190248067961377e-01
2.087788673552206653e-01
2.096396930722961294e-01
2.105014931854229943e-01
2.113642588991706539e-01
2.122279813952792082e-01
2.130926518326505814e-01
2.139582613473640649e-01
2.148248010526558893e-01
2.156922620389356560e-01
2.165606353737814516e-01
2.174299121019349634e-01
2.183000832453116935e-01
2.191711398029894120e-01
2.200430727512139306e-01
2.209158730434035434e-01
2.217895316101383685e-01
2.226640393591714506e-01
2.235393871754207673e-01
2.244155659209692288e-01
2.252925664350744483e-01
2.261703795341554191e-01
2.270489960118036166e-01
2.279284066387741170e-01
2.288086021629913702e-01
2.296895733095487557e-01
2.305713107807059181e-01
2.314538052558923198e-01
2.323370473917019119e-01
2.332210278218966870e-01
2.341057371574097878e-01
2.349911659863388458e-01
2.358773048739517542e-01
2.367641443626822273e-01
2.376516749721293564e-01
2.385398871990664915e-01
2.394287715174288067e-01
2.403183183783230703e-01
2.412085182100214276e-01
2.420993614179618447e-01
2.429908383847565467e-01
2.438829394701782505e-01
2.447756550111739315e-01
2.456689753218523897e-01
2.465628906934922426e-01
2.474573913945432579e-01
2.483524676706170276e-01
2.492481097444985139e-01
2.501443078161362799e-01
2.510410520626473740e-01
2.519383326383177746e-01
2.528361396746015011e-01
2.537344632801192823e-01
2.546332935406598885e-01
2.555326205191783551e-01
2.564324342557995351e-01
2.573327247678154350e-01
2.582334820496861028e-01
2.591346960730387394e-01
2.600363567866663672e-01
2.609384541165340465e-01
2.618409779657704384e-01
2.627439182146753538e-01
2.636472647207144249e-01
2.645510073185191047e-01
2.654551358198933286e-01
2.663596400138055209e-01
2.672645096663908149e-01
2.681697345209559380e-01
2.690753042979712184e-01
2.699812086950776902e-01
2.708874373870839847e-01
2.717939800259627781e-01
2.727008262408601169e-01
2.736079656380834280e-01
2.745153878011148407e-01
2.754230822905996412e-01
2.763310386443493805e-01
2.772392463773494242e-01
2.781476949817456301e-01
2.790563739268590027e-01
2.799652726591719265e-01
