5.851601712847393166e+00
5.839872033767340653e+00
5.828142350594749388e+00
5.816412659145717257e+00
5.804682955145647583e+00
5.792953234325254996e+00
5.781223492421113441e+00
5.769493725175664167e+00
5.757763928337211290e+00
5.746034097659925344e+00
5.734304228903840617e+00
5.722574317834853375e+00
5.710844333534728534e+00
5.699114238372542829e+00
5.687384034369327601e+00
5.675653723824374275e+00
5.663923309052583122e+00
5.652192792384456155e+00
5.640462176166106900e+00
5.628731462759252402e+00
5.617000654541215887e+00
5.605269753904929431e+00
5.593538763258925961e+00
5.581807685027352584e+00
5.570076521649955481e+00
5.558345275582090572e+00
5.546613949294719959e+00
5.534882545274411925e+00
5.523151066023340938e+00
5.511419514059285873e+00
5.499687891915636229e+00
5.487956202141383244e+00
5.476224447301127007e+00
5.464492629975073790e+00
5.452760752759036045e+00
5.441028818264432410e+00
5.429296829118285039e+00
5.417564787963229378e+00
5.405832697457498170e+00
5.394100560274940115e+00
5.382368379105000322e+00
5.370636156652738968e+00
5.358903895638817083e+00
5.347171598799501879e+00
5.335439268886672082e+00
5.323706908667806381e+00
5.311974520925994092e+00
5.300242108459928936e+00
5.288509674083911705e+00
5.276777220627850262e+00
5.265044750937255102e+00
5.253312267873247343e+00
5.241579774312551621e+00
5.229847273147500530e+00
5.218114767286032851e+00
5.206382259651694433e+00
5.194649753183632868e+00
5.182917250836607259e+00
5.171184755580981118e+00
5.159452270402724139e+00
5.147719798303413086e+00
5.135987342300229130e+00
5.124254905425962292e+00
5.112522490729006108e+00
5.100790101273365629e+00
5.089057740138644093e+00
5.077325410420057139e+00
5.065593115228426591e+00
5.053860857690176012e+00
5.042128640947342255e+00
5.030396468157561252e+00
5.018664342494079555e+00
5.006932267145749904e+00
4.995200245317028553e+00
4.983468280227982383e+00
4.971736375114280904e+00
4.960004533227199808e+00
4.948272757833624524e+00
4.936541052216044001e+00
4.924809419672555144e+00
4.913077863516859267e+00
4.901346387078264755e+00
4.889614993701686174e+00
4.877883686747646053e+00
4.866152469592271324e+00
4.854421345627296880e+00
4.842690318260060245e+00
4.830959390913511342e+00
4.819228567026199173e+00
4.807497850052286026e+00
4.795767243461535045e+00
4.784036750739319110e+00
4.772306375386616395e+00
4.760576120920010368e+00
4.748845990871692457e+00
4.737115988789459387e+00
4.725386117041153078e+00
4.713656354131903647e+00
4.701926691681405757e+00
4.690197130684145677e+00
4.678467672113523435e+00
4.666738316921852814e+00
4.655009066040359578e+00
4.643279920379187686e+00
4.631550880827387751e+00
4.619821948252929467e+00
4.608093123502692734e+00
4.596364407402470320e+00
4.584635800756973190e+00
4.572907304349818958e+00
4.561178918943543437e+00
4.549450645279595307e+00
4.537722484078334340e+00
4.525994436039036728e+00
4.514266501839891532e+00
4.502538682137997128e+00
4.490810977569370088e+00
4.479083388748939853e+00
4.467355916270546956e+00
4.455628560706947461e+00
4.443901322609808524e+00
4.432174202509715499e+00
4.420447200916161279e+00
4.408720318317554288e+00
4.396993555181219371e+00
4.385266911953389801e+00
4.373540389059217048e+00
4.361813986902761009e+00
4.350087705867000665e+00
4.338361546313823425e+00
4.326635508584033118e+00
4.314909592997347332e+00
4.303183799852392077e+00
4.291458129426714230e+00
4.279732581976768202e+00
4.268007157737924828e+00
4.256281856924467810e+00
4.244556679729592830e+00
4.232831626325411101e+00
4.221106696862947594e+00
4.209381891472136594e+00
4.197657210261828808e+00
4.185932653319791363e+00
4.174208220712698925e+00
4.162483912486143467e+00
4.150759728664626280e+00
4.139035669251568628e+00
4.127311734229301976e+00
4.115587923559067107e+00
4.103864237181025665e+00
4.092140675014245055e+00
4.080417236956712657e+00
4.068693922885326053e+00
4.056970732655898360e+00
4.045247666103152007e+00
4.033524723040725846e+00
4.021801903261173372e+00
4.010079206535958285e+00
3.998356632615460260e+00
3.986634181228970508e+00
3.974911852084694885e+00
3.963189644869751671e+00
3.951467559250175121e+00
3.939745594870909695e+00
3.928023751355814497e+00
3.916302028307661942e+00
3.904580425308138647e+00
3.892858941917844096e+00
3.881137577676291528e+00
3.869416332101905720e+00
3.857695204692027868e+00
3.845974194922909817e+00
3.834253302249719830e+00
3.822532526106537265e+00
3.810811865906355234e+00
3.799091321041079272e+00
3.787370890881531782e+00
3.775650574777445811e+00
3.763930372057468610e+00
3.752210282029159849e+00
3.740490303978993403e+00
3.728770437172357344e+00
3.717050680853552169e+00
3.705331034245793020e+00
3.693611496551205686e+00
3.681892066950832820e+00
3.670172744604627280e+00
3.658453528651458786e+00
3.646734418209107709e+00
3.635015412374267729e+00
3.623296510222548950e+00
3.611577710808471231e+00
3.599859013165471300e+00
3.588140416305896530e+00
3.576421919221007606e+00
3.564703520880981635e+00
3.552985220234905928e+00
3.541267016210784213e+00
3.529548912563618135e+00
3.517830914498377037e+00
3.506113022126293721e+00
3.494395235544978107e+00
3.482677554844003431e+00
3.470959980104907583e+00
3.459242511401189546e+00
3.447525148798316508e+00
3.435807892353715864e+00
3.424090742116779662e+00
3.412373698128864596e+00
3.400656760423289349e+00
3.388939929025337250e+00
3.377223203952256281e+00
3.365506585213257296e+00
3.353790072809514466e+00
3.342073666734165283e+00
3.330357366972312771e+00
3.318641173501022834e+00
3.306925086289324689e+00
3.295209105298211316e+00
3.283493230480639014e+00
3.271777461781529173e+00
3.260061799137767391e+00
3.248346242478200363e+00
3.236630791723640321e+00
3.224915446786861928e+00
3.213200207572605382e+00
3.201485073977574647e+00
3.189770045890435224e+00
3.178055123191817710e+00
3.166340305754316020e+00
3.154625593442489162e+00
3.142910986112858573e+00
3.131196483613909010e+00
3.119482085786090764e+00
3.107767792461815226e+00
3.096053603465459325e+00
3.084339518613365083e+00
3.072625537713834731e+00
3.060911660567137371e+00
3.049197886965502313e+00
3.037484216693127070e+00
3.025770649526170253e+00
3.014057185232754232e+00
3.002343823572965142e+00
2.990630564298852878e+00
2.978917407154431984e+00
2.967204351875680768e+00
2.955491398190539520e+00
2.943778545818913628e+00
2.932065794472672238e+00
2.920353143855646483e+00
2.908640593663634810e+00
2.896928143584396320e+00
2.885215793297653430e+00
2.873503542475095429e+00
2.861791390780372701e+00
2.850079337869100282e+00
2.838367383388857412e+00
2.826655526979185318e+00
2.814943768271591207e+00
2.803232106889543385e+00
2.791520542448477471e+00
2.779809074555789739e+00
2.768097702810840666e+00
2.756386426804955825e+00
2.744675246121423218e+00
2.732964160335495940e+00
2.721253169014389073e+00
2.709542271717281903e+00
2.697831467995318810e+00
2.686120757391606162e+00
2.674410139441215861e+00
2.662699613671181798e+00
2.650989179600502066e+00
2.639278836740139411e+00
2.627568584593018119e+00
2.615858422654029791e+00
2.604148350410025792e+00
2.592438367339824801e+00
2.580728472914206595e+00
2.569018666595915157e+00
2.557308947839659119e+00
2.545599316092110431e+00
2.533889770791905249e+00
2.522180311369642602e+00
2.510470937247883949e+00
2.498761647841158506e+00
2.487052442555954812e+00
2.475343320790728718e+00
2.463634281935897619e+00
2.451925325373842668e+00
2.440216450478910115e+00
2.428507656617408195e+00
2.416798943147611567e+00
2.405090309419755101e+00
2.393381754776039205e+00
2.381673278550629824e+00
2.369964880069652668e+00
2.358256558651200319e+00
2.346548313605328229e+00
2.334840144234054282e+00
2.323132049831362789e+00
2.311424029683198267e+00
2.299716083067472994e+00
2.288008209254059899e+00
2.276300407504796564e+00
2.264592677073484328e+00
2.252885017205888740e+00
2.241177427139738665e+00
2.229469906104725396e+00
2.217762453322507099e+00
2.206055068006703479e+00
2.194347749362896671e+00
2.182640496588635681e+00
2.170933308873431056e+00
2.159226185398758435e+00
2.147519125338056334e+00
2.135812127856725695e+00
2.124105192112134777e+00
2.112398317253612046e+00
2.100691502422451951e+00
2.088984746751911370e+00
2.077278049367211388e+00
2.065571409385536850e+00
2.053864825916035919e+00
2.042158298059821409e+00
2.030451824909969449e+00
2.018745405551518157e+00
2.007039039061472963e+00
1.995332724508799727e+00
1.983626460954430515e+00
1.971920247451259156e+00
1.960214083044143241e+00
1.948507966769906341e+00
1.936801897660464178e+00
1.925095879206253802e+00
1.913389914962235094e+00
1.901684004714190301e+00
1.889978148246747036e+00
1.878272345343374283e+00
1.866566595786387284e+00
1.854860899356941983e+00
1.843155255835041473e+00
1.831449664999529547e+00
1.819744126628094039e+00
1.808038640497268368e+00
1.796333206382426884e+00
1.784627824057790413e+00
1.772922493296421820e+00
1.761217213870226450e+00
1.749511985549956572e+00
1.737806808105204714e+00
1.726101681304409885e+00
1.714396604914852684e+00
1.702691578702657527e+00
1.690986602432794639e+00
1.679281675869074508e+00
1.667576798774154989e+00
1.655871970909534419e+00
1.644167192035555836e+00
1.632462461911406981e+00
1.620757780295117634e+00
1.609053146943563162e+00
1.597348561612460971e+00
1.585644024056371393e+00
1.573939534028701237e+00
1.562235091281698018e+00
1.550530695566455508e+00
1.538826346632908404e+00
1.527122044229838105e+00
1.515417788104867158e+00
1.503713578004461926e+00
1.492009413673934581e+00
1.480305294857438003e+00
1.468601221297971993e+00
1.456897192737377278e+00
1.445193208916338401e+00
1.433489269574386160e+00
1.421785374449891171e+00
1.410081523280071636e+00
1.398377715800986687e+00
1.386673951747539268e+00
1.374970230853477915e+00
1.363266552851392310e+00
1.351562917472717951e+00
1.339859324447733036e+00
1.328155773505558468e+00
1.316452264374160963e+00
1.304748796780348385e+00
1.293045370449775078e+00
1.281341985106936754e+00
1.269638640475172719e+00
1.257935336276668314e+00
1.246232072232449584e+00
1.234528848062388828e+00
1.222825663485200387e+00
1.211122518218441524e+00
1.199419411978515981e+00
1.187716344480667985e+00
1.176013315438988238e+00
1.164310324566409260e+00
1.152607371574706718e+00
1.140904456174502313e+00
1.129201578075258672e+00
1.117498736985284902e+00
1.105795932611730592e+00
1.094093164660592477e+00
1.082390432836708216e+00
1.070687736843759064e+00
1.058985076384272306e+00
1.047282451159616601e+00
1.035579860870006197e+00
1.023877305214496936e+00
1.012174783890989138e+00
1.000472296596227828e+00
9.887698430257996218e-01
9.770674228741372813e-01
9.653650358345151616e-01
9.536626815990514316e-01
9.419603598587098503e-01
9.302580703032949927e-01
9.185558126214578012e-01
9.068535865006912555e-01
8.951513916273314830e-01
8.834492276865603122e-01
8.717470943624010538e-01
8.600449913377227196e-01
8.483429182942363589e-01
8.366408749124966127e-01
8.249388608719036009e-01
8.132368758506985928e-01
8.015349195259691140e-01
7.898329915736438389e-01
7.781310916684973655e-01
7.664292194841464401e-01
7.547273746930510674e-01
7.430255569665169535e-01
7.313237659746911756e-01
7.196220013865667342e-01
7.079202628699782229e-01
6.962185500916042713e-01
6.845168627169687658e-01
6.728152004104368533e-01
6.611135628352199367e-01
6.494119496533710123e-01
6.377103605257866681e-01
6.260087951122094152e-01
6.143072530712223589e-01
6.026057340602551937e-01
5.909042377355793185e-01
5.792027637523096129e-01
5.675013117644064353e-01
5.557998814246717378e-01
5.440984723847531734e-01
5.323970842951403215e-01
5.206957168051663531e-01
5.089943695630102516e-01
4.972930422156916497e-01
4.855917344090768806e-01
4.738904457878735932e-01
4.621891759956333612e-01
4.504879246747532373e-01
4.387866914664713125e-01
4.270854760108720449e-01
4.153842779468814861e-01
4.036830969122692792e-01
3.919819325436508795e-01
3.802807844764826140e-01
3.685796523450671214e-01
3.568785357825481341e-01
3.451774344209155299e-01
3.334763478910010015e-01
3.217752758224798892e-01
3.100742178438729568e-01
2.983731735825422282e-01
2.866721426646959836e-01
2.749711247153840410e-01
2.632701193584999766e-01
2.515691262167829567e-01
2.398681449118131859e-01
2.281671750640171525e-01
2.164662162926629663e-01
2.047652682158625226e-01
1.930643304505731961e-01
1.813634026125934828e-01
1.696624843165680796e-01
1.579615751759834152e-01
1.462606748031695936e-01
1.345597828093022807e-01
1.228588988043981950e-01
1.111580223973203663e-01
9.945715319577344560e-02
8.775629080630578671e-02
7.605543483431131957e-02
6.435458488402505395e-02
5.265374055852824198e-02
4.095290145974315316e-02
2.925206718843836179e-02
1.755123734422411180e-02
5.850411525554306477e-03
-5.850410670272192248e-03
-1.755122964711288217e-02
-2.925204580998289408e-02
-4.095285956505306801e-02
-5.265367131965059677e-02
-6.435448148226029230e-02
-7.605529046251945091e-02
-8.775609867122560748e-02
-9.945690652033133128e-02
-1.111577144229455444e-01
-1.228585227933348123e-01
-1.345593320469181675e-01
-1.462601426002748672e-01
-1.579609548711392586e-01
-1.696617692784019304e-01
-1.813625862421112400e-01
-1.930634061834680115e-01
-2.047642295248331412e-01
-2.164650566897227679e-01
-2.281658881028092445e-01
-2.398667241899226088e-01
-2.515675653780454213e-01
-2.632684120953203699e-01
-2.749692647710452742e-01
-2.866701238356743064e-01
-2.983709897208192130e-01
-3.100718628592442627e-01
-3.217727436848739631e-01
-3.334736326327877309e-01
-3.451745301392215581e-01
-3.568754366415689550e-01
-3.685763525783758432e-01
-3.802772783893485498e-01
-3.919782145153483111e-01
-4.036791613983926608e-01
-4.153801194816570397e-01
-4.270810892094689115e-01
-4.387820710273165337e-01
-4.504830653818427399e-01
-4.621840727208468835e-01
-4.738850934932860581e-01
-4.855861281492696579e-01
-4.972871771400674268e-01
-5.089882409181041290e-01
-5.206893199369607705e-01
-5.323904146513762647e-01
-5.440915255172416032e-01
-5.557926529916082936e-01
-5.674937975326830308e-01
-5.791949595998296951e-01
-5.908961396535650223e-01
-6.025973381555657094e-01
-6.142985555686638621e-01
-6.259997923568474398e-01
-6.377010489852624753e-01
-6.494023259202074128e-01
-6.611036236291405466e-01
-6.728049425806756911e-01
-6.845062832445828471e-01
-6.962076460917895337e-01
-7.079090315943757927e-01
-7.196104402255820709e-01
-7.313118724598035580e-01
-7.430133287725920743e-01
-7.547148096406570694e-01
-7.664163155418600715e-01
-7.781178469552233468e-01
-7.898194038244448212e-01
-8.015209846752165967e-01
-8.132225897917487734e-01
-8.249242196340612621e-01
-8.366258746613258745e-01
-8.483275553318625484e-01
-8.600292621031395690e-01
-8.717309954317746801e-01
-8.834327557735310865e-01
-8.951345435833243380e-01
-9.068363593152168889e-01
-9.185382034224203185e-01
-9.302400763572959974e-01
-9.419419785713499804e-01
-9.536439105152408890e-01
-9.653458726387748046e-01
-9.770478653909060451e-01
-9.887498892197393863e-01
-1.000451944572524177e+00
-1.012154031895661888e+00
-1.023856151634702005e+00
-1.035558304234342142e+00
-1.047260490138430145e+00
-1.058962709789958545e+00
-1.070664963631072331e+00
-1.082367252103063615e+00
-1.094069575646373416e+00
-1.105771934700592984e+00
-1.117474329704457592e+00
-1.129176761095855630e+00
-1.140879229311822840e+00
-1.152581734788542978e+00
-1.164284277961350256e+00
-1.175986859264723794e+00
-1.187689479132294501e+00
-1.199392137996841523e+00
-1.211094836290292465e+00
-1.222797574443724056e+00
-1.234500352887358376e+00
-1.246203172050570185e+00
-1.257906032361881365e+00
-1.269608934248964038e+00
-1.281311878138634563e+00
-1.293014864456861757e+00
-1.304717893628762448e+00
-1.316420966078601706e+00
-1.328124082229794611e+00
-1.339827242504900928e+00
-1.351530447325632878e+00
-1.363233697112850251e+00
-1.374936992286561077e+00
-1.386640333265923841e+00
-1.398343720469241491e+00
-1.410047154313969431e+00
-1.421750635216710634e+00
-1.433454163593216757e+00
-1.445157739858388801e+00
-1.456861364426272898e+00
-1.468565037710068077e+00
-1.480268760122120275e+00
-1.491972532073924329e+00
-1.503676353976124869e+00
-1.515380226238510541e+00
-1.527084149270024005e+00
-1.538788123478754155e+00
-1.550492149271939013e+00
-1.562196227055966391e+00
-1.573900357236368786e+00
-1.585604540217831149e+00
-1.597308776404186004e+00
-1.609013066198414332e+00
-1.620717410002647352e+00
-1.632421808218160519e+00
-1.644126261245382414e+00
-1.655830769483888298e+00
-1.667535333332402336e+00
-1.679239953188799372e+00
-1.690944629450097603e+00
-1.702649362512468789e+00
-1.714354152771232043e+00
-1.726059000620854267e+00
-1.737763906454953045e+00
-1.749468870666290643e+00
-1.761173893646781341e+00
-1.772878975787487432e+00
-1.784584117478619447e+00
-1.796289319109538374e+00
-1.807994581068748774e+00
-1.819699903743908775e+00
-1.831405287521823633e+00
-1.843110732788447281e+00
-1.854816239928883226e+00
-1.866521809327380099e+00
-1.878227441367338990e+00
-1.889933136431307892e+00
-1.901638894900984367e+00
-1.913344717157214880e+00
-1.925050603579991471e+00
-1.936756554548458409e+00
-1.948462570440906649e+00
-1.960168651634776937e+00
-1.971874798506659365e+00
-1.983581011432288488e+00
-1.995287290786551981e+00
-2.006993636943485093e+00
-2.018700050276269753e+00
-2.030406531157241012e+00
-2.042113079957875499e+00
-2.053819697048804738e+00
-2.065526382799806271e+00
-2.077233137579808098e+00
-2.088939961756882902e+00
-2.100646855698255600e+00
-2.112353819770298458e+00
-2.124060854338533755e+00
-2.135767959767631563e+00
-2.147475136421407527e+00
-2.159182384662830856e+00
-2.170889704854016333e+00
-2.182597097356228755e+00
-2.194304562529882041e+00
-2.206012100734535686e+00
-2.217719712328900972e+00
-2.229427397670836530e+00
-2.241135157117350563e+00
-2.252842991024599950e+00
-2.264550899747886703e+00
-2.276258883641666397e+00
-2.287966943059540181e+00
-2.299675078354259217e+00
-2.311383289877723790e+00
-2.323091577980979761e+00
-2.334799943014224777e+00
-2.346508385326803836e+00
-2.358216905267211505e+00
-2.369925503183091031e+00
-2.381634179421231234e+00
-2.393342934327572724e+00
-2.405051768247204791e+00
-2.416760681524364518e+00
-2.428469674502437670e+00
-2.440178747523957359e+00
-2.451887900930607156e+00
-2.463597135063218424e+00
-2.475306450261772540e+00
-2.487015846865398672e+00
-2.498725325212372006e+00
-2.510434885640120406e+00
-2.522144528485218640e+00
-2.533854254083389712e+00
-2.545564062769507530e+00
-2.557273954877589794e+00
-2.568983930740807775e+00
-2.580693990691478756e+00
-2.592404135061069592e+00
-2.604114364180197150e+00
-2.615824678378622536e+00
-2.627535077985259537e+00
-2.639245563328169730e+00
-2.650956134734562486e+00
-2.662666792530798077e+00
-2.674377537042380570e+00
-2.686088368593967157e+00
-2.697799287509362376e+00
-2.709510294111519446e+00
-2.721221388722540713e+00
-2.732932571663674537e+00
-2.744643843255320625e+00
-2.756355203817026478e+00
-2.768066653667490051e+00
-2.779778193124553543e+00
-2.791489822505211826e+00
-2.803201542125606682e+00
-2.814913352301029015e+00
-2.826625253345919742e+00
-2.838337245573864021e+00
-2.850049329297600131e+00
-2.861761504829013703e+00
-2.873473772479137711e+00
-2.885186132558156480e+00
-2.896898585375399016e+00
-2.908611131239345671e+00
-2.920323770457625923e+00
-2.932036503337016597e+00
-2.943749330183444979e+00
-2.955462251301982146e+00
-2.967175266996853189e+00
-2.978888377571429213e+00
-2.990601583328231339e+00
-3.002314884568929809e+00
-3.014028281594338665e+00
-3.025741774704425957e+00
-3.037455364198306640e+00
-3.049169050374244350e+00
-3.060882833529652736e+00
-3.072596713961089687e+00
-3.084310691964265772e+00
-3.096024767834039348e+00
-3.107738941864417459e+00
-3.119453214348556269e+00
-3.131167585578757073e+00
-3.142882055846474731e+00
-3.154596625442309232e+00
-3.166311294656011022e+00
-3.178026063776480559e+00
-3.189740933091761210e+00
-3.201455902889051242e+00
-3.213170973454694490e+00
-3.224886145074184363e+00
-3.236601418032163835e+00
-3.248316792612420567e+00
-3.260032269097894897e+00
-3.271747847770674511e+00
-3.283463528911995777e+00
-3.295179312802245075e+00
-3.306895199720953027e+00
-3.318611189946802931e+00
-3.330327283757625878e+00
-3.342043481430401641e+00
-3.353759783241259562e+00
-3.365476189465473666e+00
-3.377192700377470658e+00
-3.388909316250824588e+00
-3.400626037358257747e+00
-3.412342863971643325e+00
-3.424059796361998753e+00
-3.435776834799493695e+00
-3.447493979553445165e+00
-3.459211230892318856e+00
-3.470928589083730920e+00
-3.482646054394442192e+00
-3.494363627090364854e+00
-3.506081307436560213e+00
-3.517799095697236922e+00
-3.529516992135754094e+00
-3.541234997014615526e+00
-3.552953110595476804e+00
-3.564671333139142639e+00
-3.576389664905565979e+00
-3.588108106153845345e+00
-3.599826657142231046e+00
-3.611545318128121185e+00
-3.623264089368063434e+00
-3.634982971117753703e+00
-3.646701963632033916e+00
-3.658421067164897789e+00
-3.670140281969486828e+00
-3.681859608298091224e+00
-3.693579046402150734e+00
-3.705298596532249800e+00
-3.717018258938125541e+00
-3.728738033868663315e+00
-3.740457921571895383e+00
-3.752177922295005352e+00
-3.763898036284320625e+00
-3.775618263785322171e+00
-3.787338605042636974e+00
-3.799059060300042479e+00
-3.810779629800463919e+00
-3.822500313785972992e+00
-3.834221112497792738e+00
-3.845942026176294881e+00
-3.857663055060998047e+00
-3.869384199390572654e+00
-3.881105459402832469e+00
-3.892826835334743940e+00
-3.904548327422421305e+00
-3.916269935901127930e+00
-3.927991661005275859e+00
-3.939713502968422709e+00
-3.951435462023278333e+00
-3.963157538401699931e+00
-3.974879732334693827e+00
-3.986602044052415916e+00
-3.998324473784167221e+00
-4.010047021758398778e+00
-4.021769688202714299e+00
-4.033492473343859075e+00
-4.045215377407735957e+00
-4.056938400619386265e+00
-4.068661543203007547e+00
-4.080384805381942925e+00
-4.092108187378685535e+00
-4.103831689414875861e+00
-4.115555311711302622e+00
-4.127279054487904553e+00
-4.139002917963768624e+00
-4.150726902357130044e+00
-4.162451007885374921e+00
-4.174175234765033160e+00
-4.185899583211788233e+00
-4.197624053440467407e+00
-4.209348645665053290e+00
-4.221073360098672289e+00
-4.232798196953597269e+00
-4.244523156441255551e+00
-4.256248238772220027e+00
-4.267973444156213603e+00
-4.279698772802102980e+00
-4.291424224917911090e+00
-4.303149800710804662e+00
-4.314875500387099549e+00
-4.326601324152262507e+00
-4.338327272210904972e+00
-4.350053344766790175e+00
-4.361779542022829581e+00
-4.373505864181082003e+00
-4.385232311442758046e+00
-4.396958884008212110e+00
-4.408685582076948606e+00
-4.420412405847625514e+00
-4.432139355518041945e+00
-4.443866431285153240e+00
-4.455593633345055871e+00
-4.467320961892999875e+00
-4.479048417123382642e+00
-4.490775999229750681e+00
-4.502503708404798743e+00
-4.514231544840369814e+00
-4.525959508727454228e+00
-4.537687600256194997e+00
-4.549415819615880707e+00
-4.561144169074667687e+00
-4.572872674833352136e+00
-4.584601341440568412e+00
-4.596330164687062236e+00
-4.608059140404850318e+00
-4.619788264467217687e+00
-4.631517532788714142e+00
-4.643246941325162247e+00
-4.654976486073651110e+00
-4.666706163072539049e+00
-4.678435968401451817e+00
-4.690165898181281712e+00
-4.701895948574192907e+00
-4.713626115783616122e+00
-4.725356396054250396e+00
-4.737086785672065758e+00
-4.748817280964294341e+00
-4.760547878299442814e+00
-4.772278574087283509e+00
-4.784009364778856188e+00
-4.795740246866473377e+00
-4.807471216883710596e+00
-4.819202271405412574e+00
-4.830933407047696804e+00
-4.842664620467944658e+00
-4.854395908364807610e+00
-4.866127267478202789e+00
-4.877858694589321864e+00
-4.889590186520617721e+00
-4.901321740135817784e+00
-4.913053352339913360e+00
-4.924785020079164966e+00
-4.936516740341103215e+00
-4.948248510154525270e+00
-4.959980326589498389e+00
-4.971712186757357266e+00
-4.983444087810704026e+00
-4.995176026943409120e+00
-5.006908001390613983e+00
-5.018640008428725707e+00
-5.030372045375422374e+00
-5.042104109589645944e+00
-5.053836198471609364e+00
-5.065568309462796570e+00
-5.077300440045957153e+00
-5.089032587745106362e+00
-5.100764750125533098e+00
-5.112496924793790143e+00
-5.124229109397703041e+00
-5.135961301626362996e+00
-5.147693499210127754e+00
-5.159425699920625163e+00
-5.171157901570754944e+00
-5.182890102014678924e+00
-5.194622299147833466e+00
-5.206354490906917931e+00
-5.218086675269900887e+00
-5.229818850256022778e+00
-5.241551013925789704e+00
-5.253283164380977865e+00
-5.265015299764628232e+00
-5.276747418261053646e+00
-5.288479518095832610e+00
-5.300211597535815500e+00
-5.311943654889120126e+00
-5.323675688505126402e+00
-5.335407696774493225e+00
-5.347139678129138041e+00
-5.358871631042254613e+00
-5.370603554028299698e+00
-5.382335445642998373e+00
-5.394067304483348479e+00
-5.405799129187611740e+00
-5.417530918435320864e+00
-5.429262670947276881e+00
-5.440994385485546481e+00
-5.452726060853465562e+00
-5.464457695895642786e+00
-5.476189289497948032e+00
-5.487920840587526605e+00
-5.499652348132786805e+00
-5.511383811143407030e+00
-5.523115228670334886e+00
-5.534846599805784528e+00
-5.546577923683242872e+00
-5.558309199477458051e+00
-5.570040426404452738e+00
-5.581771603721513486e+00
-5.593502730727198724e+00
-5.605233806761335202e+00
-5.616964831205013553e+00
-5.628695803480598059e+00
-5.640426723051716884e+00
-5.652157589423271844e+00
-5.663888402141429523e+00
-5.675619160793622164e+00
-5.687349865008556549e+00
-5.699080514456204227e+00
-5.710811108847805073e+00
-5.722541647935869946e+00
-5.734272131514173587e+00
-5.746002559417760835e+00
-5.757732931522949293e+00
-5.769463247747318668e+00
-5.781193508049718766e+00
-5.792923712430270378e+00
-5.804653860930359066e+00
-5.816383953632642267e+00
-5.828113990661043964e+00
-5.839843972180753795e+00
-5.851573898398235052e+00
