8.325700480203354070e-01
8.309017130706521925e-01
8.292333784323112633e-01
8.275650444178314080e-01
8.258967113408055560e-01
8.242283795136744473e-01
8.225600492477124215e-01
8.208917208530279730e-01
8.192233946385635290e-01
8.175550709120956716e-01
8.158867499802354706e-01
8.142184321484273735e-01
8.125501183998740107e-01
8.108818099183964234e-01
8.092135068965723432e-01
8.075452095170148059e-01
8.058769179589846399e-01
8.042086323983906881e-01
8.025403530077905856e-01
8.008720799563894266e-01
7.992038134100410973e-01
7.975355535312471655e-01
7.958673004791575467e-01
7.941990544095702820e-01
7.925308154749314271e-01
7.908625838243356077e-01
7.891943596035250197e-01
7.875261429548906511e-01
7.858579340174711714e-01
7.841897329269534866e-01
7.825215398156728508e-01
7.808533548126125323e-01
7.791851780434039254e-01
7.775170096303267719e-01
7.758488496923086064e-01
7.741806983449256441e-01
7.725125557004016708e-01
7.708444218676091531e-01
7.691762969520682391e-01
7.675081810559476470e-01
7.658400742780641091e-01
7.641719767138822617e-01
7.625038884555153107e-01
7.608358095917243658e-01
7.591677402079187731e-01
7.574996803861561157e-01
7.558316302051416580e-01
7.541635897402296784e-01
7.524955590634216929e-01
7.508275382433681200e-01
7.491595273453671711e-01
7.474915264313651830e-01
7.458235355599568406e-01
7.441555547863846209e-01
7.424875841625396822e-01
7.408196237369609749e-01
7.391516735548355754e-01
7.374837336579990188e-01
7.358158040849347437e-01
7.341478848707745364e-01
7.324799760472980870e-01
7.308120776429333221e-01
7.291441896827566271e-01
7.274763121884919581e-01
7.258084451785120628e-01
7.241405886678374815e-01
7.224727426681368803e-01
7.208049071877272729e-01
7.191370822315735767e-01
7.174692678012891678e-01
7.158014638951355479e-01
7.141336705080219005e-01
7.124658876315063116e-01
7.107981152537943270e-01
7.091303533597402842e-01
7.074626019308462022e-01
7.057948609452622257e-01
7.041271303777870694e-01
7.024594101998672402e-01
7.007917003795977040e-01
6.991240008817213303e-01
6.974563116676291141e-01
6.957886326953605094e-01
6.941209639196026515e-01
6.924533052916914677e-01
6.907856567596105668e-01
6.891180182679915722e-01
6.874503897581150103e-01
6.857827711679086446e-01
6.841151624319491420e-01
6.824475634814608505e-01
6.807799742443163549e-01
6.791123946450366988e-01
6.774448246047909405e-01
6.757772640413959309e-01
6.741097128693172014e-01
6.724421709996680763e-01
6.707746383402101165e-01
6.691071147953532305e-01
6.674396002661552307e-01
6.657720946503222770e-01
6.641045978422085438e-01
6.624371097328163316e-01
6.607696302097963992e-01
6.591021591574474092e-01
6.574346964567160390e-01
6.557672419851976464e-01
6.540997956171349381e-01
6.524323572234196345e-01
6.507649266715911374e-01
6.490975038258369745e-01
6.474300885470979372e-01
6.457626815803276799e-01
6.440952836986680863e-01
6.424278948590353977e-01
6.407605150184427778e-01
6.390931441340009789e-01
6.374257821629175647e-01
6.357584290624976875e-01
6.340910847901432001e-01
6.324237493033534330e-01
6.307564225597249719e-01
6.290891045169511031e-01
6.274217951328230347e-01
6.257544943652285641e-01
6.240872021721528551e-01
6.224199185116782163e-01
6.207526433419841005e-01
6.190853766213474385e-01
6.174181183081419722e-01
6.157508683608386990e-01
6.140836267380059832e-01
6.124163933983090002e-01
6.107491683005106253e-01
6.090819514034706561e-01
6.074147426661457017e-01
6.057475420475901817e-01
6.040803495069553275e-01
6.024131650034897367e-01
6.007459884965388186e-01
5.990788199455454599e-01
5.974116593100499140e-01
5.957445065496892456e-01
5.940773616241978861e-01
5.924102244934073003e-01
5.907430951172462086e-01
5.890759734557405869e-01
5.874088594690136667e-01
5.857417531172857128e-01
5.840746543608739128e-01
5.824075631601930425e-01
5.807404794757550226e-01
5.790734032681688070e-01
5.774063344981404944e-01
5.757392731264734387e-01
5.740722191140680275e-01
5.724051724219222370e-01
5.707381330111308548e-01
5.690711008428859241e-01
5.674040758784768546e-01
5.657370580792896453e-01
5.640700474068082171e-01
5.624030438226135242e-01
5.607360472883831104e-01
5.590690577658924409e-01
5.574020752170135706e-01
5.557350996037162538e-01
5.540681308880670564e-01
5.524011690322297996e-01
5.507342139984654494e-01
5.490672657491322273e-01
5.474003242466857211e-01
5.457333894536783303e-01
5.440664613327599319e-01
5.423995398466773254e-01
5.407326249582745659e-01
5.390657166304930747e-01
5.373988148263714182e-01
5.357319195090450847e-01
5.340650306417468185e-01
5.323981481878067301e-01
5.307312721106520748e-01
5.290644023738070301e-01
5.273975389408932513e-01
5.257306817756294270e-01
5.240638308418313907e-01
5.223969861034123419e-01
5.207301475243825140e-01
5.190633150688492847e-01
5.173964887010171765e-01
5.157296683851881891e-01
5.140628540857610229e-01
5.123960457672321889e-01
5.107292433941946763e-01
5.090624469313391742e-01
5.073956563434532940e-01
5.057288715954220137e-01
5.040620926522272338e-01
5.023953194789482213e-01
5.007285520407612767e-01
4.990617903029402336e-01
4.973950342308555705e-01
4.957282837899754657e-01
4.940615389458649087e-01
4.923947996641860891e-01
4.907280659106986742e-01
4.890613376512593091e-01
4.873946148518217281e-01
4.857278974784369763e-01
4.840611854972531325e-01
4.823944788745156420e-01
4.807277775765672057e-01
4.790610815698473912e-01
4.773943908208931886e-01
4.757277052963385100e-01
4.740610249629147455e-01
4.723943497874503739e-01
4.707276797368709631e-01
4.690610147781993367e-01
4.673943548785553515e-01
4.657277000051562865e-01
4.640610501253165654e-01
4.623944052064475341e-01
4.607277652160579606e-01
4.590611301217535911e-01
4.573944998912375937e-01
4.557278744923102809e-01
4.540612538928689434e-01
4.523946380609082385e-01
4.507280269645198012e-01
4.490614205718926333e-01
4.473948188513130475e-01
4.457282217711641126e-01
4.440616292999264303e-01
4.423950414061775249e-01
4.407284580585923428e-01
4.390618792259429748e-01
4.373953048770985452e-01
4.357287349810254340e-01
4.340621695067870545e-01
4.323956084235442421e-01
4.307290517005550878e-01
4.290624993071745497e-01
4.273959512128548410e-01
4.257294073871454310e-01
4.240628677996929330e-01
4.223963324202413272e-01
4.207298012186314051e-01
4.190632741648013249e-01
4.173967512287866111e-01
4.157302323807195998e-01
4.140637175908301604e-01
4.123972068294450843e-01
4.107307000669883079e-01
4.090641972739813559e-01
4.073976984210423424e-01
4.057312034788870814e-01
4.040647124183283090e-01
4.023982252102759061e-01
4.007317418257371200e-01
3.990652622358160651e-01
3.973987864117144442e-01
3.957323143247308272e-01
3.940658459462609842e-01
3.923993812477981624e-01
3.907329202009324209e-01
3.890664627773511852e-01
3.874000089488389698e-01
3.857335586872774891e-01
3.840671119646458243e-01
3.824006687530198678e-01
3.807342290245731009e-01
3.790677927515759271e-01
3.774013599063958946e-01
3.757349304614979180e-01
3.740685043894438344e-01
3.724020816628930697e-01
3.707356622546016944e-01
3.690692461374235345e-01
3.674028332843091715e-01
3.657364236683063874e-01
3.640700172625604414e-01
3.624036140403133488e-01
3.607372139749047690e-01
3.590708170397712284e-01
3.574044232084463979e-01
3.557380324545614259e-01
3.540716447518443277e-01
3.524052600741205410e-01
3.507388783953124811e-01
3.490724996894397081e-01
3.474061239306193150e-01
3.457397510930650952e-01
3.440733811510885976e-01
3.424070140790979599e-01
3.407406498515987425e-01
3.390742884431938720e-01
3.374079298285830308e-01
3.357415739825636569e-01
3.340752208800297773e-01
3.324088704959728968e-01
3.307425228054817756e-01
3.290761777837421520e-01
3.274098354060370752e-01
3.257434956477466281e-01
3.240771584843483710e-01
3.224108238914166757e-01
3.207444918446232252e-01
3.190781623197371242e-01
3.174118350134609856e-01
3.157455091805339564e-01
3.140791847825807892e-01
3.124128618201481578e-01
3.107465402937212295e-01
3.090802202037229440e-01
3.074139015505146788e-01
3.057475843343960276e-01
3.040812685556045225e-01
3.024149542143164671e-01
3.007486413106457701e-01
2.990823298446450007e-01
2.974160198163046109e-01
2.957497112255534355e-01
2.940834040722585252e-01
2.924170983562249249e-01
2.907507940771963395e-01
2.890844912348542461e-01
2.874181898288183379e-01
2.857518898586469680e-01
2.840855913238362063e-01
2.824192942238205606e-01
2.807529985579727549e-01
2.790867043256034519e-01
2.774204115259620296e-01
2.757541201582355828e-01
2.740878302215498108e-01
2.724215417149683516e-01
2.707552546374930036e-01
2.690889689880641145e-01
2.674226847655598038e-01
2.657564019687968515e-01
2.640901205965298093e-01
2.624238406474518337e-01
2.607575621201940197e-01
2.590912850133257339e-01
2.574250093253546146e-01
2.557587350547263494e-01
2.540924621998251753e-01
2.524261907589732123e-01
2.507599207304306854e-01
2.490936521123966185e-01
2.474273849030074746e-01
2.457611191003386264e-01
2.440948547024032189e-01
2.424285917071525853e-01
2.407623301124766635e-01
2.390960699162031078e-01
2.374298111160982327e-01
2.357635537098662359e-01
2.340972976951495033e-01
2.324310430695290530e-01
2.307647898305235368e-01
2.290985379755903495e-01
2.274322875021247137e-01
2.257660384074600957e-01
2.240997906888684554e-01
2.224335443435595805e-01
2.207672993686818352e-01
2.191010557613214949e-01
2.174348135185032727e-01
2.157685726371899038e-01
2.141023331142823394e-01
2.124360949466199966e-01
2.107698581309800645e-01
2.091036226640784756e-01
2.074373885425689068e-01
2.057711557630433896e-01
2.041049243220323661e-01
2.024386942160041059e-01
2.007724654413655108e-01
1.991062379944613936e-01
1.974400118715746999e-01
1.957737870689270354e-01
1.941075635826776946e-01
1.924413414089245766e-01
1.907751205437035469e-01
1.891089009829886869e-01
1.874426827226924885e-01
1.857764657586653545e-01
1.841102500866962921e-01
1.824440357025121362e-01
1.807778226017780210e-01
1.791116107800975465e-01
1.774454002330120850e-01
1.757791909560016963e-01
1.741129829444842680e-01
1.724467761938159871e-01
1.707805706992914507e-01
1.691143664561431670e-01
1.674481634595421653e-01
1.657819617045974137e-01
1.641157611863561239e-01
1.624495618998039459e-01
1.607833638398643850e-01
1.591171670013995787e-01
1.574509713792094090e-01
1.557847769680324179e-01
1.541185837625450306e-01
1.524523917573619158e-01
1.507862009470361531e-01
1.491200113260587878e-01
1.474538228888593316e-01
1.457876356298052622e-01
1.441214495432022458e-01
1.424552646232945530e-01
1.407890808642641156e-01
1.391228982602315811e-01
1.374567168052554245e-01
1.357905364933324477e-01
1.341243573183978077e-01
1.324581792743245723e-01
1.307920023549244137e-01
1.291258265539468875e-01
1.274596518650797927e-01
1.257934782819493391e-01
1.241273057981196748e-01
1.224611344070934693e-01
1.207949641023113446e-01
1.191287948771521110e-01
1.174626267249330724e-01
1.157964596389093742e-01
1.141302936122747663e-01
1.124641286381607708e-01
1.107979647096375697e-01
1.091318018197132284e-01
1.074656399613340280e-01
1.057994791273847157e-01
1.041333193106879079e-01
1.024671605040047978e-01
1.008010027000345032e-01
9.913484589141434433e-02
9.746869007072013480e-02
9.580253523046554365e-02
9.413638136310276128e-02
9.247022846102197213e-02
9.080407651655153511e-02
8.913792552195830277e-02
8.747177546944698290e-02
8.580562635116084635e-02
8.413947815918108863e-02
8.247333088552713520e-02
8.080718452215684966e-02
7.914103906096600638e-02
7.747489449378890114e-02
7.580875081239778213e-02
7.414260800850311361e-02
7.247646607375382577e-02
7.081032499973670402e-02
6.914418477797711071e-02
6.747804539993833284e-02
6.581190685702185961e-02
6.414576914056767387e-02
6.247963224185363457e-02
6.081349615209609427e-02
5.914736086244942043e-02
5.748122636400614105e-02
5.581509264779728474e-02
5.414895970479172843e-02
5.248282752589689820e-02
5.081669610195808234e-02
4.915056542375915299e-02
4.748443548202190695e-02
4.581830626740633627e-02
4.415217777051092668e-02
4.248604998187201220e-02
4.081992289196449686e-02
3.915379649120121625e-02
3.748767076993322206e-02
3.582154571845003188e-02
3.415542132697902550e-02
3.248929758568615267e-02
3.082317448467529822e-02
2.915705201398853530e-02
2.749093016360645153e-02
2.582480892344745510e-02
2.415868828336853805e-02
2.249256823316462747e-02
2.082644876256885616e-02
1.916032986125283319e-02
1.749421151882602291e-02
1.582809372483645963e-02
1.416197646877010927e-02
1.249585974005114515e-02
1.082974352804223078e-02
9.163627822043867582e-03
7.497512611295130414e-03
5.831397884972938130e-03
4.165283632192787362e-03
2.499169842008104603e-03
8.330565034105256008e-04
-8.330563946699202135e-04
-2.499168863364994910e-03
-4.165280913868436158e-03
-5.831392557435683029e-03
-7.497503805383961759e-03
-9.163614669092479820e-03
-1.082972516000167348e-02
-1.249583528961433626e-02
-1.416194506949485996e-02
-1.582805451126943069e-02
-1.749416362662620586e-02
-1.916027242731458899e-02
-2.082638092514631917e-02
-2.249248913199475286e-02
-2.415859705979502697e-02
-2.582470472054426008e-02
-2.749081212630081344e-02
-2.915691928918538040e-02
-3.082302622138027512e-02
-3.248913293512958878e-02
-3.415523944273940460e-02
-3.582134575657702769e-02
-3.748745188907211950e-02
-3.915355785271593808e-02
-4.081966366006154617e-02
-4.248576932372397780e-02
-4.415187485637949577e-02
-4.581798027076671581e-02
-4.748408557968585714e-02
-4.915019079599893675e-02
-5.081629593262993599e-02
-5.248240100256408580e-02
-5.414850601884896308e-02
-5.581461099459372743e-02
-5.748071594296936399e-02
-5.914682087720880832e-02
-6.081292581060625257e-02
-6.247903075651822791e-02
-6.414513572836284816e-02
-6.581124073962005272e-02
-6.747734580383173142e-02
-6.914345093460105840e-02
-7.080955614559347744e-02
-7.247566145053609132e-02
-7.414176686321780063e-02
-7.580787239748944251e-02
-7.747397806726312453e-02
-7.914008388651327941e-02
-8.080618986927595726e-02
-8.247229602964918638e-02
-8.413840238179223774e-02
-8.580450893992670747e-02
-8.747061571833579519e-02
-8.913672273136452606e-02
-9.080282999341988959e-02
-9.246893751897006242e-02
-9.413504532254564350e-02
-9.580115341873879364e-02
-9.746726182220348533e-02
-9.913337054765562761e-02
-1.007994796098724138e-01
-1.024655890236933625e-01
-1.041316988040196095e-01
-1.057978089658140469e-01
-1.074639195241016004e-01
-1.091300304939683830e-01
-1.107961418905628742e-01
-1.124622537290951713e-01
-1.141283660248371273e-01
-1.157944787931226155e-01
-1.174605920493466960e-01
-1.191267058089668235e-01
-1.207928200875020425e-01
-1.224589349005331673e-01
-1.241250502637030045e-01
-1.257911661927156310e-01
-1.274572827033373934e-01
-1.291233998113963111e-01
-1.307895175327822013e-01
-1.324556358834467762e-01
-1.341217548794030601e-01
-1.357878745367264162e-01
-1.374539948715537696e-01
-1.391201159000838850e-01
-1.407862376385774494e-01
-1.424523601033564624e-01
-1.441184833108052343e-01
-1.457846072773696655e-01
-1.474507320195574123e-01
-1.491168575539382202e-01
-1.507829838971429803e-01
-1.524491110658649229e-01
-1.541152390768589509e-01
-1.557813679469417234e-01
-1.574474976929918224e-01
-1.591136283319491973e-01
-1.607797598808159978e-01
-1.624458923566561019e-01
-1.641120257765951163e-01
-1.657781601578206254e-01
-1.674442955175814152e-01
-1.691104318731887213e-01
-1.707765692420152859e-01
-1.724427076414957183e-01
-1.741088470891265227e-01
-1.757749876024655156e-01
-1.774411291991328243e-01
-1.791072718968101662e-01
-1.807734157132412645e-01
-1.824395606662310709e-01
-1.841057067736469044e-01
-1.857718540534176455e-01
-1.874380025235339864e-01
-1.891041522020486254e-01
-1.907703031070754340e-01
-1.924364552567906783e-01
-1.941026086694322139e-01
-1.957687633632997082e-01
-1.974349193567547789e-01
-1.991010766682203004e-01
-2.007672353161814582e-01
-2.024333953191850832e-01
-2.040995566958397622e-01
-2.057657194648161159e-01
-2.074318836448459380e-01
-2.090980492547234171e-01
-2.107642163133043312e-01
-2.124303848395062144e-01
-2.140965548523086348e-01
-2.157627263707523613e-01
-2.174288994139405018e-01
-2.190950740010378095e-01
-2.207612501512707937e-01
-2.224274278839279417e-01
-2.240936072183590255e-01
-2.257597881739760726e-01
-2.274259707702528110e-01
-2.290921550267246976e-01
-2.307583409629891669e-01
-2.324245285987049658e-01
-2.340907179535931248e-01
-2.357569090474362361e-01
-2.374231019000787868e-01
-2.390892965314271590e-01
-2.407554929614489914e-01
-2.424216912101743171e-01
-2.440878912976947035e-01
-2.457540932441635573e-01
-2.474202970697962356e-01
-2.490865027948693522e-01
-2.507527104397218043e-01
-2.524189200247542453e-01
-2.540851315704290014e-01
-2.557513450972703772e-01
-2.574175606258639060e-01
-2.590837781768575154e-01
-2.607499977709606953e-01
-2.624162194289448302e-01
-2.640824431716430887e-01
-2.657486690199500901e-01
-2.674148969948226817e-01
-2.690811271172792729e-01
-2.707473594084001678e-01
-2.724135938893276210e-01
-2.740798305812650604e-01
-2.757460695054783639e-01
-2.774123106832949159e-01
-2.790785541361039401e-01
-2.807447998853566662e-01
-2.824110479525654971e-01
-2.840772983593051748e-01
-2.857435511272121698e-01
-2.874098062779845697e-01
-2.890760638333825239e-01
-2.907423238152275213e-01
-2.924085862454032236e-01
-2.940748511458550207e-01
-2.957411185385901420e-01
-2.974073884456772121e-01
-2.990736608892471393e-01
-3.007399358914923937e-01
-3.024062134746672292e-01
-3.040724936610880724e-01
-3.057387764731322455e-01
-3.074050619332397427e-01
-3.090713500639119538e-01
-3.107376408877121632e-01
-3.124039344272656060e-01
-3.140702307052586906e-01
-3.157365297444403307e-01
-3.174028315676208911e-01
-3.190691361976725759e-01
-3.207354436575295398e-01
-3.224017539701873325e-01
-3.240680671587035655e-01
-3.257343832461977451e-01
-3.274007022558509394e-01
-3.290670242109063892e-01
-3.307333491346683974e-01
-3.323996770505037168e-01
-3.340660079818406625e-01
-3.357323419521694441e-01
-3.373986789850420553e-01
-3.390650191040718853e-01
-3.407313623329346064e-01
-3.423977086953675086e-01
-3.440640582151696658e-01
-3.457304109162021577e-01
-3.473967668223872374e-01
-3.490631259577096079e-01
-3.507294883462154789e-01
-3.523958540120128990e-01
-3.540622229792718123e-01
-3.557285952722235578e-01
-3.573949709151617582e-01
-3.590613499324415425e-01
-3.607277323484799347e-01
-3.623941181877559092e-01
-3.640605074748096137e-01
-3.657269002342437014e-01
-3.673932964907222765e-01
-3.690596962689712823e-01
-3.707260995937786685e-01
-3.723925064899936133e-01
-3.740589169825275784e-01
-3.757253310963536985e-01
-3.773917488565069478e-01
-3.790581702880840842e-01
-3.807245954162433721e-01
-3.823910242662051928e-01
-3.840574568632516006e-01
-3.857238932327265446e-01
-3.873903334000358689e-01
-3.890567773906465354e-01
-3.907232252300880115e-01
-3.923896769439513821e-01
-3.940561325578895713e-01
-3.957225920976169542e-01
-3.973890555889099674e-01
-3.990555230576069423e-01
-4.007219945296077723e-01
-4.023884700308744122e-01
-4.040549495874301567e-01
-4.057214332253604727e-01
-4.073879209708125559e-01
-4.090544128499953302e-01
-4.107209088891797255e-01
-4.123874091146979004e-01
-4.140539135529442971e-01
-4.157204222303750862e-01
-4.173869351735082223e-01
-4.190534524089234436e-01
-4.207199739632619395e-01
-4.223864998632272383e-01
-4.240530301355842635e-01
-4.257195648071600003e-01
-4.273861039048431620e-01
-4.290526474555839687e-01
-4.307191954863947014e-01
-4.323857480243494811e-01
-4.340523050965840457e-01
-4.357188667302962504e-01
-4.373854329527450679e-01
-4.390520037912518658e-01
-4.407185792731996843e-01
-4.423851594260332365e-01
-4.440517442772592971e-01
-4.457183338544458695e-01
-4.473849281852232407e-01
-4.490515272972833705e-01
-4.507181312183800026e-01
-4.523847399763287758e-01
-4.540513535990067240e-01
-4.557179721143531093e-01
-4.573845955503687555e-01
-4.590512239351164370e-01
-4.607178572967207675e-01
-4.623844956633676451e-01
-4.640511390633053068e-01
-4.657177875248436072e-01
-4.673844410763541846e-01
-4.690510997462706833e-01
-4.707177635630879209e-01
-4.723844325553631651e-01
-4.740511067517151345e-01
-4.757177861808244979e-01
-4.773844708714337637e-01
-4.790511608523467801e-01
-4.807178561524297344e-01
-4.823845568006103202e-01
-4.840512628258781813e-01
-4.857179742572848014e-01
-4.873846911239429480e-01
-4.890514134550276726e-01
-4.907181412797758102e-01
-4.923848746274858135e-01
-4.940516135275181409e-01
-4.957183580092945352e-01
-4.973851081022991338e-01
-4.990518638360775250e-01
-5.007186252402372473e-01
-5.023853923444476788e-01
-5.040521651784396484e-01
-5.057189437720059910e-01
-5.073857281550013809e-01
-5.090525183573423318e-01
-5.107193144090070858e-01
-5.123861163400353913e-01
-5.140529241805293914e-01
-5.157197379606524024e-01
-5.173865577106301350e-01
-5.190533834607493624e-01
-5.207202152413592522e-01
-5.223870530828705894e-01
-5.240538970157557763e-01
-5.257207470705494989e-01
-5.273876032778473943e-01
-5.290544656683077163e-01
-5.307213342726500027e-01
-5.323882091216558532e-01
-5.340550902461687066e-01
-5.357219776770933972e-01
-5.373888714453968207e-01
-5.390557715821078233e-01
-5.407226781183166464e-01
-5.423895910851760371e-01
-5.440565105138993607e-01
-5.457234364357627099e-01
-5.473903688821039060e-01
-5.490573078843220545e-01
-5.507242534738788775e-01
-5.523912056822968264e-01
-5.540581645411607470e-01
-5.557251300821175466e-01
-5.573921023368753058e-01
-5.590590813372044998e-01
-5.607260671149366660e-01
-5.623930597019658473e-01
-5.640600591302475930e-01
-5.657270654317990699e-01
-5.673940786386997281e-01
-5.690610987830899692e-01
-5.707281258971728111e-01
-5.723951600132127782e-01
-5.740622011635360122e-01
-5.757292493805309386e-01
-5.773963046966468227e-01
-5.790633671443957686e-01
-5.807304367563511649e-01
-5.823975135651481283e-01
-5.840645976034839482e-01
-5.857316889041170871e-01
-5.873987874998685133e-01
-5.890658934236203681e-01
-5.907330067083169656e-01
-5.924001273869645701e-01
-5.940672554926305082e-01
-5.957343910584445013e-01
-5.974015341175978877e-01
-5.990686847033440676e-01
-6.007358428489979474e-01
-6.024030085879358287e-01
-6.040701819535967410e-01
-6.057373629794806646e-01
-6.074045516991500859e-01
-6.090717481462285532e-01
-6.107389523544018983e-01
-6.124061643574176816e-01
-6.140733841890850808e-01
-6.157406118832754460e-01
-6.174078474739210787e-01
-6.190750909950171188e-01
-6.207423424806197687e-01
-6.224096019648472922e-01
-6.240768694818801254e-01
-6.257441450659593229e-01
-6.274114287513889998e-01
-6.290787205725345554e-01
-6.307460205638230066e-01
-6.324133287597436537e-01
-6.340806451948468592e-01
-6.357479699037453802e-01
-6.374153029211135912e-01
-6.390826442816875952e-01
-6.407499940202656674e-01
-6.424173521717069235e-01
-6.440847187709332067e-01
-6.457520938529278665e-01
-6.474194774527359808e-01
-6.490868696054644671e-01
-6.507542703462819711e-01
-6.524216797104189780e-01
-6.540890977466694567e-01
-6.557565246992111962e-01
-6.574239607770684390e-01
-6.590914061441131011e-01
-6.607588609595579365e-01
-6.624263253779567595e-01
-6.640937995492035562e-01
-6.657612836185334837e-01
-6.674287777265216492e-01
-6.690962820090843310e-01
-6.707637965974785343e-01
-6.724313216183018804e-01
-6.740988571934924956e-01
-6.757664034403292330e-01
-6.774339604714317842e-01
-6.791015283947603454e-01
-6.807691073136159510e-01
-6.824366973266402514e-01
-6.841042985278152910e-01
-6.857719110064640633e-01
-6.874395348472502887e-01
-6.891071701301784147e-01
-6.907748169305933938e-01
-6.924424753191806836e-01
-6.941101453619665795e-01
-6.957778271203184373e-01
-6.974455206509436733e-01
-6.991132260058908754e-01
-7.007809432325488030e-01
-7.024486723736472760e-01
-7.041164134672568409e-01
-7.057841665467883274e-01
-7.074519316409939584e-01
-7.091197087739654625e-01
-7.107874979651364056e-01
-7.124552992292803033e-01
-7.141231125765117316e-01
-7.157909380122861043e-01
-7.174587755373985631e-01
-7.191266251479860871e-01
-7.207944868355254942e-01
-7.224623605868349951e-01
-7.241302463840727510e-01
-7.257981442047380938e-01
-7.274660540216707494e-01
-7.291339758030513929e-01
-7.308019095124013154e-01
-7.324698551085820908e-01
-7.341378125457963533e-01
-7.358057817735873529e-01
-7.374737627368391779e-01
-7.391417553757764214e-01
-7.408097596259639595e-01
-7.424777754183079503e-01
-7.441458026790549463e-01
-7.458138413297922265e-01
-7.474818912874480192e-01
-7.491499524642906138e-01
-7.508180247679293595e-01
-7.524861081013143327e-01
-7.541542023627362257e-01
-7.558223074458264579e-01
-7.574904232395567316e-01
-7.591585496282399204e-01
-7.608266864915292915e-01
-7.624948337044189506e-01
-7.641629911372439521e-01
-7.658311586556789674e-01
-7.674993361207405052e-01
-7.691675233887852459e-01
-7.708357203115105971e-01
-7.725039267359548045e-01
-7.741721425044962857e-01
-7.758403674548546292e-01
-7.775086014200900397e-01
-7.791768442286032270e-01
-7.808450957041359608e-01
-7.825133556657698497e-01
-7.841816239279280065e-01
-7.858499003003738270e-01
-7.875181845882115450e-01
-7.891864765918863434e-01
-7.908547761071830218e-01
-7.925230829252283282e-01
-7.941913968324888495e-01
-7.958597176107722326e-01
-7.975280450372268515e-01
-7.991963788843413630e-01
-8.008647189199454841e-01
-8.025330649072094369e-01
-8.042014166046440593e-01
-8.058697737661012495e-01
-8.075381361407728553e-01
-8.092065034731921180e-01
-8.108748755032324507e-01
-8.125432519661083264e-01
-8.142116325923749454e-01
-8.158800171079274577e-01
-8.175484052340024066e-01
-8.192167966871768403e-01
-8.208851911793685341e-01
-8.225535884178356572e-01
-8.242219881051772168e-01
-8.258903899393331693e-01
-8.275587936135836431e-01
-8.292271988165500485e-01
-8.308956052321936347e-01
-8.325640125398170444e-01
