-3.235146699004376458e-02
-3.235146776579345129e-02
-3.235147279180061730e-02
-3.235148476866456235e-02
-3.235150473975956231e-02
-3.235153244743660395e-02
-3.235156633510571922e-02
-3.235160354722577125e-02
-3.235163992931333610e-02
-3.235167002793826185e-02
-3.235168709072588911e-02
-3.235168306635660684e-02
-3.235164425998160453e-02
-3.235154586786892494e-02
-3.235136385786940849e-02
-3.235107462378117305e-02
-3.235065496257494289e-02
-3.235008207438827554e-02
-3.234933356253844039e-02
-3.234838743350554324e-02
-3.234722209694806949e-02
-3.234581636569577867e-02
-3.234414945574570766e-02
-3.234220098627194062e-02
-3.233995097961628318e-02
-3.233737986129403552e-02
-3.233446845999532471e-02
-3.233119800757444651e-02
-3.232755013906674080e-02
-3.232350689267082799e-02
-3.231905070976237582e-02
-3.231416443489010248e-02
-3.230883131576733902e-02
-3.230303500328712829e-02
-3.229675955150934641e-02
-3.228998941766691999e-02
-3.228270946216804660e-02
-3.227490494858464842e-02
-3.226656154366969176e-02
-3.225766531734031162e-02
-3.224820274269024623e-02
-3.223816069598450795e-02
-3.222752645665671878e-02
-3.221628770731710389e-02
-3.220443253374138948e-02
-3.219194942488323719e-02
-3.217882727286669464e-02
-3.216505537298308681e-02
-3.215062342370256232e-02
-3.213552152665988260e-02
-3.211974018666774455e-02
-3.210327031170789880e-02
-3.208610321293203782e-02
-3.206823060466934550e-02
-3.204964460441228624e-02
-3.203033773283303631e-02
-3.201030291377326975e-02
-3.198953347424282612e-02
-3.196802314442859227e-02
-3.194576605768473243e-02
-3.192275675053979356e-02
-3.189899016269581722e-02
-3.187446163702079005e-02
-3.184916691956196644e-02
-3.182310215953076948e-02
-3.179626390931566959e-02
-3.176864912447774358e-02
-3.174025516374312517e-02
-3.171107978901899216e-02
-3.168112116537491474e-02
-3.165037786105884265e-02
-3.161884884749088798e-02
-3.158653349925577558e-02
-3.155343159411927445e-02
-3.151954331301087819e-02
-3.148486924003668364e-02
-3.144941036247583810e-02
-3.141315963939694811e-02
-3.137610291905845727e-02
-3.133824463341072786e-02
-3.129958982350178331e-02
-3.126014356871209543e-02
-3.121991098674836707e-02
-3.117889723365419030e-02
-3.113710750379894421e-02
-3.109454702988712071e-02
-3.105122108295388372e-02
-3.100713497236151639e-02
-3.096229404581096745e-02
-3.091670368932453172e-02
-3.087036932726361371e-02
-3.082329642231940170e-02
-3.077549047550931505e-02
-3.072695702618721825e-02
-3.067770165203720367e-02
-3.062772996907137113e-02
-3.057704763163782147e-02
-3.052566033240866616e-02
-3.047357380239512636e-02
-3.042079381093554247e-02
-3.036732616569715049e-02
-3.031317671268496383e-02
-3.025835133622711837e-02
-3.020285595898730691e-02
-3.014669654196300286e-02
-3.008987908447613435e-02
-3.003240962418551874e-02
-2.997429423707620444e-02
-2.991553903746790866e-02
-2.985615017801279691e-02
-2.979613384968837764e-02
-2.973549628180993665e-02
-2.967424374201721449e-02
-2.961238253628595274e-02
-2.954991900892389722e-02
-2.948685954256369257e-02
-2.942321055817620490e-02
-2.935897851505808731e-02
-2.929416991083932942e-02
-2.922879128148281325e-02
-2.916284920127854008e-02
-2.909635028285117997e-02
-2.902930117715429859e-02
-2.896170857347213357e-02
-2.889357919942403541e-02
-2.882491982095602978e-02
-2.875573724234747885e-02
-2.868603830620708450e-02
-2.861582989347644101e-02
-2.854511892342914692e-02
-2.847391235366680817e-02
-2.840221718012525542e-02
-2.833004043706743857e-02
-2.825738919709186447e-02
-2.818427057112726786e-02
-2.811069170842905862e-02
-2.803665979659220042e-02
-2.796218206153255892e-02
-2.788726576750422126e-02
-2.781191821709283474e-02
-2.773614675120938955e-02
-2.765995874910265329e-02
-2.758336162834540417e-02
-2.750636284484775373e-02
-2.742896989284959730e-02
-2.735119030491883763e-02
-2.727303165195893442e-02
-2.719450154319869029e-02
-2.711560762620290888e-02
-2.703635758686839807e-02
-2.695675914941775275e-02
-2.687682007641001292e-02
-2.679654816873044965e-02
-2.671595126559855871e-02
-2.663503724456672828e-02
-2.655381402151357761e-02
-2.647228955065372702e-02
-2.639047182452713969e-02
-2.630836887401022395e-02
-2.622598876831006010e-02
-2.614333961496129177e-02
-2.606042955983323139e-02
-2.597726678712231063e-02
-2.589385951936096220e-02
-2.581021601741051441e-02
-2.572634458046207939e-02
-2.564225354604010576e-02
-2.555795128999704957e-02
-2.547344622652047974e-02
-2.538874680812819307e-02
-2.530386152566466151e-02
-2.521879890831302262e-02
-2.513356752357909230e-02
-2.504817597730690792e-02
-2.496263291366895842e-02
-2.487694701516707241e-02
-2.479112700263774727e-02
-2.470518163524415556e-02
-2.461911971048458270e-02
-2.453295006418843016e-02
-2.444668157051177459e-02
-2.436032314194802595e-02
-2.427388372931416072e-02
-2.418737232176582097e-02
-2.410079794678754439e-02
-2.401416967018965565e-02
-2.392749659612247726e-02
-2.384078786705945419e-02
-2.375405266380958835e-02
-2.366730020551455205e-02
-2.358053974963980615e-02
-2.349378059199125346e-02
-2.340703206669703107e-02
-2.332030354622327550e-02
-2.323360444136590708e-02
-2.314694420124707719e-02
-2.306033231332760280e-02
-2.297377830339164539e-02
-2.288729173556025565e-02
-2.280088221228560030e-02
-2.271455937434496697e-02
-2.262833290085475291e-02
-2.254221250925514397e-02
-2.245620795532210501e-02
-2.237032903316382715e-02
-2.228458557521362238e-02
-2.219898745224235803e-02
-2.211354457334602230e-02
-2.202823464080472249e-02
-2.194299441561398112e-02
-2.185782647122369582e-02
-2.177273576563720781e-02
-2.168772718484146544e-02
-2.160280554281657217e-02
-2.151797558153067946e-02
-2.143324197093532391e-02
-2.134860930897586329e-02
-2.126408212158548139e-02
-2.117966486268252346e-02
-2.109536191417871187e-02
-2.101117758596937612e-02
-2.092711611594144649e-02
-2.084318166997123356e-02
-2.075937834191865505e-02
-2.067571015363944831e-02
-2.059218105497029327e-02
-2.050879492374102497e-02
-2.042555556577063669e-02
-2.034246671486195090e-02
-2.025953203281272152e-02
-2.017675510940208916e-02
-2.009413946240301563e-02
-2.001168853757651078e-02
-1.992940570866852390e-02
-1.984729427741882546e-02
-1.976535747354923878e-02
-1.968359845477540837e-02
-1.960202030680080476e-02
-1.952062604331405993e-02
-1.943941860599718296e-02
-1.935840086451534603e-02
-1.927757561652598817e-02
-1.919694558767548465e-02
-1.911651343159448402e-02
-1.903628172990834422e-02
-1.895625299222425397e-02
-1.887642965614211299e-02
-1.879681408725120129e-02
-1.871740857912551625e-02
-1.863821535333087809e-02
-1.855923655941871253e-02
-1.848047427493115791e-02
-1.840193050539995490e-02
-1.832360718434133950e-02
-1.824550617326403668e-02
-1.816762926166193282e-02
-1.808997816701984895e-02
-1.801255453481220847e-02
-1.793535993849681986e-02
-1.785839587952664509e-02
-1.778166378733692099e-02
-1.770516501935515130e-02
-1.762890086099822007e-02
-1.755287252566750666e-02
-1.747708115475710144e-02
-1.740152781764581214e-02
-1.732621351170315904e-02
-1.725113916228893096e-02
-1.717630562274696793e-02
-1.710171367441382095e-02
-1.702736402661053638e-02
-1.695325731664998337e-02
-1.687939410983396726e-02
-1.680577489944901082e-02
-1.673240010677412570e-02
-1.665927008107348506e-02
-1.658638509960175256e-02
-1.651374536760386036e-02
-1.644135101830768164e-02
-1.636920211293668714e-02
-1.629729864069595635e-02
-1.622564051878372382e-02
-1.615422759238716033e-02
-1.608305963467682176e-02
-1.601213634681797338e-02
-1.594145735795926555e-02
-1.587102222524117145e-02
-1.580083043379332253e-02
-1.573088139672873531e-02
-1.566117445515557982e-02
-1.559170887816474504e-02
-1.552248386283916481e-02
-1.545349853425137532e-02
-1.538475194545663172e-02
-1.531624307750578673e-02
-1.524797083943285614e-02
-1.517993406826234626e-02
-1.511213152900992007e-02
-1.504456191467351545e-02
-1.497722384624622372e-02
-1.491011587270429928e-02
-1.484323647101537524e-02
-1.477658404613757526e-02
-1.471015693101129784e-02
-1.464395338657253909e-02
-1.457797160173890383e-02
-1.451220969342226219e-02
-1.444666570652208826e-02
-1.438133761392190735e-02
-1.431622331650017621e-02
-1.425132064311718239e-02
-1.418662735062681257e-02
-1.412214112387166765e-02
-1.405785957567728950e-02
-1.399378024686548372e-02
-1.392990060623833237e-02
-1.386621805059284895e-02
-1.380272990471342887e-02
-1.373943342136940693e-02
-1.367632578132371712e-02
-1.361340409332223444e-02
-1.355066539410354487e-02
-1.348810664839539264e-02
-1.342572474890890710e-02
-1.336351651635037108e-02
-1.330147869940723204e-02
-1.323960797476186890e-02
-1.317790094708404247e-02
-1.311635414902667662e-02
-1.305496404123984711e-02
-1.299372701235301797e-02
-1.293263937899080673e-02
-1.287169738576587896e-02
-1.281089720527406328e-02
-1.275023493810700792e-02
-1.268970661283774781e-02
-1.262930818603291705e-02
-1.256903554224764186e-02
-1.250888449402087765e-02
-1.244885078188651129e-02
-1.238893007435959426e-02
-1.232911796795055359e-02
-1.226940998715564390e-02
-1.220980158445739150e-02
-1.215028814033169979e-02
-1.209086496323674709e-02
-1.203152728962508800e-02
-1.197227028393554882e-02
-1.191308903859333856e-02
-1.185397857401537802e-02
-1.179493383860696909e-02
-1.173594970875835308e-02
-1.167702098885314843e-02
-1.161814241125824765e-02
-1.155930863633392036e-02
-1.150051425242748504e-02
-1.144175377587208775e-02
-1.138302165099347452e-02
-1.132431225010177567e-02
-1.126561987349905536e-02
-1.120693874947575885e-02
-1.114826303430715981e-02
-1.108958681226202003e-02
-1.103090409559248641e-02
-1.097220882454374991e-02
-1.091349486734838337e-02
-1.085475602022456521e-02
-1.079598600738329583e-02
-1.073717848101973793e-02
-1.067832702132076594e-02
-1.061942513646241260e-02
-1.056046626260476184e-02
-1.050144376390194090e-02
-1.044235093249146207e-02
-1.038318098850232740e-02
-1.032392708005358539e-02
-1.026458228324811373e-02
-1.020513960218205618e-02
-1.014559196893560777e-02
-1.008593224358078633e-02
-1.002615321417865690e-02
-9.966247596774779893e-03
-9.906208035407759738e-03
-9.846027102100696204e-03
-9.785697296867734707e-03
-9.725211047712845058e-03
-9.664560710624048312e-03
-9.603738569582631612e-03
-9.542736836553933344e-03
-9.481547651495003670e-03
-9.420163082351939998e-03
-9.358575125055890176e-03
-9.296775703530157919e-03
-9.234756669682986363e-03
-9.172539943983482047e-03
-9.110150254469262521e-03
-9.047578981696391409e-03
-8.984817497101449391e-03
-8.921857182680348330e-03
-8.858689430996213865e-03
-8.795305645176831888e-03
-8.731697238910318681e-03
-8.667855636452892476e-03
-8.603772272620768824e-03
-8.539438592797155003e-03
-8.474846052930695706e-03
-8.409986119528034543e-03
-8.344850269667247744e-03
-8.279429990983966370e-03
-8.213716781681701384e-03
-8.147702150529179121e-03
-8.081377616853457901e-03
-8.014734710552251506e-03
-7.947764972082160817e-03
-7.880459952466112306e-03
-7.812811213293358037e-03
-7.744810326710926951e-03
-7.676448875437058561e-03
-7.607718452747880278e-03
-7.538610662487177372e-03
-7.469117119063950483e-03
-7.399229447445643260e-03
-7.328939283170299301e-03
-7.258238272334738284e-03
-7.187118071602494052e-03
-7.115570348202815421e-03
-7.043586779923394214e-03
-6.971159055122522208e-03
-6.898278872716823162e-03
-6.824937942190301143e-03
-6.751127983592342119e-03
-6.676840727530719555e-03
-6.602067915184361979e-03
-6.526801298288920083e-03
-6.451032639149645309e-03
-6.374753710635672199e-03
-6.297956296175022395e-03
-6.220632189766706066e-03
-6.142773195966622080e-03
-6.064371129900159030e-03
-5.985417817256699635e-03
-5.905905094284236156e-03
-5.825824807802026939e-03
-5.745168815186274536e-03
-5.663928984382338161e-03
-5.582097193899848708e-03
-5.499665332807046614e-03
-5.416625300743271865e-03
-5.332969007904808656e-03
-5.248688375057319888e-03
-5.163775333530573608e-03
-5.078221825212836382e-03
-4.992019802563807396e-03
-4.905161228599796974e-03
-4.817638076906882727e-03
-4.729442331634692298e-03
-4.640565987491795941e-03
-4.551001049758029993e-03
-4.460739534269952955e-03
-4.369773467433557546e-03
-4.278094886218941628e-03
-4.185695838154729342e-03
-4.092568381340866424e-03
-3.998704584434131792e-03
-3.904096526660683075e-03
-3.808736297810755289e-03
-3.712615998233165238e-03
-3.615727738848023565e-03
-3.518063641132218589e-03
-3.419615837132544689e-03
-3.320376469458236057e-03
-3.220337691279384629e-03
-3.119491666334461843e-03
-3.017830568924850798e-03
-2.915346583913153156e-03
-2.812031906730211306e-03
-2.707878743366337604e-03
-2.602879310380140643e-03
-2.497025834893196183e-03
-2.390310554588159775e-03
-2.282725717716246883e-03
-2.174263583087754359e-03
-2.064916420081497339e-03
-1.954676508639230370e-03
-1.843536139263829421e-03
-1.731487613026549965e-03
-1.618523241557964787e-03
-1.504635347057026173e-03
-1.389816262285639703e-03
-1.274058330566860131e-03
-1.157353905792087023e-03
-1.039695352412099705e-03
-9.210750454459806780e-04
-8.014853704758143071e-04
-6.809187236448133174e-04
-5.593675116645560608e-04
-4.368241518063233075e-04
-3.132810719083181650e-04
-1.887307103738446179e-04
-6.316551616593162055e-05
6.342205118332845323e-05
1.910395215835476723e-04
3.196944143752933343e-04
4.493942383354508630e-04
5.801464916811854833e-04
7.119586620591700221e-04
8.448382265599241325e-04
9.787926517034750695e-04
1.113829393446556792e-03
1.249955897186169618e-03
1.387179597748824933e-03
1.525507919404839319e-03
1.664948275854130633e-03
1.805508070233247109e-03
1.947194695119003338e-03
2.090015532517738861e-03
2.233977953879667799e-03
2.379089320084473713e-03
2.525356981448553806e-03
2.672788277728571638e-03
2.821390538110757351e-03
2.971171081225021382e-03
3.122137215130993404e-03
3.274296237324891834e-03
3.427655434743132057e-03
3.582222083751834818e-03
3.738003450160787278e-03
3.895006789209426445e-03
4.053239345573750319e-03
4.212708353370148151e-03
4.373421036144409246e-03
4.535384606886239123e-03
4.698606268014882126e-03
4.863093211386199100e-03
5.028852618296358878e-03
5.195891659471069124e-03
5.364217495079842690e-03
5.533837274721703503e-03
5.704758137432375253e-03
5.876987211687917378e-03
6.050531615393761609e-03
6.225398455899366912e-03
6.401594829983536794e-03
6.579127823861830038e-03
6.758004513190141171e-03
6.938231963053764773e-03
7.119817227981883878e-03
7.302767351933303619e-03
7.487089368303279091e-03
7.672790299926957047e-03
7.859877159071437802e-03
8.048356947443768838e-03
8.238236656183173245e-03
8.429523265864879988e-03
8.622223746503676622e-03
8.816345057546692843e-03
9.011894147880727957e-03
9.208877955824756878e-03
9.407303409133982441e-03
9.607177425002944027e-03
9.808506910058578665e-03
1.001129876036760402e-02
1.021555986142880235e-02
1.042129708817723932e-02
1.062851730498715064e-02
1.083722736566550271e-02
1.104743411345865400e-02
1.125914438104541615e-02
1.147236499054044012e-02
1.168710275349810201e-02
1.190336447090500904e-02
1.212115693318743803e-02
1.234048692020389693e-02
1.256136120124906608e-02
1.278378653505696239e-02
1.300776966979416693e-02
1.323331734306670837e-02
1.346043628191301300e-02
1.368913320280740198e-02
1.391941481166403261e-02
1.415128780382912677e-02
1.438475886408852045e-02
1.461983466666061382e-02
1.485652187519959089e-02
1.509482714279919424e-02
1.533475711198550862e-02
1.557631841472451040e-02
1.581951767241407403e-02
1.606436149588830187e-02
1.631085648542096589e-02
1.655900923071806918e-02
1.680882631092495139e-02
1.706031429461973836e-02
1.731347973981633981e-02
1.756832919396811299e-02
1.782486919396086833e-02
1.808310626612019689e-02
1.834304692620369881e-02
1.860469767940509112e-02
1.886806502035776045e-02
1.913315543312743561e-02
1.939997539121918191e-02
1.966853135757073989e-02
1.993882978455552291e-02
2.021087711398705800e-02
2.048467977711176946e-02
2.076024419461075521e-02
2.103757677660544889e-02
2.131668392264751688e-02
2.159757202173184787e-02
2.188024745228289714e-02
2.216471658216223606e-02
2.245098576867154971e-02
2.273906135854164567e-02
2.302894968794744202e-02
2.332065708249375646e-02
2.361418985722141262e-02
2.390955431661190289e-02
2.420675675457617526e-02
2.450580345446906616e-02
2.480670068907464554e-02
2.510945472061409944e-02
2.541407180074872763e-02
2.572055817056917437e-02
2.602892006061008345e-02
2.633916369083555420e-02
2.665129527064646897e-02
2.696532099888371281e-02
2.728124706381818143e-02
2.759907964316421491e-02
2.791882490406549788e-02
2.824048900310316412e-02
2.856407808629768397e-02
2.888959828909976046e-02
2.921705573640354103e-02
2.954645654253307274e-02
2.987780681124840854e-02
3.021111263575071426e-02
3.054638009867005621e-02
3.088361527208050017e-02
3.122282421748578951e-02
3.156401298582622861e-02
3.190718761748223553e-02
3.225235414226412800e-02
3.259951857942577913e-02
3.294868693765062861e-02
3.329986521505889918e-02
3.365305939921092726e-02
3.400827546709672689e-02
3.436551938515008953e-02
3.472479710923404017e-02
3.508611458464894195e-02
3.544947774613482760e-02
3.581489251786162953e-02
3.618236481344283550e-02
3.655190053592149990e-02
3.692350557777768216e-02
3.729718582093122237e-02
3.767294713673208228e-02
3.805079538597322397e-02
3.843073641887784220e-02
3.881277607510558170e-02
3.919692018375675602e-02
3.958317456336035711e-02
3.997154502188915437e-02
4.036203735674726012e-02
4.075465735477323825e-02
4.114941079224698761e-02
4.154630343487775157e-02
4.194534103781921708e-02
4.234652934565308335e-02
4.274987409239949798e-02
4.315538100151750101e-02
4.356305578589614314e-02
4.397290414786914070e-02
4.438493177919822230e-02
4.479914436108289877e-02
4.521554756416157339e-02
4.563414704850576875e-02
4.605494846362567785e-02
4.647795744846461297e-02
4.690317963140144819e-02
4.733062063025483823e-02
4.776028605227566892e-02
4.819220575261540240e-02
4.862644603602195303e-02
4.906300911323024927e-02
4.950189365197266156e-02
4.994309828432297316e-02
5.038662160670415169e-02
5.083246217987924531e-02
5.128061852895671180e-02
5.173108914339330511e-02
5.218387247698719200e-02
5.263896694788505748e-02
5.309637093857388912e-02
5.355608279588652820e-02
5.401810083100433424e-02
5.448242331944896932e-02
5.494904850109083583e-02
5.541797458014197097e-02
5.588919972515915546e-02
5.636272206904724413e-02
5.683853970905250463e-02
5.731665070676927876e-02
5.779705308813420928e-02
5.827974484342757222e-02
5.876472392727838390e-02
5.925198825865751751e-02
5.974153572088369835e-02
6.023336416161639839e-02
6.072747139286094331e-02
6.122385519097051088e-02
6.172251329663969166e-02
6.222344341491115038e-02
6.272664321516918662e-02
6.323211033114262136e-02
6.373984236090945998e-02
6.424983686688778839e-02
6.476209137584421072e-02
6.527660337888829822e-02
6.579337033147192315e-02
6.631238965339725233e-02
6.683365872880675518e-02
6.735717490619164138e-02
6.788293549838431140e-02
6.841093778256213120e-02
6.894117900025031886e-02
6.947365635731794775e-02
7.000836702397528200e-02
7.054530813478310236e-02
7.108447678864182606e-02
7.162587004880105468e-02
7.216948494285291282e-02
7.271531846273271427e-02
7.326336756472540124e-02
7.381362916945422015e-02
7.436610016189515449e-02
7.492077739136271397e-02
7.547765767151659588e-02
7.603673778036612596e-02
7.659801446025893412e-02
7.716148441789449919e-02
7.772714432431171439e-02
7.829499081489488255e-02
7.886502048937660270e-02
7.943722991182866622e-02
8.001161561067560157e-02
8.058817407867979732e-02
8.116690177294949571e-02
8.174779511494167927e-02
8.233085049045252291e-02
8.291606424963027244e-02
8.350343270696125586e-02
8.409295214127832097e-02
8.468461879576238971e-02
8.527842887793379845e-02
8.587437855966451039e-02
8.647246397716545907e-02
8.707268123099320967e-02
8.767502638605373377e-02
8.827949547159041899e-02
8.888608448119961203e-02
8.949478937281707402e-02
9.010560606872264344e-02
9.071853045554645334e-02
9.133355838425605278e-02
9.195068567017283812e-02
9.256990809295517764e-02
9.319122139660818149e-02
9.381462128948547807e-02
9.444010344427922199e-02
9.506766349803474903e-02
9.569729705213436688e-02
9.632899967230712512e-02
9.696276688863170179e-02
9.759859419552352477e-02
9.823647705175186928e-02
9.887641088042387061e-02
9.951839106899251775e-02
1.001624129692599841e-01
1.008084718973667471e-01
1.014565631338053553e-01
1.021066819234079937e-01
1.027588234753511465e-01
1.034129829631609265e-01
1.040691555247021949e-01
1.047273362621921056e-01
1.053875202421858948e-01
1.060497024955850964e-01
1.067138780176395407e-01
1.073800417679382502e-01
1.080481886704225403e-01
1.087183136133720307e-01
1.093904114494115287e-01
1.100644769955161362e-01
1.107405050329985929e-01
1.114184903075234878e-01
1.120984275290952681e-01
1.127803113720633466e-01
1.134641364751260983e-01
1.141498974413202028e-01
1.148375888380355203e-01
1.155272051969999936e-01
1.162187410142869748e-01
1.169121907503183344e-01
1.176075488298573557e-01
1.183048096420156181e-01
1.190039675402454478e-01
1.197050168423450245e-01
1.204079518304597141e-01
1.211127667510778494e-01
1.218194558150340612e-01
1.225280131975055031e-01
1.232384330380142945e-01
1.239507094404297405e-01
1.246648364729643355e-01
1.253808081681773157e-01
1.260986185229691081e-01
1.268182614985868817e-01
1.275397310206236590e-01
1.282630209790154296e-01
1.289881252280462576e-01
1.297150375863407312e-01
1.304437518368692928e-01
1.311742617269509026e-01
1.319065609682437135e-01
1.326406432367563948e-01
1.333765021728390288e-01
1.341141313811844427e-01
1.348535244308362024e-01
1.355946748551768444e-01
1.363375761519396434e-01
1.370822217831979550e-01
1.378286051753687680e-01
1.385767197192202538e-01
1.393265587698588881e-01
1.400781156467418853e-01
1.408313836336665403e-01
1.415863559787746695e-01
1.423430258945574955e-01
1.431013865578472100e-01
1.438614311098231902e-01
1.446231526560084468e-01
1.453865442662687357e-01
1.461515989748183308e-01
1.469183097802142512e-01
1.476866696453602579e-01
1.484566714975028567e-01
1.492283082282326312e-01
1.500015726934873506e-01
1.507764577135484174e-01
1.515529560730439762e-01
1.523310605209435842e-01
1.531107637705630964e-01
1.538920584995642216e-01
1.546749373499523017e-01
1.554593929280794207e-01
1.562454178046395192e-01
1.570330045146715037e-01
1.578221455575641308e-01
1.586128333970444615e-01
1.594050604611876309e-01
1.601988191424137398e-01
1.609941017974856337e-01
1.617909007475160088e-01
1.625892082779558656e-01
1.633890166386038345e-01
1.641903180436061760e-01
1.649931046714474547e-01
1.657973686649647505e-01
1.666031021313352234e-01
1.674102971420796671e-01
1.682189457330691695e-01
1.690290399045122349e-01
1.698405716209707705e-01
1.706535328113454320e-01
1.714679153688805080e-01
1.722837111511723585e-01
1.731009119801529827e-01
1.739195096421086717e-01
1.747394958876635762e-01
1.755608624317872568e-01
1.763836009537991245e-01
1.772077030973560063e-01
1.780331604704672444e-01
1.788599646454827052e-01
1.796881071590954448e-01
1.805175795123479254e-01
1.813483731706222457e-01
1.821804795636521312e-01
1.830138900855100559e-01
1.838485960946147912e-01
1.846845889137322949e-01
1.855218598299686050e-01
1.863604000947822747e-01
1.872002009239688292e-01
1.880412534976714234e-01
1.888835489603808426e-01
1.897270784209270644e-01
1.905718329524916932e-01
1.914178035925959698e-01
1.922649813431056565e-01
1.931133571702372542e-01
1.939629220045433478e-01
1.948136667409303691e-01
1.956655822386439425e-01
1.965186593212737698e-01
1.973728887767598472e-01
1.982282613573791430e-01
1.990847677797629167e-01
1.999423987248802881e-01
2.008011448380453423e-01
2.016609967289220151e-01
2.025219449715112141e-01
2.033839801041690265e-01
2.042470926295880673e-01
2.051112730148059171e-01
2.059765116912117833e-01
2.068427990545314010e-01
2.077101254648425765e-01
2.085784812465636406e-01
2.094478566884570014e-01
2.103182420436335853e-01
2.111896275295448433e-01
2.120620033279929650e-01
2.129353595851197767e-01
2.138096864114120699e-01
2.146849738817047104e-01
2.155612120351735328e-01
2.164383908753451102e-01
2.173165003700838760e-01
2.181955304516023375e-01
2.190754710164588559e-01
2.199563119255536492e-01
2.208380430041372300e-01
2.217206540417984151e-01
2.226041347924727631e-01
2.234884749744443511e-01
2.243736642703368922e-01
2.252596923271243945e-01
2.261465487561200582e-01
2.270342231329842697e-01
2.279227049977246011e-01
2.288119838546887053e-01
2.297020491725749736e-01
2.305928903844214339e-01
2.314844968876115239e-01
2.323768580438771991e-01
2.332699631792904960e-01
2.341638015842741893e-01
2.350583625135898025e-01
2.359536351863447123e-01
2.368496087859961463e-01
2.377462724603396360e-01
2.386436153215205636e-01
2.395416264460270561e-01
2.404402948746895419e-01
2.413396096126887436e-01
2.422395596295454645e-01
2.431401338591290262e-01
2.440413211996506071e-01
2.449431105136663511e-01
2.458454906280787000e-01
2.467484503341350610e-01
2.476519783874278069e-01
2.485560635078920555e-01
2.494606943798087784e-01
2.503658596518043566e-01
2.512715479368492488e-01
2.521777478122615435e-01
2.530844478196994096e-01
2.539916364651677583e-01
2.548993022190182423e-01
2.558074335159443713e-01
2.567160187549886174e-01
2.576250462995335333e-01
2.585345044773075251e-01
2.594443815803879616e-01
2.603546658651909596e-01
2.612653455524829305e-01
2.621764088273721427e-01
2.630878438393096097e-01
2.639996387020970836e-01
2.649117814938763971e-01
2.658242602571343483e-01
2.667370629987066977e-01
2.676501776897679541e-01
2.685635922658429209e-01
2.694772946267991465e-01
2.703912726368464803e-01
2.713055141245446222e-01
2.722200068827915764e-01
2.731347386688396384e-01
2.740496972042767432e-01
2.749648701750380120e-01
2.758802452314075282e-01
2.767958099880081235e-01
2.777115520238138124e-01
2.786274588821391340e-01
