9.993294927890438162e-01
9.973274908207649947e-01
9.953254890544069866e-01
9.933234876913186184e-01
9.913214869321804734e-01
9.893194869765347121e-01
9.873174880227821859e-01
9.853154902681822147e-01
9.833134939088531423e-01
9.813114991397716702e-01
9.793095061547735236e-01
9.773075151465527854e-01
9.753055264650593026e-01
9.733035405138856788e-01
9.713015574688718123e-01
9.692995775018926619e-01
9.672976007823830269e-01
9.652956274773375478e-01
9.632936577513119270e-01
9.612916917664209304e-01
9.592897296823406084e-01
9.572877716563062966e-01
9.552858178431137270e-01
9.532838683951193604e-01
9.512819234622388320e-01
9.492799831919488396e-01
9.472780477292856993e-01
9.452761172168463455e-01
9.432741917947874422e-01
9.412722716008258272e-01
9.392703567702389567e-01
9.372684474358640161e-01
9.352665437280986982e-01
9.332646457749005364e-01
9.312627537017872381e-01
9.292608676318372396e-01
9.272589876856882629e-01
9.252571139815389811e-01
9.232552466351477971e-01
9.212533857598333986e-01
9.192515314664747583e-01
9.172496838635106897e-01
9.152478430569405132e-01
9.132460091503235011e-01
9.112441822447794326e-01
9.092423624389877057e-01
9.072405498291882253e-01
9.052387445091812923e-01
9.032369465703267153e-01
9.012351561015451429e-01
8.992333731893170645e-01
8.972315979176830325e-01
8.952298303682441061e-01
8.932280706201611853e-01
8.912263187501556772e-01
8.892245748325087185e-01
8.872228389390618419e-01
8.852211111392169762e-01
8.832193914999357798e-01
8.812176800857405290e-01
8.792159769587133411e-01
8.772142821784963962e-01
8.752125958022924923e-01
8.732109178848642683e-01
8.712092484785346480e-01
8.692075876331866180e-01
8.672059353962633388e-01
8.652042918127683668e-01
8.632026569252649884e-01
8.612010307738773296e-01
8.591994133962890245e-01
8.571978048277441031e-01
8.551962051010468802e-01
8.531946142465616223e-01
8.511930322922132142e-01
8.491914592634860481e-01
8.471898951834251346e-01
8.451883400726356577e-01
8.431867939492825315e-01
8.411852568290915100e-01
8.391837287253480770e-01
8.371822096488977794e-01
8.351806996081467815e-01
8.331791986090608670e-01
8.311777066551665483e-01
8.291762237475501784e-01
8.271747498848581737e-01
8.251732850632974570e-01
8.231718292766347922e-01
8.211703825161974502e-01
8.191689447708725424e-01
8.171675160271073546e-01
8.151660962689096790e-01
8.131646854778472600e-01
8.111632836330480156e-01
8.091618907112000381e-01
8.071605066865513711e-01
8.051591315309105656e-01
8.031577652136463463e-01
8.011564077016873897e-01
7.991550589595226572e-01
7.971537189492009512e-01
7.951523876303318028e-01
7.931510649600848062e-01
7.911497508931892853e-01
7.891484453819349598e-01
7.871471483761719456e-01
7.851458598233101993e-01
7.831445796683201843e-01
7.811433078537322050e-01
7.791420443196368506e-01
7.771407890037137500e-01
7.751395420843214534e-01
7.731383037456309726e-01
7.711370739476721692e-01
7.691358526505654991e-01
7.671346398145220125e-01
7.651334353998431315e-01
7.631322393669207615e-01
7.611310516762372913e-01
7.591298722883654815e-01
7.571287011639686870e-01
7.551275382638007461e-01
7.531263835487058689e-01
7.511252369796187489e-01
7.491240985175645628e-01
7.471229681236590814e-01
7.451218457591082256e-01
7.431207313852088436e-01
7.411196249633478228e-01
7.391185264550026446e-01
7.371174358217416067e-01
7.351163530252227130e-01
7.331152780271954494e-01
7.311142107894987863e-01
7.291131512740627318e-01
7.271120994429077777e-01
7.251110552581444546e-01
7.231100186819743314e-01
7.211089896766891272e-01
7.191079682046708221e-01
7.171069542283922127e-01
7.151059477104165785e-01
7.131049486133975712e-01
7.111039569000792149e-01
7.091029725332959055e-01
7.071019954759728554e-01
7.051010256911256491e-01
7.031000631418601321e-01
7.010991077913728553e-01
6.990981596029504086e-01
6.970972185399705312e-01
6.950962845659010014e-01
6.930953576443000808e-01
6.910944377388166249e-01
6.890935248131896396e-01
6.870926188312491689e-01
6.850917197569152961e-01
6.830908275541986985e-01
6.810899421872004256e-01
6.790890636201121211e-01
6.770881918172158009e-01
6.750873267428841862e-01
6.730864683615802591e-01
6.710856166378572629e-01
6.690847715363592574e-01
6.670839330218206742e-01
6.650831010590665393e-01
6.630822756130121398e-01
6.610814566486631350e-01
6.590806441311158892e-01
6.570798380255571391e-01
6.550790382972643267e-01
6.530782449116049326e-01
6.510774578340371432e-01
6.490766770301096278e-01
6.470759024654614278e-01
6.450751341058222899e-01
6.430743719170122219e-01
6.410736158649416039e-01
6.390728659156114100e-01
6.370721220351130976e-01
6.350713841896288292e-01
6.330706523454308066e-01
6.310699264688817145e-01
6.290692065264351651e-01
6.270684924846348096e-01
6.250677843101150044e-01
6.230670819696004781e-01
6.210663854299062203e-01
6.190656946579381481e-01
6.170650096206922175e-01
6.150643302852552008e-01
6.130636566188041314e-01
6.110629885886064150e-01
6.090623261620202733e-01
6.070616693064939673e-01
6.050610179895667962e-01
6.030603721788678762e-01
6.010597318421171398e-01
5.990590969471250027e-01
5.970584674617922527e-01
5.950578433541102719e-01
5.930572245921608143e-01
5.910566111441160064e-01
5.890560029782385687e-01
5.870554000628819269e-01
5.850548023664894348e-01
5.830542098575953736e-01
5.810536225048240633e-01
5.790530402768907514e-01
5.770524631426010576e-01
5.750518910708508624e-01
5.730513240306266409e-01
5.710507619910051291e-01
5.690502049211538793e-01
5.670496527903309270e-01
5.650491055678844576e-01
5.630485632232531401e-01
5.610480257259663484e-01
5.590474930456438285e-01
5.570469651519958099e-01
5.550464420148231159e-01
5.530459236040166093e-01
5.510454098895579689e-01
5.490449008415192456e-01
5.470443964300633066e-01
5.450438966254428363e-01
5.430434013980015573e-01
5.410429107181731201e-01
5.390424245564821026e-01
5.370419428835436770e-01
5.350414656700629434e-01
5.330409928868357072e-01
5.310405245047482570e-01
5.290400604947774754e-01
5.270396008279907285e-01
5.250391454755455323e-01
5.230386944086901080e-01
5.210382475987629380e-01
5.190378050171934321e-01
5.170373666355011499e-01
5.150369324252960235e-01
5.130365023582785788e-01
5.110360764062397143e-01
5.090356545410611444e-01
5.070352367347147338e-01
5.050348229592628302e-01
5.030344131868581536e-01
5.010340073897443514e-01
4.990336055402549431e-01
4.970332076108144315e-01
4.950328135739375246e-01
4.930324234022291918e-01
4.910320370683854962e-01
4.890316545451922625e-01
4.870312758055263536e-01
4.850309008223547824e-01
4.830305295687349898e-01
4.810301620178151771e-01
4.790297981428336405e-01
4.770294379171196031e-01
4.750290813140923829e-01
4.730287283072617810e-01
4.710283788702283592e-01
4.690280329766827183e-01
4.670276906004064976e-01
4.650273517152712643e-01
4.630270162952391799e-01
4.610266843143631665e-01
4.590263557467862410e-01
4.570260305667422918e-01
4.550257087485552465e-01
4.530253902666396826e-01
4.510250750955008270e-01
4.490247632097340014e-01
4.470244545840254546e-01
4.450241491931514193e-01
4.430238470119790550e-01
4.410235480154656718e-01
4.390232521786590070e-01
4.370229594766976144e-01
4.350226698848101980e-01
4.330223833783161114e-01
4.310220999326250801e-01
4.290218195232372578e-01
4.270215421257434474e-01
4.250212677158246577e-01
4.230209962692527137e-01
4.210207277618896460e-01
4.190204621696878573e-01
4.170201994686906222e-01
4.150199396350312542e-01
4.130196826449338832e-01
4.110194284747129556e-01
4.090191771007731236e-01
4.070189284996100776e-01
4.050186826478094915e-01
4.030184395220478000e-01
4.010181990990916989e-01
3.990179613557984228e-01
3.970177262691158004e-01
3.950174938160819216e-01
3.930172639738255813e-01
3.910170367195657248e-01
3.890168120306121691e-01
3.870165898843648811e-01
3.850163702583142555e-01
3.830161531300416144e-01
3.810159384772180968e-01
3.790157262776059355e-01
3.770155165090574578e-01
3.750153091495153634e-01
3.730151041770132792e-01
3.710149015696748154e-01
3.690147013057143988e-01
3.670145033634368281e-01
3.650143077212370524e-01
3.630141143576011142e-01
3.610139232511049290e-01
3.590137343804153391e-01
3.570135477242893929e-01
3.550133632615744550e-01
3.530131809712088176e-01
3.510130008322208117e-01
3.490128228237296404e-01
3.470126469249446011e-01
3.450124731151655300e-01
3.430123013737830795e-01
3.410121316802777747e-01
3.390119640142212343e-01
3.370117983552751717e-01
3.350116346831916725e-01
3.330114729778136939e-01
3.310113132190742880e-01
3.290111553869972671e-01
3.270109994616967053e-01
3.250108454233770483e-01
3.230106932523336694e-01
3.210105429289518697e-01
3.190103944337078223e-01
3.170102477471679059e-01
3.150101028499892042e-01
3.130099597229190067e-01
3.110098183467951971e-01
3.090096787025463088e-01
3.070095407711909141e-01
3.050094045338385684e-01
3.030092699716889215e-01
3.010091370660321064e-01
2.990090057982490168e-01
2.970088761498106411e-01
2.950087481022788394e-01
2.930086216373055663e-01
2.910084967366333708e-01
2.890083733820955070e-01
2.870082515556152125e-01
2.850081312392067079e-01
2.830080124149744192e-01
2.810078950651130891e-01
2.790077791719083322e-01
2.770076647177358020e-01
2.750075516850620794e-01
2.730074400564438397e-01
2.710073298145282417e-01
2.690072209420532046e-01
2.670071134218467979e-01
2.650070072368278518e-01
2.630069023700053465e-01
2.610067988044790233e-01
2.590066965234389951e-01
2.570065955101655808e-01
2.550064957480300820e-01
2.530063972204937284e-01
2.510062999111087878e-01
2.490062038014627666e-01
2.470061087099872099e-01
2.450060145255459898e-01
2.430059212455713824e-01
2.410058288674401805e-01
2.390057373884731107e-01
2.370056468059351107e-01
2.350055571170356350e-01
2.330054683189278775e-01
2.310053804087096874e-01
2.290052933834227922e-01
2.270052072400531029e-01
2.250051219755311305e-01
2.230050375867310142e-01
2.210049540704716597e-01
2.190048714235157956e-01
2.170047896425703615e-01
2.150047087242867860e-01
2.130046286652602927e-01
2.110045494620307882e-01
2.090044711110819742e-01
2.070043936088417913e-01
2.050043169516827246e-01
2.030042411359209986e-01
2.010041661578174654e-01
1.990040920135768832e-01
1.970040186993481934e-01
1.950039462112248823e-01
1.930038745452441473e-01
1.910038036973878972e-01
1.890037336635817800e-01
1.870036644396960712e-01
1.850035960215448971e-01
1.830035284048866229e-01
1.810034615854241302e-01
1.790033955588040682e-01
1.770033303206177133e-01
1.750032658664002483e-01
1.730032021916310114e-01
1.710031392917339133e-01
1.690030771620765482e-01
1.670030157979712770e-01
1.650029551946742279e-01
1.630028953473857678e-01
1.610028362512508082e-01
1.590027779013579723e-01
1.570027202927405940e-01
1.550026634203758580e-01
1.530026072791850766e-01
1.510025518640341902e-01
1.490024971697328504e-01
1.470024431910353646e-01
1.450023899226399182e-01
1.430023373591889080e-01
1.410022854952691918e-01
1.390022343254114501e-01
1.370021838440910467e-01
1.350021340457270014e-01
1.330020849246830172e-01
1.310020364752667310e-01
1.290019886917299075e-01
1.270019415682688280e-01
1.250018950990236244e-01
1.230018492780790007e-01
1.210018040994635391e-01
1.190017595571500331e-01
1.170017156450558066e-01
1.150016723570419369e-01
1.130016296869141706e-01
1.110015876284220909e-01
1.090015461752594922e-01
1.070015053210647271e-01
1.050014650594198601e-01
1.030014253838516386e-01
1.010013862878306745e-01
9.900134776477174936e-02
9.700130980803421676e-02
9.500127241092115593e-02
9.300123556668032920e-02
9.100119926850334939e-02
8.900116350952599897e-02
8.700112828282863253e-02
8.500109358143537186e-02
8.300105939831493862e-02
8.100102572637996046e-02
7.900099255848724855e-02
7.700095988743815845e-02
7.500092770597779901e-02
7.300089600679592061e-02
7.100086478252615185e-02
6.900083402574630487e-02
6.700080372897873615e-02
6.500077388468956940e-02
6.300074448528955595e-02
6.100071552313322820e-02
5.900068699051972537e-02
5.700065887969209266e-02
5.500063118283756575e-02
5.300060389208789691e-02
5.100057699951861256e-02
4.900055049714988759e-02
4.700052437694575425e-02
4.500049863081445611e-02
4.300047325060875336e-02
4.100044822812518724e-02
3.900042355510492664e-02
3.700039922323301866e-02
3.500037522413870089e-02
3.300035154939575527e-02
3.100032819052172400e-02
2.900030513897877693e-02
2.700028238617296905e-02
2.500025992345455278e-02
2.300023774211830754e-02
2.100021583340277997e-02
1.900019418849115474e-02
1.700017279851048779e-02
1.500015165453203597e-02
1.300013074757159180e-02
1.100011006858870113e-02
9.000089608487558263e-03
7.000069358116116011e-03
5.000049308266967842e-03
3.000029449676578936e-03
1.000009773025615362e-03
-1.000009731060834753e-03
-3.000029072013481093e-03
-5.000048259319054070e-03
-7.000067302519973056e-03
-9.000086211214453069e-03
-1.100010499505673506e-02
-1.300012366375618601e-02
-1.500014222707864511e-02
-1.700016069484552167e-02
-1.900017907693402758e-02
-2.100019738327739416e-02
-2.300021562386398571e-02
-2.500023380873863527e-02
-2.700025194800174250e-02
-2.900027005180951314e-02
-3.100028813037417758e-02
-3.300030619396308873e-02
-3.500032425290006827e-02
-3.700034231756452185e-02
-3.900036039839164387e-02
-4.100037850587265331e-02
-4.300039665055390564e-02
-4.500041484303821115e-02
-4.700043309398396763e-02
-4.900045141410536154e-02
-5.100046981417261788e-02
-5.300048830501107033e-02
-5.500050689750253519e-02
-5.700052560258439538e-02
-5.900054443124983644e-02
-6.100056339454806853e-02
-6.300058250358342438e-02
-6.500060176951671931e-02
-6.700062120356432838e-02
-6.900064081699844309e-02
-7.100066062114723797e-02
-7.300068062739405172e-02
-7.500070084717869179e-02
-7.700072129199654614e-02
-7.900074197339876370e-02
-8.100076290299254578e-02
-8.300078409244021627e-02
-8.500080555346056777e-02
-8.700082729782798729e-02
-8.900084933737260895e-02
-9.100087168398064696e-02
-9.300089434959341039e-02
-9.500091734620867701e-02
-9.700094068587983287e-02
-9.900096438071623317e-02
-1.010009884428824112e-01
-1.030010128845993411e-01
-1.050010377181435778e-01
-1.070010629558474785e-01
-1.090010886100994114e-01
-1.110011146933429088e-01
-1.130011412180779301e-01
-1.150011681968600152e-01
-1.170011956423005345e-01
-1.190012235670668411e-01
-1.210012519838814526e-01
-1.230012809055233275e-01
-1.250013103448270047e-01
-1.270013403146828257e-01
-1.290013708280371707e-01
-1.310014018978915284e-01
-1.330014335373038703e-01
-1.350014657593877065e-01
-1.370014985773124194e-01
-1.390015320043032909e-01
-1.410015660536408921e-01
-1.430016007386621379e-01
-1.450016360727595655e-01
-1.470016720693815004e-01
-1.490017087420323072e-01
-1.510017461042714726e-01
-1.530017841697149106e-01
-1.550018229520341850e-01
-1.570018624649566208e-01
-1.590019027222655257e-01
-1.610019437377994134e-01
-1.630019855254531969e-01
-1.650020280991774391e-01
-1.670020714729784084e-01
-1.690021156609184672e-01
-1.710021606771150726e-01
-1.730022065357421923e-01
-1.750022532510293327e-01
-1.770023008372617612e-01
-1.790023493087808670e-01
-1.810023986799830786e-01
-1.830024489653213626e-01
-1.850025001793041690e-01
-1.870025523364958475e-01
-1.890026054515167031e-01
-1.910026595390422188e-01
-1.930027146138043048e-01
-1.950027706905904379e-01
-1.970028277842439390e-01
-1.990028859096641400e-01
-2.010029450818054952e-01
-2.030030053156788861e-01
-2.050030666263508161e-01
-2.070031290289436332e-01
-2.090031925386355849e-01
-2.110032571706601245e-01
-2.130033229403071882e-01
-2.150033898629222784e-01
-2.170034579539068531e-01
-2.190035272287175760e-01
-2.210035977028675935e-01
-2.230036693919255353e-01
-2.250037423115158752e-01
-2.270038164773191813e-01
-2.290038919050710053e-01
-2.310039686105635204e-01
-2.330040466096443552e-01
-2.350041259182170106e-01
-2.370042065522409980e-01
-2.390042885277308959e-01
-2.410043718607578211e-01
-2.430044565674484569e-01
-2.450045426639852475e-01
-2.470046301666067035e-01
-2.490047190916064579e-01
-2.510048094553345432e-01
-2.530049012741967251e-01
-2.550049945646543637e-01
-2.570050893432249683e-01
-2.590051856264811714e-01
-2.610052834310520598e-01
-2.630053827736222871e-01
-2.650054836709322958e-01
-2.670055861397785391e-01
-2.690056901970127035e-01
-2.710057958595428196e-01
-2.730059031443325401e-01
-2.750060120684013065e-01
-2.770061226488245709e-01
-2.790062349027330191e-01
-2.810063488473136251e-01
-2.830064644998090406e-01
-2.850065818775178172e-01
-2.870067009977942951e-01
-2.890068218780481035e-01
-2.910069445357453266e-01
-2.930070689884076152e-01
-2.950071952536124087e-01
-2.970073233489931019e-01
-2.990074532922383788e-01
-3.010075851010932113e-01
-3.030077187933583049e-01
-3.050078543868899872e-01
-3.070079918996008184e-01
-3.090081313494583704e-01
-3.110082727544866144e-01
-3.130084161327652548e-01
-3.150085615024296182e-01
-3.170087088816713194e-01
-3.190088582887367630e-01
-3.210090097419290855e-01
-3.230091632596068796e-01
-3.250093188601846372e-01
-3.270094765621326394e-01
-3.290096363839766225e-01
-3.310097983442985003e-01
-3.330099624617359755e-01
-3.350101287549824280e-01
-3.370102972427872490e-01
-3.390104679439550628e-01
-3.410106408773468933e-01
-3.430108160618792756e-01
-3.450109935165247554e-01
-3.470111732603116117e-01
-3.490113553123235235e-01
-3.510115396917004027e-01
-3.530117264176379499e-01
-3.550119155093877654e-01
-3.570121069862565721e-01
-3.590123008676075478e-01
-3.610124971728596033e-01
-3.630126959214872717e-01
-3.650128971330211525e-01
-3.670131008270470230e-01
-3.690133070232070600e-01
-3.710135157411991180e-01
-3.730137270007767292e-01
-3.750139408217495474e-01
-3.770141572239822381e-01
-3.790143762273960881e-01
-3.810145978519678400e-01
-3.830148221177300805e-01
-3.850150490447714624e-01
-3.870152786532355949e-01
-3.890155109633228192e-01
-3.910157459952888770e-01
-3.930159837694452984e-01
-3.950162243061596801e-01
-3.970164676258547964e-01
-3.990167137490098215e-01
-4.010169626961594957e-01
-4.030172144878944596e-01
-4.050174691448612529e-01
-4.070177266877615940e-01
-4.090179871373537113e-01
-4.110182505144513443e-01
-4.130185168399240214e-01
-4.150187861346973928e-01
-4.170190584197521200e-01
-4.190193337161254306e-01
-4.210196120449100077e-01
-4.230198934272545452e-01
-4.250201778843634703e-01
-4.270204654374966102e-01
-4.290207561079700804e-01
-4.310210499171556187e-01
-4.330213468864808068e-01
-4.350216470374292377e-01
-4.370219503915395709e-01
-4.390222569704069766e-01
-4.410225667956822471e-01
-4.430228798890719077e-01
-4.450231962723384393e-01
-4.470235159672996672e-01
-4.490238389958297049e-01
-4.510241653798582884e-01
-4.530244951413709975e-01
-4.550248283024092566e-01
-4.570251648850699455e-01
-4.590255049115060659e-01
-4.610258484039264082e-01
-4.630261953845955514e-01
-4.650265458758339743e-01
-4.670268999000173893e-01
-4.690272574795779637e-01
-4.710276186370033757e-01
-4.730279833948374812e-01
-4.750283517756790364e-01
-4.770287238021834186e-01
-4.790290994970616278e-01
-4.810294788830802859e-01
-4.830298619830621920e-01
-4.850302488198852124e-01
-4.870306394164836683e-01
-4.890310337958474474e-01
-4.910314319810223371e-01
-4.930318339951100248e-01
-4.950322398612673758e-01
-4.970326496027077656e-01
-4.990330632427000812e-01
-5.010334808045689980e-01
-5.030339023116953134e-01
-5.050343277875147807e-01
-5.070347572555198301e-01
-5.090351907392584030e-01
-5.110356282623339519e-01
-5.130360698484065507e-01
-5.150365155211907853e-01
-5.170369653044580849e-01
-5.190374192220352789e-01
-5.210378772978051520e-01
-5.230383395557064441e-01
-5.250388060197328510e-01
-5.270392767139349122e-01
-5.290397516624182339e-01
-5.310402308893447110e-01
-5.330407144189319713e-01
-5.350412022754529318e-01
-5.370416944832369088e-01
-5.390421910666686189e-01
-5.410426920501888448e-01
-5.430431974582944354e-01
-5.450437073155369738e-01
-5.470442216465248864e-01
-5.490447404759221106e-01
-5.510452638284483173e-01
-5.530457917288790215e-01
-5.550463242020452492e-01
-5.570468612728342039e-01
-5.590474029661887112e-01
-5.610479493071075519e-01
-5.630485003206454619e-01
-5.650490560319120226e-01
-5.670496164660737692e-01
-5.690501816483525266e-01
-5.710507516040258524e-01
-5.730513263584274819e-01
-5.750519059369462171e-01
-5.770524903650273707e-01
-5.790530796681718773e-01
-5.810536738719361827e-01
-5.830542730019331321e-01
-5.850548770838305268e-01
-5.870554861433526783e-01
-5.890561002062792983e-01
-5.910567192984460538e-01
-5.930573434457447890e-01
-5.950579726741221931e-01
-5.970586070095814657e-01
-5.990592464781815396e-01
-6.010598911060370808e-01
-6.030605409193187105e-01
-6.050611959442523391e-01
-6.070618562071200541e-01
-6.090625217342597875e-01
-6.110631925520653152e-01
-6.130638686869858134e-01
-6.150645501655265246e-01
-6.170652370142486465e-01
-6.190659292597689989e-01
-6.210666269287603569e-01
-6.230673300479507848e-01
-6.250680386441246350e-01
-6.270687527441219933e-01
-6.290694723748387895e-01
-6.310701975632266869e-01
-6.330709283362927486e-01
-6.350716647211004373e-01
-6.370724067447688377e-01
-6.390731544344726567e-01
-6.410739078174427785e-01
-6.430746669209651545e-01
-6.450754317723822462e-01
-6.470762023990921374e-01
-6.490769788285485342e-01
-6.510777610882613198e-01
-6.530785492057954444e-01
-6.550793432087723689e-01
-6.570801431248690649e-01
-6.590809489818183486e-01
-6.610817608074092133e-01
-6.630825786294853863e-01
-6.650834024759473273e-01
-6.670842323747512292e-01
-6.690850683539086852e-01
-6.710859104414875764e-01
-6.730867586656109625e-01
-6.750876130544580800e-01
-6.770884736362641210e-01
-6.790893404393196775e-01
-6.810902134919718520e-01
-6.830910928226222589e-01
-6.850919784597295781e-01
-6.870928704318076674e-01
-6.890937687674263401e-01
-6.910946734952113646e-01
-6.930955846438437984e-01
-6.950965022420609873e-01
-6.970974263186560105e-01
-6.990983569024774580e-01
-7.010992940224302084e-01
-7.031002377074742071e-01
-7.051011879866259102e-01
-7.071021448889572847e-01
-7.091031084435961418e-01
-7.111040786797261370e-01
-7.131050558921984139e-01
-7.151060410780252230e-01
-7.171070344128385177e-01
-7.191080359897119578e-01
-7.211090458996313179e-01
-7.231100642314942650e-01
-7.251110910721109137e-01
-7.271121265062034933e-01
-7.291131706164065696e-01
-7.311142234832663789e-01
-7.331152851852416052e-01
-7.351163557987032693e-01
-7.371174353979343952e-01
-7.391185240551302327e-01
-7.411196218403978131e-01
-7.431207288217568374e-01
-7.451218450651390102e-01
-7.471229706343881505e-01
-7.491241055912604141e-01
-7.511252499954235162e-01
-7.531264039044579528e-01
-7.551275673738563343e-01
-7.571287404570232749e-01
-7.591299232052758361e-01
-7.611311156678423062e-01
-7.631323178918643091e-01
-7.651335299223950281e-01
-7.671347518023998724e-01
-7.691359835727566985e-01
-7.711372252722549225e-01
-7.731384769375966304e-01
-7.751397386033960224e-01
-7.771410103021791915e-01
-7.791422920643849004e-01
-7.811435839183633600e-01
-7.831448858903773402e-01
-7.851461980046019473e-01
-7.871475202831242912e-01
-7.891488527459435964e-01
-7.911501954109709800e-01
-7.931515482940302286e-01
-7.951529114088571326e-01
-7.971542847670993748e-01
-7.991556683783174186e-01
-8.011570622499829541e-01
-8.031584663874805630e-01
-8.051598807941068303e-01
-8.071613054710704560e-01
-8.091627404174924765e-01
-8.111641856304054876e-01
-8.131656411047549771e-01
-8.151671068333982140e-01
-8.171685828071046931e-01
-8.191700690145564678e-01
-8.211715654423467070e-01
-8.231730720749818042e-01
-8.251745888948798235e-01
-8.271761158823711657e-01
-8.291776530156984570e-01
-8.311792002710158833e-01
-8.331807576223906331e-01
-8.351823250418015654e-01
-8.371839024991397649e-01
-8.391854899622089858e-01
-8.411870873967239870e-01
-8.431886947663126408e-01
-8.451903120325149343e-01
-8.471919391547826361e-01
-8.491935760904800734e-01
-8.511952227948831329e-01
-8.531968792211805930e-01
-8.551985453204727916e-01
-8.572002210417726253e-01
-8.592019063320053274e-01
-8.612036011360073573e-01
-8.632053053965283995e-01
-8.652070190542295869e-01
-8.672087420476849440e-01
-8.692104743133797218e-01
-8.712122157857119520e-01
-8.732139663969916699e-01
-8.752157260774412473e-01
-8.772174947551951707e-01
-8.792192723562995971e-01
-8.812210588047134641e-01
-8.832228540223076019e-01
-8.852246579288650663e-01
-8.872264704420812498e-01
-8.892282914775629932e-01
-8.912301209488302511e-01
-8.932319587673145378e-01
-8.952338048423598149e-01
-8.972356590812221588e-01
-8.992375213890694274e-01
-9.012393916689820372e-01
-9.032412698219526304e-01
-9.052431557468858525e-01
-9.072450493405985750e-01
-9.092469504978195616e-01
-9.112488591111900238e-01
-9.132507750712632877e-01
-9.152526982665049049e-01
-9.172546285832925417e-01
-9.192565659059157568e-01
-9.212585101165766677e-01
-9.232604610953893953e-01
-9.252624187203801753e-01
-9.272643828674876909e-01
-9.292663534105620737e-01
-9.312683302213663472e-01
-9.332703131695754273e-01
-9.352723021227764555e-01
-9.372742969464689100e-01
-9.392762975040636064e-01
-9.412783036568844741e-01
-9.432803152641673350e-01
-9.452823321830599035e-01
-9.472843542686226748e-01
-9.492863813738272594e-01
-9.512884133495582706e-01
-9.532904500446124363e-01
-9.552924913056982659e-01
-9.572945369774369384e-01
-9.592965869023610814e-01
-9.612986409209162142e-01
-9.633006988714594154e-01
-9.653027605902605446e-01
-9.673048259115012426e-01
-9.693068946672750430e-01
-9.713089666875882600e-01
-9.733110418003588782e-01
-9.753131198314173300e-01
-9.773152006045063844e-01
-9.793172839412802588e-01
-9.813193696613059513e-01
-9.833214575820623526e-01
-9.853235475189410231e-01
-9.873256392852447494e-01
-9.893277326921893211e-01
-9.913298275489021982e-01
-9.933319236624232884e-01
-9.953340208377047249e-01
-9.973361188776103115e-01
-9.993382175829164105e-01
