-9.604857892216356330e-02
-9.604857894817697694e-02
-9.604857880262318570e-02
-9.604857705818703462e-02
-9.604857094462471157e-02
-9.604855663722700054e-02
-9.604852925850093648e-02
-9.604848287816802888e-02
-9.604841051316681533e-02
-9.604830412765041903e-02
-9.604815463298888023e-02
-9.604795188776749093e-02
-9.604768130150220795e-02
-9.604731949272127256e-02
-9.604684362312942980e-02
-9.604623118086841327e-02
-9.604545996288349485e-02
-9.604450807492381781e-02
-9.604335393154272982e-02
-9.604197625609700584e-02
-9.604035408074784730e-02
-9.603846674646099313e-02
-9.603629390300472135e-02
-9.603381550895284668e-02
-9.603101183168161192e-02
-9.602786344737201940e-02
-9.602435124100960895e-02
-9.602045640638257051e-02
-9.601616044608407563e-02
-9.601144517151072311e-02
-9.600629270286331618e-02
-9.600068546914697354e-02
-9.599460620816957501e-02
-9.598803796654442611e-02
-9.598096409968770448e-02
-9.597336827182001429e-02
-9.596523445596638613e-02
-9.595654693395461177e-02
-9.594729029641757556e-02
-9.593744944279136710e-02
-9.592700958131628042e-02
-9.591595622903725804e-02
-9.590427521180178161e-02
-9.589195266426298048e-02
-9.587897502987619003e-02
-9.586532906090172723e-02
-9.585100181840444655e-02
-9.583598067225163053e-02
-9.582025330111587635e-02
-9.580380769247254236e-02
-9.578663214260207948e-02
-9.576871525658881001e-02
-9.575004594831959537e-02
-9.573061344048727772e-02
-9.571040726458679426e-02
-9.568941726091850786e-02
-9.566763357858631966e-02
-9.564504667549744710e-02
-9.562164731836386711e-02
-9.559742658270087290e-02
-9.557237585282818415e-02
-9.554648682186972497e-02
-9.551975149175229163e-02
-9.549216217320832811e-02
-9.546371148577226240e-02
-9.543439235778372609e-02
-9.540419802638677726e-02
-9.537312203752779105e-02
-9.534115824595879030e-02
-9.530830081523422592e-02
-9.527454421771386350e-02
-9.523988323456111793e-02
-9.520431295574227626e-02
-9.516782878002927326e-02
-9.513042641499624974e-02
-9.509210187702288319e-02
-9.505285149129216737e-02
-9.501267189179052330e-02
-9.497156002130946462e-02
-9.492951313144326608e-02
-9.488652622312032658e-02
-9.484259561028240970e-02
-9.479772101842376397e-02
-9.475190219081508491e-02
-9.470513888784820589e-02
-9.465743088703887365e-02
-9.460877798302619324e-02
-9.455917998757068510e-02
-9.450863672955722716e-02
-9.445714805499222377e-02
-9.440471382700632574e-02
-9.435133392585276502e-02
-9.429700824890652200e-02
-9.424173671066665703e-02
-9.418551924275525566e-02
-9.412835579391631846e-02
-9.407024633001792591e-02
-9.401119083404974042e-02
-9.395118930612500474e-02
-9.389024176348065298e-02
-9.382834824047475708e-02
-9.376550878859013505e-02
-9.370172347643090927e-02
-9.363699238972511552e-02
-9.357131563132370378e-02
-9.350469332119959454e-02
-9.343712559644978821e-02
-9.336861261129314471e-02
-9.329915453707215978e-02
-9.322875156225218785e-02
-9.315740389242077590e-02
-9.308511175028955087e-02
-9.301187537569149955e-02
-9.293769502558368867e-02
-9.286257097404609917e-02
-9.278650351228079352e-02
-9.270949294861380308e-02
-9.263153960849279667e-02
-9.255264383448913446e-02
-9.247280598629747939e-02
-9.239202644073418735e-02
-9.231030559173969419e-02
-9.222764385037640622e-02
-9.214404164483025461e-02
-9.205949942041025125e-02
-9.197401763954726750e-02
-9.188759678179614365e-02
-9.180023734383396805e-02
-9.171193983946102080e-02
-9.162270479960077374e-02
-9.153253277229872475e-02
-9.144142432272450716e-02
-9.134938003316905863e-02
-9.125640050304745232e-02
-9.116248634889767555e-02
-9.106763820437979717e-02
-9.097185672027774395e-02
-9.087514256449730210e-02
-9.077749642206767167e-02
-9.067891899514163301e-02
-9.057941100299349291e-02
-9.047897318202174910e-02
-9.037760628574653676e-02
-9.027531108481201549e-02
-9.017208836698514807e-02
-9.006793893715475674e-02
-8.996286361733385473e-02
-8.985686324665703717e-02
-8.974993868138309017e-02
-8.964209079489326992e-02
-8.953332047769102520e-02
-8.942362863740399570e-02
-8.931301619878107001e-02
-8.920148410369549419e-02
-8.908903331114315094e-02
-8.897566479724194899e-02
-8.886137955523404353e-02
-8.874617859548283860e-02
-8.863006294547598474e-02
-8.851303364982399113e-02
-8.839509177025917097e-02
-8.827623838563813941e-02
-8.815647459193892699e-02
-8.803580150226358869e-02
-8.791422024683714920e-02
-8.779173197300643716e-02
-8.766833784524258322e-02
-8.754403904513802237e-02
-8.741883677140943609e-02
-8.729273223989625352e-02
-8.716572668355981879e-02
-8.703782135248572249e-02
-8.690901751388102614e-02
-8.677931645207676015e-02
-8.664871946852692464e-02
-8.651722788180737922e-02
-8.638484302761817446e-02
-8.625156625878083183e-02
-8.611739894524095273e-02
-8.598234247406699726e-02
-8.584639824944939601e-02
-8.570956769270260400e-02
-8.557185224226265818e-02
-8.543325335368967544e-02
-8.529377249966668684e-02
-8.515341116999830540e-02
-8.501217087161389019e-02
-8.487005312856377159e-02
-8.472705948202263748e-02
-8.458319149028792339e-02
-8.443845072877881330e-02
-8.429283879003907076e-02
-8.414635728373365264e-02
-8.399900783665165127e-02
-8.385079209270507317e-02
-8.370171171292750678e-02
-8.355176837547734214e-02
-8.340096377563394059e-02
-8.324929962580085441e-02
-8.309677765550471662e-02
-8.294339961139346462e-02
-8.278916725724005943e-02
-8.263408237393832234e-02
-8.247814675950643215e-02
-8.232136222908525980e-02
-8.216373061493764673e-02
-8.200525376645062536e-02
-8.184593355013281002e-02
-8.168577184961667292e-02
-8.152477056565776703e-02
-8.136293161613328273e-02
-8.120025693604476791e-02
-8.103674847751535237e-02
-8.087240820979213485e-02
-8.070723811924496172e-02
-8.054124020936564987e-02
-8.037441650076992961e-02
-8.020676903119633439e-02
-8.003829985550542370e-02
-7.986901104568211451e-02
-7.969890469083240614e-02
-7.952798289718671088e-02
-7.935624778809796664e-02
-7.918370150404141494e-02
-7.901034148780489152e-02
-7.883615441212715735e-02
-7.866114005396723785e-02
-7.848529924741154407e-02
-7.830863281540811904e-02
-7.813114156976869173e-02
-7.795282631116590144e-02
-7.777368782913601786e-02
-7.759372690207771983e-02
-7.741294429725131820e-02
-7.723134077078053217e-02
-7.704891706765032433e-02
-7.686567392170923219e-02
-7.668161205566792482e-02
-7.649673218109892536e-02
-7.631103499843827631e-02
-7.612452119698309705e-02
-7.593719145489391531e-02
-7.574904643919389002e-02
-7.556008680576759007e-02
-7.537031319936321472e-02
-7.517972625359015115e-02
-7.498832659092119490e-02
-7.479611482269155065e-02
-7.460309154909794405e-02
-7.440925735920084216e-02
-7.421461283092184447e-02
-7.401915853104584775e-02
-7.382289501522026898e-02
-7.362582282795426813e-02
-7.342794250262008049e-02
-7.322925456145179535e-02
-7.302975951554646628e-02
-7.282945786486366702e-02
-7.262835009822460330e-02
-7.242643669331405576e-02
-7.222371811667793740e-02
-7.202019482372562509e-02
-7.181586725872890486e-02
-7.161073585482125026e-02
-7.140480103399937661e-02
-7.119806320712163128e-02
-7.099052277390960342e-02
-7.078218012294712480e-02
-7.057303563167977023e-02
-7.036308966641680041e-02
-7.015234258232844189e-02
-6.994079472344849613e-02
-6.972844642267306270e-02
-6.951529800176009521e-02
-6.930134977133062257e-02
-6.908660203086736118e-02
-6.887105506871629701e-02
-6.865470916208574192e-02
-6.843756457704547325e-02
-6.821962156852925951e-02
-6.800088038033166860e-02
-6.778134124511084324e-02
-6.756100438438744638e-02
-6.733987000854349536e-02
-6.711793831682463796e-02
-6.689520949733795963e-02
-6.667168372705373214e-02
-6.644736117180471968e-02
-6.622224198628506864e-02
-6.599632631405288885e-02
-6.576961428752714500e-02
-6.554210602799043217e-02
-6.531380164558769907e-02
-6.508470123932538764e-02
-6.485480489707351470e-02
-6.462411269556356253e-02
-6.439262470039019970e-02
-6.416034096601053172e-02
-6.392726153574307402e-02
-6.369338644177036102e-02
-6.345871570513578197e-02
-6.322324933574618999e-02
-6.298698733237101388e-02
-6.274992968264100912e-02
-6.251207636305072812e-02
-6.227342733895571691e-02
-6.203398256457529070e-02
-6.179374198299086851e-02
-6.155270552614541812e-02
-6.131087311484578750e-02
-6.106824465875962393e-02
-6.082482005641834388e-02
-6.058059919521568970e-02
-6.033558195140681368e-02
-6.008976819011063730e-02
-5.984315776530713116e-02
-5.959575051983989624e-02
-5.934754628541483168e-02
-5.909854488259916327e-02
-5.884874612082424683e-02
-5.859814979838207094e-02
-5.834675570242842113e-02
-5.809456360898140881e-02
-5.784157328292061084e-02
-5.758778447798929001e-02
-5.733319693679184148e-02
-5.707781039079615204e-02
-5.682162456033260090e-02
-5.656463915459278291e-02
-5.630685387163233968e-02
-5.604826839836776764e-02
-5.578888241057919362e-02
-5.552869557290909808e-02
-5.526770753886137144e-02
-5.500591795080378432e-02
-5.474332643996504544e-02
-5.447993262643743839e-02
-5.421573611917571145e-02
-5.395073651599582853e-02
-5.368493340357785581e-02
-5.341832635746263103e-02
-5.315091494205473333e-02
-5.288269871062087346e-02
-5.261367720528944969e-02
-5.234384995705254617e-02
-5.207321648576335171e-02
-5.180177630013849122e-02
-5.152952889775697098e-02
-5.125647376505929054e-02
-5.098261037734952428e-02
-5.070793819879382269e-02
-5.043245668242024582e-02
-5.015616527012015102e-02
-4.987906339264636113e-02
-4.960115046961499630e-02
-4.932242590950455807e-02
-4.904288910965515225e-02
-4.876253945627045949e-02
-4.848137632441534839e-02
-4.819939907801826240e-02
-4.791660706986983209e-02
-4.763299964162234779e-02
-4.734857612379164693e-02
-4.706333583575489365e-02
-4.677727808575266044e-02
-4.649040217088776239e-02
-4.620270737712467435e-02
-4.591419297929144605e-02
-4.562485824107750942e-02
-4.533470241503539944e-02
-4.504372474258028225e-02
-4.475192445398887275e-02
-4.445930076840134970e-02
-4.416585289381927404e-02
-4.387158002710744853e-02
-4.357648135399325162e-02
-4.328055604906549947e-02
-4.298380327577661086e-02
-4.268622218644038679e-02
-4.238781192223373129e-02
-4.208857161319623508e-02
-4.178850037822892660e-02
-4.148759732509646470e-02
-4.118586155042469610e-02
-4.088329213970286202e-02
-4.057988816728269610e-02
-4.027564869637739742e-02
-3.997057277906379547e-02
-3.966465945628000478e-02
-3.935790775782738171e-02
-3.905031670236988606e-02
-3.874188529743291531e-02
-3.843261253940545574e-02
-3.812249741353784804e-02
-3.781153889394361922e-02
-3.749973594359892748e-02
-3.718708751434135484e-02
-3.687359254687208598e-02
-3.655924997075364613e-02
-3.624405870441177457e-02
-3.592801765513475853e-02
-3.561112571907243396e-02
-3.529338178123815617e-02
-3.497478471550663492e-02
-3.465533338461579405e-02
-3.433502664016618855e-02
-3.401386332261965850e-02
-3.369184226130192417e-02
-3.336896227439983820e-02
-3.304522216896350895e-02
-3.272062074090570372e-02
-3.239515677500043322e-02
-3.206882904488554675e-02
-3.174163631306017863e-02
-3.141357733088659399e-02
-3.108465083858973077e-02
-3.075485556525582587e-02
-3.042419022883495472e-02
-3.009265353613838068e-02
-2.976024418284053952e-02
-2.942696085347860924e-02
-2.909280222145098349e-02
-2.875776694901995001e-02
-2.842185368730895667e-02
-2.808506107630465154e-02
-2.774738774485636938e-02
-2.740883231067470227e-02
-2.706939338033413633e-02
-2.672906954927031786e-02
-2.638785940178205169e-02
-2.604576151103089876e-02
-2.570277443903963566e-02
-2.535889673669500244e-02
-2.501412694374462176e-02
-2.466846358879970502e-02
-2.432190518933395607e-02
-2.397445025168230825e-02
-2.362609727104370005e-02
-2.327684473147795252e-02
-2.292669110590847548e-02
-2.257563485612111565e-02
-2.222367443276306032e-02
-2.187080827534539085e-02
-2.151703481224015446e-02
-2.116235246068291775e-02
-2.080675962677176749e-02
-2.045025470546603386e-02
-2.009283608058899662e-02
-1.973450212482491528e-02
-1.937525119972154097e-02
-1.901508165568913111e-02
-1.865399183199921429e-02
-1.829198005678729644e-02
-1.792904464704976608e-02
-1.756518390864658663e-02
-1.720039613630025555e-02
-1.683467961359444431e-02
-1.646803261297684340e-02
-1.610045339575604667e-02
-1.573194021210422289e-02
-1.536249130105600547e-02
-1.499210489050734063e-02
-1.462077919721806174e-02
-1.424851242680893332e-02
-1.387530277376436416e-02
-1.350114842143117222e-02
-1.312604754201740498e-02
-1.274999829659519135e-02
-1.237299883509748039e-02
-1.199504729632085848e-02
-1.161614180792421014e-02
-1.123628048642796862e-02
-1.085546143721599632e-02
-1.047368275453446768e-02
-1.009094252149119603e-02
-9.707238810057514100e-03
-9.322569681066122937e-03
-8.936933184213041725e-03
-8.550327358056601657e-03
-8.162750230016831837e-03
-7.774199816377298095e-03
-7.384674122282823550e-03
-6.994171141741667430e-03
-6.602688857624348928e-03
-6.210225241663088619e-03
-5.816778254453609104e-03
-5.422345845452918034e-03
-5.026925952981514678e-03
-4.630516504222047247e-03
-4.233115415219002378e-03
-3.834720590880235161e-03
-3.435329924974996757e-03
-3.034941300135929332e-03
-2.633552587857903790e-03
-2.231161648497537522e-03
-1.827766331274947344e-03
-1.423364474271568078e-03
-1.017953904432128409e-03
-6.115324375638078042e-04
-2.040978783354143638e-04
2.043519797207297506e-04
6.138193542111563226e-04
1.024306473878855428e-03
1.435815578604346734e-03
1.848348919406828106e-03
2.261908758441611572e-03
2.676497369003086671e-03
3.092117035522062851e-03
3.508770053566959493e-03
3.926458729844650719e-03
4.345185382198347296e-03
4.764952339610228210e-03
5.185761942198885421e-03
5.607616541220529494e-03
6.030518499069936755e-03
6.454470188252157264e-03
6.879472203096519828e-03
7.305524934456492092e-03
7.732630209916956099e-03
8.160789844620361388e-03
8.590005641264390063e-03
9.020279390104964795e-03
9.451612868953393476e-03
9.884007843177659847e-03
1.031746606570341229e-02
1.075198927701146584e-02
1.118757920514092813e-02
1.162423756568622957e-02
1.206196606179855274e-02
1.250076638418666508e-02
1.294064021111458046e-02
1.338158920840452210e-02
1.382361502943411924e-02
1.426671931513768393e-02
1.471090369400714082e-02
1.515616978208967486e-02
1.560251918299066648e-02
1.604995348787088827e-02
1.649847427544783723e-02
1.694808311199658135e-02
1.739878155134746279e-02
1.785057113488901920e-02
1.830345339156518036e-02
1.875742983787660051e-02
1.921250197788151870e-02
1.966867130319341350e-02
2.012593929298400752e-02
2.058430741398037389e-02
2.104377712046631710e-02
2.150434985428313628e-02
2.196602704482777946e-02
2.242881010905482808e-02
2.289270045147460964e-02
2.335769946415407194e-02
2.382380852671769911e-02
2.429102900634558249e-02
2.475936225777546074e-02
2.522880962330080468e-02
2.569937243277176098e-02
2.617105200359592931e-02
2.664384964073658602e-02
2.711776663671462695e-02
2.759280427160665239e-02
2.806896381304600785e-02
2.854624651622342246e-02
2.902465362388535752e-02
2.950418636633579672e-02
2.998484596143460856e-02
3.046663361459821251e-02
3.094955051880053654e-02
3.143359785457115751e-02
3.191877678999728574e-02
3.240508848072190529e-02
3.289253406994456508e-02
3.338111468842240581e-02
3.387083145446813381e-02
3.436168547395211659e-02
3.485367784030046767e-02
3.534680963449597646e-02
3.584108192507888535e-02
3.633649576814505788e-02
3.683305220734804653e-02
3.733075227389709427e-02
3.782959698655820324e-02
3.832958735165466202e-02
3.883072436306560238e-02
3.933300900222767849e-02
3.983644223813331831e-02
4.034102502733163953e-02
4.084675831392914347e-02
4.135364302958807747e-02
4.186168009352830843e-02
4.237087041252540764e-02
4.288121488091156674e-02
4.339271438057654140e-02
4.390536978096570842e-02
4.441918193908206414e-02
4.493415169948436483e-02
4.545027989428798709e-02
4.596756734316581605e-02
4.648601485334635797e-02
4.700562321961582191e-02
4.752639322431609359e-02
4.804832563734567907e-02
4.857142121616064845e-02
4.909568070577308152e-02
4.962110483875117883e-02
5.014769433522109354e-02
5.067544990286404483e-02
5.120437223691959305e-02
5.173446202018255891e-02
5.226571992300454994e-02
5.279814660329479326e-02
5.333174270651763749e-02
5.386650886569585572e-02
5.440244570140742586e-02
5.493955382178708491e-02
5.547783382252721718e-02
5.601728628687541178e-02
5.655791178563746024e-02
5.709971087717463645e-02
5.764268410740472359e-02
5.818683200980334647e-02
5.873215510540116813e-02
5.927865390278724833e-02
5.982632889810587939e-02
6.037518057505814051e-02
6.092520940490275816e-02
6.147641584645355262e-02
6.202880034608271309e-02
6.258236333771774462e-02
6.313710524284285586e-02
6.369302647049990274e-02
6.425012741728591825e-02
6.480840846735619332e-02
6.536786999242144569e-02
6.592851235174901348e-02
6.649033589216390983e-02
6.705334094804635270e-02
6.761752784133479022e-02
6.818289688152306960e-02
6.874944836566171391e-02
6.931718257835881025e-02
6.988609979177784481e-02
7.045620026564036742e-02
7.102748424722338250e-02
7.159995197136059808e-02
7.217360366044328623e-02
7.274843952441800710e-02
7.332445976078955097e-02
7.390166455461799622e-02
7.448005407852026361e-02
7.505962849267081016e-02
7.564038794479929773e-02
7.622233257019367381e-02
7.680546249169725725e-02
7.738977781971001502e-02
7.797527865218964460e-02
7.856196507464888179e-02
7.914983716015897008e-02
7.973889496934624677e-02
8.032913855039391926e-02
8.092056793904275902e-02
8.151318315858879782e-02
8.210698421988626983e-02
8.270197112134486384e-02
8.329814384893075019e-02
8.389550237616799633e-02
8.449404666413573572e-02
8.509377666147138752e-02
8.569469230436765894e-02
8.629679351657415509e-02
8.690008020939787858e-02
8.750455228170117561e-02
8.811020961990465028e-02
8.871705209798419478e-02
8.932507957747243266e-02
8.993429190745960700e-02
9.054468892459144325e-02
9.115627045307134191e-02
9.176903630465851891e-02
9.238298627866881052e-02
9.299812016197545050e-02
9.361443772900748805e-02
9.423193874175145313e-02
9.485062294974966335e-02
9.547049009010108445e-02
9.609153988746221842e-02
9.671377205404524391e-02
9.733718628961970931e-02
9.796178228151125600e-02
9.858755970460197915e-02
9.921451822133148246e-02
9.984265748169507404e-02
1.004719771232456260e-01
1.011024767710917982e-01
1.017341560378988707e-01
1.023670145238896323e-01
1.030010518168425759e-01
1.036362674920935367e-01
1.042726611125345815e-01
1.049102322286140088e-01
1.055489803783378200e-01
1.061889050872675544e-01
1.068300058685224818e-01
1.074722822227775210e-01
1.081157336382643219e-01
1.087603595907719045e-01
1.094061595436451872e-01
1.100531329477862641e-01
1.107012792416534608e-01
1.113505978512615291e-01
1.120010881901826461e-01
1.126527496595448041e-01
1.133055816480334488e-01
1.139595835318899519e-01
1.146147546749121116e-01
1.152710944284554562e-01
1.159286021314310522e-01
1.165872771103074468e-01
1.172471186791091968e-01
1.179081261394173685e-01
1.185702987803705366e-01
1.192336358786629247e-01
1.198981366985463204e-01
1.205638004918284101e-01
1.212306264978733061e-01
1.218986139436029070e-01
1.225677620434947601e-01
1.232380699995830053e-01
1.239095370014592912e-01
1.245821622262707484e-01
1.252559448387222107e-01
1.259308839910746325e-01
1.266069788231450888e-01
1.272842284623085241e-01
1.279626320234951153e-01
1.286421886091931310e-01
1.293228973094462941e-01
1.300047572018550590e-01
1.306877673515774996e-01
1.313719268113269778e-01
1.320572346213747528e-01
1.327436898095479267e-01
1.334312913912300558e-01
1.341200383693623432e-01
1.348099297344411418e-01
1.355009644645212563e-01
1.361931415252126687e-01
1.368864598696820922e-01
1.375809184386539152e-01
1.382765161604077864e-01
1.389732519507814179e-01
1.396711247131681710e-01
1.403701333385177774e-01
1.410702767053379214e-01
1.417715536796912701e-01
1.424739631151988317e-01
1.431775038530369304e-01
1.438821747219387048e-01
1.445879745381948023e-01
1.452949021056511303e-01
1.460029562157117711e-01
1.467121356473364002e-01
1.474224391670410639e-01
1.481338655288997053e-01
1.488464134745414447e-01
1.495600817331534660e-01
1.502748690214785188e-01
1.509907740438158896e-01
1.517077954920227068e-01
1.524259320455112199e-01
1.531451823712516869e-01
1.538655451237701255e-01
1.545870189451489796e-01
1.553096024650285067e-01
1.560332943006039752e-01
1.567580930566290776e-01
1.574839973254128500e-01
1.582110056868208936e-01
1.589391167082765399e-01
1.596683289447584086e-01
1.603986409388031831e-01
1.611300512205030566e-01
1.618625583075068985e-01
1.625961607050211422e-01
1.633308569058075643e-01
1.640666453901860611e-01
1.648035246260318720e-01
1.655414930687770791e-01
1.662805491614113840e-01
1.670206913344796096e-01
1.677619180060846427e-01
1.685042275818852131e-01
1.692476184550963381e-01
1.699920890064909873e-01
1.707376376043969746e-01
1.714842626047006768e-01
1.722319623508437036e-01
1.729807351738243404e-01
1.737305793921985475e-01
1.744814933120775735e-01
1.752334752271306750e-01
1.759865234185827854e-01
1.767406361552153471e-01
1.774958116933673113e-01
1.782520482769334169e-01
1.790093441373658556e-01
1.797676974936727179e-01
1.805271065524184926e-01
1.812875695077255656e-01
1.820490845412717218e-01
1.828116498222921993e-01
1.835752635075783012e-01
1.843399237414778402e-01
1.851056286558961927e-01
1.858723763702941900e-01
1.866401649916905048e-01
1.874089926146594309e-01
1.881788573213319937e-01
1.889497571813966714e-01
1.897216902520975634e-01
1.904946545782363332e-01
1.912686481921705428e-01
1.920436691138143748e-01
1.928197153506394090e-01
1.935967848976729577e-01
1.943748757374998970e-01
1.951539858402608907e-01
1.959341131636532229e-01
1.967152556529317420e-01
1.974974112409068061e-01
1.982805778479464487e-01
1.990647533819744908e-01
1.998499357384715402e-01
2.006361228004754360e-01
2.014233124385796936e-01
2.022115025109356146e-01
2.030006908632502327e-01
2.037908753287870911e-01
2.045820537283672969e-01
2.053742238703675227e-01
2.061673835507222274e-01
2.069615305529216021e-01
2.077566626480122358e-01
2.085527775945986706e-01
2.093498731388405698e-01
2.101479470144555495e-01
2.109469969427169023e-01
2.117470206324544857e-01
2.125480157800558323e-01
2.133499800694640403e-01
2.141529111721796608e-01
2.149568067472592547e-01
2.157616644413158369e-01
2.165674818885200414e-01
2.173742567105980683e-01
2.181819865168335149e-01
2.189906689040664878e-01
2.198003014566928814e-01
2.206108817466667094e-01
2.214224073334972731e-01
2.222348757642509942e-01
2.230482845735513586e-01
2.238626312835774179e-01
2.246779134040663983e-01
2.254941284323109807e-01
2.263112738531602441e-01
2.271293471390211094e-01
2.279483457498558963e-01
2.287682671331845996e-01
2.295891087240834461e-01
2.304108679451844499e-01
2.312335422066779111e-01
2.320571289063090847e-01
2.328816254293815113e-01
2.337070291487538531e-01
2.345333374248417813e-01
2.353605476056188084e-01
2.361886570266131802e-01
2.370176630109115390e-01
2.378475628691558708e-01
2.386783538995450593e-01
2.395100333878354415e-01
2.403425986073386977e-01
2.411760468189244055e-01
2.420103752710181522e-01
2.428455811996016456e-01
2.436816618282142688e-01
2.445186143679510815e-01
2.453564360174647629e-01
2.461951239629640020e-01
2.470346753782135529e-01
2.478750874245364555e-01
2.487163572508103715e-01
2.495584819934715815e-01
2.504014587765114319e-01
2.512452847114782228e-01
2.520899568974780403e-01
2.529354724211717587e-01
2.537818283567787048e-01
2.546290217660734378e-01
2.554770496983875816e-01
2.563259091906098242e-01
2.571755972671848078e-01
2.580261109401146835e-01
2.588774472089574452e-01
2.597296030608276518e-01
2.605825754703973707e-01
2.614363613998941238e-01
2.622909577991032193e-01
2.631463616053660304e-01
2.640025697435800511e-01
2.648595791262007282e-01
2.657173866532386297e-01
2.665759892122624986e-01
2.674353836783962546e-01
2.682955669143209931e-01
2.691565357702752626e-01
2.700182870840527327e-01
2.708808176810052482e-01
2.717441243740399970e-01
2.726082039636213428e-01
2.734730532377707135e-01
2.743386689720649918e-01
2.752050479296391794e-01
2.760721868611841212e-01
2.769400825049466719e-01
2.778087315867315277e-01
2.786781308198991169e-01
2.795482769053670991e-01
2.804191665316098092e-01
2.812907963746570927e-01
2.821631630980971917e-01
2.830362633530730809e-01
2.839100937782863543e-01
2.847846509999935050e-01
2.856599316320082016e-01
2.865359322757016214e-01
2.874126495200003406e-01
2.882900799413885551e-01
2.891682201039060818e-01
2.900470665591499686e-01
2.909266158462741059e-01
2.918068644919885046e-01
2.926878090105604624e-01
2.935694459038133419e-01
2.944517716611267932e-01
2.953347827594381969e-01
2.962184756632404437e-01
2.971028468245840437e-01
2.979878926830757946e-01
2.988736096658781149e-01
2.997599941877120977e-01
3.006470426508531801e-01
3.015347514451356403e-01
3.024231169479487114e-01
3.033121355242384687e-01
3.042018035265088849e-01
3.050921172948191096e-01
3.059830731567860229e-01
3.068746674275820707e-01
3.077668964099368742e-01
3.086597563941369526e-01
3.095532436580251123e-01
3.104473544670010021e-01
3.113420850740207801e-01
3.122374317195968363e-01
3.131333906317989024e-01
3.140299580262528312e-01
3.149271301061415951e-01
3.158249030622044540e-01
3.167232730727368439e-01
3.176222363035920981e-01
3.185217889081786158e-01
3.194219270274630817e-01
3.203226467899674690e-01
3.212239443117704263e-01
3.221258156965086661e-01
3.230282570353738558e-01
3.239312644071155045e-01
3.248348338780387423e-01
3.257389615020058193e-01
3.266436433204359391e-01
3.275488753623048144e-01
3.284546536441436126e-01
3.293609741700423421e-01
3.302678329316455219e-01
3.311752259081556793e-01
3.320831490663313512e-01
3.329915983604875285e-01
3.339005697324968769e-01
3.348100591117870728e-01
3.357200624153441892e-01
3.366305755477096429e-01
3.375415944009815816e-01
3.384531148548157731e-01
3.393651327764232173e-01
3.402776440205728670e-01
3.411906444295897400e-01
