-3.370594931215453727e-02
-3.370595006198717769e-02
-3.370595490893801838e-02
-3.370596640944301114e-02
-3.370598547231518083e-02
-3.370601171293463594e-02
-3.370604345531846846e-02
-3.370607773211142799e-02
-3.370611028459657987e-02
-3.370613556268375888e-02
-3.370614672492111552e-02
-3.370613563849023109e-02
-3.370608852537948508e-02
-3.370598055461426767e-02
-3.370578771341659063e-02
-3.370548641263360068e-02
-3.370505346375374245e-02
-3.370446607890320578e-02
-3.370370187085303115e-02
-3.370273885301022787e-02
-3.370155543942665588e-02
-3.370013044479502895e-02
-3.369844308444669423e-02
-3.369647297435518496e-02
-3.369420013113400003e-02
-3.369160497203882443e-02
-3.368866831496752923e-02
-3.368537137845351026e-02
-3.368169578167767853e-02
-3.367762354445691386e-02
-3.367313708725028221e-02
-3.366821923116081194e-02
-3.366285319792705621e-02
-3.365702260993375106e-02
-3.365071149020204544e-02
-3.364390426239571852e-02
-3.363658575082295599e-02
-3.362874118042524785e-02
-3.362035617679293154e-02
-3.361141676615098106e-02
-3.360190937536788880e-02
-3.359182083195655366e-02
-3.358113836406229069e-02
-3.356984960048148281e-02
-3.355794257064026453e-02
-3.354540570461583826e-02
-3.353222783312181932e-02
-3.351839818751045641e-02
-3.350390639978062524e-02
-3.348874250256494989e-02
-3.347289692914356962e-02
-3.345636051343525708e-02
-3.343912448999697418e-02
-3.342118049403053348e-02
-3.340252056137549275e-02
-3.338313712851315174e-02
-3.336302303256966084e-02
-3.334217151130491885e-02
-3.332057620312633972e-02
-3.329823114707641807e-02
-3.327513078284249914e-02
-3.325126995075411429e-02
-3.322664389177543143e-02
-3.320124824751902182e-02
-3.317507906023164921e-02
-3.314813277280537207e-02
-3.312040622877354679e-02
-3.309189667230505449e-02
-3.306260174821762376e-02
-3.303251950196095521e-02
-3.300164837963226461e-02
-3.296998722797006565e-02
-3.293753529434662042e-02
-3.290429222678481480e-02
-3.287025807393906263e-02
-3.283543328511084880e-02
-3.279981871024162388e-02
-3.276340900802487965e-02
-3.272618963094631184e-02
-3.268816432091092850e-02
-3.264933786319312858e-02
-3.260971508257437534e-02
-3.256930084333875541e-02
-3.252810004928274878e-02
-3.248611764370590294e-02
-3.244335860941705008e-02
-3.239982796873386306e-02
-3.235553078347619405e-02
-3.231047215497673264e-02
-3.226465722406945957e-02
-3.221809117109941667e-02
-3.217077921592093048e-02
-3.212272661788828643e-02
-3.207393867586860736e-02
-3.202442072823608044e-02
-3.197417815286751619e-02
-3.192321636715389488e-02
-3.187154082798437926e-02
-3.181915703176363408e-02
-3.176607051439983564e-02
-3.171228685130689229e-02
-3.165781165741021752e-02
-3.160265058713607189e-02
-3.154680933442310931e-02
-3.149029363271615978e-02
-3.143310925496489716e-02
-3.137526201362916822e-02
-3.131675776067233130e-02
-3.125760238756836173e-02
-3.119780182529829915e-02
-3.113736204434580657e-02
-3.107628905470782854e-02
-3.101458890588393302e-02
-3.095226768688164043e-02
-3.088933152621953226e-02
-3.082578659191614889e-02
-3.076163909150508857e-02
-3.069689527201946433e-02
-3.063156142000433846e-02
-3.056564386151361390e-02
-3.049914896210159654e-02
-3.043208312683676198e-02
-3.036445280028887694e-02
-3.029626446653832517e-02
-3.022752464917388693e-02
-3.015823991128696591e-02
-3.008841685548047096e-02
-3.001806212386082251e-02
-2.994718239804416982e-02
-2.987578439915372641e-02
-2.980387488781799377e-02
-2.973146066417431399e-02
-2.965854856786576121e-02
-2.958514547804336203e-02
-2.951125831336653960e-02
-2.943689403199911681e-02
-2.936205963161464538e-02
-2.928676214939196498e-02
-2.921100866201653545e-02
-2.913480628568487774e-02
-2.905816217609569208e-02
-2.898108352845873981e-02
-2.890357757748729384e-02
-2.882565159740391181e-02
-2.874731290194088018e-02
-2.866856884433133246e-02
-2.858942681732212776e-02
-2.850989425316097226e-02
-2.842997862360663319e-02
-2.834968743992716256e-02
-2.826902825289101528e-02
-2.818800865278170420e-02
-2.810663626938048054e-02
-2.802491877198454162e-02
-2.794286386939548450e-02
-2.786047930991886190e-02
-2.777777288137261991e-02
-2.769475241107510755e-02
-2.761142576585795538e-02
-2.752780085205852600e-02
-2.744388561551946992e-02
-2.735968804159183421e-02
-2.727521615513239794e-02
-2.719047802050633678e-02
-2.710548174158899926e-02
-2.702023546175524871e-02
-2.693474736389545043e-02
-2.684902567039948451e-02
-2.676307864317006846e-02
-2.667691458361654000e-02
-2.659054183265086024e-02
-2.650396877069782775e-02
-2.641720381768442039e-02
-2.633025543304778893e-02
-2.624313211573348070e-02
-2.615584240418922235e-02
-2.606839487637602204e-02
-2.598079814975440271e-02
-2.589306088129927907e-02
-2.580519176749085375e-02
-2.571719954431328503e-02
-2.562909298726268048e-02
-2.554088091133621674e-02
-2.545257217104346381e-02
-2.536417566040083393e-02
-2.527570031292714070e-02
-2.518715510165492333e-02
-2.509854903911734603e-02
-2.500989117735907818e-02
-2.492119060793296370e-02
-2.483245646189269351e-02
-2.474369790980679440e-02
-2.465492416174419610e-02
-2.456614446728533352e-02
-2.447736811551814995e-02
-2.438860443503276798e-02
-2.429986279393325788e-02
-2.421115259982364876e-02
-2.412248329982014106e-02
-2.403386438054688767e-02
-2.394530536812977672e-02
-2.385681582820797786e-02
-2.376840536592128572e-02
-2.368008362592233240e-02
-2.359186029237014814e-02
-2.350374508892638659e-02
-2.341574777876553881e-02
-2.332787816456405317e-02
-2.324011835534411929e-02
-2.315240033789001117e-02
-2.306472518423974272e-02
-2.297709812422454867e-02
-2.288952431444490898e-02
-2.280200883828031877e-02
-2.271455670588462539e-02
-2.262717285418114344e-02
-2.253986214687153655e-02
-2.245262937443270879e-02
-2.236547925411191962e-02
-2.227841642993588778e-02
-2.219144547270013312e-02
-2.210457087997830250e-02
-2.201779707611928316e-02
-2.193112841224209575e-02
-2.184456916624588629e-02
-2.175812354279726968e-02
-2.167179567334254209e-02
-2.158558961610235194e-02
-2.149950935606770308e-02
-2.141355880500905862e-02
-2.132774180146612686e-02
-2.124206211075652107e-02
-2.115652342497265082e-02
-2.107112936297772521e-02
-2.098588347041419055e-02
-2.090078921969351633e-02
-2.081585001000529900e-02
-2.073106916731437543e-02
-2.064644994435460568e-02
-2.056199552064197356e-02
-2.047770900245882153e-02
-2.039359342286717336e-02
-2.030965174170340504e-02
-2.022588684557402594e-02
-2.014230154786633697e-02
-2.005889858873488585e-02
-1.997568063511323544e-02
-1.989265028071041108e-02
-1.980981004600490536e-02
-1.972716237825444807e-02
-1.964470965148734649e-02
-1.956245416650803648e-02
-1.948039815089797067e-02
-1.939854375900740280e-02
-1.931689307196604588e-02
-1.923544809767419039e-02
-1.915421077080869949e-02
-1.907318295282189879e-02
-1.899236643193691343e-02
-1.891176292315499552e-02
-1.883137406824797466e-02
-1.875120143576536336e-02
-1.867124652103124838e-02
-1.859151074614051602e-02
-1.851199545996640161e-02
-1.843270193815294000e-02
-1.835363138312140485e-02
-1.827478492406764410e-02
-1.819616361695852724e-02
-1.811776844453971691e-02
-1.803960031632678707e-02
-1.796166006861277253e-02
-1.788394846446594855e-02
-1.780646619372494577e-02
-1.772921387300718798e-02
-1.765219204570023237e-02
-1.757540118196909695e-02
-1.749884167875448426e-02
-1.742251385976567590e-02
-1.734641797549341113e-02
-1.727055420319656420e-02
-1.719492264691235839e-02
-1.711952333745303534e-02
-1.704435623240030395e-02
-1.696942121611666465e-02
-1.689471809973297489e-02
-1.682024662115799707e-02
-1.674600644507662217e-02
-1.667199716294187617e-02
-1.659821829298824269e-02
-1.652466928021878445e-02
-1.645134949641424704e-02
-1.637825824013128262e-02
-1.630539473669490036e-02
-1.623275813821156710e-02
-1.616034752355655080e-02
-1.608816189838235822e-02
-1.601620019511718063e-02
-1.594446127295867655e-02
-1.587294391788462988e-02
-1.580164684264229180e-02
-1.573056868675637432e-02
-1.565970801652727395e-02
-1.558906332502396630e-02
-1.551863303209732869e-02
-1.544841548436481915e-02
-1.537840895522402107e-02
-1.530861164484709214e-02
-1.523902168017565728e-02
-1.516963711493146683e-02
-1.510045592960485017e-02
-1.503147603146515188e-02
-1.496269525455629079e-02
-1.489411135969143096e-02
-1.482572203446452797e-02
-1.475752489323811645e-02
-1.468951747715330214e-02
-1.462169725412598709e-02
-1.455406161884109650e-02
-1.448660789276523531e-02
-1.441933332413181112e-02
-1.435223508795457903e-02
-1.428531028602098019e-02
-1.421855594688858915e-02
-1.415196902589510586e-02
-1.408554640514658729e-02
-1.401928489352832763e-02
-1.395318122669997329e-02
-1.388723206709063795e-02
-1.382143400391000476e-02
-1.375578355313633594e-02
-1.369027715752690888e-02
-1.362491118661313116e-02
-1.355968193669587762e-02
-1.349458563085792484e-02
-1.342961841894774189e-02
-1.336477637759547754e-02
-1.330005551020452259e-02
-1.323545174694795712e-02
-1.317096094477920865e-02
-1.310657888742039479e-02
-1.304230128537309241e-02
-1.297812377591145427e-02
-1.291404192308132082e-02
-1.285005121770876890e-02
-1.278614707738701117e-02
-1.272232484648960771e-02
-1.265857979616302753e-02
-1.259490712432509429e-02
-1.253130195567198069e-02
-1.246775934167321243e-02
-1.240427426057033600e-02
-1.234084161738280283e-02
-1.227745624390064183e-02
-1.221411289869178685e-02
-1.215080626709796885e-02
-1.208753096123227344e-02
-1.202428151998657935e-02
-1.196105240902234357e-02
-1.189783802077992725e-02
-1.183463267447260048e-02
-1.177143061608587615e-02
-1.170822601838306110e-02
-1.164501298089781756e-02
-1.158178552994237887e-02
-1.151853761860210934e-02
-1.145526312673417202e-02
-1.139195586097419000e-02
-1.132860955472803077e-02
-1.126521786817846760e-02
-1.120177438828429128e-02
-1.113827262877387092e-02
-1.107470603015492383e-02
-1.101106795970541175e-02
-1.094735171148009112e-02
-1.088355050630951393e-02
-1.081965749179403247e-02
-1.075566574231345829e-02
-1.069156825901729224e-02
-1.062735796983260705e-02
-1.056302772946160484e-02
-1.049857031937706520e-02
-1.043397844783033879e-02
-1.036924474984290967e-02
-1.030436178721394480e-02
-1.023932204851751848e-02
-1.017411794909828249e-02
-1.010874183107945967e-02
-1.004318596335496139e-02
-9.977442541595271663e-03
-9.911503688246892096e-03
-9.845361452526013579e-03
-9.779007810428064218e-03
-9.712434664718827548e-03
-9.645633844940770807e-03
-9.578597107412267775e-03
-9.511324893624273358e-03
-9.443863071011526777e-03
-9.376212219733393027e-03
-9.308363528574559176e-03
-9.240308198507518611e-03
-9.172037442689018327e-03
-9.103542486467719463e-03
-9.034814567375537564e-03
-8.965844935135303118e-03
-8.896624851658541111e-03
-8.827145591039364803e-03
-8.757398439565577952e-03
-8.687374695707683614e-03
-8.617065670126655696e-03
-8.546462685672606696e-03
-8.475557077377571247e-03
-8.404340192468273685e-03
-8.332803390353471507e-03
-8.260938042632615108e-03
-8.188735533094071428e-03
-8.116187257708684655e-03
-8.043284624641211522e-03
-7.970019054238774991e-03
-7.896381979039412968e-03
-7.822364843770024390e-03
-7.747959105339763397e-03
-7.673156232851807701e-03
-7.597947707591812261e-03
-7.522325023036124936e-03
-7.446279684850010128e-03
-7.369803210880987443e-03
-7.292887131170933124e-03
-7.215522987943756572e-03
-7.137702335614115601e-03
-7.059416740785806610e-03
-6.980657782244992227e-03
-6.901417050971858647e-03
-6.821686150127959092e-03
-6.741456695067427063e-03
-6.660720313332202380e-03
-6.579468644646480069e-03
-6.497693340929366901e-03
-6.415386066280615029e-03
-6.332538496992667909e-03
-6.249142321545941847e-03
-6.165189240603330401e-03
-6.080670967021972739e-03
-5.995579225840097504e-03
-5.909905754288902191e-03
-5.823642301786946529e-03
-5.736780629935378517e-03
-5.649312512530202390e-03
-5.561229735547790209e-03
-5.472524097157704936e-03
-5.383187407717038298e-03
-5.293211489765525801e-03
-5.202588178037148570e-03
-5.111309319447143729e-03
-5.019366773103273172e-03
-4.926752410301160623e-03
-4.833458114518685012e-03
-4.739475781428692525e-03
-4.644797318884508197e-03
-4.549414646932370410e-03
-4.453319697806323862e-03
-4.356504415922834994e-03
-4.258960757892921167e-03
-4.160680692508467171e-03
-4.061656200754160118e-03
-3.961879275802382416e-03
-3.861341923008049237e-03
-3.760036159920626675e-03
-3.657954016270392739e-03
-3.555087533980760828e-03
-3.451428767161646149e-03
-3.346969782107245273e-03
-3.241702657303752177e-03
-3.135619483424084697e-03
-3.028712363325913870e-03
-2.920973412058852636e-03
-2.812394756855657318e-03
-2.702968537140915117e-03
-2.592686904525881575e-03
-2.481542022806731973e-03
-2.369526067971458594e-03
-2.256631228191252614e-03
-2.142849703829094454e-03
-2.028173707434716144e-03
-1.912595463742630675e-03
-1.796107209679348449e-03
-1.678701194354384474e-03
-1.560369679069223414e-03
-1.441104937311948886e-03
-1.320899254755578123e-03
-1.199744929264931481e-03
-1.077634270888042090e-03
-9.545596018647670156e-04
-8.305132566216247292e-04
-7.054875817700187457e-04
-5.794749361132424392e-04
-4.524676906380448171e-04
-3.244582285217081918e-04
-1.954389451301972308e-04
-6.540224801297820495e-05
6.565944308789106038e-05
1.977536962482449867e-04
3.308880673513897586e-04
4.650701000932684626e-04
6.003073259863225819e-04
7.366072643490706451e-04
8.739774223199409109e-04
1.012425294843473378e-03
1.151958364677192759e-03
1.292584102395126500e-03
1.434309966377375622e-03
1.577143402823916185e-03
1.721091845740915782e-03
1.866162716947436517e-03
2.012363426079133433e-03
2.159701370577624124e-03
2.308183935704533063e-03
2.457818494527544417e-03
2.608612407927354826e-03
2.760573024601142844e-03
2.913707681052146725e-03
3.068023701603611597e-03
3.223528398384689631e-03
3.380229071337753632e-03
3.538133008221505671e-03
3.697247484600790779e-03
3.857579763860391475e-03
4.019137097191122221e-03
4.181926723596823825e-03
4.345955869897916157e-03
4.511231750720767764e-03
4.677761568511656920e-03
4.845552513523060378e-03
5.014611763820397972e-03
5.184946485285640838e-03
5.356563831606736548e-03
5.529470944291570156e-03
5.703674952654197439e-03
5.879182973821617253e-03
6.056002112737324250e-03
6.234139462150900535e-03
6.413602102631865698e-03
6.594397102555660251e-03
6.776531518111084118e-03
6.960012393303127709e-03
7.144846759942868886e-03
7.331041637661461774e-03
7.518604033896147953e-03
7.707540943896973307e-03
7.897859350729896644e-03
8.089566225269795297e-03
8.282668526207237480e-03
8.477173200041598911e-03
8.673087181084726538e-03
8.870417391464158197e-03
9.069170741116128198e-03
9.269354127792950315e-03
9.470974437055690309e-03
9.674038542277552111e-03
9.878553304647597066e-03
1.008452557316402709e-02
1.029196218464040191e-02
1.050086996369931081e-02
1.071125572277570326e-02
1.092312626212044169e-02
1.113648836979275192e-02
1.135134882166821679e-02
1.156771438143094910e-02
1.178559180057742184e-02
1.200498781841985441e-02
1.222590916207949574e-02
1.244836254649317464e-02
1.267235467440658292e-02
1.289789223637788362e-02
1.312498191078098619e-02
1.335363036379844104e-02
1.358384424942882251e-02
1.381563020947951248e-02
1.404899487357003096e-02
1.428394485913597745e-02
1.452048677142148136e-02
1.475862720348680712e-02
1.499837273620063804e-02
1.523972993824429523e-02
1.548270536611484616e-02
1.572730556411805480e-02
1.597353706437576459e-02
1.622140638681823788e-02
1.647092003918837477e-02
1.672208451704482179e-02
1.697490630375497744e-02
1.722939187050187559e-02
1.748554767627807927e-02
1.774338016788745698e-02
1.800289577995062285e-02
1.826410093489627684e-02
1.852700204296930941e-02
1.879160550222336301e-02
1.905791769852449580e-02
1.932594500555440131e-02
1.959569378480363611e-02
1.986717038557872517e-02
2.014038114499483445e-02
2.041533238797943461e-02
2.069203042727585373e-02
2.097048156343794822e-02
2.125069208482899263e-02
2.153266826763056141e-02
2.181641637582942828e-02
2.210194266123233220e-02
2.238925336345265471e-02
2.267835470991652613e-02
2.296925291586626727e-02
2.326195418435061946e-02
2.355646470623817823e-02
2.385279066020351557e-02
2.415093821273450736e-02
2.445091351813488689e-02
2.475272271851525208e-02
2.505637194380549992e-02
2.536186731174205899e-02
2.566921492787399561e-02
2.597842088556712170e-02
2.628949126599322561e-02
2.660243213814394991e-02
2.691724955881713566e-02
2.723394957262359473e-02
2.755253821199077358e-02
2.787302149715198407e-02
2.819540543616028128e-02
2.851969602487536282e-02
2.884589924696945307e-02
2.917402107393152200e-02
2.950406746505640498e-02
2.983604436745912469e-02
3.016995771606056920e-02
3.050581343359470843e-02
3.084361743061203587e-02
3.118337560546902143e-02
3.152509384434221129e-02
3.186877802121423908e-02
3.221443399788037620e-02
3.256206762395286169e-02
3.291168473684991103e-02
3.326329116180914980e-02
3.361689271187506822e-02
3.397249518790468326e-02
3.433010437857175745e-02
3.468972606035591877e-02
3.505136599755664939e-02
3.541502994227962997e-02
3.578072363444373405e-02
3.614845280178413667e-02
3.651822315984210032e-02
3.689004041197885275e-02
3.726391024936148710e-02
3.763983835097051145e-02
3.801783038360262434e-02
3.839789200186072282e-02
3.878002884816755813e-02
3.916424655275196898e-02
3.955055073365587592e-02
3.993894699673761206e-02
4.032944093566159793e-02
4.072203813191210831e-02
4.111674415477972744e-02
4.151356456136801043e-02
4.191250489659648082e-02
4.231357069319141573e-02
4.271676747169883548e-02
4.312210074047095887e-02
4.352957599567242042e-02
4.393919872128471127e-02
4.435097438909574308e-02
4.476490845871272661e-02
4.518100637754929316e-02
4.559927358083237792e-02
4.601971549160421837e-02
4.644233752071591503e-02
4.686714506683453685e-02
4.729414351643601577e-02
4.772333824380847744e-02
4.815473461105579389e-02
4.858833796809136629e-02
4.902415365264345404e-02
4.946218699024917953e-02
4.990244329425874703e-02
5.034492786583744106e-02
5.078964599395985324e-02
5.123660295541609955e-02
5.168580401480515896e-02
5.213725442453864822e-02
5.259096741708968459e-02
5.304697689256565596e-02
5.350528508034724240e-02
5.396589081560354551e-02
5.442879289585955682e-02
5.489399008099815624e-02
5.536148109325367273e-02
5.583126461722054401e-02
5.630333929984221442e-02
5.677770375041957251e-02
5.725435654061050705e-02
5.773329620442524401e-02
5.821452123823211977e-02
5.869803010075136385e-02
5.918382121305820753e-02
5.967189295858621456e-02
6.016224368312084181e-02
6.065487169480543450e-02
6.114977526413634124e-02
6.164695262396313602e-02
6.214640196949550166e-02
6.264812145829345980e-02
6.315210921027647473e-02
6.365836330771479368e-02
6.416688179523477586e-02
6.467766267982044681e-02
6.519070393080750314e-02
6.570600347989041801e-02
6.622355922111533566e-02
6.674336901088340213e-02
6.726543066795365178e-02
6.778974197343790031e-02
6.831630067080540769e-02
6.884510446587799315e-02
6.937615102683136747e-02
6.990943798420046207e-02
7.044496293087343375e-02
7.098272342209099861e-02
7.152271697545375950e-02
7.206494107091221402e-02
7.260939315077630241e-02
7.315607061970919034e-02
7.370497084472704685e-02
7.425609115520570569e-02
7.480942884287022920e-02
7.536498116180800899e-02
7.592274532845588730e-02
7.648271852160526407e-02
7.704489788240764803e-02
7.760928051436355446e-02
7.817586348333516177e-02
7.874464381753454312e-02
7.931561850752899545e-02
7.988878450624503635e-02
8.046413872895841202e-02
8.104167805330675378e-02
8.162139931927714365e-02
8.220329932921255356e-02
8.278737484781450995e-02
8.337362260213376786e-02
8.396203928158429974e-02
8.455262153792753033e-02
8.514536598528188449e-02
8.574026920012411956e-02
8.633732772128088762e-02
8.693653804994050383e-02
8.753789664964028994e-02
8.814139994627390173e-02
8.874704432809354948e-02
8.935482614570067206e-02
8.996474171205903758e-02
9.057678730248186483e-02
9.119095915463693025e-02
9.180725346855322933e-02
9.242566640660632160e-02
9.304619409353565018e-02
9.366883261642944269e-02
9.429357802473181671e-02
9.492042633024522225e-02
9.554937350712222610e-02
9.618041549187683614e-02
9.681354818337251089e-02
9.744876744282859882e-02
9.808606909382322492e-02
9.872544892228374280e-02
9.936690267650005737e-02
1.000104260671108580e-01
1.006560147671102801e-01
1.013036644118521235e-01
1.019533705990389727e-01
1.026051288887357416e-01
1.032589348033563503e-01
1.039147838276708313e-01
1.045726714088077713e-01
1.052325929562454299e-01
1.058945438418235074e-01
1.065585193997318214e-01
1.072245149265151909e-01
1.078925256810778777e-01
1.085625468846727060e-01
1.092345737209159395e-01
1.099086013357715164e-01
1.105846248375601526e-01
1.112626392969611189e-01
1.119426397470029144e-01
1.126246211830763677e-01
1.133085785629213138e-01
1.139945068066336997e-01
1.146824007966678050e-01
1.153722553778278037e-01
1.160640653572793113e-01
1.167578255045380597e-01
1.174535305514745609e-01
1.181511751923187692e-01
1.188507540836509779e-01
1.195522618444111451e-01
1.202556930558902337e-01
1.209610422617344305e-01
1.216683039679482548e-01
1.223774726428883408e-01
1.230885427172692115e-01
1.238015085841572827e-01
1.245163645989741941e-01
1.252331050794999179e-01
1.259517243058658753e-01
1.266722165205618200e-01
1.273945759284305090e-01
1.281187966966674807e-01
1.288448729548288263e-01
1.295727987948214199e-01
1.303025682709098021e-01
1.310341753997121828e-01
1.317676141601993312e-01
1.325028784937032356e-01
1.332399623039040026e-01
1.339788594568447344e-01
1.347195637809157631e-01
1.354620690668657534e-01
1.362063690677999261e-01
1.369524574991751731e-01
1.377003280388087170e-01
1.384499743268670091e-01
1.392013899658735010e-01
1.399545685207090884e-01
1.407095035186058940e-01
1.414661884491561494e-01
1.422246167643017589e-01
1.429847818783411828e-01
1.437466771679312139e-01
1.445102959720794278e-01
1.452756315921521768e-01
1.460426772918679283e-01
1.468114262972997075e-01
1.475818717968797600e-01
1.483540069413908924e-01
1.491278248439744658e-01
1.499033185801250667e-01
1.506804811876900629e-01
1.514593056668775972e-01
1.522397849802450409e-01
1.530219120527109844e-01
1.538056797715432467e-01
1.545910809863655366e-01
1.553781085091601177e-01
1.561667551142611465e-01
1.569570135383613341e-01
1.577488764805039523e-01
1.585423366020890512e-01
1.593373865268734590e-01
1.601340188409676735e-01
1.609322260928358617e-01
1.617320007933007453e-01
1.625333354155356069e-01
1.633362223950745040e-01
1.641406541298020549e-01
1.649466229799569916e-01
1.657541212681388210e-01
1.665631412792945021e-01
1.673736752607339895e-01
1.681857154221173545e-01
1.689992539354587819e-01
1.698142829351327876e-01
1.706307945178617835e-01
1.714487807427311772e-01
1.722682336311760487e-01
1.730891451669860359e-01
1.739115072963106634e-01
1.747353119276473521e-01
1.755605509318587387e-01
1.763872161421522478e-01
1.772152993540951904e-01
1.780447923256103238e-01
1.788756867769731862e-01
1.797079743908183147e-01
1.805416468121312512e-01
1.813766956482529835e-01
1.822131124688826098e-01
1.830508888060697892e-01
1.838900161542258438e-01
1.847304859701099922e-01
1.855722896728391191e-01
1.864154186438882199e-01
1.872598642270815184e-01
1.881056177286053455e-01
1.889526704169961491e-01
1.898010135231436024e-01
1.906506382402999300e-01
1.915015357240634764e-01
1.923536970923960254e-01
1.932071134256094780e-01
1.940617757663689602e-01
1.949176751197017055e-01
1.957748024529810671e-01
1.966331486959451702e-01
1.974927047406800362e-01
1.983534614416275765e-01
1.992154096155882570e-01
2.000785400417126603e-01
2.009428434615134762e-01
2.018083105788508469e-01
2.026749320599439130e-01
2.035426985333672611e-01
2.044116005900469268e-01
2.052816287832710529e-01
2.061527736286752344e-01
2.070250256042531767e-01
2.078983751503558075e-01
2.087728126696837272e-01
2.096483285273000874e-01
2.105249130506177124e-01
2.114025565294026521e-01
2.122812492157835074e-01
2.131609813242354434e-01
2.140417430315961766e-01
2.149235244770544284e-01
2.158063157621517014e-01
2.166901069507916056e-01
2.175748880692243148e-01
2.184606491060634426e-01
2.193473800122727191e-01
2.202350707011691000e-01
2.211237110484307600e-01
2.220132908920842141e-01
2.229038000325189728e-01
2.237952282324715547e-01
2.246875652170365889e-01
2.255808006736659266e-01
2.264749242521628680e-01
2.273699255646906003e-01
2.282657941857615391e-01
2.291625196522462105e-01
2.300600914633710303e-01
2.309584990807151961e-01
2.318577319282164595e-01
2.327577793921635774e-01
2.336586308212011964e-01
2.345602755263320738e-01
2.354627027809104156e-01
2.363659018206480944e-01
2.372698618436110962e-01
2.381745720102177444e-01
2.390800214432471371e-01
2.399861992278276013e-01
2.408930944114482386e-01
2.418006960039482678e-01
2.427089929775223531e-01
2.436179742667241577e-01
2.445276287684583494e-01
2.454379453419890389e-01
2.463489128089300095e-01
2.472605199532527109e-01
2.481727555212844827e-01
2.490856082217054457e-01
2.499990667255556076e-01
2.509131196662242047e-01
2.518277556394572514e-01
2.527429632033579843e-01
2.536587308783819772e-01
2.545750471473438026e-01
2.554919004554085937e-01
2.564092792100969298e-01
2.573271717812879444e-01
2.582455665012131085e-01
2.591644516644606711e-01
2.600838155279725505e-01
2.610036463110434468e-01
2.619239321953292787e-01
2.628446613248351937e-01
2.637658218059257820e-01
2.646874017073175267e-01
2.656093890600810248e-01
2.665317718576467598e-01
2.674545380557975527e-01
2.683776755726685614e-01
2.693011722887557191e-01
2.702250160469037432e-01
2.711491946523185703e-01
2.720736958725566979e-01
2.729985074375309573e-01
2.739236170395105141e-01
2.748490123331164270e-01
2.757746809353309736e-01
2.767006104254843279e-01
2.776267883452647744e-01
2.785532021987173756e-01
2.794798394522381990e-01
2.804066875345845311e-01
2.813337338368624430e-01
