6.093439600037007686e+00
6.081222253783051812e+00
6.069004903313746979e+00
6.056787544288205538e+00
6.044570172239033923e+00
6.032352782684082371e+00
6.020135371127094182e+00
6.007917933057707494e+00
5.995700463951455284e+00
5.983482959269761814e+00
5.971265414459947962e+00
5.959047824955228556e+00
5.946830159879268329e+00
5.934612381776506851e+00
5.922394492298813873e+00
5.910176493390471464e+00
5.897958387029301974e+00
5.885740175226673365e+00
5.873521860027500985e+00
5.861303443510236910e+00
5.849084927786885935e+00
5.836866315002989580e+00
5.824647607337636757e+00
5.812428807003461095e+00
5.800209916246639175e+00
5.787990937346892295e+00
5.775771872617483815e+00
5.763552724405224481e+00
5.751333495090467984e+00
5.739114187087109187e+00
5.726894802842591226e+00
5.714675344837899296e+00
5.702455815587562427e+00
5.690236217639655258e+00
5.678016553575793601e+00
5.665796826011141540e+00
5.653577037594401666e+00
5.641357191007827510e+00
5.629137288967211106e+00
5.616917334221890989e+00
5.604697329554749530e+00
5.592477277782212930e+00
5.580257181754251228e+00
5.568037044354379184e+00
5.555816868499655392e+00
5.543596657140683170e+00
5.531376413261607006e+00
5.519156139880120548e+00
5.506935840047455955e+00
5.494715516848394543e+00
5.482495173401257915e+00
5.470274812857914171e+00
5.458054438403774355e+00
5.445834053257792462e+00
5.433613660672469869e+00
5.421393263933849127e+00
5.409172866361517507e+00
5.396952471308607002e+00
5.384732082161793443e+00
5.372511702341296491e+00
5.360291335300880533e+00
5.348070984527852900e+00
5.335850653543067423e+00
5.323630345900917327e+00
5.311410065189345886e+00
5.299189815029835771e+00
5.286969599077415261e+00
5.274749421020657358e+00
5.262529284581678901e+00
5.250309193516139672e+00
5.238089151613246841e+00
5.225869162695746084e+00
5.213649230619934016e+00
5.201429359275643982e+00
5.189209552586259377e+00
5.176989814508704768e+00
5.164770149033449442e+00
5.152550560184507411e+00
5.140331052019434743e+00
5.128111628629334007e+00
5.115892294138851604e+00
5.103673052706175994e+00
5.091453908523042138e+00
5.079234865814726163e+00
5.067015928840052474e+00
5.054797101891386646e+00
5.042578389294636310e+00
5.030359795409258261e+00
5.018141324628249578e+00
5.005922981378153835e+00
4.993704770119057557e+00
4.981486695344590210e+00
4.969268761581926874e+00
4.957050973391787352e+00
4.944833328141205797e+00
4.932615812690418267e+00
4.920398426535766312e+00
4.908181169639110664e+00
4.895964041970123581e+00
4.883747043506285301e+00
4.871530174232886701e+00
4.859313434143030186e+00
4.847096823237629692e+00
4.834880341525407133e+00
4.822663989022897724e+00
4.810447765754443772e+00
4.798231671752200889e+00
4.786015707056134438e+00
4.773799871714019538e+00
4.761584165781443723e+00
4.749368589321800727e+00
4.737153142406299366e+00
4.724937825113958212e+00
4.712722637531605585e+00
4.700507579753878673e+00
4.688292651883226192e+00
4.676077854029910164e+00
4.663863186311997922e+00
4.651648648855371881e+00
4.639434241793723324e+00
4.627219965268551505e+00
4.615005819429170764e+00
4.602791804432702527e+00
4.590577920444082416e+00
4.578364167636051363e+00
4.566150546189162718e+00
4.553937056291784025e+00
4.541723698140087251e+00
4.529510471938061222e+00
4.517297377897499189e+00
4.505084416238008593e+00
4.492871587187006632e+00
4.480658890979721143e+00
4.468446327859188827e+00
4.456233898076260580e+00
4.444021601889593498e+00
4.431809439565657982e+00
4.419597411378732410e+00
4.407385517610910242e+00
4.395173758552090248e+00
4.382962134499983620e+00
4.370750645760113073e+00
4.358539292645811969e+00
4.346328075478221642e+00
4.334116994586296734e+00
4.321906050306800751e+00
4.309695242984307839e+00
4.297484572971204564e+00
4.285274040627684577e+00
4.273063646321754838e+00
4.260853390429230281e+00
4.248643273333739145e+00
4.236433295426719425e+00
4.224223457107416202e+00
4.212013758782892303e+00
4.199804200868012316e+00
4.187594783785457686e+00
4.175385507965718723e+00
4.163176373847095491e+00
4.150967381875698692e+00
4.138758532505447896e+00
4.126549826198077753e+00
4.114341263423130002e+00
4.102132844657955246e+00
4.089924570387720948e+00
4.077716441105396328e+00
4.065508457311769241e+00
4.053300619515432857e+00
4.041092928232793646e+00
4.028885383988066948e+00
4.016677987313277853e+00
4.004470738748263869e+00
3.992263638840673146e+00
3.980056688145963140e+00
3.967849887227401950e+00
3.955643236656067430e+00
3.943436737010849846e+00
3.931230388878449222e+00
3.919024192853375776e+00
3.906818149537950369e+00
3.894612259473196225e+00
3.882406517983589378e+00
3.870200921833884866e+00
3.857995470871814714e+00
3.845790164939870692e+00
3.833585003875310981e+00
3.821379987510152620e+00
3.809175115671178169e+00
3.796970388179932598e+00
3.784765804852721072e+00
3.772561365500615160e+00
3.760357069929444851e+00
3.748152917939806539e+00
3.735948909327057699e+00
3.723745043881317329e+00
3.711541321387469949e+00
3.699337741625158937e+00
3.687134304368794968e+00
3.674931009387546688e+00
3.662727856445348262e+00
3.650524845300896715e+00
3.638321975707648814e+00
3.626119247413828184e+00
3.613916660162417749e+00
3.601714213691163735e+00
3.589511907732576113e+00
3.577309742013927707e+00
3.565107716257252868e+00
3.552905830179348357e+00
3.540704083491773790e+00
3.528502475900852531e+00
3.516301007107670795e+00
3.504099676808075881e+00
3.491898484692677940e+00
3.479697430446849982e+00
3.467496513750728315e+00
3.455295734279212994e+00
3.443095091701964261e+00
3.430894585683405218e+00
3.418694215882723153e+00
3.406493981953866879e+00
3.394293883545549839e+00
3.382093920301245671e+00
3.369894091859190866e+00
3.357694397852385659e+00
3.345494837908592700e+00
3.333295411650338380e+00
3.321096118694908839e+00
3.308896958654355291e+00
3.296697931135490478e+00
3.284499035739890882e+00
3.272300272063894511e+00
3.260101639698603115e+00
3.247903138229879527e+00
3.235704767238350321e+00
3.223506526299405373e+00
3.211308414983196080e+00
3.199110432854637143e+00
3.186912579473405227e+00
3.174714854393939412e+00
3.162517257165443407e+00
3.150319787331881560e+00
3.138122444431981961e+00
3.125925227999234668e+00
3.113728137561892595e+00
3.101531172642971068e+00
3.089334332760249158e+00
3.077137617426268346e+00
3.064941026148330305e+00
3.052744558428503563e+00
3.040548213763615504e+00
3.028351991645258146e+00
3.016155891559786806e+00
3.003959912988316550e+00
2.991764055406728851e+00
2.979568318285664041e+00
2.967372701090528864e+00
2.955177203281489806e+00
2.942981824313477102e+00
2.930786563636184283e+00
2.918591420694065963e+00
2.906396394926340943e+00
2.894201485766990434e+00
2.882006692644756285e+00
2.869812014983146753e+00
2.857617452200428954e+00
2.845423003709635523e+00
2.833228668918560622e+00
2.821034447229759490e+00
2.808840338040553775e+00
2.796646340743023096e+00
2.784452454724014370e+00
2.772258679365134704e+00
2.760065014042752285e+00
2.747871458128002597e+00
2.735678010986778652e+00
2.723484671979739868e+00
2.711291440462306301e+00
2.699098315784661750e+00
2.686905297291752426e+00
2.674712384323285619e+00
2.662519576213734140e+00
2.650326872299058945e+00
2.638134275379793170e+00
2.625941787625062140e+00
2.613749408267397989e+00
2.601557136542817616e+00
2.589364971690818251e+00
2.577172912954381445e+00
2.564980959579969522e+00
2.552789110817527352e+00
2.540597365920484130e+00
2.528405724145748490e+00
2.516214184753713834e+00
2.504022747008255667e+00
2.491831410176729378e+00
2.479640173529977343e+00
2.467449036342319602e+00
2.455257997891562294e+00
2.443067057458991886e+00
2.430876214329376950e+00
2.418685467790971266e+00
2.406494817135506725e+00
2.394304261658201760e+00
2.382113800657754243e+00
2.369923433436347260e+00
2.357733159299643333e+00
2.345542977556788422e+00
2.333352887520412366e+00
2.321162888506624888e+00
2.308972979835020922e+00
2.296783160828676174e+00
2.284593430814147563e+00
2.272403789121476780e+00
2.260214235084186729e+00
2.248024768039283749e+00
2.235835387327255397e+00
2.223646092292070442e+00
2.211456882281183312e+00
2.199267756645528316e+00
2.187078714739524532e+00
2.174889755921070478e+00
2.162700879551548105e+00
2.150512084995823248e+00
2.138323371622242508e+00
2.126134738802635926e+00
2.113946185912315645e+00
2.101757712330075023e+00
2.089569317438191742e+00
2.077381000622424700e+00
2.065192761272015787e+00
2.053004598779688994e+00
2.040816512541649974e+00
2.028628501957589148e+00
2.016440566430675485e+00
2.004252705367564946e+00
1.992064918178392485e+00
1.979877204276776048e+00
1.967689563079817683e+00
1.955501994008099320e+00
1.943314496485688547e+00
1.931127069940131058e+00
1.918939713802459535e+00
1.906752427507185876e+00
1.894565210492304752e+00
1.882378062199295377e+00
1.870190982073116182e+00
1.858003969562211255e+00
1.845817024118505012e+00
1.833630145197403749e+00
1.821443332257798975e+00
1.809256584762060971e+00
1.797069902176046119e+00
1.784883283969090462e+00
1.772696729614012812e+00
1.760510238587116305e+00
1.748323810368183517e+00
1.736137444440482680e+00
1.723951140290761908e+00
1.711764897409252306e+00
1.699578715289668640e+00
1.687392593429205778e+00
1.675206531328543802e+00
1.663020528491842898e+00
1.650834584426746465e+00
1.638648698644380897e+00
1.626462870659353355e+00
1.614277099989755992e+00
1.602091386157160402e+00
1.589905728686623609e+00
1.577720127106682302e+00
1.565534580949356602e+00
1.553349089750150291e+00
1.541163653048047255e+00
1.528978270385516147e+00
1.516792941308506171e+00
1.504607665366449298e+00
1.492422442112261161e+00
1.480237271102338159e+00
1.468052151896560353e+00
1.455867084058289684e+00
1.443682067154369308e+00
1.431497100755127594e+00
1.419312184434372792e+00
1.407127317769396813e+00
1.394942500340973668e+00
1.382757731733358808e+00
1.370573011534292673e+00
1.358388339334994477e+00
1.346203714730169754e+00
1.334019137318003478e+00
1.321834606700163617e+00
1.309650122481802459e+00
1.297465684271551289e+00
1.285281291681527494e+00
1.273096944327328339e+00
1.260912641828033642e+00
1.248728383806207765e+00
1.236544169887894284e+00
1.224359999702622437e+00
1.212175872883401340e+00
1.199991789066723102e+00
1.187807747892563937e+00
1.175623749004379492e+00
1.163439792049110855e+00
1.151255876677178991e+00
1.139072002542489859e+00
1.126888169302429299e+00
1.114704376617866144e+00
1.102520624153153328e+00
1.090336911576123891e+00
1.078153238558095639e+00
1.065969604773866708e+00
1.053786009901717780e+00
1.041602453623414082e+00
1.029418935624200282e+00
1.017235455592806703e+00
1.005052013221443108e+00
9.928686082058023610e-01
9.806852402450617623e-01
9.685019090418778287e-01
9.563186143023929553e-01
9.441353557362290871e-01
9.319521330564911610e-01
9.197689459797683265e-01
9.075857942261292832e-01
8.954026775191283871e-01
8.832195955857995440e-01
8.710365481566598733e-01
8.588535346649202040e-01
8.466705467752707603e-01
8.344875807833551651e-01
8.223046366442711141e-01
8.101217143088571548e-01
7.979388137236871348e-01
7.857559348310728664e-01
7.735730775690657923e-01
7.613902418714524334e-01
7.492074276677596067e-01
7.370246348832498740e-01
7.248418634389236503e-01
7.126591132515207594e-01
7.004763842335164359e-01
6.882936762931262109e-01
6.761109893343010269e-01
6.639283232567299020e-01
6.517456779558412627e-01
6.395630533227989467e-01
6.273804492445067549e-01
6.151978656036045656e-01
6.030153022784697781e-01
5.908327591432194215e-01
5.786502360677060475e-01
5.664677329175218379e-01
5.542852495539954960e-01
5.421027858341925798e-01
5.299203416109191656e-01
5.177379167327159637e-01
5.055555110438638700e-01
4.933731243843801906e-01
4.811907565900191419e-01
4.690084074922752366e-01
4.568260769183776770e-01
4.446437646912962949e-01
4.324614706297364997e-01
4.202791945481413882e-01
4.080969362566939096e-01
3.959146955613118690e-01
3.837324722636536456e-01
3.715502661611125856e-01
3.593680770468224428e-01
3.471859047096525486e-01
3.350037489342101438e-01
3.228216095008419884e-01
3.106394861856300871e-01
2.984573787603967965e-01
2.862752869926999399e-01
2.740932106458354167e-01
2.619111494788385897e-01
2.497291032464798444e-01
2.375470716992702236e-01
2.253650545834561814e-01
2.131830516410220533e-01
2.010010626096918329e-01
1.888190872229245643e-01
1.766371252099197264e-01
1.644551762956124319e-01
1.522732402006755636e-01
1.400913166415216626e-01
1.279094053302983480e-01
1.157275059748936741e-01
1.035456182789313145e-01
9.136374194177271368e-02
7.918187665851904311e-02
6.700002212000645552e-02
5.481817801281155256e-02
4.263634401924593087e-02
3.045451981736162911e-02
1.827270508094634011e-02
6.090899479525485605e-03
-6.090897321636443672e-03
-1.827268566153725238e-02
-3.045446588343837108e-02
-4.263623833486284570e-02
-5.481800336759602710e-02
-6.699976133768685560e-02
-7.918151260544255277e-02
-9.136325753543665662e-02
-1.035449964965036579e-01
-1.157267298617402906e-01
-1.279084580085069756e-01
-1.400901813184223521e-01
-1.522719001773713832e-01
-1.644536149754999566e-01
-1.766353261072162728e-01
-1.888170339711921775e-01
-2.009987389703577210e-01
-2.131804415119092910e-01
-2.253621420073042836e-01
-2.375438408722622408e-01
-2.497255385267665162e-01
-2.619072353950585019e-01
-2.740889319056460938e-01
-2.862706284912980292e-01
-2.984523255890453308e-01
-3.106340236401827215e-01
-3.228157230902631847e-01
-3.349974243891059578e-01
-3.471791279907911476e-01
-3.593608343536612848e-01
-3.715425439403224894e-01
-3.837242572176391420e-01
-3.959059746567419324e-01
-4.080876967330224203e-01
-4.202694239261345888e-01
-4.324511567199960105e-01
-4.446328956027823520e-01
-4.568146410669358115e-01
-4.689963936091594565e-01
-4.811781537304185563e-01
-4.933599219359422472e-01
-5.055416987352174818e-01
-5.177234846419981329e-01
-5.299052801742982766e-01
-5.420870858543951343e-01
-5.542689022088289619e-01
-5.664507297683981646e-01
-5.786325690681679568e-01
-5.908144206474641447e-01
-6.029962850498764571e-01
-6.151781628232524390e-01
-6.273600545197063338e-01
-6.395419606956133096e-01
-6.517238819116104587e-01
-6.639058187325990179e-01
-6.760877717277380405e-01
-6.882697414704531669e-01
-7.004517285384308511e-01
-7.126337335136198048e-01
-7.248157569822326618e-01
-7.369977995347396504e-01
-7.491798617658782522e-01
-7.613619442746459853e-01
-7.735440476643032914e-01
-7.857261725423739795e-01
-7.979083195206400081e-01
-8.100904892151499226e-01
-8.222726822462128604e-01
-8.344548992384007713e-01
-8.466371408205486393e-01
-8.588194076257502640e-01
-8.710017002913652551e-01
-8.831840194590143689e-01
-8.953663657745808413e-01
-9.075487398882111645e-01
-9.197311424543105352e-01
-9.319135741315499599e-01
-9.440960355828619255e-01
-9.562785274754406206e-01
-9.684610504807444897e-01
-9.806436052744897935e-01
-9.928261925366589358e-01
-1.005008812951496022e+00
-1.017191467207506639e+00
-1.029374155997460516e+00
-1.041556880018385201e+00
-1.053739639971575270e+00
-1.065922436562585673e+00
-1.078105270501233504e+00
-1.090288142501599555e+00
-1.102471053282023661e+00
-1.114654003565111129e+00
-1.126836994077728527e+00
-1.139020025551004345e+00
-1.151203098720331219e+00
-1.163386214325359935e+00
-1.175569373110007199e+00
-1.187752575822451195e+00
-1.199935823215131814e+00
-1.212119116044753087e+00
-1.224302455072277418e+00
-1.236485841062932911e+00
-1.248669274786208927e+00
-1.260852757015856751e+00
-1.273036288529892257e+00
-1.285219870110589024e+00
-1.297403502544486331e+00
-1.309587186622385380e+00
-1.321770923139350185e+00
-1.333954712894704020e+00
-1.346138556692035637e+00
-1.358322455339194823e+00
-1.370506409648293511e+00
-1.382690420435708223e+00
-1.394874488522072520e+00
-1.407058614732287216e+00
-1.419242799895513496e+00
-1.431427044845174912e+00
-1.443611350418958716e+00
-1.455795717458810756e+00
-1.467980146810942799e+00
-1.480164639325827203e+00
-1.492349195858199362e+00
-1.504533817267058149e+00
-1.516718504415660362e+00
-1.528903258171529167e+00
-1.541088079406448985e+00
-1.553272968996465941e+00
-1.565457925826374108e+00
-1.577642924938976954e+00
-1.589827959528231416e+00
-1.602013030783226988e+00
-1.614198139886524386e+00
-1.626383288014154882e+00
-1.638568476335615642e+00
-1.650753706013878386e+00
-1.662938978205382945e+00
-1.675124294060039931e+00
-1.687309654721230290e+00
-1.699495061325801970e+00
-1.711680515004075920e+00
-1.723866016879842533e+00
-1.736051568070362316e+00
-1.748237169686366332e+00
-1.760422822832052425e+00
-1.772608528605091660e+00
-1.784794288096624770e+00
-1.796980102391261713e+00
-1.809165972567083891e+00
-1.821351899695639265e+00
-1.833537884841948795e+00
-1.845723929064503332e+00
-1.857910033415262951e+00
-1.870096198939659171e+00
-1.882282426676589404e+00
-1.894468717658425394e+00
-1.906655072911007665e+00
-1.918841493453646407e+00
-1.931027980299123037e+00
-1.943214534453685305e+00
-1.955401156917054628e+00
-1.967587848682421869e+00
-1.979774610736446894e+00
-1.991961444059261677e+00
-2.004148349624463421e+00
-2.016335328399124993e+00
-2.028522381343785153e+00
-2.040709509412454992e+00
-2.052896713552616603e+00
-2.065083994705217307e+00
-2.077271353804678977e+00
-2.089458791778891378e+00
-2.101646309549215719e+00
-2.113833908030484210e+00
-2.126021588130992956e+00
-2.138209350752515725e+00
-2.150397196790291066e+00
-2.162585127133031637e+00
-2.174773142662915770e+00
-2.186961244255594128e+00
-2.199149432780187485e+00
-2.211337709099287618e+00
-2.223526074068954639e+00
-2.235714528538717438e+00
-2.247903073351577241e+00
-2.260091709344004496e+00
-2.272280437345941095e+00
-2.284469258180796825e+00
-2.296658172665451580e+00
-2.308847181610255372e+00
-2.321036285819029654e+00
-2.333225486089065992e+00
-2.345414783211124288e+00
-2.357604177969434112e+00
-2.369793671141696034e+00
-2.381983263499081627e+00
-2.394172955806231684e+00
-2.406362748821257114e+00
-2.418552643295737159e+00
-2.430742639974722508e+00
-2.442932739596734404e+00
-2.455122942893763760e+00
-2.467313250591271601e+00
-2.479503663408187286e+00
-2.491694182056912066e+00
-2.503884807243315969e+00
-2.516075539666741356e+00
-2.528266380019998483e+00
-2.540457328989366825e+00
-2.552648387254597306e+00
-2.564839555488911405e+00
-2.577030834358999822e+00
-2.589222224525023819e+00
-2.601413726640612101e+00
-2.613605341352867040e+00
-2.625797069302358899e+00
-2.637988911123128943e+00
-2.650180867442688104e+00
-2.662372938882015649e+00
-2.674565126055564068e+00
-2.686757429571252853e+00
-2.698949850030473829e+00
-2.711142388028088046e+00
-2.723335044152424889e+00
-2.735527818985286075e+00
-2.747720713101942103e+00
-2.759913727071134470e+00
-2.772106861455074789e+00
-2.784300116809441228e+00
-2.796493493683386511e+00
-2.808686992619531253e+00
-2.820880614153966626e+00
-2.833074358816253913e+00
-2.845268227129422289e+00
-2.857462219609974152e+00
-2.869656336767879345e+00
-2.881850579106581378e+00
-2.894044947122987654e+00
-2.906239441307480575e+00
-2.918434062143911767e+00
-2.930628810109601190e+00
-2.942823685675342027e+00
-2.955018689305391799e+00
-2.967213821457483469e+00
-2.979409082582817891e+00
-2.991604473126065589e+00
-3.003799993525369416e+00
-3.015995644212337901e+00
-3.028191425612052790e+00
-3.040387338143065943e+00
-3.052583382217397556e+00
-3.064779558240540158e+00
-3.076975866611452837e+00
-3.089172307722567457e+00
-3.101368881959785107e+00
-3.113565589702476544e+00
-3.125762431323484414e+00
-3.137959407189118366e+00
-3.150156517659158606e+00
-3.162353763086858560e+00
-3.174551143818937327e+00
-3.186748660195588112e+00
-3.198946312550470239e+00
-3.211144101210715363e+00
-3.223342026496924806e+00
-3.235540088723169561e+00
-3.247738288196992062e+00
-3.259936625219401307e+00
-3.272135100084879511e+00
-3.284333713081378114e+00
-3.296532464490317782e+00
-3.308731354586591511e+00
-3.320930383638557970e+00
-3.333129551908049049e+00
-3.345328859650366748e+00
-3.357528307114282295e+00
-3.369727894542037916e+00
-3.381927622169342396e+00
-3.394127490225377741e+00
-3.406327498932795628e+00
-3.418527648507718286e+00
-3.430727939159736728e+00
-3.442928371091911188e+00
-3.455128944500772903e+00
-3.467329659576323664e+00
-3.479530516502035375e+00
-3.491731515454850054e+00
-3.503932656605176721e+00
-3.516133940116897616e+00
-3.528335366147364205e+00
-3.540536934847398953e+00
-3.552738646361293107e+00
-3.564940500826806247e+00
-3.577142498375170288e+00
-3.589344639131087256e+00
-3.601546923212728846e+00
-3.613749350731737309e+00
-3.625951921793221899e+00
-3.638154636495764205e+00
-3.650357494931416813e+00
-3.662560497185701092e+00
-3.674763643337609409e+00
-3.686966933459600693e+00
-3.699170367617607535e+00
-3.711373945871032198e+00
-3.723577668272746610e+00
-3.735781534869090148e+00
-3.747985545699875409e+00
-3.760189700798384216e+00
-3.772394000191367613e+00
-3.784598443899048981e+00
-3.796803031935116479e+00
-3.809007764306733712e+00
-3.821212641014532174e+00
-3.833417662052612584e+00
-3.845622827408549327e+00
-3.857828137063379792e+00
-3.870033590991617700e+00
-3.882239189161245108e+00
-3.894444931533712406e+00
-3.906650818063943653e+00
-3.918856848700326800e+00
-3.931063023384725241e+00
-3.943269342052471593e+00
-3.955475804632365922e+00
-3.967682411046682400e+00
-3.979889161211159099e+00
-3.992096055035009972e+00
-4.004303092420915533e+00
-4.016510273265028630e+00
-4.028717597456971333e+00
-4.040925064879833606e+00
-4.053132675410177299e+00
-4.065340428918035265e+00
-4.077548325266909579e+00
-4.089756364313771542e+00
-4.101964545909060789e+00
-4.114172869896692397e+00
-4.126381336114046228e+00
-4.138589944391973141e+00
-4.150798694554799440e+00
-4.163007586420310879e+00
-4.175216619799772211e+00
-4.187425794497914744e+00
-4.199635110312940789e+00
-4.211844567036523657e+00
-4.224054164453802329e+00
-4.236263902343389454e+00
-4.248473780477367789e+00
-4.260683798621287544e+00
-4.272893956534173476e+00
-4.285104253968514243e+00
-4.297314690670273052e+00
-4.309525266378881447e+00
-4.321735980827241974e+00
-4.333946833741728177e+00
-4.346157824842177497e+00
-4.358368953841905480e+00
-4.370580220447692454e+00
-4.382791624359790639e+00
-4.395003165271924139e+00
-4.407214842871280958e+00
-4.419426656838525425e+00
-4.431638606847788431e+00
-4.443850692566675420e+00
-4.456062913656253066e+00
-4.468275269771065261e+00
-4.480487760559126009e+00
-4.492700385661915874e+00
-4.504913144714386419e+00
-4.517126037344961098e+00
-4.529339063175529922e+00
-4.541552221821455682e+00
-4.553765512891570388e+00
-4.565978935988178833e+00
-4.578192490707048812e+00
-4.590406176637424451e+00
-4.602619993362017325e+00
-4.614833940457010897e+00
-4.627048017492056076e+00
-4.639262224030274773e+00
-4.651476559628259011e+00
-4.663691023836070926e+00
-4.675905616197242765e+00
-4.688120336248779552e+00
-4.700335183521148430e+00
-4.712550157538293760e+00
-4.724765257817628239e+00
-4.736980483870034675e+00
-4.749195835199864213e+00
-4.761411311304938110e+00
-4.773626911676549511e+00
-4.785842635799459899e+00
-4.798058483151902642e+00
-4.810274453205581224e+00
-4.822490545425664799e+00
-4.834706759270796184e+00
-4.846923094193088311e+00
-4.859139549638124222e+00
-4.871356125044956187e+00
-4.883572819846105695e+00
-4.895789633467563462e+00
-4.908006565328792981e+00
-4.920223614842727855e+00
-4.932440781415770914e+00
-4.944658064447790657e+00
-4.956875463332132803e+00
-4.969092977455607851e+00
-4.981310606198499080e+00
-4.993528348934559880e+00
-5.005746205031009310e+00
-5.017964173848543652e+00
-5.030182254741321302e+00
-5.042400447056977875e+00
-5.054618750136615546e+00
-5.066837163314803938e+00
-5.079055685919587226e+00
-5.091274317272477923e+00
-5.103493056688458651e+00
-5.115711903475982147e+00
-5.127930856936969484e+00
-5.140149916366813621e+00
-5.152369081054376743e+00
-5.164588351703071289e+00
-5.176807782287138338e+00
-5.189027391424679614e+00
-5.201247166664826338e+00
-5.213467095836880283e+00
-5.225687167050320880e+00
-5.237907368694797228e+00
-5.250127689440134304e+00
-5.262348118236333860e+00
-5.274568644313568200e+00
-5.286789257182188173e+00
-5.299009946632711632e+00
-5.311230702735838527e+00
-5.323451515842438475e+00
-5.335672376583556975e+00
-5.347893275870414520e+00
-5.360114204894402157e+00
-5.372335155127088591e+00
-5.384556118320216633e+00
-5.396777086505700538e+00
-5.408998051995633105e+00
-5.421219007382277688e+00
-5.433439945538071747e+00
-5.445660859615628624e+00
-5.457881743047737544e+00
-5.470102589547360061e+00
-5.482323393107629173e+00
-5.494544148001856421e+00
-5.506764848783525679e+00
-5.518985490286294926e+00
-5.531206067623998024e+00
-5.543426576190641164e+00
-5.555647011660402868e+00
-5.567867369987641091e+00
-5.580087647406884344e+00
-5.592307840432838795e+00
-5.604527945860377613e+00
-5.616747960764555181e+00
-5.628967882500599096e+00
-5.641187708703906623e+00
-5.653407437290056237e+00
-5.665627066454795191e+00
-5.677846594674044844e+00
-5.690066020703905103e+00
-5.702285343580646426e+00
-5.714504562620716932e+00
-5.726723677420732628e+00
-5.738942687857488956e+00
-5.751161594087956352e+00
-5.763380396549277584e+00
-5.775599095958767748e+00
-5.787817693313918710e+00
-5.800036189892394667e+00
-5.812254587252035698e+00
-5.824472887230856877e+00
-5.836691091947047383e+00
-5.848909203798965173e+00
-5.861127225465149415e+00
-5.873345159904310719e+00
-5.885563010355333802e+00
-5.897780780337278372e+00
-5.909998473649376471e+00
-5.922216094371035133e+00
-5.934433646861837275e+00
-5.946651135761538143e+00
-5.958868565990070643e+00
-5.971085942747535569e+00
-5.983303271514213151e+00
-5.995520558050555060e+00
-6.007737808397192403e+00
-6.019955028874920622e+00
-6.032172226084719924e+00
-6.044389406907736628e+00
-6.056606578505296490e+00
-6.068823748318898481e+00
-6.081040924070213016e+00
-6.093258113761087280e+00
