7.458829366928622306e+00
7.444173681403049692e+00
7.429517970814974781e+00
7.414862210512613849e+00
7.400206376293801291e+00
7.385550444422765537e+00
7.370894391630218756e+00
7.356238195113357747e+00
7.341581832535873708e+00
7.326925282027936248e+00
7.312268522186207598e+00
7.297611532073834617e+00
7.282954214782564328e+00
7.268296454821878250e+00
7.253638250350258332e+00
7.238979600088467414e+00
7.224320502566448532e+00
7.209660956123326692e+00
7.195000958907414201e+00
7.180340508876205341e+00
7.165679603796377251e+00
7.151018241243793483e+00
7.136356418603496010e+00
7.121694133069715882e+00
7.107031381645864343e+00
7.092368161144539052e+00
7.077704468187516973e+00
7.063040299205764150e+00
7.048375650439425932e+00
7.033710517937832307e+00
7.019044897559498786e+00
7.004378784972120187e+00
6.989712175652582182e+00
6.975045064886946200e+00
6.960377447770461856e+00
6.945709319207562515e+00
6.931040673911860850e+00
6.916371506406160385e+00
6.901701811022440403e+00
6.887031581901869259e+00
6.872360812994798174e+00
6.857689498060757671e+00
6.843017630668468243e+00
6.828345204195829687e+00
6.813672211829926439e+00
6.798998646567029347e+00
6.784324501212586789e+00
6.769649768381235333e+00
6.754974440496794408e+00
6.740298509792268078e+00
6.725621968309841492e+00
6.710944807900883546e+00
6.696267020225949551e+00
6.681588596754776788e+00
6.666909528766285398e+00
6.652229807348579271e+00
6.637549423398946935e+00
6.622868367623859776e+00
6.608186630538974704e+00
6.593504202469129716e+00
6.578821073548345666e+00
6.564137233719830711e+00
6.549452672735974090e+00
6.534767380158347905e+00
6.520081345357711555e+00
6.505394557514003750e+00
6.490707005616349612e+00
6.476018678463057121e+00
6.461329564661615343e+00
6.446639652628703310e+00
6.431948930590176694e+00
6.417257386581078471e+00
6.402565008445636252e+00
6.387871783837255180e+00
6.373177700218533914e+00
6.358482744861246871e+00
6.343786904846351327e+00
6.329090167063996297e+00
6.314392518213505667e+00
6.299693944803393286e+00
6.284994433151352311e+00
6.270293969384260535e+00
6.255592539438183053e+00
6.240890129058362490e+00
6.226186723799228773e+00
6.211482309024396464e+00
6.196776869906659435e+00
6.182070391428000633e+00
6.167362858379581425e+00
6.152654255361749591e+00
6.137944566784038436e+00
6.123233776865159683e+00
6.108521869633011470e+00
6.093808828924678345e+00
6.079094638386424165e+00
6.064379281473697425e+00
6.049662741451131254e+00
6.034945001392541641e+00
6.020226044180929215e+00
6.005505852508478348e+00
5.990784408876552725e+00
5.976061695595705991e+00
5.961337694785671104e+00
5.946612388375368319e+00
5.931885758102897199e+00
5.917157785515541946e+00
5.902428451969774059e+00
5.887697738631244349e+00
5.872965626474789147e+00
5.858232096284428536e+00
5.843497128653363681e+00
5.828760703983475899e+00
5.814022798877622300e+00
5.799283392485917510e+00
5.784542468803415716e+00
5.769800012075398499e+00
5.755056006797380164e+00
5.740310437715103298e+00
5.725563289824539659e+00
5.710814548371891952e+00
5.696064198853589389e+00
5.681312227016293903e+00
5.666558618856895713e+00
5.651803360622514205e+00
5.637046438810498827e+00
5.622287840168426420e+00
5.607527551694107437e+00
5.592765560635578836e+00
5.578001854491107636e+00
5.563236421009190913e+00
5.548469248188554026e+00
5.533700324278153282e+00
5.518929637777174158e+00
5.504157177435032189e+00
5.489382932251369418e+00
5.474606891476061499e+00
5.459829044609211479e+00
5.445049381401150690e+00
5.430267891852444073e+00
5.415484566213880413e+00
5.400699394986483881e+00
5.385912368921503379e+00
5.371123479020420532e+00
5.356332716534945249e+00
5.341540072967014829e+00
5.326745540068801077e+00
5.311949109842699634e+00
5.297150774541340645e+00
5.282350526667581647e+00
5.267548358974508460e+00
5.252744264465436075e+00
5.237938236393913982e+00
5.223130268263715514e+00
5.208320353828845839e+00
5.193508487093540182e+00
5.178694662312261165e+00
5.163878873989703244e+00
5.149061116880790046e+00
5.134241385990673479e+00
5.119419676574736400e+00
5.104595984138587283e+00
5.089770304438070880e+00
5.074942633479257559e+00
5.060112967518445970e+00
5.045281303062166600e+00
5.030447636867177330e+00
5.015611965940466099e+00
5.000774287539255347e+00
4.985934599170988690e+00
4.971092898593346021e+00
4.956249183814231074e+00
4.941403453091781195e+00
4.926555704934364677e+00
4.911705938100574542e+00
4.896854151599234761e+00
4.882000344689400251e+00
4.867144516880354210e+00
4.852286667931612563e+00
4.837426797852916849e+00
4.822564906904237780e+00
4.807700995595777904e+00
4.792835064687968938e+00
4.777967115191471770e+00
4.763097148367177347e+00
4.748225165726203123e+00
4.733351169029901939e+00
4.718475160289850479e+00
4.703597141767857259e+00
4.688717115975961747e+00
4.673835085676429024e+00
4.658951053881756899e+00
4.644065023854672347e+00
4.629176999108131518e+00
4.614286983405319731e+00
4.599394980759651475e+00
4.584500995434771298e+00
4.569605031944552920e+00
4.554707095053101007e+00
4.539807189774748508e+00
4.524905321374056655e+00
4.510001495365817625e+00
4.495095717515053657e+00
4.480187993837017046e+00
4.465278330597186596e+00
4.450366734311272054e+00
4.435453211745214119e+00
4.420537769915182658e+00
4.405620416087575819e+00
4.390701157779020036e+00
4.375780002756373577e+00
4.360856959036725655e+00
4.345932034887391104e+00
4.331005238825916592e+00
4.316076579620077958e+00
4.301146066287880210e+00
4.286213708097557529e+00
4.271279514516279185e+00
4.256343426746157732e+00
4.241405397086288609e+00
4.226465441034746640e+00
4.211523574025187067e+00
4.196579811426847328e+00
4.181634168544546171e+00
4.166686660618686311e+00
4.151737302825248221e+00
4.136786110275801676e+00
4.121833098017492425e+00
4.106878281033052858e+00
4.091921674240794005e+00
4.076963292494609092e+00
4.062003150583976208e+00
4.047041263233954744e+00
4.032077645105185404e+00
4.017112310793891083e+00
4.002145274831875987e+00
3.987176551686529180e+00
3.972206155760820145e+00
3.957234101393300563e+00
3.942260402858104307e+00
3.927285074364946116e+00
3.912308130059125588e+00
3.897329584021524518e+00
3.882349450268603785e+00
3.867367742752408244e+00
3.852384475360563609e+00
3.837399661916281346e+00
3.822413316178351561e+00
3.807425451841148334e+00
3.792436082534624830e+00
3.777445221824322630e+00
3.762452883211357513e+00
3.747459080132434561e+00
3.732463825959836612e+00
3.717467134001429585e+00
3.702469017500662929e+00
3.687469489636566067e+00
3.672468563523753282e+00
3.657466252212419278e+00
3.642462568688340063e+00
3.627457525872875621e+00
3.612451136622966796e+00
3.597443413731138406e+00
3.582434369925496132e+00
3.567424017869725628e+00
3.552412370163099631e+00
3.537399439340468632e+00
3.522385237872267982e+00
3.507369778164513896e+00
3.492353072558804339e+00
3.477335133332321249e+00
3.462315972697826982e+00
3.447295602803667425e+00
3.432274035733769324e+00
3.417251283507641180e+00
3.402227358080377240e+00
3.387202271342648174e+00
3.372176035120712179e+00
3.357148661176405646e+00
3.342120161207151607e+00
3.327090546845949959e+00
3.312059829661385013e+00
3.297028021157625499e+00
3.281995132774418789e+00
3.266961175887096669e+00
3.251926161806572679e+00
3.236890101779340334e+00
3.221853006987479784e+00
3.206814888548648046e+00
3.191775757516088774e+00
3.176735624878626041e+00
3.161694501560664783e+00
3.146652398422194352e+00
3.131609326258783632e+00
3.116565295801587698e+00
3.101520317717339825e+00
3.086474402608356815e+00
3.071427561012538554e+00
3.056379803403364903e+00
3.041331140189901472e+00
3.026281581716792513e+00
3.011231138264264917e+00
2.996179820048129994e+00
2.981127637219779025e+00
2.966074599866186823e+00
2.951020718009908617e+00
2.935966001609084053e+00
2.920910460557434085e+00
2.905854104684260086e+00
2.890796943754448289e+00
2.875738987468464902e+00
2.860680245462360105e+00
2.845620727307765385e+00
2.830560442511893093e+00
2.815499400517540440e+00
2.800437610703083724e+00
2.785375082382485878e+00
2.770311824805286260e+00
2.755247847156609975e+00
2.740183158557164766e+00
2.725117768063237911e+00
2.710051684666701544e+00
2.694984917295008220e+00
2.679917474811192246e+00
2.664849366013872789e+00
2.649780599637246770e+00
2.634711184351098634e+00
2.619641128760790583e+00
2.604570441407268788e+00
2.589499130767062063e+00
2.574427205252279194e+00
2.559354673210614717e+00
2.544281542925342254e+00
2.529207822615317625e+00
2.514133520434981506e+00
2.499058644474352775e+00
2.483983202759036946e+00
2.468907203250219062e+00
2.453830653844665033e+00
2.438753562374726069e+00
2.423675936608332915e+00
2.408597784249001617e+00
2.393519112935825532e+00
2.378439930243485545e+00
2.363360243682241180e+00
2.348280060697934601e+00
2.333199388671991503e+00
2.318118234921417109e+00
2.303036606698803279e+00
2.287954511192320073e+00
2.272871955525719301e+00
2.257788946758338966e+00
2.242705491885095270e+00
2.227621597836489720e+00
2.212537271478602907e+00
2.197452519613098953e+00
2.182367348977225507e+00
2.167281766243810193e+00
2.152195778021264605e+00
2.137109390853580759e+00
2.122022611220332866e+00
2.106935445536680884e+00
2.091847900153360751e+00
2.076759981356696816e+00
2.061671695368591628e+00
2.046583048346529932e+00
2.031494046383581331e+00
2.016404695508394962e+00
2.001315001685203931e+00
1.986224970813821544e+00
1.971134608729645965e+00
1.956043921203654667e+00
1.940952913942408431e+00
1.925861592588051563e+00
1.910769962718307680e+00
1.895678029846485924e+00
1.880585799421474968e+00
1.865493276827745683e+00
1.850400467385353576e+00
1.835307376349933017e+00
1.820214008912703907e+00
1.805120370200465674e+00
1.790026465275599721e+00
1.774932299136072977e+00
1.759837876715429905e+00
1.744743202882801825e+00
1.729648282442898255e+00
1.714553120136012243e+00
1.699457720638020586e+00
1.684362088560379389e+00
1.669266228450129841e+00
1.654170144789893548e+00
1.639073841997872760e+00
1.623977324427856361e+00
1.608880596369210325e+00
1.593783662046887706e+00
1.578686525621419312e+00
1.563589191188920147e+00
1.548491662781088074e+00
1.533393944365201156e+00
1.518296039844121870e+00
1.503197953056293334e+00
1.488099687775740421e+00
1.473001247712072193e+00
1.457902636510477246e+00
1.442803857751729035e+00
1.427704914952180548e+00
1.412605811563769853e+00
1.397506550974014328e+00
1.382407136506014211e+00
1.367307571418453715e+00
1.352207858905596582e+00
1.337108002097291637e+00
1.322008004058967234e+00
1.306907867791634370e+00
1.291807596231888233e+00
1.276707192251903100e+00
1.261606658659438329e+00
1.246505998197833698e+00
1.231405213546010069e+00
1.216304307318474498e+00
1.201203282065310907e+00
1.186102140272190741e+00
1.171000884360363425e+00
1.155899516686661466e+00
1.140798039543501785e+00
1.125696455158880394e+00
1.110594765696377939e+00
1.095492973255155933e+00
1.080391079869956972e+00
1.065289087511109178e+00
1.050186998084518653e+00
1.035084813431677908e+00
1.019982535329657436e+00
1.004880165491113697e+00
9.897777055642829058e-01
9.746751571329828057e-01
9.595725217166166665e-01
9.444698007701657350e-01
9.293669956841974500e-01
9.142641077848585596e-01
8.991611383338777852e-01
8.840580885285689305e-01
8.689549595018244421e-01
8.538517523221221817e-01
8.387484679935197640e-01
8.236451074556568885e-01
8.085416715837580037e-01
7.934381611886262009e-01
7.783345770166504307e-01
7.632309197497989528e-01
7.481271900056221114e-01
7.330233883372554438e-01
7.179195152334125751e-01
7.028155711183933230e-01
6.877115563520765917e-01
6.726074712299239255e-01
6.575033159829811735e-01
6.423990907778731607e-01
6.272947957168102384e-01
6.121904308375821779e-01
5.970859961135612792e-01
5.819814914537040362e-01
5.668769167025464739e-01
5.517721620512077152e-01
5.366666698027079407e-01
5.215603735173600652e-01
5.064532868629051388e-01
4.913454234652212538e-01
4.762367969083307617e-01
4.611274207343935005e-01
4.460173084437133451e-01
4.309064734947322672e-01
4.157949293040330563e-01
4.006826892463417611e-01
3.855697666545217506e-01
3.704561748195805415e-01
3.553419269906639144e-01
3.402270363750581339e-01
3.251115161381931129e-01
3.099953794036358623e-01
2.948786392530973188e-01
2.797613087264271270e-01
2.646434008216153044e-01
2.495249284947951285e-01
2.344059046602373630e-01
2.192863421903568921e-01
2.041662539157066969e-01
1.890456526249805480e-01
1.739245510650153925e-01
1.588029619407857473e-01
1.436808979154099997e-01
1.285583716101448282e-01
1.134353956043877287e-01
9.831198243567933204e-02
8.318814459969769981e-02
6.806389455026495838e-02
5.293924469934065125e-02
3.781420741702832405e-02
2.268879503156984515e-02
7.563019829347750016e-03
-7.563105945112998801e-03
-2.268957008914671350e-02
-3.781636044194867236e-02
-5.294346488457250810e-02
-6.807087133993121320e-02
-8.319856777279867333e-02
-9.832654218980298177e-02
-1.134547826394366465e-01
-1.285832772120495959e-01
-1.437120140398512047e-01
-1.588409812969116819e-01
-1.739701671991554510e-01
-1.890995600043713643e-01
-2.042291480122057079e-01
-2.193589195641641454e-01
-2.344888630436132437e-01
-2.496189668757738123e-01
-2.647492195277309501e-01
-2.798796095084273849e-01
-2.950101253686651104e-01
-3.101407557011069405e-01
-3.252714891402701536e-01
-3.404023143625360404e-01
-3.555332200861437975e-01
-3.706641950711916378e-01
-3.857952281196388444e-01
-4.009263080752988873e-01
-4.160574238238495814e-01
-4.311885642928262596e-01
-4.463197184516236593e-01
-4.614508753114973105e-01
-4.765820239255569302e-01
-4.917131533887768580e-01
-5.068442528379887291e-01
-5.219753114518834725e-01
-5.371063184510130872e-01
-5.522372630977836483e-01
-5.673681346964657424e-01
-5.824989225931873627e-01
-5.976296161759357961e-01
-6.127602048745593999e-01
-6.278906781607607179e-01
-6.430210255481063619e-01
-6.581512365920207941e-01
-6.732813008897877705e-01
-6.884112080805517841e-01
-7.035409478453119592e-01
-7.186705099069310432e-01
-7.337998840301300785e-01
-7.489290600214905114e-01
-7.640580277294485301e-01
-7.791867770443040575e-01
-7.943152978982150891e-01
-8.094435802651984702e-01
-8.245716141611325600e-01
-8.396993896437495719e-01
-8.548268968126457867e-01
-8.699541258092755580e-01
-8.850810668169522000e-01
-9.002077100608502080e-01
-9.153340458079979314e-01
-9.304600643672884530e-01
-9.455857560894722624e-01
-9.607111113671591429e-01
-9.758361206348196148e-01
-9.909607743687787185e-01
-1.006085063087225784e+00
-1.021208977350207547e+00
-1.036332507759629928e+00
-1.051455644959260249e+00
-1.066578379634719687e+00
-1.081700702513493706e+00
-1.096822604364925624e+00
-1.111944076000217718e+00
-1.127065108272433447e+00
-1.142185692076490344e+00
-1.157305818349170679e+00
-1.172425478069113236e+00
-1.187544662256817762e+00
-1.202663361974642964e+00
-1.217781568326803621e+00
-1.232899272459377471e+00
-1.248016465560300547e+00
-1.263133138859367843e+00
-1.278249283628235533e+00
-1.293364891180413867e+00
-1.308479952871277385e+00
-1.323594460098058478e+00
-1.338708404299848276e+00
-1.353821776957599310e+00
-1.368934569594118411e+00
-1.384046773774076478e+00
-1.399158381104001370e+00
-1.414269383232281685e+00
-1.429379771849165870e+00
-1.444489538686756669e+00
-1.459598675519021782e+00
-1.474707174161785872e+00
-1.489815026472733006e+00
-1.504922224351408211e+00
-1.520028759739211033e+00
-1.535134624619404864e+00
-1.550239811017110725e+00
-1.565344310999309485e+00
-1.580448116674842529e+00
-1.595551220194405317e+00
-1.610653613750557600e+00
-1.625755289577717422e+00
-1.640856239952162898e+00
-1.655956457192027109e+00
-1.671055933657306314e+00
-1.686154661749855954e+00
-1.701252633913389545e+00
-1.716349842633481781e+00
-1.731446280437562102e+00
-1.746541939894923567e+00
-1.761636813616716868e+00
-1.776730894255952986e+00
-1.791824174507502532e+00
-1.806916647108091079e+00
-1.822008304836308046e+00
-1.837099140512601148e+00
-1.852189146999276836e+00
-1.867278317200502080e+00
-1.882366644062299255e+00
-1.897454120572554359e+00
-1.912540739761010578e+00
-1.927626494699271165e+00
-1.942711378500799668e+00
-1.957795384320914822e+00
-1.972878505356798318e+00
-1.987960734847490141e+00
-2.003042066073890126e+00
-2.018122492358757292e+00
-2.033202007066707395e+00
-2.048280603604218708e+00
-2.063358275419626686e+00
-2.078435016003128410e+00
-2.093510818886779479e+00
-2.108585677644490453e+00
-2.123659585892036628e+00
-2.138732537287050928e+00
-2.153804525529024794e+00
-2.168875544359311291e+00
-2.183945587561118007e+00
-2.199014648959515927e+00
-2.214082722421433669e+00
-2.229149801855660140e+00
-2.244215881212843655e+00
-2.259280954485488380e+00
-2.274345015707962325e+00
-2.289408058956489800e+00
-2.304470078349156292e+00
-2.319531068045906697e+00
-2.334591022248541314e+00
-2.349649935200723849e+00
-2.364707801187976077e+00
-2.379764614537678735e+00
-2.394820369619074629e+00
-2.409875060843258421e+00
-2.424928682663191282e+00
-2.439981229573691568e+00
-2.455032696111436152e+00
-2.470083076854963089e+00
-2.485132366424664507e+00
-2.500180559482798159e+00
-2.515227650733478093e+00
-2.530273634922677317e+00
-2.545318506838230910e+00
-2.560362261309827581e+00
-2.575404893209019885e+00
-2.590446397449219340e+00
-2.605486768985695534e+00
-2.620526002815579236e+00
-2.635564093977855737e+00
-2.650601037553374173e+00
-2.665636828664842195e+00
-2.680671462476826861e+00
-2.695704934195751079e+00
-2.710737239069901605e+00
-2.725768372389421490e+00
-2.740798329486314522e+00
-2.755827105734445670e+00
-2.770854696549532648e+00
-2.785881097389158789e+00
-2.800906303752763726e+00
-2.815930311181648271e+00
-2.830953115258972641e+00
-2.845974711609751573e+00
-2.860995095900864094e+00
-2.876014263841047303e+00
-2.891032211180896816e+00
-2.906048933712870763e+00
-2.921064427271278241e+00
-2.936078687732296633e+00
-2.951091711013958729e+00
-2.966103493076156283e+00
-2.981114029920643116e+00
-2.996123317591026236e+00
-3.011131352172778275e+00
-3.026138129793228160e+00
-3.041143646621565111e+00
-3.056147898868837309e+00
-3.071150882787950565e+00
-3.086152594673672311e+00
-3.101153030862628057e+00
-3.116152187733302714e+00
-3.131150061706043264e+00
-3.146146649243048987e+00
-3.161141946848384787e+00
-3.176135951067972307e+00
-3.191128658489593928e+00
-3.206120065742891434e+00
-3.221110169499361575e+00
-3.236098966472364502e+00
-3.251086453417119326e+00
-3.266072627130703676e+00
-3.281057484452056361e+00
-3.296041022261970266e+00
-3.311023237483102122e+00
-3.326004127079967621e+00
-3.340983688058940082e+00
-3.355961917468254452e+00
-3.370938812398000639e+00
-3.385914369980131955e+00
-3.400888587388459339e+00
-3.415861461838653135e+00
-3.430832990588244868e+00
-3.445803170936620141e+00
-3.460772000225028844e+00
-3.475739475836578496e+00
-3.490705595196235578e+00
-3.505670355770828195e+00
-3.520633755069038084e+00
-3.535595790641411273e+00
-3.550556460080351862e+00
-3.565515761020124685e+00
-3.580473691136848213e+00
-3.595430248148506092e+00
-3.610385429814939595e+00
-3.625339233937848515e+00
-3.640291658360793825e+00
-3.655242700969191016e+00
-3.670192359690319872e+00
-3.685140632493317359e+00
-3.700087517389180292e+00
-3.715033012430765336e+00
-3.729977115712785007e+00
-3.744919825371815225e+00
-3.759861139586289536e+00
-3.774801056576500446e+00
-3.789739574604601202e+00
-3.804676691974601344e+00
-3.819612407032372037e+00
-3.834546718165643853e+00
-3.849479623804004991e+00
-3.864411122418906608e+00
-3.879341212523653049e+00
-3.894269892673412059e+00
-3.909197161465209902e+00
-3.924123017537933578e+00
-3.939047459572328158e+00
-3.953970486290995012e+00
-3.968892096458398466e+00
-3.983812288880861807e+00
-3.998731062406566394e+00
-4.013648415925556101e+00
-4.028564348369725323e+00
-4.043478858712838964e+00
-4.058391945970512893e+00
-4.073303609200227271e+00
-4.088213847501320330e+00
-4.103122660014985712e+00
-4.118030045924281346e+00
-4.132936004454122347e+00
-4.147840534871281903e+00
-4.162743636484398380e+00
-4.177645308643958444e+00
-4.192545550742317495e+00
-4.207444362213688116e+00
-4.222341742534138298e+00
-4.237237691221602987e+00
-4.252132207835867206e+00
-4.267025291978581159e+00
-4.281916943293252231e+00
-4.296807161465247660e+00
-4.311695946221797193e+00
-4.326583297331981548e+00
-4.341469214606747506e+00
-4.356353697898900812e+00
-4.371236747103103504e+00
-4.386118362155880135e+00
-4.400998543035610666e+00
-4.415877289762536684e+00
-4.430754602398758735e+00
-4.445630481048238991e+00
-4.460504925856795921e+00
-4.475377937012106067e+00
-4.490249514743707593e+00
-4.505119659322997627e+00
-4.519988371063234034e+00
-4.534855650319531861e+00
-4.549721497488863342e+00
-4.564585913010064999e+00
-4.579448897363828763e+00
-4.594310451072709967e+00
-4.609170574701115797e+00
-4.624029268855319508e+00
-4.638886534183453314e+00
-4.653742371375504838e+00
-4.668596781163324216e+00
-4.683449764320618769e+00
-4.698301321662954777e+00
-4.713151454047761924e+00
-4.728000162374322635e+00
-4.742847447583787179e+00
-4.757693310659155017e+00
-4.772537752625290786e+00
-4.787380774548919860e+00
-4.802222377538623022e+00
-4.817062562744842680e+00
-4.831901331359879315e+00
-4.846738684617891479e+00
-4.861574623794900241e+00
-4.876409150208784737e+00
-4.891242265219283070e+00
-4.906073970227990522e+00
-4.920904266678364003e+00
-4.935733156055719384e+00
-4.950560639887233272e+00
-4.965386719741939459e+00
-4.980211397230728920e+00
-4.995034674006356923e+00
-5.009856551763434140e+00
-5.024677032238433760e+00
-5.039496117209686155e+00
-5.054313808497377991e+00
-5.069130107963562004e+00
-5.083945017512144560e+00
-5.098758539088895425e+00
-5.113570674681440664e+00
-5.128381426319263525e+00
-5.143190796073714210e+00
-5.157998786057993890e+00
-5.172805398427167134e+00
-5.187610635378161916e+00
-5.202414499149753624e+00
-5.217216992022588151e+00
-5.232018116319165024e+00
-5.246817874403845394e+00
-5.261616268682852038e+00
-5.276413301604256922e+00
-5.291208975658002522e+00
-5.306003293375886720e+00
-5.320796257331564583e+00
-5.335587870140553690e+00
-5.350378134460227919e+00
-5.365167052989820995e+00
-5.379954628470428268e+00
-5.394740863685001386e+00
-5.409525761458356286e+00
-5.424309324657159870e+00
-5.439091556189944221e+00
-5.453872459007101270e+00
-5.468652036100880132e+00
-5.483430290505387106e+00
-5.498207225296591893e+00
-5.512982843592320492e+00
-5.527757148552259636e+00
-5.542530143377959462e+00
-5.557301831312817519e+00
-5.572072215642102755e+00
-5.586841299692935969e+00
-5.601609086834302254e+00
-5.616375580477045659e+00
-5.631140784073862093e+00
-5.645904701119313529e+00
-5.660667335149823565e+00
-5.675428689743666766e+00
-5.690188768520987317e+00
-5.704947575143775040e+00
-5.719705113315892042e+00
-5.734461386783054060e+00
-5.749216399332834904e+00
-5.763970154794672673e+00
-5.778722657039857324e+00
-5.793473909981543102e+00
-5.808223917574744988e+00
-5.822972683816331596e+00
-5.837720212745036719e+00
-5.852466508441448667e+00
-5.867211575028017378e+00
-5.881955416669052639e+00
-5.896698037570721418e+00
-5.911439441981053200e+00
-5.926179634189932877e+00
-5.940918618529105188e+00
-5.955656399372177390e+00
-5.970392981134613919e+00
-5.985128368273739952e+00
-5.999862565288735183e+00
-6.014595576720641823e+00
-6.029327407152363705e+00
-6.044058061208660959e+00
-6.058787543556155342e+00
-6.073515858903322240e+00
-6.088243012000503995e+00
-6.102969007639894805e+00
-6.117693850655555821e+00
-6.132417545923402713e+00
-6.147140098361207450e+00
-6.161861512928608953e+00
-6.176581794627099775e+00
-6.191300948500034096e+00
-6.206018979632625054e+00
-6.220735893151942975e+00
-6.235451694226920694e+00
-6.250166388068347345e+00
-6.264879979928873688e+00
-6.279592475103011218e+00
-6.294303878927123286e+00
-6.309014196779441086e+00
-6.323723434080050332e+00
-6.338431596290896586e+00
-6.353138688915788812e+00
-6.367844717500386942e+00
-6.382549687632216973e+00
-6.397253604940662086e+00
-6.411956475096965313e+00
-6.426658303814229534e+00
-6.441359096847413035e+00
-6.456058859993336618e+00
-6.470757599090681822e+00
-6.485455320019987369e+00
-6.500152028703648277e+00
-6.514847731105924744e+00
-6.529542433232932375e+00
-6.544236141132647511e+00
-6.558928860894907231e+00
-6.573620598651401359e+00
-6.588311360575687559e+00
-6.603001152883176239e+00
-6.617689981831142099e+00
-6.632377853718716132e+00
-6.647064774886887406e+00
-6.661750751718507502e+00
-6.676435790638284296e+00
-6.691119898112788178e+00
-6.705803080650448500e+00
-6.720485344801547356e+00
-6.735166697158233795e+00
-6.749847144354514938e+00
-6.764526693066254204e+00
-6.779205350011177522e+00
-6.793883121948865345e+00
-6.808560015680760635e+00
-6.823236038050168872e+00
-6.837911195942248277e+00
-6.852585496284021360e+00
-6.867258946044366041e+00
-6.881931552234021865e+00
-6.896603321905589112e+00
-6.911274262153521697e+00
-6.925944380114141374e+00
-6.940613682965619979e+00
-6.955282177927994525e+00
-6.969949872263160096e+00
-6.984616773274868962e+00
-6.999282888308738571e+00
-7.013948224752236449e+00
-7.028612790034696189e+00
-7.043276591627309458e+00
-7.057939637043126879e+00
-7.072601933837058041e+00
-7.087263489605869715e+00
-7.101924311988190297e+00
-7.116584408664508921e+00
-7.131243813217420957e+00
-7.145902733137584839e+00
-7.160561224296108307e+00
-7.175219302349921335e+00
-7.189876983433075353e+00
-7.204534284156750346e+00
-7.219191221609246867e+00
-7.233847813355989587e+00
-7.248504077439532622e+00
-7.263160032379551545e+00
-7.277815697172847820e+00
-7.292471091293348806e+00
-7.307126234692100653e+00
-7.321781147797283396e+00
-7.336435851514194084e+00
-7.351090367225261879e+00
-7.365744716790032065e+00
-7.380398922545180262e+00
-7.395053007304507098e+00
-7.409706994358934651e+00
-7.424360907476514448e+00
-7.439014770902418583e+00
-7.453668609358943264e+00
