4.636594140693397037e+00
4.627302797533823231e+00
4.618011451192575834e+00
4.608720098520159070e+00
4.599428736405531737e+00
4.590137361811909678e+00
4.580845971776983383e+00
4.571554563412907335e+00
4.562263133906312440e+00
4.552971680518294484e+00
4.543680200584420348e+00
4.534388691514728897e+00
4.525097129194818102e+00
4.515805484053139196e+00
4.506513758544545389e+00
4.497221955318011055e+00
4.487930077004210538e+00
4.478638126215525261e+00
4.469346105546038395e+00
4.460054017571533969e+00
4.450761864849505756e+00
4.441469649919143947e+00
4.432177375301345812e+00
4.422885043498711255e+00
4.413592656995543706e+00
4.404300218257851007e+00
4.395007729733340973e+00
4.385715193851428495e+00
4.376422613023229324e+00
4.367129989641563625e+00
4.357837326080955087e+00
4.348544624697630923e+00
4.339251887829520982e+00
4.329959117796258639e+00
4.320666316899179016e+00
4.311373487421325201e+00
4.302080631627439367e+00
4.292787751763968096e+00
4.283494850059061498e+00
4.274201928722574984e+00
4.264908989946064821e+00
4.255616035902789029e+00
4.246323068747713592e+00
4.237030090617505351e+00
4.227737103630533788e+00
4.218444109886874571e+00
4.209151111468301565e+00
4.199858110438298375e+00
4.190565108842046804e+00
4.181272108706434842e+00
4.171979112040054005e+00
4.162686120833195780e+00
4.153393137057859619e+00
4.144100162667744947e+00
4.134807199598256489e+00
4.125514249766500718e+00
4.116221315071287634e+00
4.106928397393134311e+00
4.097635498594255132e+00
4.088342620518572446e+00
4.079049764991710347e+00
4.069756933820993794e+00
4.060464128795456595e+00
4.051171351685830757e+00
4.041878604244557138e+00
4.032585888205773017e+00
4.023293205285323637e+00
4.014000557180757767e+00
4.004707945571325034e+00
3.995415372117980368e+00
3.986122838463381335e+00
3.976830346231888580e+00
3.967537897029567162e+00
3.958245492444184332e+00
3.948953134045211755e+00
3.939660823383822841e+00
3.930368561992896304e+00
3.921076351387013048e+00
3.911784193062456616e+00
3.902492088497216738e+00
3.893200039150983560e+00
3.883908046465151198e+00
3.874616111862818624e+00
3.865324236748786113e+00
3.856032422509560131e+00
3.846740670513346672e+00
3.837448982110057472e+00
3.828157358631308238e+00
3.818865801390415982e+00
3.809574311682403014e+00
3.800282890783993839e+00
3.790991539953616041e+00
3.781700260431401173e+00
3.772409053439185200e+00
3.763117920180505838e+00
3.753826861840603879e+00
3.744535879586424532e+00
3.735244974566616527e+00
3.725954147911532122e+00
3.716663400733224876e+00
3.707372734125454095e+00
3.698082149163680832e+00
3.688791646905070110e+00
3.679501228388491363e+00
3.670210894634516219e+00
3.660920646645418497e+00
3.651630485405177762e+00
3.642340411879475326e+00
3.633050427015697803e+00
3.623760531742931779e+00
3.614470726971970027e+00
3.605181013593705686e+00
3.595891379165020663e+00
3.586601811698118425e+00
3.577312311881785778e+00
3.568022880386229279e+00
3.558733517863074791e+00
3.549444224945366155e+00
3.540155002247567850e+00
3.530865850365561887e+00
3.521576769876648694e+00
3.512287761339550229e+00
3.502998825294404650e+00
3.493709962262771640e+00
3.484421172747627526e+00
3.475132457233367944e+00
3.465843816185810500e+00
3.456555250052187223e+00
3.447266759261153002e+00
3.437978344222779814e+00
3.428690005328557611e+00
3.419401742951398315e+00
3.410113557445629606e+00
3.400825449147001578e+00
3.391537418372680079e+00
3.382249465421251156e+00
3.372961590572721491e+00
3.363673794088513080e+00
3.354386076211470336e+00
3.345098437165855643e+00
3.335810877157349363e+00
3.326523396373051611e+00
3.317235994981482250e+00
3.307948673132578676e+00
3.298661430957698038e+00
3.289374268569615900e+00
3.280087186062527582e+00
3.270800183512048154e+00
3.261513260975209327e+00
3.252226418490463011e+00
3.242939656077680421e+00
3.233652973738151637e+00
3.224366371454585600e+00
3.215079849191110117e+00
3.205793406893272302e+00
3.196507044488036797e+00
3.187220761883789777e+00
3.177934558970334944e+00
3.168648435618894865e+00
3.159362391682110971e+00
3.150076426994043999e+00
3.140790541370174438e+00
3.131504734607400753e+00
3.122219006484040715e+00
3.112933356759830961e+00
3.103647785175926099e+00
3.094362291454901825e+00
3.085076875300752697e+00
3.075791536398890358e+00
3.066506274416146205e+00
3.057221089000770942e+00
3.047935979782434135e+00
3.038650946372225103e+00
3.029365988362651141e+00
3.020081105327637960e+00
3.010796296822531914e+00
3.001511562384096887e+00
2.992226901530517402e+00
2.982942313761395070e+00
2.973657798557752141e+00
2.964373355382027508e+00
2.955088983678081593e+00
2.945804682871193680e+00
2.936520452368059697e+00
2.927236291556796655e+00
2.917952199806939984e+00
2.908668176469443978e+00
2.899384220876681795e+00
2.890100332342446343e+00
2.880816510161948063e+00
2.871532753611818034e+00
2.862249061950104423e+00
2.852965434416276924e+00
2.843681870231221875e+00
2.834398368597245366e+00
2.825114928698073236e+00
2.815831549698848857e+00
2.806548230746136685e+00
2.797264970967917819e+00
2.787981769473593108e+00
2.778698625353984042e+00
2.769415537681327866e+00
2.760132505509284240e+00
2.750849527872930356e+00
2.741566603788760492e+00
2.732283732254690900e+00
2.723000912250055805e+00
2.713718142735608296e+00
2.704435422653519883e+00
2.695152750927380936e+00
2.685870126462202023e+00
2.676587548144413464e+00
2.667305014841861333e+00
2.658022525403812786e+00
2.648740078660954289e+00
2.639457673425389839e+00
2.630175308490644515e+00
2.620892988474051499e+00
2.611610729919640050e+00
2.602328533308186476e+00
2.593046397957501359e+00
2.583764323193346701e+00
2.574482308349432369e+00
2.565200352767420089e+00
2.555918455796920341e+00
2.546636616795494579e+00
2.537354835128654340e+00
2.528073110169860360e+00
2.518791441300523903e+00
2.509509827910005431e+00
2.500228269395616820e+00
2.490946765162620036e+00
2.481665314624226237e+00
2.472383917201595782e+00
2.463102572323840445e+00
2.453821279428021196e+00
2.444540037959151757e+00
2.435258847370191049e+00
2.425977707122052074e+00
2.416696616683594812e+00
2.407415575531631546e+00
2.398134583150925092e+00
2.388853639034186127e+00
2.379572742682076303e+00
2.370291893603206468e+00
2.361011091314139332e+00
2.351730335339387690e+00
2.342449625211411757e+00
2.333168960470623166e+00
2.323888340665385410e+00
2.314607765352008073e+00
2.305327234094755262e+00
2.296046746465838062e+00
2.286766302045418531e+00
2.277485900421608367e+00
2.268205541190469354e+00
2.258925223956015138e+00
2.249644948330206340e+00
2.240364713932954999e+00
2.231084520392124126e+00
2.221804367343525488e+00
2.212524254430921822e+00
2.203244181306025062e+00
2.193964147628496786e+00
2.184684153065950873e+00
2.175404197293947739e+00
2.166124279996001878e+00
2.156844400863574762e+00
2.147564559596077505e+00
2.138284755900874856e+00
2.129004989493277655e+00
2.119725260096550379e+00
2.110445567441903592e+00
2.101165911268500608e+00
2.091886291323454383e+00
2.082606707361827070e+00
2.073327159146631793e+00
2.064047646448831319e+00
2.054768169047338500e+00
2.045488726729015827e+00
2.036209319288675879e+00
2.026929946529082649e+00
2.017650608260947109e+00
2.008371304302933869e+00
1.999092034481656066e+00
1.989812798631674928e+00
1.980533596595505319e+00
1.971254428223608857e+00
1.961975293374399909e+00
1.952696191914241153e+00
1.943417123717444683e+00
1.934138088666275568e+00
1.924859086650945184e+00
1.915580117569618102e+00
1.906301181328407424e+00
1.897022277841375448e+00
1.887743407030536780e+00
1.878464568825853664e+00
1.869185763165240655e+00
1.859906989994560833e+00
1.850628249267626479e+00
1.841349540946202845e+00
1.832070865000002158e+00
1.822792221406689173e+00
1.813513610151875843e+00
1.804235031229127761e+00
1.794956484639957273e+00
1.785677970393828140e+00
1.776399488508154656e+00
1.767121039008299643e+00
1.757842621927578231e+00
1.748564237307253189e+00
1.739285885196538484e+00
1.730007565652598389e+00
1.720729278740546375e+00
1.711451024533446885e+00
1.702172803112313781e+00
1.692894614566110345e+00
1.683616458991751497e+00
1.674338336494100687e+00
1.665060247185972564e+00
1.655782191188131192e+00
1.646504168629290055e+00
1.637226179646114277e+00
1.627948224383217068e+00
1.618670302993163945e+00
1.609392415636468510e+00
1.600114562481594227e+00
1.590836743704957090e+00
1.581558959490920069e+00
1.572281210031798881e+00
1.563003495527857112e+00
1.553725816187308872e+00
1.544448172226319915e+00
1.535170563869003413e+00
1.525892991347425287e+00
1.516615454901599325e+00
1.507337954779489841e+00
1.498060491237012570e+00
1.488783064538030887e+00
1.479505674954360916e+00
1.470228322765765983e+00
1.460951008259962380e+00
1.451673731732614048e+00
1.442396493487335674e+00
1.433119293835692920e+00
1.423842133097199758e+00
1.414565009109332250e+00
1.405287918486115561e+00
1.396010860710522161e+00
1.386733835281630967e+00
1.377456841703233126e+00
1.368179879483834682e+00
1.358902948136654354e+00
1.349626047179623978e+00
1.340349176135389841e+00
1.331072334531311130e+00
1.321795521899461034e+00
1.312518737776626310e+00
1.303241981704305719e+00
1.293965253228714252e+00
1.284688551900777576e+00
1.275411877276137584e+00
1.266135228915147737e+00
1.256858606382874832e+00
1.247582009249101453e+00
1.238305437088320637e+00
1.229028889479742315e+00
1.219752366007286426e+00
1.210475866259589584e+00
1.201199389829999964e+00
1.191922936316579307e+00
1.182646505322104247e+00
1.173370096454063205e+00
1.164093709324660164e+00
1.154817343550810671e+00
1.145540998754144058e+00
1.136264674561004995e+00
1.126988370602449052e+00
1.117712086514248027e+00
1.108435821936884835e+00
1.099159576515557291e+00
1.089883349900176768e+00
1.080607141745366651e+00
1.071330951710466328e+00
1.062054779459526754e+00
1.052778624661312667e+00
1.043502486989303257e+00
1.034226366121690166e+00
1.024950261741379709e+00
1.015674173535990654e+00
1.006398101197855111e+00
9.971220444240206371e-01
9.878460029162456912e-01
9.785699763810045138e-01
9.692939645294833539e-01
9.600179670775822460e-01
9.507419837459157863e-01
9.414660142598105796e-01
9.321900583493082371e-01
9.229141157491629333e-01
9.136381861988416286e-01
9.043622694425274000e-01
8.950863652291137784e-01
8.858104733122103003e-01
8.765345934501380665e-01
8.672587254059335171e-01
8.579828689473453229e-01
8.487070238468356065e-01
8.394311898815813855e-01
8.301553668334710201e-01
8.208795544891092089e-01
8.116037526398116597e-01
8.023279610816081986e-01
7.930521796152436576e-01
7.837764080461741001e-01
7.745006461845713730e-01
7.652248938453193317e-01
7.559491508480151722e-01
7.466734170169710971e-01
7.373976921812112062e-01
7.281219761744747165e-01
7.188462688352130758e-01
7.095705700065911836e-01
7.002948795364890566e-01
6.910191972774978320e-01
6.817435230869249851e-01
6.724678568267892231e-01
6.631921983638231488e-01
6.539165475694741492e-01
6.446409043199015088e-01
6.353652684959797403e-01
6.260896399832950321e-01
6.168140186721489115e-01
6.075384044575551368e-01
5.982627972392408067e-01
5.889871969216480263e-01
5.797116034139307983e-01
5.704360166299582424e-01
5.611604364883117091e-01
5.518848629122856675e-01
5.426092958298903701e-01
5.333337351738469678e-01
5.240581808815922837e-01
5.147826328952752606e-01
5.055070911617582929e-01
4.962315556326187815e-01
4.869560262641457471e-01
4.776805030173436051e-01
4.684049858579288905e-01
4.591294747563316458e-01
4.498539696876968086e-01
4.405784706318811028e-01
4.313029775734564808e-01
4.220274905017071254e-01
4.127520094106306159e-01
4.034765342989396486e-01
3.942010651700583734e-01
3.849256020321265570e-01
3.756501448979958635e-01
3.663746937852315200e-01
3.570992487161138706e-01
3.478238097176346577e-01
3.385483768215011291e-01
3.292729500641327633e-01
3.199975294866623243e-01
3.107221151349376931e-01
3.014467070595182596e-01
2.921713053156790307e-01
2.828959099634063556e-01
2.736205210674022559e-01
2.643451386970807615e-01
2.550697629265692434e-01
2.457943938347104396e-01
2.365190315050582359e-01
2.272436760258823296e-01
2.179683274901642875e-01
2.086929859955992117e-01
1.994176516445972380e-01
1.901423245442800947e-01
1.808670048064849600e-01
1.715916925477610211e-01
1.623163878893710277e-01
1.530410909572927913e-01
1.437658018822155215e-01
1.344905207995440999e-01
1.252152478493952781e-01
1.159399831765994260e-01
1.066647269307019613e-01
9.738947926595974136e-02
8.811424034134521244e-02
7.883901032054280167e-02
6.956378937195044354e-02
6.028857766868116197e-02
5.101337592142957816e-02
4.173818757665891804e-02
3.246301277783129879e-02
2.318785099256042911e-02
1.391270169179429153e-02
4.637564349816679365e-03
-4.637561555751778912e-03
-1.391267654395463710e-02
-2.318778113050066342e-02
-3.246287582776230529e-02
-4.173796114477620195e-02
-5.101303758724419490e-02
-6.028810565752924094e-02
-6.956316585466155999e-02
-7.883821867433454811e-02
-8.811326460890575585e-02
-9.738830414739800545e-02
-1.066633377754951512e-01
-1.159383659755483936e-01
-1.252133892265720472e-01
-1.344884080042446084e-01
-1.437634227809098109e-01
-1.530384340255724895e-01
-1.623134422039047564e-01
-1.715884477782418649e-01
-1.808634512075832645e-01
-1.901384529475936558e-01
-1.994134534505987710e-01
-2.086884531655916752e-01
-2.179634525382285470e-01
-2.272384520108297890e-01
-2.365134520223810544e-01
-2.457884530085289732e-01
-2.550634554015875910e-01
-2.643384596305340950e-01
-2.736134661210096741e-01
-2.828884752953209625e-01
-2.921634875724355984e-01
-3.014385033679884973e-01
-3.107135230942777993e-01
-3.199885471602657572e-01
-3.292635759715797361e-01
-3.385386099305084384e-01
-3.478136494360077879e-01
-3.570886948836966557e-01
-3.663637466658583586e-01
-3.756388051714412701e-01
-3.849138707860549347e-01
-3.941889438919761735e-01
-4.034640248681449770e-01
-4.127391140901653932e-01
-4.220142119303068595e-01
-4.312893187574998177e-01
-4.405644349373420421e-01
-4.498395608320944206e-01
-4.591146968006830642e-01
-4.683898431986951993e-01
-4.776650003783852738e-01
-4.869401686886710712e-01
-4.962153484751343213e-01
-5.054905400800220328e-01
-5.147657438422424958e-01
-5.240409600973711113e-01
-5.333161891776464492e-01
-5.425914314119711923e-01
-5.518666871259135798e-01
-5.611419566417025218e-01
-5.704172402782343720e-01
-5.796925383510687091e-01
-5.889678511724294463e-01
-5.982431790512050540e-01
-6.075185222929461171e-01
-6.167938811998696647e-01
-6.260692560708560617e-01
-6.353446472014502300e-01
-6.446200548838618705e-01
-6.538954794069620213e-01
-6.631709210562889423e-01
-6.724463801140441177e-01
-6.817218568590928118e-01
-6.909973515669662891e-01
-7.002728645098562632e-01
-7.095483959566217802e-01
-7.188239461727854440e-01
-7.280995154205336384e-01
-7.373751039587181921e-01
-7.466507120428520494e-01
-7.559263399251151538e-01
-7.652019878543507847e-01
-7.744776560760666673e-01
-7.837533448324351948e-01
-7.930290543622903199e-01
-8.023047849011332167e-01
-8.115805366811278398e-01
-8.208563099311029232e-01
-8.301321048765519794e-01
-8.394079217396296366e-01
-8.486837607391579663e-01
-8.579596220906222648e-01
-8.672355060061716081e-01
-8.765114126946208506e-01
-8.857873423614456287e-01
-8.950632952087886895e-01
-9.043392714354563378e-01
-9.136152712369188800e-01
-9.228912948053117349e-01
-9.321673423294314365e-01
-9.414434139947420732e-01
-9.507195099833705143e-01
-9.599956304741081858e-01
-9.692717756424115150e-01
-9.785479456603979331e-01
-9.878241406968522043e-01
-9.971003609172225390e-01
-1.006376606483622149e+00
-1.015652877554825029e+00
-1.024929174286272948e+00
-1.034205496830070903e+00
-1.043481845334987224e+00
-1.052758219946456686e+00
-1.062034620806574292e+00
-1.071311048054102599e+00
-1.080587501824466834e+00
-1.089863982249757557e+00
-1.099140489458729553e+00
-1.108417023576798721e+00
-1.117693584726049183e+00
-1.126970173025227062e+00
-1.136246788589743151e+00
-1.145523431531673575e+00
-1.154800101959755798e+00
-1.164076799979393728e+00
-1.173353525692655053e+00
-1.182630279198271905e+00
-1.191907060591640422e+00
-1.201183869964819406e+00
-1.210460707406533887e+00
-1.219737573002172448e+00
-1.229014466833788122e+00
-1.238291388980098162e+00
-1.247568339516481606e+00
-1.256845318514985266e+00
-1.266122326044318402e+00
-1.275399362169854278e+00
-1.284676426953632156e+00
-1.293953520454351969e+00
-1.303230642727380539e+00
-1.312507793824748692e+00
-1.321784973795150586e+00
-1.331062182683946382e+00
-1.340339420533156689e+00
-1.349616687381470115e+00
-1.358893983264237271e+00
-1.368171308213474102e+00
-1.377448662257861223e+00
-1.386726045422740583e+00
-1.396003457730121466e+00
-1.405280899198675382e+00
-1.414558369843739394e+00
-1.423835869677315014e+00
-1.433113398708065311e+00
-1.442390956941319802e+00
-1.451668544379071779e+00
-1.460946161019978762e+00
-1.470223806859363380e+00
-1.479501481889209602e+00
-1.488779186098167839e+00
-1.498056919471552284e+00
-1.507334681991341796e+00
-1.516612473636179681e+00
-1.525890294381370138e+00
-1.535168144198885587e+00
-1.544446023057360673e+00
-1.553723930922095375e+00
-1.563001867755053675e+00
-1.572279833514861114e+00
-1.581557828156810563e+00
-1.590835851632858233e+00
-1.600113903891624112e+00
-1.609391984878393966e+00
-1.618670094535113790e+00
-1.627948232800397799e+00
-1.637226399609522876e+00
-1.646504594894431017e+00
-1.655782818583725780e+00
-1.665061070602677162e+00
-1.674339350873219834e+00
-1.683617659313950687e+00
-1.692895995840133283e+00
-1.702174360363691852e+00
-1.711452752793217957e+00
-1.720731173033966055e+00
-1.730009620987855046e+00
-1.739288096553468943e+00
-1.748566599626052875e+00
-1.757845130097519526e+00
-1.767123687856444247e+00
-1.776402272788066616e+00
-1.785680884774292210e+00
-1.794959523693686387e+00
-1.804238189421483396e+00
-1.813516882474483172e+00
-1.822795610045441439e+00
-1.832074374444064624e+00
-1.841353176016563564e+00
-1.850632015107009476e+00
-1.859910892057331067e+00
-1.869189807207314535e+00
-1.878468760894604017e+00
-1.887747753454699806e+00
-1.897026785220961242e+00
-1.906305856524605824e+00
-1.915584967694708096e+00
-1.924864119058200984e+00
-1.934143310939872684e+00
-1.943422543662371993e+00
-1.952701817546204532e+00
-1.961981132909732972e+00
-1.971260490069179472e+00
-1.980539889338620352e+00
-1.989819331029992977e+00
-1.999098815453091538e+00
-2.008378342915567494e+00
-2.017657913722931351e+00
-2.026937528178548220e+00
-2.036217186583643368e+00
-2.045496889237300664e+00
-2.054776636436459025e+00
-2.064056428475917748e+00
-2.073336265648329846e+00
-2.082616148244211374e+00
-2.091896076551932104e+00
-2.101176050857720412e+00
-2.110456071445665049e+00
-2.119736138597707598e+00
-2.129016252593650904e+00
-2.138296413711154642e+00
-2.147576622225736198e+00
-2.156856878410771117e+00
-2.166137182537490435e+00
-2.175417534874986458e+00
-2.184697935690206094e+00
-2.193978385247956631e+00
-2.203258883810899071e+00
-2.212539431639557019e+00
-2.221820028992308682e+00
-2.231100676125390425e+00
-2.240381373292898548e+00
-2.249662120746782179e+00
-2.258942918736853045e+00
-2.268223767510777478e+00
-2.277504667314082187e+00
-2.286785618390149821e+00
-2.296066620980219852e+00
-2.305347675323391243e+00
-2.314628781656620671e+00
-2.323909940214720748e+00
-2.333191151230364913e+00
-2.342472414934080760e+00
-2.351753731554254934e+00
-2.361035101317132678e+00
-2.370316524446816508e+00
-2.379598001165267096e+00
-2.388879531692300606e+00
-2.398161116245593139e+00
-2.407442755040678062e+00
-2.416724448290946015e+00
-2.426006196207646681e+00
-2.435287998999884351e+00
-2.444569856874624136e+00
-2.453851770036687530e+00
-2.463133738688754182e+00
-2.472415763031361902e+00
-2.481697843262904435e+00
-2.490979979579633685e+00
-2.500262172175661046e+00
-2.509544421242954737e+00
-2.518826726971340690e+00
-2.528109089548499888e+00
-2.537391509159975911e+00
-2.546673985989166500e+00
-2.555956520217327999e+00
-2.565239112023576240e+00
-2.574521761584881219e+00
-2.583804469076072863e+00
-2.593087234669838814e+00
-2.602370058536724429e+00
-2.611652940845132775e+00
-2.620935881761323305e+00
-2.630218881449414070e+00
-2.639501940071382169e+00
-2.648785057787059749e+00
-2.658068234754140224e+00
-2.667351471128170726e+00
-2.676634767062558318e+00
-2.685918122708567335e+00
-2.695201538215320269e+00
-2.704485013729798215e+00
-2.713768549396836427e+00
-2.723052145359130538e+00
-2.732335801757234783e+00
-2.741619518729559335e+00
-2.750903296412372967e+00
-2.760187134939800391e+00
-2.769471034443826252e+00
-2.778754995054292465e+00
-2.788039016898896882e+00
-2.797323100103199511e+00
-2.806607244790611411e+00
-2.815891451082406238e+00
-2.825175719097714477e+00
-2.834460048953524769e+00
-2.843744440764680803e+00
-2.853028894643885760e+00
-2.862313410701701422e+00
-2.871597989046546839e+00
-2.880882629784697890e+00
-2.890167333020287277e+00
-2.899452098855308524e+00
-2.908736927389610205e+00
-2.918021818720899052e+00
-2.927306772944742175e+00
-2.936591790154559067e+00
-2.945876870441631823e+00
-2.955162013895097584e+00
-2.964447220601952537e+00
-2.973732490647051030e+00
-2.983017824113102012e+00
-2.992303221080675701e+00
-3.001588681628198696e+00
-3.010874205831953976e+00
-3.020159793766086231e+00
-3.029445445502592094e+00
-3.038731161111329904e+00
-3.048016940660014829e+00
-3.057302784214220193e+00
-3.066588691837377034e+00
-3.075874663590771441e+00
-3.085160699533550321e+00
-3.094446799722717856e+00
-3.103732964213134604e+00
-3.113019193057521061e+00
-3.122305486306451439e+00
-3.131591844008362102e+00
-3.140878266209544467e+00
-3.150164752954148550e+00
-3.159451304284182971e+00
-3.168737920239511396e+00
-3.178024600857856985e+00
-3.187311346174801496e+00
-3.196598156223782627e+00
-3.205885031036097566e+00
-3.215171970640897658e+00
-3.224458975065196853e+00
-3.233746044333863257e+00
-3.243033178469624023e+00
-3.252320377493064907e+00
-3.261607641422626269e+00
-3.270894970274609737e+00
-3.280182364063171985e+00
-3.289469822800329180e+00
-3.298757346495955645e+00
-3.308044935157780309e+00
-3.317332588791392034e+00
-3.326620307400238286e+00
-3.335908090985622021e+00
-3.345195939546706576e+00
-3.354483853080509892e+00
-3.363771831581909399e+00
-3.373059875043639799e+00
-3.382347983456295282e+00
-3.391636156808324198e+00
-3.400924395086035279e+00
-3.410212698273593634e+00
-3.419501066353023866e+00
-3.428789499304207400e+00
-3.438077997104881600e+00
-3.447366559730642877e+00
-3.456655187154946685e+00
-3.465943879349104417e+00
-3.475232636282286958e+00
-3.484521457921519350e+00
-3.493810344231688347e+00
-3.503099295175536199e+00
-3.512388310713663753e+00
-3.521677390804530017e+00
-3.530966535404449047e+00
-3.540255744467594834e+00
-3.549545017945999970e+00
-3.558834355789552539e+00
-3.568123757946001007e+00
-3.577413224360946664e+00
-3.586702754977854291e+00
-3.595992349738042382e+00
-3.605282008580689368e+00
-3.614571731442830949e+00
-3.623861518259359205e+00
-3.633151368963024819e+00
-3.642441283484436187e+00
-3.651731261752060309e+00
-3.661021303692221451e+00
-3.670311409229099819e+00
-3.679601578284734220e+00
-3.688891810779022951e+00
-3.698182106629720245e+00
-3.707472465752439827e+00
-3.716762888060649583e+00
-3.726053373465678220e+00
-3.735343921876710827e+00
-3.744634533200791537e+00
-3.753925207342822201e+00
-3.763215944205559271e+00
-3.772506743689619135e+00
-3.781797605693477671e+00
-3.791088530113465360e+00
-3.800379516843773064e+00
-3.809670565776445805e+00
-3.818961676801389871e+00
-3.828252849806367486e+00
-3.837544084676999034e+00
-3.846835381296763945e+00
-3.856126739546995807e+00
-3.865418159306888146e+00
-3.874709640453493531e+00
-3.884001182861720469e+00
-3.893292786404335626e+00
-3.902584450951962047e+00
-3.911876176373083158e+00
-3.921167962534037432e+00
-3.930459809299023277e+00
-3.939751716530096370e+00
-3.949043684087167883e+00
-3.958335711828008918e+00
-3.967627799608247852e+00
-3.976919947281370771e+00
-3.986212154698722365e+00
-3.995504421709501930e+00
-4.004796748160769582e+00
-4.014089133897441819e+00
-4.023381578762293742e+00
-4.032674082595957721e+00
-4.041966645236922062e+00
-4.051259266521535451e+00
-4.060551946284004288e+00
-4.069844684356390907e+00
-4.079137480568615359e+00
-4.088430334748455408e+00
-4.097723246721548307e+00
-4.107016216311389023e+00
-4.116309243339327573e+00
-4.125602327624573462e+00
-4.134895468984194800e+00
-4.144188667233113854e+00
-4.153481922184115049e+00
-4.162775233647840523e+00
-4.172068601432783019e+00
-4.181361993050852988e+00
-4.190655368764935496e+00
-4.199948725103356928e+00
-4.209242058803043030e+00
-4.218535366760931993e+00
-4.227828646033989557e+00
-4.237121893839198350e+00
-4.246415107553560553e+00
-4.255708284714099676e+00
-4.265001423017858784e+00
-4.274294520321899604e+00
-4.283587574643307860e+00
-4.292880584159185275e+00
-4.302173547206655790e+00
-4.311466462282862011e+00
-4.320759328044969649e+00
-4.330052143310159529e+00
-4.339344907055636469e+00
-4.348637618418625728e+00
-4.357930276696369454e+00
-4.367222881346132013e+00
-4.376515431985196436e+00
-4.385807928390867971e+00
-4.395100370500472309e+00
-4.404392758411349362e+00
-4.413685092380867481e+00
-4.422977372826409237e+00
-4.432269600325379422e+00
-4.441561775615204155e+00
-4.450853899593324670e+00
-4.460145973317207968e+00
-4.469437998004337942e+00
-4.478729975032220700e+00
-4.488021905938381018e+00
-4.497313792420363221e+00
-4.506605636335731191e+00
-4.515897439702071026e+00
-4.525189204696990153e+00
-4.534480933658111113e+00
-4.543772629083079551e+00
-4.553064293629563331e+00
-4.562355930115244540e+00
-4.571647541517832813e+00
-4.580939130975049345e+00
-4.590230701784641987e+00
-4.599522257404378145e+00
-4.608813801452042114e+00
-4.618105337705440405e+00
-4.627396870102399085e+00
-4.636688402740762882e+00
