2.689797667306701889e+00
2.684407661629223618e+00
2.679017654257866976e+00
2.673627643597015435e+00
2.668237628157247077e+00
2.662847606544673784e+00
2.657457577460876852e+00
2.652067539702908316e+00
2.646677492163291401e+00
2.641287433830020515e+00
2.635897363786560366e+00
2.630507281211845516e+00
2.625117180445108112e+00
2.619727054924468224e+00
2.614336905599714100e+00
2.608946733465028256e+00
2.603556539509818801e+00
2.598166324718721221e+00
2.592776090071598816e+00
2.587385836543538709e+00
2.581995565104858059e+00
2.576605276721098292e+00
2.571214972353029093e+00
2.565824652956646190e+00
2.560434319483172239e+00
2.555043972879057268e+00
2.549653614085975573e+00
2.544263244040831928e+00
2.538872863675755376e+00
2.533482473918101441e+00
2.528092075690454354e+00
2.522701669910623501e+00
2.517311257491644749e+00
2.511920839341783118e+00
2.506530416364526559e+00
2.501139989458593504e+00
2.495749559517926652e+00
2.490359127431696962e+00
2.484968694084300544e+00
2.479578260355362218e+00
2.474187827119731509e+00
2.468797395247486204e+00
2.463406965603930132e+00
2.458016539049594051e+00
2.452626116440236093e+00
2.447235698626839095e+00
2.441845286455615049e+00
2.436454880768001541e+00
2.431064482400662641e+00
2.425674092185490238e+00
2.420283710949601375e+00
2.414893339515340909e+00
2.409502978700281073e+00
2.404112629317218808e+00
2.398722292174180204e+00
2.393331968074416061e+00
2.387941657816404994e+00
2.382551362193852551e+00
2.377161081995689873e+00
2.371770818006075476e+00
2.366380571004396138e+00
2.360990341765262457e+00
2.355600131058514179e+00
2.350209939649215762e+00
2.344819768297660367e+00
2.339429617759367641e+00
2.334039488785081939e+00
2.328649382120777211e+00
2.323259298507651671e+00
2.317869238682131794e+00
2.312479203375870540e+00
2.307089193315746911e+00
2.301699209223867726e+00
2.296309251817565400e+00
2.290919321809400167e+00
2.285529419907158744e+00
2.280139546813853446e+00
2.274749703227725295e+00
2.269359889842239575e+00
2.263970107346091165e+00
2.258580356423200097e+00
2.253190637752712000e+00
2.247800952009002096e+00
2.242411299861669871e+00
2.237021681975543075e+00
2.231632099010675496e+00
2.226242551622347410e+00
2.220853040461066019e+00
2.215463566172566345e+00
2.210074129397809006e+00
2.204684730772981105e+00
2.199295370929497118e+00
2.193906050493998450e+00
2.188516770088352548e+00
2.183127530329654675e+00
2.177738331830225693e+00
2.172349175197613391e+00
2.166960061034592933e+00
2.161570989939165965e+00
2.156181962504561067e+00
2.150792979319232412e+00
2.145404040966862436e+00
2.140015148026358727e+00
2.134626301071858023e+00
2.129237500672721328e+00
2.123848747393537906e+00
2.118460041794122617e+00
2.113071384429518140e+00
2.107682775849993639e+00
2.102294216601044763e+00
2.096905707223393200e+00
2.091517248252061201e+00
2.086128832457536220e+00
2.080740452667278362e+00
2.075352108999240830e+00
2.069963801567692663e+00
2.064575530483220955e+00
2.059187295852729083e+00
2.053799097779437588e+00
2.048410936362882406e+00
2.043022811698915753e+00
2.037634723879708787e+00
2.032246672993747172e+00
2.026858659125834627e+00
2.021470682357090709e+00
2.016082742764950808e+00
2.010694840423169261e+00
2.005306975401814906e+00
1.999919147767274419e+00
1.994531357582250752e+00
1.989143604905762919e+00
1.983755889793147764e+00
1.978368212296057749e+00
1.972980572462462945e+00
1.967592970336648817e+00
1.962205405959218218e+00
1.956817879367090951e+00
1.951430390593502651e+00
1.946042939668006566e+00
1.940655526616471782e+00
1.935268151461083663e+00
1.929880814220345409e+00
1.924493514909076719e+00
1.919106253538412687e+00
1.913719030115806685e+00
1.908331844645026809e+00
1.902944697126159213e+00
1.897557587555607439e+00
1.892170515926089536e+00
1.886783482226641606e+00
1.881396486442615590e+00
1.876009528555681038e+00
1.870622608543824006e+00
1.865235726381345938e+00
1.859848882038866114e+00
1.854462075483320094e+00
1.849075306677960162e+00
1.843688575582355327e+00
1.838301882152391542e+00
1.832915226340269932e+00
1.827528608094509899e+00
1.822142027359946681e+00
1.816755484077732685e+00
1.811368978185336598e+00
1.805982509616543608e+00
1.800596078301455627e+00
1.795209684166491293e+00
1.789823327134386410e+00
1.784437007124192842e+00
1.779050724051278509e+00
1.773664477827328945e+00
1.768278268360346184e+00
1.762892095554648764e+00
1.757505959310871502e+00
1.752119859525966827e+00
1.746733796093202340e+00
1.741347768902163473e+00
1.735961777838752162e+00
1.730575822785186402e+00
1.725189903620001575e+00
1.719804020218048901e+00
1.714418172450496325e+00
1.709032360184830068e+00
1.703646583284850635e+00
1.698260841610676142e+00
1.692875135018742094e+00
1.687489463361799391e+00
1.682103826488916765e+00
1.676718224245478339e+00
1.671332656473185629e+00
1.665947123010057096e+00
1.660561623690427036e+00
1.655176158344947135e+00
1.649790726800585139e+00
1.644405328880625294e+00
1.639019964404669460e+00
1.633634633188635110e+00
1.628249335044757107e+00
1.622864069781586815e+00
1.617478837203991215e+00
1.612093637113155342e+00
1.606708469306580067e+00
1.601323333578083430e+00
1.595938229717799972e+00
1.590553157512179627e+00
1.585168116743991273e+00
1.579783107192318958e+00
1.574398128632563232e+00
1.569013180836442034e+00
1.563628263571989141e+00
1.558243376603555719e+00
1.552858519691809880e+00
1.547473692593734906e+00
1.542088895062631693e+00
1.536704126848117857e+00
1.531319387696127521e+00
1.525934677348911306e+00
1.520549995545037003e+00
1.515165342019388017e+00
1.509780716503164921e+00
1.504396118680356720e+00
1.499011547269860856e+00
1.493627001647121588e+00
1.488242481633525793e+00
1.482857987051343196e+00
1.477473517723727259e+00
1.472089073474714294e+00
1.466704654129223684e+00
1.461320259513057884e+00
1.455935889452902199e+00
1.450551543776325669e+00
1.445167222311780630e+00
1.439782924888601823e+00
1.434398651337007502e+00
1.429014401488098551e+00
1.423630175173859591e+00
1.418245972227158980e+00
1.412861792481746814e+00
1.407477635772257152e+00
1.402093501934206454e+00
1.396709390803995365e+00
1.391325302218907600e+00
1.385941236017108835e+00
1.380557192037648928e+00
1.375173170120460364e+00
1.369789170106358922e+00
1.364405191837044340e+00
1.359021235155097651e+00
1.353637299903984514e+00
1.348253385928053216e+00
1.342869493072535336e+00
1.337485621183545526e+00
1.332101770108081729e+00
1.326717939694024073e+00
1.321334129790137313e+00
1.315950340246068162e+00
1.310566570912347517e+00
1.305182821640388457e+00
1.299799092282487134e+00
1.294415382691823879e+00
1.289031692722460987e+00
1.283648022229345154e+00
1.278264371068304817e+00
1.272880739096052372e+00
1.267497126170183508e+00
1.262113532149176320e+00
1.256729956892392641e+00
1.251346400260077152e+00
1.245962862113357827e+00
1.240579342314245936e+00
1.235195840725635152e+00
1.229812357211303331e+00
1.224428891635910510e+00
1.219045443865000466e+00
1.213662013764999825e+00
1.208278601203218505e+00
1.202895206047849719e+00
1.197511828167969083e+00
1.192128467433536176e+00
1.186745123715393646e+00
1.181361796885266102e+00
1.175978486815763668e+00
1.170595193380376653e+00
1.165211916453480656e+00
1.159828655910333906e+00
1.154445411627077256e+00
1.149062183480735300e+00
1.143678971349215256e+00
1.138295775111308306e+00
1.132912594646687587e+00
1.127529429835909758e+00
1.122146280560415654e+00
1.116763146702527632e+00
1.111380028145452670e+00
1.105996924773279710e+00
1.100613836470980988e+00
1.095230763124413143e+00
1.089847704620314106e+00
1.084464660846306217e+00
1.079081631690894882e+00
1.073698617043467696e+00
1.068315616794296208e+00
1.062932630834534820e+00
1.057549659056221669e+00
1.052166701352276856e+00
1.046783757616504884e+00
1.041400827743592439e+00
1.036017911629109278e+00
1.030635009169509564e+00
1.025252120262128974e+00
1.019869244805187591e+00
1.014486382697788125e+00
1.009103533839915912e+00
1.003720698132440248e+00
9.983378754771130570e-01
9.929550657765701116e-01
9.875722689343292560e-01
9.821894848547919610e-01
9.768067134432433241e-01
9.714239546058505148e-01
9.660412082496649955e-01
9.606584742826207446e-01
9.552757526135344790e-01
9.498930431521069861e-01
9.445103458089214588e-01
9.391276604954448270e-01
9.337449871240266486e-01
9.283623256078993302e-01
9.229796758611794605e-01
9.175970377988657001e-01
9.122144113368408913e-01
9.068317963918699487e-01
9.014491928816013022e-01
8.960666007245672304e-01
8.906840198401818620e-01
8.853014501487435073e-01
8.799188915714333259e-01
8.745363440303149938e-01
8.691538074483365905e-01
8.637712817493278239e-01
8.583887668580028052e-01
8.530062626999579400e-01
8.476237692016735936e-01
8.422412862905124253e-01
8.368588138947203880e-01
8.314763519434273942e-01
8.260939003666449842e-01
8.207114590952695465e-01
8.153290280610794305e-01
8.099466071967361680e-01
8.045641964357852505e-01
7.991817957126541305e-01
7.937994049626545534e-01
7.884170241219808917e-01
7.830346531277101452e-01
7.776522919178033844e-01
7.722699404311040849e-01
7.668875986073395712e-01
7.615052663871194616e-01
7.561229437119368901e-01
7.507406305241686173e-01
7.453583267670733647e-01
7.399760323847944798e-01
7.345937473223571601e-01
7.292114715256701185e-01
7.238292049415260276e-01
7.184469475175990771e-01
7.130646992024483044e-01
7.076824599455143749e-01
7.023002296971226910e-01
6.969180084084801718e-01
6.915357960316775854e-01
6.861535925196894370e-01
6.807713978263720822e-01
6.753892119064663913e-01
6.700070347155951955e-01
6.646248662102648419e-01
6.592427063478654148e-01
6.538605550866691818e-01
6.484784123858323701e-01
6.430962782053938342e-01
6.377141525062753891e-01
6.323320352502826980e-01
6.269499264001039407e-01
6.215678259193109234e-01
6.161857337723581907e-01
6.108036499245831363e-01
6.054215743422072249e-01
6.000395069923341040e-01
5.946574478429514921e-01
5.892753968629294015e-01
5.838933540220211382e-01
5.785113192908637458e-01
5.731292926409764510e-01
5.677472740447626620e-01
5.623652634755081925e-01
5.569832609073818164e-01
5.516012663154363782e-01
5.462192796756066837e-01
5.408373009647120533e-01
5.354553301604538795e-01
5.300733672414164044e-01
5.246914121870682735e-01
5.193094649777600935e-01
5.139275255947267640e-01
5.085455940200848124e-01
5.031636702368353919e-01
4.977817542288620056e-01
4.923998459809308947e-01
4.870179454786926487e-01
4.816360527086796517e-01
4.762541676583087469e-01
4.708722903158789053e-01
4.654904206705722247e-01
4.601085587124549292e-01
4.547267044324750929e-01
4.493448578224651935e-01
4.439630188751397810e-01
4.385811881370199616e-01
4.331993700038460626e-01
4.278175653613631169e-01
4.224357741316216996e-01
4.170539962363852271e-01
4.116722315971305113e-01
4.062904801350489259e-01
4.009087417710442969e-01
3.955270164257350674e-01
3.901453040194526323e-01
3.847636044722416715e-01
3.793819177038615376e-01
3.740002436337839242e-01
3.686185821811953089e-01
3.632369332649945659e-01
3.578552968037952975e-01
3.524736727159238914e-01
3.470920609194202977e-01
3.417104613320388062e-01
3.363288738712463255e-01
3.309472984542243812e-01
3.255657349978672288e-01
3.201841834187826863e-01
3.148026436332932443e-01
3.094211155574334571e-01
3.040395991069528292e-01
2.986580941973136505e-01
2.932766007436916622e-01
2.878951186609770563e-01
2.825136478637725879e-01
2.771321882663956293e-01
2.717507397828763382e-01
2.663693023269583793e-01
2.609878758121000342e-01
2.556064601514717038e-01
2.502250552579589060e-01
2.448436610441596384e-01
2.394622774223855166e-01
2.340809043046626625e-01
2.286995416027296224e-01
2.233181892280396430e-01
2.179368470917587286e-01
2.125555151047664182e-01
2.071741931776567847e-01
2.017928812207362421e-01
1.964115791440260161e-01
1.910302868572600066e-01
1.856490042698857035e-01
1.802677312910651031e-01
1.748864678296725150e-01
1.695052137942971437e-01
1.641239690932405071e-01
1.587427336345188789e-01
1.533615073258613459e-01
1.479802900747104188e-01
1.425990817882232253e-01
1.372178823732692066e-01
1.318366917364326152e-01
1.264555097840103504e-01
1.210743364220129986e-01
1.156931715561655000e-01
1.103120150919052883e-01
1.049308669343845118e-01
9.954972698846803469e-02
9.416859515873429731e-02
8.878747134947624631e-02
8.340635546469919726e-02
7.802524740812324944e-02
7.264414708318120417e-02
6.726305439301942524e-02
6.188196924049876174e-02
5.650089152819247340e-02
5.111982115838859669e-02
4.573875803308783544e-02
4.035770205400450450e-02
3.497665312256739018e-02
2.959561113991765816e-02
2.421457600691127865e-02
1.883354762411659084e-02
1.345252589181672974e-02
8.071510710007511608e-03
2.690501978398341168e-03
-2.690500403587195964e-03
-8.071496536811927427e-03
-1.345248652242568912e-02
-1.883347046186444051e-02
-2.421444845685054650e-02
-2.959542060939338720e-02
-3.497638702178697268e-02
-4.035734779661349914e-02
-4.573830303674100706e-02
-5.111925284532392588e-02
-5.650019732580371934e-02
-6.188113658190644989e-02
-6.726207071764640777e-02
-7.264299983732369625e-02
-7.802392404552480065e-02
-8.340484344712327525e-02
-8.878575814727725224e-02
-9.416666825143307773e-02
-9.954757386532295249e-02
-1.049284750949654177e-01
-1.103093720466660904e-01
-1.156902648270151934e-01
-1.210711535428911495e-01
-1.264520383014582083e-01
-1.318329192101669878e-01
-1.372137963767551816e-01
-1.425946699092451309e-01
-1.479755399159472240e-01
-1.533564065054578429e-01
-1.587372697866596960e-01
-1.641181298687225398e-01
-1.694989868611007366e-01
-1.748798408735368071e-01
-1.802606920160592097e-01
-1.856415403989826740e-01
-1.910223861329090889e-01
-1.964032293287248099e-01
-2.017840700976045176e-01
-2.071649085510086363e-01
-2.125457448006840833e-01
-2.179265789586646851e-01
-2.233074111372689852e-01
-2.286882414491037130e-01
-2.340690700070613417e-01
-2.394498969243208653e-01
-2.448307223143482148e-01
-2.502115462908939825e-01
-2.555923689679968636e-01
-2.609731904599815744e-01
-2.663540108814597129e-01
-2.717348303473274274e-01
-2.771156489727693017e-01
-2.824964668732554696e-01
-2.878772841645426128e-01
-2.932581009626744062e-01
-2.986389173839792410e-01
-3.040197335450736116e-01
-3.094005495628597835e-01
-3.147813655545264599e-01
-3.201621816375495588e-01
-3.255429979296893261e-01
-3.309238145489943328e-01
-3.363046316137990877e-01
-3.416854492427243706e-01
-3.470662675546778986e-01
-3.524470866688522719e-01
-3.578279067047280826e-01
-3.632087277820718052e-01
-3.685895500209362408e-01
-3.739703735416615160e-01
-3.793511984648719193e-01
-3.847320249114802859e-01
-3.901128530026850560e-01
-3.954936828599713849e-01
-4.008745146051110875e-01
-4.062553483601607507e-01
-4.116361842474652311e-01
-4.170170223896552120e-01
-4.223978629096475923e-01
-4.277787059306464301e-01
-4.331595515761404447e-01
-4.385403999699065136e-01
-4.439212512360072305e-01
-4.493021054987917928e-01
-4.546829628828963354e-01
-4.600638235132414322e-01
-4.654446875150362595e-01
-4.708255550137753764e-01
-4.762064261352401129e-01
-4.815873010054984582e-01
-4.869681797509033960e-01
-4.923490624980959018e-01
-4.977299493740027780e-01
-5.031108405058373201e-01
-5.084917360210995385e-01
-5.138726360475747157e-01
-5.192535407133356262e-01
-5.246344501467413712e-01
-5.300153644764371563e-01
-5.353962838313552908e-01
-5.407772083407127450e-01
-5.461581381340147034e-01
-5.515390733410522328e-01
-5.569200140919025044e-01
-5.623009605169301262e-01
-5.676819127467839232e-01
-5.730628709124013787e-01
-5.784438351450053029e-01
-5.838248055761059430e-01
-5.892057823374977632e-01
-5.945867655612637748e-01
-5.999677553797726492e-01
-6.053487519256796068e-01
-6.107297553319266381e-01
-6.161107657317406172e-01
-6.214917832586364099e-01
-6.268728080464147645e-01
-6.322538402291630888e-01
-6.376348799412551172e-01
-6.430159273173502443e-01
-6.483969824923950798e-01
-6.537780456016227815e-01
-6.591591167805522788e-01
-6.645401961649901601e-01
-6.699212838910270085e-01
-6.753023800950422872e-01
-6.806834849137005650e-01
-6.860645984839534028e-01
-6.914457209430390217e-01
-6.968268524284804144e-01
-7.022079930780888990e-01
-7.075891430299612317e-01
-7.129703024224810504e-01
-7.183514713943185415e-01
-7.237326500844288857e-01
-7.291138386320552556e-01
-7.344950371767268171e-01
-7.398762458582589518e-01
-7.452574648167542559e-01
-7.506386941925996537e-01
-7.560199341264705053e-01
-7.614011847593281646e-01
-7.667824462324198675e-01
-7.721637186872803982e-01
-7.775450022657288685e-01
-7.829262971098727153e-01
-7.883076033621050360e-01
-7.936889211651054765e-01
-7.990702506618407863e-01
-8.044515919955621541e-01
-8.098329453098088715e-01
-8.152143107484063345e-01
-8.205956884554664876e-01
-8.259770785753876021e-01
-8.313584812528532764e-01
-8.367398966328349896e-01
-8.421213248605901036e-01
-8.475027660816623065e-01
-8.528842204418823902e-01
-8.582656880873658078e-01
-8.636471691645161153e-01
-8.690286638200227509e-01
-8.744101722008614797e-01
-8.797916944542953921e-01
-8.851732307278715739e-01
-8.905547811694261018e-01
-8.959363459270801577e-01
-9.013179251492419164e-01
-9.066995189846058789e-01
-9.120811275821520958e-01
-9.174627508867293502e-01
-9.228443782075017587e-01
-9.282260038232277299e-01
-9.336076282705307872e-01
-9.389892520824683064e-01
-9.443708757885355132e-01
-9.497524999146627067e-01
-9.551341249832164815e-01
-9.605157515129973955e-01
-9.658973800192436343e-01
-9.712790110136285682e-01
-9.766606450042611964e-01
-9.820422824956872576e-01
-9.874239239888857878e-01
-9.928055699812741164e-01
-9.981872209667042029e-01
-1.003568877435464080e+00
-1.008950539874277963e+00
-1.014332208766304255e+00
-1.019713884591138653e+00
-1.025095567824812148e+00
-1.030477258939791918e+00
-1.035858958404980212e+00
-1.041240666685715022e+00
-1.046622384243770743e+00
-1.052004111537356845e+00
-1.057385849021119428e+00
-1.062767597146139886e+00
-1.068149356359934909e+00
-1.073531127106457372e+00
-1.078912909826096111e+00
-1.084294704955675703e+00
-1.089676512928456686e+00
-1.095058334174134229e+00
-1.100440169118840350e+00
-1.105822018185142586e+00
-1.111203881792043990e+00
-1.116585760354984691e+00
-1.121967654285837890e+00
-1.127349563992914971e+00
-1.132731489880962172e+00
-1.138113432351161469e+00
-1.143495391801131689e+00
-1.148877368624924733e+00
-1.154259363213031131e+00
-1.159641375952375819e+00
-1.165023407226319696e+00
-1.170405457414659844e+00
-1.175787526893627977e+00
-1.181169616035892656e+00
-1.186551725210557962e+00
-1.191933854783163715e+00
-1.197316005115685700e+00
-1.202698176566534549e+00
-1.208080369490557304e+00
-1.213462584239037412e+00
-1.218844821159693392e+00
-1.224227080596679507e+00
-1.229609362890585533e+00
-1.234991668378437657e+00
-1.240373997393697358e+00
-1.245756350266262302e+00
-1.251138727322466115e+00
-1.256521128885076832e+00
-1.261903555273299560e+00
-1.267286006802774700e+00
-1.272668483785579285e+00
-1.278050986530224087e+00
-1.283433515341657616e+00
-1.288816070521263457e+00
-1.294198652366860713e+00
-1.299581261172705116e+00
-1.304963897229486358e+00
-1.310346560824331652e+00
-1.315729252240803726e+00
-1.321111971758900383e+00
-1.326494719655056054e+00
-1.331877496202139577e+00
-1.337260301669456863e+00
-1.342643136322749120e+00
-1.348026000424193294e+00
-1.353408894232402959e+00
-1.358791818002425211e+00
-1.364174771985745105e+00
-1.369557756430282325e+00
-1.374940771580393406e+00
-1.380323817676869735e+00
-1.385706894956938218e+00
-1.391090003654262164e+00
-1.396473143998940403e+00
-1.401856316217507725e+00
-1.407239520532935551e+00
-1.412622757164627929e+00
-1.418006026328428426e+00
-1.423389328236614126e+00
-1.428772663097898743e+00
-1.434156031117432173e+00
-1.439539432496798055e+00
-1.444922867434018210e+00
-1.450306336123548645e+00
-1.455689838756281995e+00
-1.461073375519547080e+00
-1.466456946597106015e+00
-1.471840552169159766e+00
-1.477224192412343262e+00
-1.482607867499727838e+00
-1.487991577600820792e+00
-1.493375322881563827e+00
-1.498759103504335943e+00
-1.504142919627951436e+00
-1.509526771407660117e+00
-1.514910658995148651e+00
-1.520294582538536998e+00
-1.525678542182383080e+00
-1.531062538067680556e+00
-1.536446570331857497e+00
-1.541830639108779488e+00
-1.547214744528745634e+00
-1.552598886718492555e+00
-1.557983065801192168e+00
-1.563367281896452354e+00
-1.568751535120316731e+00
-1.574135825585263770e+00
-1.579520153400208793e+00
-1.584904518670502194e+00
-1.590288921497931218e+00
-1.595673361980718186e+00
-1.601057840213519823e+00
-1.606442356287430817e+00
-1.611826910289980930e+00
-1.617211502305134774e+00
-1.622596132413294701e+00
-1.627980800691295915e+00
-1.633365507212412249e+00
-1.638750252046351497e+00
-1.644135035259258526e+00
-1.649519856913712390e+00
-1.654904717068728992e+00
-1.660289615779759975e+00
-1.665674553098692723e+00
-1.671059529073850358e+00
-1.676444543749991078e+00
-1.681829597168309487e+00
-1.687214689366435927e+00
-1.692599820378436704e+00
-1.697984990234813862e+00
-1.703370198962504301e+00
-1.708755446584881765e+00
-1.714140733121755078e+00
-1.719526058589369688e+00
-1.724911423000406563e+00
-1.730296826363980633e+00
-1.735682268685645235e+00
-1.741067749967387890e+00
-1.746453270207632524e+00
-1.751838829401239250e+00
-1.757224427539501921e+00
-1.762610064610152572e+00
-1.767995740597357646e+00
-1.773381455481719549e+00
-1.778767209240277758e+00
-1.784153001846504827e+00
-1.789538833270311047e+00
-1.794924703478042227e+00
-1.800310612432480140e+00
-1.805696560092841629e+00
-1.811082546414779282e+00
-1.816468571350381866e+00
-1.821854634848174115e+00
-1.827240736853116276e+00
-1.832626877306604785e+00
-1.838013056146470259e+00
-1.843399273306980612e+00
-1.848785528718839499e+00
-1.854171822309185869e+00
-1.859558154001594854e+00
-1.864944523716076219e+00
-1.870330931369076799e+00
-1.875717376873478504e+00
-1.881103860138599648e+00
-1.886490381070193845e+00
-1.891876939570450222e+00
-1.897263535537993873e+00
-1.902650168867885627e+00
-1.908036839451622946e+00
-1.913423547177138362e+00
-1.918810291928798817e+00
-1.924197073587409657e+00
-1.929583892030209968e+00
-1.934970747130875246e+00
-1.940357638759518055e+00
-1.945744566782683593e+00
-1.951131531063355906e+00
-1.956518531460953447e+00
-1.961905567831330854e+00
-1.967292640026777617e+00
-1.972679747896019853e+00
-1.978066891284219198e+00
-1.983454070032973471e+00
-1.988841283980316232e+00
-1.994228532960715228e+00
-1.999615816805076163e+00
-2.005003135340739373e+00
-2.010390488391481156e+00
-2.015777875777513550e+00
-2.021165297315484111e+00
-2.026552752818476577e+00
-2.031940242096010429e+00
-2.037327764954040887e+00
-2.042715321194958911e+00
-2.048102910617590755e+00
-2.053490533017198860e+00
-2.058878188185480962e+00
-2.064265875910572756e+00
-2.069653595977042571e+00
-2.075041348165895805e+00
-2.080429132254574043e+00
-2.085816948016954164e+00
-2.091204795223349677e+00
-2.096592673640508053e+00
-2.101980583031614724e+00
-2.107368523156288642e+00
-2.112756493770585831e+00
-2.118144494626998942e+00
-2.123532525474454591e+00
-2.128920586058316466e+00
-2.134308676120382220e+00
-2.139696795398887907e+00
-2.145084943628502661e+00
-2.150473120540334904e+00
-2.155861325861923916e+00
-2.161249559317248714e+00
-2.166637820626723610e+00
-2.172026109507196434e+00
-2.177414425671953868e+00
-2.182802768830715223e+00
-2.188191138689637327e+00
-2.193579534951313192e+00
-2.198967957314770238e+00
-2.204356405475473846e+00
-2.209744879125321582e+00
-2.215133377952649418e+00
-2.220521901642229512e+00
-2.225910449875267982e+00
-2.231299022329408910e+00
-2.236687618678728118e+00
-2.242076238593742055e+00
-2.247464881741400244e+00
-2.252853547785087951e+00
-2.258242236384627954e+00
-2.263630947196275667e+00
-2.269019679872725792e+00
-2.274408434063106554e+00
-2.279797209412981918e+00
-2.285186005564354250e+00
-2.290574822155657664e+00
-2.295963658821765119e+00
-2.301352515193983539e+00
-2.306741390900056921e+00
-2.312130285564165444e+00
-2.317519198806921921e+00
-2.322908130245378899e+00
-2.328297079493022004e+00
-2.333686046159774374e+00
-2.339075029851992671e+00
-2.344464030172471070e+00
-2.349853046720440375e+00
-2.355242079091564911e+00
-2.360631126877946517e+00
-2.366020189668120999e+00
-2.371409267047061231e+00
-2.376798358596176719e+00
-2.382187463893310486e+00
-2.387576582512743517e+00
-2.392965714025190316e+00
-2.398354857997803347e+00
-2.403744013994168593e+00
-2.409133181574310445e+00
-2.414522360294688141e+00
-2.419911549708194443e+00
-2.425300749364160513e+00
-2.430689958808352369e+00
-2.436079177582971766e+00
-2.441468405226657534e+00
-2.446857641274481132e+00
-2.452246885257952869e+00
-2.457636136705017016e+00
-2.463025395140054474e+00
-2.468414660083882772e+00
-2.473803931053752070e+00
-2.479193207563352264e+00
-2.484582489122805882e+00
-2.489971775238672524e+00
-2.495361065413949309e+00
-2.500750359148064206e+00
-2.506139655936886257e+00
-2.511528955272717134e+00
-2.516918256644296026e+00
-2.522307559536796084e+00
-2.527696863431827978e+00
-2.533086167807435896e+00
-2.538475472138102873e+00
-2.543864775894745911e+00
-2.549254078544717306e+00
-2.554643379551805982e+00
-2.560032678376236603e+00
-2.565421974474668687e+00
-2.570811267300199709e+00
-2.576200556302360223e+00
-2.581589840927118296e+00
-2.586979120616876848e+00
-2.592368394810474985e+00
-2.597757662943188439e+00
-2.603146924446726906e+00
-2.608536178749237155e+00
-2.613925425275300807e+00
-2.619314663445936109e+00
-2.624703892678597050e+00
-2.630093112387173360e+00
-2.635482321981989173e+00
-2.640871520869805700e+00
-2.646260708453820776e+00
-2.651649884133665758e+00
-2.657039047305409518e+00
-2.662428197361555338e+00
-2.667817333691043569e+00
-2.673206455679250304e+00
-2.678595562707986488e+00
-2.683984654155499250e+00
-2.689373729396470569e+00
