-1.147822636772635740e-01
-1.147822635428153437e-01
-1.147822622930809722e-01
-1.147822576306515296e-01
-1.147822459938942496e-01
-1.147822228281444590e-01
-1.147821825872867851e-01
-1.147821187337547677e-01
-1.147820237385314412e-01
-1.147818890811487802e-01
-1.147817052496882817e-01
-1.147814617407805493e-01
-1.147811440453529452e-01
-1.147807294900158870e-01
-1.147801956787690147e-01
-1.147795205152998821e-01
-1.147786821880396879e-01
-1.147776591701629711e-01
-1.147764302195882768e-01
-1.147749743789775179e-01
-1.147732709757365854e-01
-1.147712996220150439e-01
-1.147690402147057975e-01
-1.147664729354457291e-01
-1.147635782506151170e-01
-1.147603369113382454e-01
-1.147567299534829610e-01
-1.147527386976604780e-01
-1.147483447492261555e-01
-1.147435299982785817e-01
-1.147382766196603510e-01
-1.147325670729577030e-01
-1.147263841025001896e-01
-1.147197107373615910e-01
-1.147125302913587219e-01
-1.147048263630526255e-01
-1.146965828357478789e-01
-1.146877838774923442e-01
-1.146784139410782222e-01
-1.146684577640405822e-01
-1.146579003686589160e-01
-1.146467270619561107e-01
-1.146349234356984215e-01
-1.146224753663963314e-01
-1.146093690153033307e-01
-1.145955908284171931e-01
-1.145811275364792547e-01
-1.145659661549740527e-01
-1.145500939841304355e-01
-1.145334986089202589e-01
-1.145161678990596621e-01
-1.144980900090082909e-01
-1.144792533779690480e-01
-1.144596467298891751e-01
-1.144392590734588100e-01
-1.144180797021125406e-01
-1.143960981940282950e-01
-1.143733044121273412e-01
-1.143496885040752864e-01
-1.143252409022806337e-01
-1.142999523238962811e-01
-1.142738137708185497e-01
-1.142468165296870453e-01
-1.142189521718857403e-01
-1.141902125535414758e-01
-1.141605898155254872e-01
-1.141300763834524612e-01
-1.140986649676804243e-01
-1.140663485633116037e-01
-1.140331204501912055e-01
-1.139989741929088862e-01
-1.139639036407976702e-01
-1.139279029279338384e-01
-1.138909664731380667e-01
-1.138530889799739265e-01
-1.138142654367493567e-01
-1.137744911165157746e-01
-1.137337615770678267e-01
-1.136920726609445542e-01
-1.136494204954278664e-01
-1.136058015204159388e-01
-1.135612145695402420e-01
-1.135156589890612688e-01
-1.134691332756319060e-01
-1.134216359349691228e-01
-1.133731654818550538e-01
-1.133237204401368603e-01
-1.132732993427256751e-01
-1.132219007315981574e-01
-1.131695231577951044e-01
-1.131161651814224789e-01
-1.130618253716511590e-01
-1.130065023067161056e-01
-1.129501945739176394e-01
-1.128929007696207465e-01
-1.128346194992548845e-01
-1.127753493773147042e-01
-1.127150890273591055e-01
-1.126538370820120427e-01
-1.125915921829624133e-01
-1.125283529809634475e-01
-1.124641181358335684e-01
-1.123988863164555041e-01
-1.123326562007770091e-01
-1.122654264758107256e-01
-1.121971958376337397e-01
-1.121279629913881637e-01
-1.120577266512806647e-01
-1.119864855405826864e-01
-1.119142383916307548e-01
-1.118409839458256727e-01
-1.117667209536333806e-01
-1.116914481745843457e-01
-1.116151643772737845e-01
-1.115378683393620507e-01
-1.114595588475736920e-01
-1.113802346976985602e-01
-1.112998946945907147e-01
-1.112185376521693525e-01
-1.111361623934185305e-01
-1.110527677503866523e-01
-1.109683525641873003e-01
-1.108829156849983760e-01
-1.107964559720628628e-01
-1.107089722936886039e-01
-1.106204635272477893e-01
-1.105309285591778018e-01
-1.104403662849803708e-01
-1.103487756092222244e-01
-1.102561554455350340e-01
-1.101625047166147758e-01
-1.100678223542226331e-01
-1.099721072991841214e-01
-1.098753585013897693e-01
-1.097775749197950484e-01
-1.096787555224197352e-01
-1.095788992863487854e-01
-1.094780051977315150e-01
-1.093760722517822803e-01
-1.092730994527802979e-01
-1.091690858140691722e-01
-1.090640303580576870e-01
-1.089579321162188474e-01
-1.088507901290909075e-01
-1.087426034462768420e-01
-1.086333711264440560e-01
-1.085230922373251194e-01
-1.084117658557168518e-01
-1.082993910674812654e-01
-1.081859669675451774e-01
-1.080714926598997511e-01
-1.079559672576013707e-01
-1.078393898827706560e-01
-1.077217596665934057e-01
-1.076030757493202095e-01
-1.074833372802660725e-01
-1.073625434178111376e-01
-1.072406933293998249e-01
-1.071177861915417473e-01
-1.069938211898112945e-01
-1.068687975188472306e-01
-1.067427143823535263e-01
-1.066155709930983742e-01
-1.064873665729152014e-01
-1.063581003527021840e-01
-1.062277715724219002e-01
-1.060963794811020516e-01
-1.059639233368347144e-01
-1.058304024067770466e-01
-1.056958159671510522e-01
-1.055601633032431097e-01
-1.054234437094046795e-01
-1.052856564890516655e-01
-1.051468009546650262e-01
-1.050068764277905242e-01
-1.048658822390383660e-01
-1.047238177280838123e-01
-1.045806822436665257e-01
-1.044364751435912786e-01
-1.042911957947276480e-01
-1.041448435730095989e-01
-1.039974178634362201e-01
-1.038489180600709605e-01
-1.036993435660423790e-01
-1.035486937935438806e-01
-1.033969681638331611e-01
-1.032441661072331512e-01
-1.030902870631310864e-01
-1.029353304799793256e-01
-1.027792958152950742e-01
-1.026221825356598005e-01
-1.024639901167202494e-01
-1.023047180431874148e-01
-1.021443658088375533e-01
-1.019829329165115456e-01
-1.018204188781147157e-01
-1.016568232146175949e-01
-1.014921454560549774e-01
-1.013263851415268924e-01
-1.011595418191980345e-01
-1.009916150462975282e-01
-1.008226043891196910e-01
-1.006525094230231038e-01
-1.004813297324316096e-01
-1.003090649108337035e-01
-1.001357145607822963e-01
-9.996127829389546415e-02
-9.978575573085562977e-02
-9.960914650141042270e-02
-9.943145024437211044e-02
-9.925266660761744575e-02
-9.907279524808824955e-02
-9.889183583179077253e-02
-9.870978803379643063e-02
-9.852665153824127775e-02
-9.834242603832588081e-02
-9.815711123631568058e-02
-9.797070684354118597e-02
-9.778321258039716912e-02
-9.759462817634362297e-02
-9.740495336990490083e-02
-9.721418790867025761e-02
-9.702233154929397474e-02
-9.682938405749462463e-02
-9.663534520805600048e-02
-9.644021478482625587e-02
-9.624399258071841823e-02
-9.604667839771061089e-02
-9.584827204684516488e-02
-9.564877334822968757e-02
-9.544818213103610505e-02
-9.524649715182932630e-02
-9.504371238773434705e-02
-9.483982594863391014e-02
-9.463483667880988326e-02
-9.442874343412049898e-02
-9.422154508200104861e-02
-9.401324050146388223e-02
-9.380382858309770089e-02
-9.359330822906855585e-02
-9.338167835311879383e-02
-9.316893788056793135e-02
-9.295508574831243265e-02
-9.274012090482521009e-02
-9.252404231015644298e-02
-9.230684893593264773e-02
-9.208853976535749664e-02
-9.186911379321166526e-02
-9.164857002585218015e-02
-9.142690748121337641e-02
-9.120412518880596786e-02
-9.098022218971779651e-02
-9.075519753661367983e-02
-9.052905029373480017e-02
-9.030177953689967618e-02
-9.007338435350317751e-02
-8.984386384251731583e-02
-8.961321711449105054e-02
-8.938144329154976142e-02
-8.914854150739612293e-02
-8.891451090730914664e-02
-8.867935064814502777e-02
-8.844305989833689541e-02
-8.820563783789428514e-02
-8.796708365840399946e-02
-8.772739656302927513e-02
-8.748657576651042156e-02
-8.724462049516476525e-02
-8.700152998688598371e-02
-8.675730349114507689e-02
-8.651194026898938183e-02
-8.626543959304344700e-02
-8.601780074750869920e-02
-8.576902302816302726e-02
-8.551910574236155915e-02
-8.526804820903582938e-02
-8.501584975869452832e-02
-8.476250973342326633e-02
-8.450802748688403254e-02
-8.425240238431619400e-02
-8.399563380253544098e-02
-8.373772112993457806e-02
-8.347866376648342690e-02
-8.321846112372813242e-02
-8.295711262479220360e-02
-8.269461770437550041e-02
-8.243097580875501096e-02
-8.216618639578471273e-02
-8.190024893489492031e-02
-8.163316290709327072e-02
-8.136492780496380750e-02
-8.109554313266770231e-02
-8.082500840594308844e-02
-8.055332315210442240e-02
-8.028048691004353865e-02
-8.000649923022862264e-02
-7.973135967470502961e-02
-7.945506781709504862e-02
-7.917762324259722262e-02
-7.889902554798768064e-02
-7.861927434161870842e-02
-7.833836924341983088e-02
-7.805630988489747901e-02
-7.777309590913440707e-02
-7.748872697079087213e-02
-7.720320273610330186e-02
-7.691652288288544637e-02
-7.662868710052786470e-02
-7.633969508999746689e-02
-7.604954656383867972e-02
-7.575824124617212829e-02
-7.546577887269567686e-02
-7.517215919068408192e-02
-7.487738195898840932e-02
-7.458144694803725550e-02
-7.428435393983538748e-02
-7.398610272796485310e-02
-7.368669311758455076e-02
-7.338612492542972987e-02
-7.308439797981317043e-02
-7.278151212062375364e-02
-7.247746719932771087e-02
-7.217226307896813797e-02
-7.186589963416442628e-02
-7.155837675111348384e-02
-7.124969432758838928e-02
-7.093985227293955753e-02
-7.062885050809421250e-02
-7.031668896555590131e-02
-7.000336758940575721e-02
-6.968888633530097299e-02
-6.937324517047611938e-02
-6.905644407374260385e-02
-6.873848303548815708e-02
-6.841936205767802648e-02
-6.809908115385361616e-02
-6.777764034913363878e-02
-6.745503968021365759e-02
-6.713127919536558685e-02
-6.680635895443881589e-02
-6.648027902885893237e-02
-6.615303950162883251e-02
-6.582464046732817986e-02
-6.549508203211309998e-02
-6.516436431371713800e-02
-6.483248744145005127e-02
-6.449945155619887793e-02
-6.416525681042743734e-02
-6.382990336817608024e-02
-6.349339140506234103e-02
-6.315572110828052144e-02
-6.281689267660145459e-02
-6.247690632037325442e-02
-6.213576226152042747e-02
-6.179346073354465008e-02
-6.145000198152442139e-02
-6.110538626211474422e-02
-6.075961384354786055e-02
-6.041268500563246047e-02
-6.006460003975440387e-02
-5.971535924887631797e-02
-5.936496294753737524e-02
-5.901341146185401509e-02
-5.866070512951905569e-02
-5.830684429980251271e-02
-5.795182933355122468e-02
-5.759566060318850600e-02
-5.723833849271492413e-02
-5.687986339770750854e-02
-5.652023572532043072e-02
-5.615945589428467111e-02
-5.579752433490769992e-02
-5.543444148907430979e-02
-5.507020781024565825e-02
-5.470482376346003095e-02
-5.433828982533264740e-02
-5.397060648405510586e-02
-5.360177423939635477e-02
-5.323179360270173521e-02
-5.286066509689370252e-02
-5.248838925647161813e-02
-5.211496662751127773e-02
-5.174039776766575782e-02
-5.136468324616455527e-02
-5.098782364381430898e-02
-5.060981955299857782e-02
-5.023067157767725777e-02
-4.985038033338763663e-02
-4.946894644724338097e-02
-4.908637055793524384e-02
-4.870265331573096768e-02
-4.831779538247461814e-02
-4.793179743158765271e-02
-4.754466014806789376e-02
-4.715638422849027789e-02
-4.676697038100667558e-02
-4.637641932534537770e-02
-4.598473179281195589e-02
-4.559190852628837443e-02
-4.519795028023378125e-02
-4.480285782068420264e-02
-4.440663192525205055e-02
-4.400927338312710796e-02
-4.361078299507548800e-02
-4.321116157344054298e-02
-4.281040994214237866e-02
-4.240852893667761830e-02
-4.200551940412022150e-02
-4.160138220312046414e-02
-4.119611820390579882e-02
-4.078972828828059810e-02
-4.038221334962557169e-02
-3.997357429289889047e-02
-3.956381203463492369e-02
-3.915292750294536994e-02
-3.874092163751872292e-02
-3.832779538961986893e-02
-3.791354972209112079e-02
-3.749818560935105904e-02
-3.708170403739548260e-02
-3.666410600379711032e-02
-3.624539251770494269e-02
-3.582556459984547609e-02
-3.540462328252148849e-02
-3.498256960961289297e-02
-3.455940463657656420e-02
-3.413512943044571396e-02
-3.370974506983099445e-02
-3.328325264491931168e-02
-3.285565325747477616e-02
-3.242694802083841144e-02
-3.199713805992761978e-02
-3.156622451123718143e-02
-3.113420852283815821e-02
-3.070109125437886499e-02
-3.026687387708447419e-02
-2.983155757375653000e-02
-2.939514353877399622e-02
-2.895763297809209047e-02
-2.851902710924331119e-02
-2.807932716133698658e-02
-2.763853437505881666e-02
-2.719665000267192101e-02
-2.675367530801571470e-02
-2.630961156650682420e-02
-2.586446006513871965e-02
-2.541822210248132624e-02
-2.497089898868193325e-02
-2.452249204546404215e-02
-2.407300260612850462e-02
-2.362243201555293617e-02
-2.317078163019144904e-02
-2.271805281807542584e-02
-2.226424695881262794e-02
-2.180936544358799689e-02
-2.135340967516337687e-02
-2.089638106787696653e-02
-2.043828104764435979e-02
-1.997911105195747036e-02
-1.951887252988541988e-02
-1.905756694207419791e-02
-1.859519576074617625e-02
-1.813176046970113239e-02
-1.766726256431509420e-02
-1.720170355154140851e-02
-1.673508494991012355e-02
-1.626740828952789181e-02
-1.579867511207860842e-02
-1.532888697082247439e-02
-1.485804543059695421e-02
-1.438615206781636985e-02
-1.391320847047139778e-02
-1.343921623813004729e-02
-1.296417698193703949e-02
-1.248809232461369281e-02
-1.201096390045850414e-02
-1.153279335534641153e-02
-1.105358234672952633e-02
-1.057333254363681911e-02
-1.009204562667363053e-02
-9.609723288022750318e-03
-9.126367231443213365e-03
-8.641979172271316290e-03
-8.156560837420182009e-03
-7.670113965379343410e-03
-7.182640306215687040e-03
-6.694141621572495537e-03
-6.204619684670190094e-03
-5.714076280306039889e-03
-5.222513204853776979e-03
-4.729932266264466265e-03
-4.236335284065480267e-03
-3.741724089361450623e-03
-3.246100524833829201e-03
-2.749466444740479142e-03
-2.251823714916617678e-03
-1.753174212773863337e-03
-1.253519827300889067e-03
-7.528624590634182224e-04
-2.512040202033918998e-04
2.514535655596970625e-04
7.551083629302329531e-04
1.259758425035201190e-03
1.765401793424854239e-03
2.272036498073004562e-03
2.779660557376011434e-03
3.288271978154095644e-03
3.797868755650121719e-03
4.308448873530116609e-03
4.820010303883751068e-03
5.332551007223257193e-03
5.846068932484627979e-03
6.360562017026574755e-03
6.876028186631051933e-03
7.392465355503446967e-03
7.909871426271881251e-03
8.428244289988189378e-03
8.947581826126899118e-03
9.467881902585783063e-03
9.989142375686141384e-03
1.051136109017186855e-02
1.103453587921067632e-02
1.155866456439291756e-02
1.208374495573212581e-02
1.260977485166550616e-02
1.313675203905282154e-02
1.366466255076791148e-02
1.419346213280200941e-02
1.472314696654843102e-02
1.525371727670690736e-02
1.578517328504153508e-02
1.631751521038186936e-02
1.685074326862193161e-02
1.738485767272070215e-02
1.791985863270242896e-02
1.845574635565567015e-02
1.899252104573455335e-02
1.953018290415758917e-02
2.006873212920827487e-02
2.060816891623531988e-02
2.114849345765188252e-02
2.168970594293649634e-02
2.223180655863229993e-02
2.277479548834719994e-02
2.331867291275446785e-02
2.386343900959176159e-02
2.440909395366218718e-02
2.495563791683325094e-02
2.550307106803752569e-02
2.605139357327270269e-02
2.660060559560101234e-02
2.715070729514999781e-02
2.770169882911177606e-02
2.825358035174331539e-02
2.880635201436691772e-02
2.936001396536924712e-02
2.991456635020241228e-02
3.047000931138302282e-02
3.102634298849256400e-02
3.158356751817785468e-02
3.214168303415007588e-02
3.270068966718582548e-02
3.326058754512623006e-02
3.382137679287729876e-02
3.438305753241034657e-02
3.494562988276109228e-02
3.550909396003061602e-02
3.607344987738458908e-02
3.663869774505348204e-02
3.720483767033318928e-02
3.777186975758387022e-02
3.833979410823117051e-02
3.890861082076524369e-02
3.947831999074109810e-02
4.004892171077911039e-02
4.062041607056393611e-02
4.119280315684580029e-02
4.176608305343931793e-02
4.234025584122404207e-02
4.291532159814480385e-02
4.349128039921087985e-02
4.406813231649688023e-02
4.464587741914199936e-02
4.522451577335027950e-02
4.580404744239109649e-02
4.638447248659816752e-02
4.696579096337070991e-02
4.754800292717234478e-02
4.813110842953167989e-02
4.871510751904260805e-02
4.930000024136333564e-02
4.988578663921754142e-02
5.047246675239347447e-02
5.106004061774417624e-02
5.164850826918802873e-02
5.223786973770781078e-02
5.282812505135171810e-02
5.341927423523243346e-02
5.401131731152757076e-02
5.460425429948002896e-02
5.519808521539707608e-02
5.579281007265142478e-02
5.638842888168027478e-02
5.698494164998575695e-02
5.758234838213525941e-02
5.818064907976069899e-02
5.877984374155893754e-02
5.937993236329203173e-02
5.998091493778653915e-02
6.058279145493433715e-02
6.118556190169185949e-02
6.178922626208045721e-02
6.239378451718674556e-02
6.299923664516171584e-02
6.360558262122184559e-02
6.421282241764803000e-02
6.482095600378616485e-02
6.542998334604732680e-02
6.603990440790710736e-02
6.665071914990637614e-02
6.726242752965064242e-02
6.787502950181022177e-02
6.848852501812083271e-02
6.910291402738241717e-02
6.971819647546050047e-02
7.033437230528505335e-02
7.095144145685085280e-02
7.156940386721816205e-02
7.218825947051146774e-02
7.280800819792078438e-02
7.342864997770054414e-02
7.405018473517015198e-02
7.467261239271427709e-02
7.529593286978195077e-02
7.592014608288770450e-02
7.654525194561051515e-02
7.717125036859422138e-02
7.779814125954803705e-02
7.842592452324559371e-02
7.905460006152580099e-02
7.968416777329220824e-02
8.031462755451317104e-02
8.094597929822244797e-02
8.157822289451807651e-02
8.221135823056356651e-02
8.284538519058692874e-02
8.348030365588110513e-02
8.411611350480427407e-02
8.475281461277903161e-02
8.539040685229341843e-02
8.602889009289999001e-02
8.666826420121606644e-02
8.730852904092442635e-02
8.794968447277218271e-02
8.859173035457189316e-02
8.923466654120054686e-02
8.987849288460007802e-02
9.052320923377771278e-02
9.116881543480512273e-02
9.181531133081934082e-02
9.246269676202184540e-02
9.311097156567914312e-02
9.376013557612300486e-02
9.441018862474945261e-02
9.506113054002017504e-02
9.571296114746116745e-02
9.636568026966334244e-02
9.701928772628301556e-02
9.767378333404083679e-02
9.832916690672287297e-02
9.898543825517960859e-02
9.964259718732658422e-02
1.003006435081446046e-01
1.009595770196787951e-01
1.016193975210396699e-01
1.022801048084023834e-01
1.029416986750068957e-01
1.036041789111585149e-01
1.042675453042268691e-01
1.049317976386470314e-01
1.055969356959186034e-01
1.062629592546061458e-01
1.069298680903394277e-01
1.075976619758125946e-01
1.082663406807852086e-01
1.089359039720814715e-01
1.096063516135903221e-01
1.102776833662661299e-01
1.109498989881275016e-01
1.116229982342585997e-01
1.122969808568080319e-01
1.129718466049893094e-01
1.136475952250812632e-01
1.143242264604271141e-01
1.150017400514354166e-01
1.156801357355793924e-01
1.163594132473970005e-01
1.170395723184915887e-01
1.177206126775308670e-01
1.184025340502480178e-01
1.190853361594406135e-01
1.197690187249712407e-01
1.204535814637677088e-01
1.211390240898222725e-01
1.218253463141925619e-01
1.225125478450007632e-01
1.232006283874338970e-01
1.238895876437442756e-01
1.245794253132487261e-01
1.252701410923293679e-01
1.259617346744328348e-01
1.266542057500707474e-01
1.273475540068199352e-01
1.280417791293216589e-01
1.287368807992826381e-01
1.294328586954739124e-01
1.301297124937316751e-01
1.308274418669573003e-01
1.315260464851164823e-01
1.322255260152405132e-01
1.329258801214249219e-01
1.336271084648304186e-01
1.343292107036829219e-01
1.350321864932725879e-01
1.357360354859551976e-01
1.364407573311509081e-01
1.371463516753448353e-01
1.378528181620873594e-01
1.385601564319934309e-01
1.392683661227428482e-01
1.399774468690807017e-01
1.406873983028165132e-01
1.413982200528251798e-01
1.421099117450461136e-01
1.428224730024836298e-01
1.435359034452074467e-01
1.442502026903514367e-01
1.449653703521149584e-01
1.456814060417621071e-01
1.463983093676216596e-01
1.471160799350878512e-01
1.478347173466189324e-01
1.485542212017391395e-01
1.492745910970367240e-01
1.499958266261650630e-01
1.507179273798428532e-01
1.514408929458530839e-01
1.521647229090442310e-01
1.528894168513291185e-01
1.536149743516859179e-01
1.543413949861574541e-01
1.550686783278513448e-01
1.557968239469406935e-01
1.565258314106628412e-01
1.572557002833201989e-01
1.579864301262803861e-01
1.587180204979754816e-01
1.594504709539029397e-01
1.601837810466248402e-01
1.609179503257680000e-01
1.616529783380245000e-01
1.623888646271509917e-01
1.631256087339695016e-01
1.638632101963665710e-01
1.646016685492933673e-01
1.653409833247667104e-01
1.660811540518676577e-01
1.668221802567427525e-01
1.675640614626029978e-01
1.683067971897242443e-01
1.690503869554477734e-01
1.697948302741789928e-01
1.705401266573890739e-01
1.712862756136134812e-01
1.720332766484526932e-01
1.727811292645723418e-01
1.735298329617025737e-01
1.742793872366387997e-01
1.750297915832412232e-01
1.757810454924346732e-01
1.765331484522093541e-01
1.772860999476199295e-01
1.780398994607863827e-01
1.787945464708932675e-01
1.795500404541900963e-01
1.803063808839914794e-01
1.810635672306766530e-01
1.818215989616900063e-01
1.825804755415408320e-01
1.833401964318028821e-01
1.841007610911154502e-01
1.848621689751822339e-01
1.856244195367721950e-01
1.863875122257189765e-01
1.871514464889209584e-01
1.879162217703420068e-01
1.886818375110101142e-01
1.894482931490190925e-01
1.902155881195267684e-01
1.909837218547562609e-01
1.917526937839957868e-01
1.925225033335979663e-01
1.932931499269809061e-01
1.940646329846273388e-01
1.948369519240845671e-01
1.956101061599654078e-01
1.963840951039470817e-01
1.971589181647721289e-01
1.979345747482477158e-01
1.987110642572457730e-01
1.994883860917036345e-01
2.002665396486229266e-01
2.010455243220707899e-01
2.018253395031788799e-01
2.026059845801436721e-01
2.033874589382269338e-01
2.041697619597549196e-01
2.049528930241192315e-01
2.057368515077759308e-01
2.065216367842461764e-01
2.073072482241160863e-01
2.080936851950365429e-01
2.088809470617236097e-01
2.096690331859579204e-01
2.104579429265849844e-01
2.112476756395156030e-01
2.120382306777251202e-01
2.128296073912541164e-01
2.136218051272076868e-01
2.144148232297558021e-01
2.152086610401341138e-01
2.160033178966419831e-01
2.167987931346447850e-01
2.175950860865721870e-01
2.183921960819186214e-01
2.191901224472440346e-01
2.199888645061725823e-01
2.207884215793940452e-01
2.215887929846624416e-01
2.223899780367969425e-01
2.231919760476819004e-01
2.239947863262661543e-01
2.247984081785637800e-01
2.256028409076534236e-01
2.264080838136786622e-01
2.272141361938484205e-01
2.280209973424360548e-01
2.288286665507801021e-01
2.296371431072838365e-01
2.304464262974152966e-01
2.312565154037079240e-01
2.320674097057595364e-01
2.328791084802332989e-01
2.336916110008567249e-01
2.345049165384226475e-01
2.353190243607889698e-01
2.361339337328778598e-01
2.369496439166771107e-01
2.377661541712388638e-01
2.385834637526803581e-01
2.394015719141839582e-01
2.402204779059964879e-01
2.410401809754298963e-01
2.418606803668612026e-01
2.426819753217319964e-01
2.435040650785492422e-01
2.443269488728842531e-01
2.451506259373734675e-01
2.459750955017184215e-01
2.468003567926852770e-01
2.476264090341053492e-01
2.484532514468746345e-01
2.492808832489539772e-01
2.501093036553694304e-01
2.509385118782117008e-01
2.517685071266366759e-01
2.525992886068647025e-01
2.534308555221812531e-01
2.542632070729369809e-01
2.550963424565469984e-01
2.559302608674914881e-01
2.567649614973158134e-01
2.576004435346294641e-01
2.584367061651078323e-01
2.592737485714904366e-01
2.601115699335821985e-01
2.609501694282527762e-01
2.617895462294365094e-01
2.626296995081328078e-01
2.634706284324058734e-01
2.643123321673853665e-01
2.651548098752651295e-01
2.659980607153040744e-01
2.668420838438264053e-01
2.676868784142206747e-01
2.685324435769409490e-01
2.693787784795057538e-01
2.702258822664983517e-01
2.710737540795675748e-01
2.719223930574264925e-01
2.727717983358535214e-01
2.736219690476918154e-01
2.744729043228491538e-01
2.753246032882988859e-01
2.761770650680785977e-01
2.770302887832911676e-01
2.778842735521042662e-01
2.787390184897503564e-01
2.795945227085270823e-01
2.804507853177965471e-01
2.813078054239862569e-01
2.821655821305883438e-01
2.830241145381596768e-01
2.838834017443226387e-01
2.847434428437638498e-01
2.856042369282350557e-01
2.864657830865530164e-01
2.873280804045991732e-01
2.881911279653204261e-01
2.890549248487278011e-01
2.899194701318976164e-01
2.907847628889712599e-01
2.916508021911545789e-01
2.925175871067189348e-01
2.933851167009998151e-01
2.942533900363983879e-01
2.951224061723801695e-01
2.959921641654756352e-01
2.968626630692807744e-01
2.977339019344553694e-01
2.986058798087253274e-01
2.994785957368806262e-01
3.003520487607761469e-01
3.012262379193324513e-01
3.021011622485338943e-01
3.029768207814307890e-01
3.038532125481375190e-01
3.047303365758338156e-01
3.056081918887645910e-01
3.064867775082386059e-01
3.073660924526308014e-01
3.082461357373800781e-01
3.091269063749905732e-01
3.100084033750316603e-01
3.108906257441368948e-01
3.117735724860054014e-01
3.126572426014008754e-01
3.135416350881518599e-01
3.144267489411521899e-01
3.153125831523600486e-01
3.161991367107989670e-01
3.170864086025571571e-01
3.179743978107876234e-01
3.188631033157087735e-01
3.197525240946032521e-01
3.206426591218193289e-01
3.215335073687694001e-01
3.224250678039312645e-01
3.233173393928477357e-01
3.242103210981260308e-01
3.251040118794386591e-01
3.259984106935228665e-01
3.268935164941807470e-01
3.277893282322797419e-01
3.286858448557514745e-01
3.295830653095929708e-01
3.304809885358661048e-01
3.313796134736974874e-01
3.322789390592790215e-01
3.331789642258667361e-01
3.340796879037823963e-01
3.349811090204122266e-01
3.358832265002072992e-01
3.367860392646840895e-01
3.376895462324231434e-01
3.385937463190707986e-01
3.394986384373377408e-01
3.404042214969996705e-01
3.413104944048973022e-01
3.422174560649359210e-01
3.431251053780863258e-01
3.440334412423836641e-01
3.449424625529280974e-01
3.458521682018850241e-01
3.467625570784842459e-01
3.476736280690208569e-01
3.485853800568546323e-01
3.494978119224102509e-01
3.504109225431776831e-01
3.513247107937111369e-01
3.522391755456302231e-01
3.531543156676194006e-01
3.540701300254276429e-01
3.549866174818694931e-01
3.559037768968238979e-01
3.568216071272345968e-01
3.577401070271106764e-01
3.586592754475259048e-01
3.595791112366190090e-01
3.604996132395934527e-01
