-7.119159390285911826e-02
-7.119159415120379641e-02
-7.119159553752996139e-02
-7.119159784968642768e-02
-7.119159943169539595e-02
-7.119159749431536177e-02
-7.119158811685344368e-02
-7.119156624716183046e-02
-7.119152570164111182e-02
-7.119145916523650364e-02
-7.119135819144251087e-02
-7.119121320230070715e-02
-7.119100961585900222e-02
-7.119072325018449554e-02
-7.119033078219416666e-02
-7.118980925045215180e-02
-7.118913603424203984e-02
-7.118828885356487390e-02
-7.118724576914359226e-02
-7.118598518241703310e-02
-7.118448583554637388e-02
-7.118272681141180058e-02
-7.118068753361161960e-02
-7.117834776646425610e-02
-7.117568761500692176e-02
-7.117268752499672502e-02
-7.116932828291089308e-02
-7.116559101594410741e-02
-7.116145719201205644e-02
-7.115690861974832693e-02
-7.115192744850729056e-02
-7.114649616836277168e-02
-7.114059761010582683e-02
-7.113421494524940769e-02
-7.112733168602392020e-02
-7.111993168538033316e-02
-7.111199913698906805e-02
-7.110351857523822261e-02
-7.109447487523778975e-02
-7.108485325281388434e-02
-7.107463926451540459e-02
-7.106381880760914704e-02
-7.105237812008025067e-02
-7.104030378063486140e-02
-7.102758270869657942e-02
-7.101420216441045596e-02
-7.100014974864055084e-02
-7.098541340296837809e-02
-7.096998140969756896e-02
-7.095384239184765462e-02
-7.093698531316117162e-02
-7.091939947809855482e-02
-7.090107453183791542e-02
-7.088200046028014789e-02
-7.086216759004138055e-02
-7.084156658846074706e-02
-7.082018846359572350e-02
-7.079802456422124024e-02
-7.077506657983456684e-02
-7.075130654064931690e-02
-7.072673681760077713e-02
-7.070135012234368688e-02
-7.067513950724890748e-02
-7.064809836541141586e-02
-7.062022043064120069e-02
-7.059149977747036786e-02
-7.056193082115047588e-02
-7.053150831764920525e-02
-7.050022736365835208e-02
-7.046808339658428011e-02
-7.043507219455658053e-02
-7.040118987642296489e-02
-7.036643290174859899e-02
-7.033079807082098789e-02
-7.029428252464442473e-02
-7.025688374494443167e-02
-7.021859955416576149e-02
-7.017942811547084325e-02
-7.013936793274333503e-02
-7.009841146141271295e-02
-7.005655237941699198e-02
-7.001379195841739289e-02
-6.997013150095265921e-02
-6.992557233867002786e-02
-6.988011583232101032e-02
-6.983376337176583348e-02
-6.978651637597055313e-02
-6.973837629300572161e-02
-6.968934460005149489e-02
-6.963942280339119328e-02
-6.958861243841751865e-02
-6.953691506962855762e-02
-6.948433229062755956e-02
-6.943086572412604518e-02
-6.937651702194158609e-02
-6.932128786499736073e-02
-6.926517996332415272e-02
-6.920819505605790845e-02
-6.915033491144173539e-02
-6.909160132682634625e-02
-6.903199612866628421e-02
-6.897152117252525194e-02
-6.891017834307122669e-02
-6.884796955407979091e-02
-6.878489674843346613e-02
-6.872096189811993661e-02
-6.865616700423426977e-02
-6.859051409697713986e-02
-6.852400523565660428e-02
-6.845664250868721545e-02
-6.838842803358891054e-02
-6.831936395698900988e-02
-6.824945245462066268e-02
-6.817869573132395722e-02
-6.810709602104614291e-02
-6.803465558683874370e-02
-6.796137672086199899e-02
-6.788726174438108885e-02
-6.781231300776857651e-02
-6.773653289050352022e-02
-6.765992380117014093e-02
-6.758248817746093096e-02
-6.750422848617332328e-02
-6.742514722321191201e-02
-6.734524691358834136e-02
-6.726453011141897420e-02
-6.718299939992866676e-02
-6.710065739144677188e-02
-6.701750672741058068e-02
-6.693355007836410131e-02
-6.684879014395561647e-02
-6.676322965294245737e-02
-6.667687136318622976e-02
-6.658971806165647767e-02
-6.650177256442946216e-02
-6.641303771668582989e-02
-6.632351639271505395e-02
-6.623321149591121504e-02
-6.614212595877611012e-02
-6.605026274291814214e-02
-6.595762483905021067e-02
-6.586421526699448581e-02
-6.577003707567652402e-02
-6.567509334313104130e-02
-6.557938717649858251e-02
-6.548292171202430012e-02
-6.538570011506272817e-02
-6.528772558007156501e-02
-6.518900133061789059e-02
-6.508953061937439166e-02
-6.498931672811880667e-02
-6.488836296773758949e-02
-6.478667267822124654e-02
-6.468424922866833349e-02
-6.458109601728445615e-02
-6.447721647137938383e-02
-6.437261404737193438e-02
-6.426729223078475606e-02
-6.416125453624899055e-02
-6.405450450750216351e-02
-6.394704571738651921e-02
-6.383888176785312840e-02
-6.373001628995700329e-02
-6.362045294386131644e-02
-6.351019541883617947e-02
-6.339924743325586753e-02
-6.328761273460403736e-02
-6.317529509946750998e-02
-6.306229833354204395e-02
-6.294862627163011481e-02
-6.283428277763813963e-02
-6.271927174458202803e-02
-6.260359709458085398e-02
-6.248726277886285096e-02
-6.237027277776241441e-02
-6.225263110071876937e-02
-6.213434178627963433e-02
-6.201540890209655821e-02
-6.189583654493013842e-02
-6.177562884064691229e-02
-6.165478994421846881e-02
-6.153332403972455733e-02
-6.141123534034942377e-02
-6.128852808838558541e-02
-6.116520655523216554e-02
-6.104127504139256200e-02
-6.091673787647933214e-02
-6.079159941920875276e-02
-6.066586405740570509e-02
-6.053953620800145430e-02
-6.041262031703187318e-02
-6.028512085964166101e-02
-6.015704234007912543e-02
-6.002838929170206672e-02
-5.989916627697366991e-02
-5.976937788746183866e-02
-5.963902874384396924e-02
-5.950812349590051120e-02
-5.937666682252129569e-02
-5.924466343170209370e-02
-5.911211806054317286e-02
-5.897903547525384926e-02
-5.884542047114715846e-02
-5.871127787264496245e-02
-5.857661253327550721e-02
-5.844142933567131326e-02
-5.830573319157383860e-02
-5.816952904182859374e-02
-5.803282185638958257e-02
-5.789561663431741501e-02
-5.775791840377686448e-02
-5.761973222204153089e-02
-5.748106317548939970e-02
-5.734191637960672772e-02
-5.720229697898637777e-02
-5.706221014732526520e-02
-5.692165810422045169e-02
-5.678060907908855093e-02
-5.663905601039465054e-02
-5.649700250410205626e-02
-5.635445212708112273e-02
-5.621140840711469355e-02
-5.606787483289565888e-02
-5.592385485402517897e-02
-5.577935188101712516e-02
-5.563436928529241765e-02
-5.548891039918435464e-02
-5.534297851593661388e-02
-5.519657688970069920e-02
-5.504970873554126953e-02
-5.490237722942958865e-02
-5.475458550824963133e-02
-5.460633666979564094e-02
-5.445763377276957584e-02
-5.430847983678666058e-02
-5.415887784236905755e-02
-5.400883073095097409e-02
-5.385834140487721911e-02
-5.370741272740053862e-02
-5.355604752268650071e-02
-5.340424857580794438e-02
-5.325201863274964253e-02
-5.309936040040685867e-02
-5.294627654658301541e-02
-5.279276969999424640e-02
-5.263884245026384523e-02
-5.248449734792748345e-02
-5.232973690443065706e-02
-5.217456359212768735e-02
-5.201897984428438537e-02
-5.186298805507560949e-02
-5.170659057958715277e-02
-5.154978973381529883e-02
-5.139258779466460147e-02
-5.123498699995188144e-02
-5.107698954840222960e-02
-5.091859759965200460e-02
-5.075981327424816669e-02
-5.060063865364583524e-02
-5.044107578021228555e-02
-5.028112665722339614e-02
-5.012079324886586917e-02
-4.996007748023723050e-02
-4.979898123734338711e-02
-4.963750636710206887e-02
-4.947565467733960887e-02
-4.931342793679338588e-02
-4.915082787511138029e-02
-4.898785618285028676e-02
-4.882451451147828969e-02
-4.866080447337206571e-02
-4.849672764181989226e-02
-4.833228555102031532e-02
-4.816747969608003999e-02
-4.800231153301848241e-02
-4.783678247876266276e-02
-4.767089391115131303e-02
-4.750464716893376682e-02
-4.733804355176685075e-02
-4.717108432022110165e-02
-4.700377069577377220e-02
-4.683610386081427102e-02
-4.666808495864249728e-02
-4.649971509346573217e-02
-4.633099533040507811e-02
-4.616192669548868643e-02
-4.599251017565608723e-02
-4.582274671875796734e-02
-4.565263723355217351e-02
-4.548218258971037375e-02
-4.531138361781106294e-02
-4.514024110934466982e-02
-4.496875581671222477e-02
-4.479692845322247319e-02
-4.462475969309731560e-02
-4.445225017146570146e-02
-4.427940048436884712e-02
-4.410621118875834856e-02
-4.393268280249351676e-02
-4.375881580434670681e-02
-4.358461063399754476e-02
-4.341006769203781257e-02
-4.323518733996967178e-02
-4.305996990020288795e-02
-4.288441565606060379e-02
-4.270852485177267788e-02
-4.253229769248167980e-02
-4.235573434424033668e-02
-4.217883493400897965e-02
-4.200159954966115050e-02
-4.182402823997749541e-02
-4.164612101465103855e-02
-4.146787784428507262e-02
-4.128929866039060537e-02
-4.111038335539152211e-02
-4.093113178261914564e-02
-4.075154375631728776e-02
-4.057161905163947369e-02
-4.039135740464738777e-02
-4.021075851231553644e-02
-4.002982203252569704e-02
-3.984854758407241349e-02
-3.966693474665966557e-02
-3.948498306089964771e-02
-3.930269202831754294e-02
-3.912006111134586073e-02
-3.893708973332915546e-02
-3.875377727852252763e-02
-3.857012309208840417e-02
-3.838612648010270023e-02
-3.820178670954849087e-02
-3.801710300832084055e-02
-3.783207456522541534e-02
-3.764670052997520777e-02
-3.746098001319680959e-02
-3.727491208642363940e-02
-3.708849578210160480e-02
-3.690173009358660439e-02
-3.671461397514252933e-02
-3.652714634194631493e-02
-3.633932607008194537e-02
-3.615115199654622691e-02
-3.596262291924501309e-02
-3.577373759699320477e-02
-3.558449474951824731e-02
-3.539489305745474601e-02
-3.520493116234979514e-02
-3.501460766666003588e-02
-3.482392113375099019e-02
-3.463287008789989185e-02
-3.444145301429379913e-02
-3.424966835902859552e-02
-3.405751452911204291e-02
-3.386498989246011782e-02
-3.367209277790089716e-02
-3.347882147517183826e-02
-3.328517423491927918e-02
-3.309114926870176943e-02
-3.289674474898574008e-02
-3.270195880914983366e-02
-3.250678954348207306e-02
-3.231123500717936192e-02
-3.211529321635087086e-02
-3.191896214801354104e-02
-3.172223974009646952e-02
-3.152512389143846683e-02
-3.132761246178689118e-02
-3.112970327180147878e-02
-3.093139410304990289e-02
-3.073268269801138208e-02
-3.053356676007557002e-02
-3.033404395354055705e-02
-3.013411190361653391e-02
-2.993376819642162845e-02
-2.973301037898562482e-02
-2.953183595924890881e-02
-2.933024240605996980e-02
-2.912822714917956413e-02
-2.892578757927649624e-02
-2.872292104793111589e-02
-2.851962486763431892e-02
-2.831589631178510480e-02
-2.811173261469485096e-02
-2.790713097158298295e-02
-2.770208853858036058e-02
-2.749660243272838978e-02
-2.729066973197680213e-02
-2.708428747518731861e-02
-2.687745266213004136e-02
-2.667016225348650682e-02
-2.646241317084857547e-02
-2.625420229671643346e-02
-2.604552647450253389e-02
-2.583638250852754448e-02
-2.562676716402340071e-02
-2.541667716713275071e-02
-2.520610920490617968e-02
-2.499505992530681731e-02
-2.478352593720584141e-02
-2.457150381038569753e-02
-2.435899007553959938e-02
-2.414598122426886428e-02
-2.393247370908707650e-02
-2.371846394341592390e-02
-2.350394830158847315e-02
-2.328892311884867006e-02
-2.307338469134792569e-02
-2.285732927615088950e-02
-2.264075309122956514e-02
-2.242365231546769588e-02
-2.220602308865968211e-02
-2.198786151150758372e-02
-2.176916364562656026e-02
-2.154992551353920871e-02
-2.133014309867986569e-02
-2.110981234539346940e-02
-2.088892915893261759e-02
-2.066748940546306312e-02
-2.044548891205796859e-02
-2.022292346670223617e-02
-1.999978881829136967e-02
-1.977608067662856017e-02
-1.955179471243001510e-02
-1.932692655731960141e-02
-1.910147180383270360e-02
-1.887542600541541882e-02
-1.864878467642150373e-02
-1.842154329211773134e-02
-1.819369728867853420e-02
-1.796524206318983463e-02
-1.773617297364835088e-02
-1.750648533895834968e-02
-1.727617443893733618e-02
-1.704523551430986439e-02
-1.681366376671289409e-02
-1.658145435869351481e-02
-1.634860241370655887e-02
-1.611510301612018026e-02
-1.588095121120941533e-02
-1.564614200516181719e-02
-1.541067036507501320e-02
-1.517453121895445678e-02
-1.493771945571875648e-02
-1.470022992519368077e-02
-1.446205743811718181e-02
-1.422319676613756356e-02
-1.398364264181078953e-02
-1.374338975860608936e-02
-1.350243277089968608e-02
-1.326076629398026396e-02
-1.301838490404652604e-02
-1.277528313820511241e-02
-1.253145549447581830e-02
-1.228689643178533519e-02
-1.204160036997298233e-02
-1.179556168978804220e-02
-1.154877473288769274e-02
-1.130123380184226700e-02
-1.105293316012910532e-02
-1.080386703213799537e-02
-1.055402960316885463e-02
-1.030341501942939886e-02
-1.005201738804049894e-02
-9.799830777030116291e-03
-9.546849215338576444e-03
-9.293066692816376317e-03
-9.038477160221741746e-03
-8.783074529226220228e-03
-8.526852672408213873e-03
-8.269805423258835830e-03
-8.011926576178676762e-03
-7.753209886477027690e-03
-7.493649070375127397e-03
-7.233237805003914223e-03
-6.971969728403124011e-03
-6.709838439524593023e-03
-6.446837498228108476e-03
-6.182960425285544126e-03
-5.918200702378355327e-03
-5.652551772096892080e-03
-5.386007037943521536e-03
-5.118559864328603437e-03
-4.850203576574549369e-03
-4.580931460913456599e-03
-4.310736764486150507e-03
-4.039612695345598525e-03
-3.767552422452753735e-03
-3.494549075680572492e-03
-3.220595745811669075e-03
-2.945685484537531595e-03
-2.669811304461616741e-03
-2.392966179095460527e-03
-2.115143042862602241e-03
-1.836334791096235625e-03
-1.556534280038357129e-03
-1.275734326843053212e-03
-9.939478265345823293e-04
-7.111893135699903779e-04
-4.274526099292087419e-04
-1.427315646840615539e-04
1.429799430854945732e-04
4.296880042962041360e-04
7.173986798567760781e-04
1.006118000670177745e-03
1.295851967635430757e-03
1.586606551642910992e-03
1.878387693580483436e-03
2.171201304327408099e-03
2.465053264757412210e-03
2.759949425740204632e-03
3.055895608136884045e-03
3.352897602806027832e-03
3.650961170597641359e-03
3.950092042356127819e-03
4.250295918921953575e-03
4.551578471126901948e-03
4.853945339800276593e-03
5.157402135762795270e-03
5.461954439829601327e-03
5.767607802811852702e-03
6.074367745512058991e-03
6.382239758730250123e-03
6.691229303257842376e-03
7.001341809880712308e-03
7.312582679380702499e-03
7.624957282531097391e-03
7.938470960102583796e-03
8.253129022857338959e-03
8.568936751551931019e-03
8.885899396938942707e-03
9.204022179762350042e-03
9.523310290763586927e-03
9.843768890675508310e-03
1.016540311022541554e-02
1.048821805013662456e-02
1.081221878112381685e-02
1.113741034389911788e-02
1.146379774916614358e-02
1.179138597762290075e-02
1.212017997996341079e-02
1.245018467687306063e-02
1.278140495903473672e-02
1.311384568712271881e-02
1.344751169180576078e-02
1.378240777374858950e-02
1.411853870360733898e-02
1.445590922203554562e-02
1.479452403967827789e-02
1.513438783717493963e-02
1.547550526516078273e-02
1.581788094426342384e-02
1.616151946510629989e-02
1.650642538830551787e-02
1.685260324447113156e-02
1.720005753420913996e-02
1.754879272811782354e-02
1.789881326679146345e-02
1.825012356081673337e-02
1.860272799077453132e-02
1.895663090724147848e-02
1.931183663078664403e-02
1.966834945197495910e-02
2.002617363136385831e-02
2.038531339950497290e-02
2.074577295694557399e-02
2.110755647422554726e-02
2.147066809188041825e-02
2.183511192043846583e-02
2.220089204042191566e-02
2.256801250234888312e-02
2.293647732672982054e-02
2.330629050407118097e-02
2.367745599487172670e-02
2.404997772962455538e-02
2.442385960881840457e-02
2.479910550293451532e-02
2.517571925245001840e-02
2.555370466783440930e-02
2.593306552955151889e-02
2.631380558806076242e-02
2.669592856381419743e-02
2.707943814725943810e-02
2.746433799883696292e-02
2.785063174898116944e-02
2.823832299812223390e-02
2.862741531668289152e-02
2.901791224508157296e-02
2.940981729372940667e-02
2.980313394303146790e-02
3.019786564338872159e-02
3.059401581519460844e-02
3.099158784883826456e-02
3.139058510470141283e-02
3.179101091316002825e-02
3.219286857458575346e-02
3.259616135934262360e-02
3.300089250779064676e-02
3.340706523028225128e-02
3.381468270716403435e-02
3.422374808877842733e-02
3.463426449546008756e-02
3.504623501753989512e-02
3.545966271534084502e-02
3.587455061918037869e-02
3.629090172937154968e-02
3.670871901622035915e-02
3.712800542002653303e-02
3.754876385108574244e-02
3.797099718968516280e-02
3.839470828610930253e-02
3.881989996063439641e-02
3.924657500353079254e-02
3.967473617506506178e-02
4.010438620549494626e-02
4.053552779507596515e-02
4.096816361405475337e-02
4.140229630267255878e-02
4.183792847116651892e-02
4.227506269976533115e-02
4.271370153869497033e-02
4.315384750817297110e-02
4.359550309841125904e-02
4.403867076961764937e-02
4.448335295199151718e-02
4.492955204572962602e-02
4.537727042102024377e-02
4.582651041804597369e-02
4.627727434698536424e-02
4.672956448800852369e-02
4.718338309128283781e-02
4.763873237696736318e-02
4.809561453521538077e-02
4.855403172617628327e-02
4.901398607999080115e-02
4.947547969679705337e-02
4.993851464672471874e-02
5.040309296989792243e-02
5.086921667643673484e-02
5.133688774645256414e-02
5.180610813005431803e-02
5.227687974734235299e-02
5.274920448841147191e-02
5.322308421335253392e-02
5.369852075224768040e-02
5.417551590517644122e-02
5.465407144220990610e-02
5.513418910341372214e-02
5.561587059884925965e-02
5.609911760856944873e-02
5.658393178262466350e-02
5.707031474105667135e-02
5.755826807390168609e-02
5.804779334119197776e-02
5.853889207295109864e-02
5.903156576920010057e-02
5.952581589995153966e-02
6.002164390521241844e-02
6.051905119498546259e-02
6.101803914926512418e-02
6.151860911804329923e-02
6.202076242130305506e-02
6.252450034902212739e-02
6.302982416117408615e-02
6.353673508772400558e-02
6.404523432863445942e-02
6.455532305385930369e-02
6.506700240334695184e-02
6.558027348704176251e-02
6.609513738487954315e-02
6.661159514679343419e-02
6.712964779270808036e-02
6.764929631254262832e-02
6.817054166621222544e-02
6.869338478362324585e-02
6.921782656467967421e-02
6.974386787927677744e-02
7.027150956730449094e-02
7.080075243864847323e-02
7.133159727318627574e-02
7.186404482079217226e-02
7.239809580133238498e-02
7.293375090466741595e-02
7.347101079065354590e-02
7.400987608913944804e-02
7.455034739996979631e-02
7.509242529298154611e-02
7.563611030800593271e-02
7.618140295487008107e-02
7.672830371339323108e-02
7.727681303339090091e-02
7.782693133467050162e-02
7.837865900703427924e-02
7.893199641027998092e-02
7.948694387419752427e-02
8.004350169857321617e-02
8.060167015318514538e-02
8.116144947780623564e-02
8.172283988220496731e-02
8.228584154614204671e-02
8.285045461937429190e-02
8.341667922165091342e-02
8.398451544271523517e-02
8.455396334230647071e-02
8.512502295015605958e-02
8.569769426599160855e-02
8.627197725953300589e-02
8.684787187049436419e-02
8.742537800858529717e-02
8.800449555350842168e-02
8.858522435496185565e-02
8.916756423263605402e-02
8.975151497621614016e-02
9.033707634538223896e-02
9.092424806980770047e-02
9.151302984916143135e-02
9.210342135310456424e-02
9.269542222129290021e-02
9.328903206337735288e-02
9.388425045900217203e-02
9.448107695780627591e-02
9.507951107942236302e-02
9.567955231347646805e-02
9.628120011959051538e-02
9.688445392737921047e-02
9.748931313645237129e-02
9.809577711641315201e-02
9.870384520685859808e-02
9.931351671738120057e-02
9.992479092756689774e-02
1.005376670869947420e-01
1.011521444152402305e-01
1.017682221018703093e-01
1.023858993064484801e-01
1.030051751585312481e-01
1.036260487576684541e-01
1.042485191734061623e-01
1.048725854452819961e-01
1.054982465828309124e-01
1.061255015655793166e-01
1.067543493430479495e-01
1.073847888347537749e-01
1.080168189302048720e-01
1.086504384889072083e-01
1.092856463403574230e-01
1.099224412840474896e-01
1.105608220894648275e-01
1.112007874960884157e-01
1.118423362133947885e-01
1.124854669208513736e-01
1.131301782679208223e-01
1.137764688740612318e-01
1.144243373287224808e-01
1.150737821913514480e-01
1.157248019913866832e-01
1.163773952282612933e-01
1.170315603714043862e-01
1.176872958602360741e-01
1.183446001041743578e-01
1.190034714826284645e-01
1.196639083450022900e-01
1.203259090106950646e-01
1.209894717690982446e-01
1.216545948796003973e-01
1.223212765715815387e-01
1.229895150444159091e-01
1.236593084674739718e-01
1.243306549801175276e-01
1.250035526917059325e-01
1.256779996815899914e-01
1.263539939991147332e-01
1.270315336636210768e-01
1.277106166644420560e-01
1.283912409609071492e-01
1.290734044823380611e-01
1.297571051280506094e-01
1.304423407673566127e-01
1.311291092395594493e-01
1.318174083539594976e-01
1.325072358898492508e-01
1.331985895965150934e-01
1.338914671932397438e-01
1.345858663692970358e-01
1.352817847839583587e-01
1.359792200664867723e-01
1.366781698161393388e-01
1.373786316021695653e-01
1.380806029638220744e-01
1.387840814103387110e-01
1.394890644209534347e-01
1.401955494448939854e-01
1.409035339013847699e-01
1.416130151796407555e-01
1.423239906388749088e-01
1.430364576082917560e-01
1.437504133870897149e-01
1.444658552444636479e-01
1.451827804195997551e-01
1.459011861216814587e-01
1.466210695298838518e-01
1.473424277933762516e-01
1.480652580313241984e-01
1.487895573328845700e-01
1.495153227572116883e-01
1.502425513334512130e-01
1.509712400607432503e-01
1.517013859082237959e-01
1.524329858150210715e-01
1.531660366902594106e-01
1.539005354130554837e-01
1.546364788325199635e-01
1.553738637677599677e-01
1.561126870078739515e-01
1.568529453119574812e-01
1.575946354090973500e-01
1.583377539983755744e-01
1.590822977488692835e-01
1.598282632996482766e-01
1.605756472597783535e-01
1.613244462083175401e-01
1.620746566943179756e-01
1.628262752368281330e-01
1.635792983248881560e-01
1.643337224175347444e-01
1.650895439437961576e-01
1.658467593026958786e-01
1.666053648632527251e-01
1.673653569644776296e-01
1.681267319153779694e-01
1.688894859949530147e-01
1.696536154521967044e-01
1.704191165060985336e-01
1.711859853456403346e-01
1.719542181297999406e-01
1.727238109875476324e-01
1.734947600178479155e-01
1.742670612896608517e-01
1.750407108419393953e-01
1.758157046836317239e-01
1.765920387936789071e-01
1.773697091210165722e-01
1.781487115845747926e-01
1.789290420732776443e-01
1.797106964460440937e-01
1.804936705317857770e-01
1.812779601294087772e-01
1.820635610078147337e-01
1.828504689058976229e-01
1.836386795325473109e-01
1.844281885666464449e-01
1.852189916570714523e-01
1.860110844226947613e-01
1.868044624523812480e-01
1.875991213049915673e-01
1.883950565093786000e-01
1.891922635643898953e-01
1.899907379388688922e-01
1.907904750716503672e-01
1.915914703715662082e-01
1.923937192174400845e-01
1.931972169580900012e-01
1.940019589123302968e-01
1.948079403689668698e-01
1.956151565868005093e-01
1.964236027946280050e-01
1.972332741912365961e-01
1.980441659454119652e-01
1.988562731959304664e-01
1.996695910515637884e-01
2.004841145910789546e-01
2.012998388632345481e-01
2.021167588867867071e-01
2.029348696504824634e-01
2.037541661130639614e-01
2.045746432032695683e-01
2.053962958198281008e-01
2.062191188314665968e-01
2.070431070769027659e-01
2.078682553648494302e-01
2.086945584740158566e-01
2.095220111531013174e-01
2.103506081208035283e-01
2.111803440658113207e-01
2.120112136468080832e-01
2.128432114924734275e-01
2.136763322014776367e-01
2.145105703424892152e-01
2.153459204541676719e-01
2.161823770451668514e-01
2.170199345941374869e-01
2.178585875497203173e-01
2.186983303305547466e-01
2.195391573252707396e-01
2.203810628924929294e-01
2.212240413608429490e-01
2.220680870289322151e-01
2.229131941653705873e-01
2.237593570087590411e-01
2.246065697676931094e-01
2.254548266207644369e-01
2.263041217165556729e-01
2.271544491736474658e-01
2.280058030806111358e-01
2.288581774960132265e-01
2.297115664484159492e-01
2.305659639363728530e-01
2.314213639284352642e-01
2.322777603631449583e-01
2.331351471490392679e-01
2.339935181646514151e-01
2.348528672585055155e-01
2.357131882491232400e-01
2.365744749250178192e-01
2.374367210446968190e-01
2.382999203366642504e-01
2.391640664994147958e-01
2.400291532014409146e-01
2.408951740812270703e-01
2.417621227472508405e-01
2.426299927779871357e-01
2.434987777219016492e-01
2.443684710974574070e-01
2.452390663931092174e-01
2.461105570673062237e-01
2.469829365484930150e-01
2.478561982351067394e-01
2.487303354955807677e-01
2.496053416683410298e-01
2.504812100618070136e-01
2.513579339543940971e-01
2.522355079505456121e-01
2.531139732211045157e-01
2.539933435874176526e-01
2.548736077830490165e-01
2.557547544839293696e-01
2.566367723083520236e-01
2.575196498169760595e-01
2.584033755128251064e-01
2.592879378412853431e-01
2.601733251901097166e-01
2.610595258894139459e-01
2.619465282116796301e-01
2.628343203717522503e-01
2.637228905268406143e-01
2.646122267765198544e-01
2.655023171627282075e-01
2.663931496697691248e-01
2.672847122243109386e-01
2.681769926953843086e-01
2.690699788943868853e-01
2.699636585750793127e-01
2.708580194335872271e-01
2.717530491084010347e-01
2.726487351803739134e-01
2.735450651727260318e-01
2.744420265510396639e-01
2.753396067232638522e-01
2.762377930397104109e-01
2.771365727930552580e-01
2.780359332183406362e-01
2.789358614929711155e-01
2.798363447367180346e-01
2.807373700117157256e-01
2.816389243224621808e-01
2.825409946158219388e-01
2.834435677810220877e-01
2.843466306496562623e-01
2.852501699956808690e-01
2.861541725354164178e-01
2.870586249275495216e-01
2.879635137731300087e-01
2.888688256155733658e-01
2.897745469406585173e-01
2.906806641765282695e-01
2.915871636936915312e-01
2.924940318050204269e-01
2.934012547657529613e-01
2.943088187734894667e-01
2.952167099681961560e-01
2.961249144322035676e-01
2.970334181902063442e-01
2.979422072092650087e-01
2.988512673988021895e-01
2.997605846106059513e-01
3.006701446388295729e-01
3.015799332199906591e-01
3.024899360329695863e-01
3.034001386990137217e-01
3.043105267817325377e-01
3.052210857871018312e-01
3.061318011634612812e-01
3.070426583015140043e-01
3.079536425343289974e-01
3.088647391373384732e-01
3.097759333283405248e-01
3.106872102674973490e-01
3.115985550573336926e-01
3.125099527427412927e-01
3.134213883109748799e-01
3.143328466916543995e-01
3.152443127567645664e-01
