-3.824515148153873056e-02
-3.824515215007284752e-02
-3.824515643561410272e-02
-3.824516644369335694e-02
-3.824518266345844353e-02
-3.824520431529743192e-02
-3.824522935286367442e-02
-3.824525446307047716e-02
-3.824527506609864957e-02
-3.824528531538939902e-02
-3.824527809764921571e-02
-3.824524503285076094e-02
-3.824517211868760924e-02
-3.824503449275917788e-02
-3.824480822275111436e-02
-3.824446979193929508e-02
-3.824399607580231120e-02
-3.824336434201702772e-02
-3.824255225046968576e-02
-3.824153785324346799e-02
-3.824029959462649231e-02
-3.823881631111092361e-02
-3.823706723138942110e-02
-3.823503197635869100e-02
-3.823269055911593384e-02
-3.823002338496284125e-02
-3.822701125140648415e-02
-3.822363534814998687e-02
-3.821987725710496164e-02
-3.821571895238218275e-02
-3.821114280029735966e-02
-3.820613155936891658e-02
-3.820066838031443979e-02
-3.819473680606000343e-02
-3.818832077172862327e-02
-3.818140460464825026e-02
-3.817397302435265871e-02
-3.816601114257212046e-02
-3.815750446324583933e-02
-3.814843888250951665e-02
-3.813880068870556528e-02
-3.812857656238133330e-02
-3.811775357627977812e-02
-3.810631919535278911e-02
-3.809426127675097362e-02
-3.808156806983031828e-02
-3.806822821614908037e-02
-3.805423074946556738e-02
-3.803956509574568656e-02
-3.802422107315095445e-02
-3.800818889205270779e-02
-3.799145915502233350e-02
-3.797402285683082468e-02
-3.795587138445721820e-02
-3.793699651707793663e-02
-3.791739042607522592e-02
-3.789704567503626720e-02
-3.787595521974429502e-02
-3.785411240819147594e-02
-3.783151098056869444e-02
-3.780814506927088203e-02
-3.778400919889834952e-02
-3.775909828624790521e-02
-3.773340764032528938e-02
-3.770693296233362801e-02
-3.767967034568320273e-02
-3.765161627598612171e-02
-3.762276763105321109e-02
-3.759312168090334083e-02
-3.756267608775365474e-02
-3.753142890602623183e-02
-3.749937858234764221e-02
-3.746652395554228576e-02
-3.743286425664216210e-02
-3.739839910887754471e-02
-3.736312852768497450e-02
-3.732705292070281899e-02
-3.729017056484984494e-02
-3.725246717753361025e-02
-3.721394369315333961e-02
-3.717460417841511600e-02
-3.713445274153714948e-02
-3.709349353224844492e-02
-3.705173074179546333e-02
-3.700916860293412824e-02
-3.696581138993604299e-02
-3.692166341858893475e-02
-3.687672904618688463e-02
-3.683101267154498260e-02
-3.678451873498556068e-02
-3.673725171834885117e-02
-3.668921614498721340e-02
-3.664041657976468969e-02
-3.659085762906011396e-02
-3.654054394076711176e-02
-3.648948020429054750e-02
-3.643767115055052130e-02
-3.638512155197792808e-02
-3.633183622251978662e-02
-3.627782001763657505e-02
-3.622307783429912220e-02
-3.616761461099615715e-02
-3.611143532772587150e-02
-3.605454500600080436e-02
-3.599694870885006281e-02
-3.593865154081221647e-02
-3.587965864794151472e-02
-3.581997521780433402e-02
-3.575960647948051019e-02
-3.569855770356600289e-02
-3.563683420216667841e-02
-3.557444132890408284e-02
-3.551138447891100114e-02
-3.544766908883589807e-02
-3.538330063684158588e-02
-3.531828464259900713e-02
-3.525262666730011318e-02
-3.518633231364365344e-02
-3.511940722584405705e-02
-3.505185708963187707e-02
-3.498368763224757316e-02
-3.491490462244684068e-02
-3.484551387049750204e-02
-3.477552122818128311e-02
-3.470493258879558951e-02
-3.463375388714773351e-02
-3.456199109956070714e-02
-3.448965024386962952e-02
-3.441673737942396727e-02
-3.434325860708797862e-02
-3.426922006923494024e-02
-3.419462794975780540e-02
-3.411948847405676943e-02
-3.404380790904859566e-02
-3.396759256316483899e-02
-3.389084878634784914e-02
-3.381358297005432334e-02
-3.373580154725441815e-02
-3.365751099243086131e-02
-3.357871782158339258e-02
-3.349942859221988201e-02
-3.341964990336632191e-02
-3.333938839555794509e-02
-3.325865075084677436e-02
-3.317744369279851391e-02
-3.309577398648766433e-02
-3.301364843850929098e-02
-3.293107389696392495e-02
-3.284805725147155187e-02
-3.276460543316517260e-02
-3.268072541468702852e-02
-3.259642421019814940e-02
-3.251170887536702914e-02
-3.242658650738072801e-02
-3.234106424493932153e-02
-3.225514926825256978e-02
-3.216884879904813310e-02
-3.208217010056246821e-02
-3.199512047754926591e-02
-3.190770727627545433e-02
-3.181993788451920047e-02
-3.173181973157435110e-02
-3.164336028824488167e-02
-3.155456706685177970e-02
-3.146544762122926997e-02
-3.137600954672192799e-02
-3.128626048019178540e-02
-3.119620810000944822e-02
-3.110586012606297857e-02
-3.101522431975456406e-02
-3.092430848399541077e-02
-3.083312046321440292e-02
-3.074166814335010933e-02
-3.064995945185744475e-02
-3.055800235770544937e-02
-3.046580487137307003e-02
-3.037337504485670969e-02
-3.028072097166112364e-02
-3.018785078680918943e-02
-3.009477266683702190e-02
-3.000149482979019844e-02
-2.990802553523286278e-02
-2.981437308423684485e-02
-2.972054581939231888e-02
-2.962655212480247435e-02
-2.953240042608018534e-02
-2.943809919035644818e-02
-2.934365692627061151e-02
-2.924908218398014625e-02
-2.915438355515553859e-02
-2.905956967297584903e-02
-2.896464921214070287e-02
-2.886963088885630135e-02
-2.877452346084652390e-02
-2.867933572734937542e-02
-2.858407652911165719e-02
-2.848875474839984712e-02
-2.839337930898677698e-02
-2.829795917616451106e-02
-2.820250335673768483e-02
-2.810702089902061829e-02
-2.801152089284641988e-02
-2.791601246955566218e-02
-2.782050480200704001e-02
-2.772500710457359574e-02
-2.762952863313539176e-02
-2.753407868509305523e-02
-2.743866659935534358e-02
-2.734329875519425634e-02
-2.724791054429354098e-02
-2.715247680416221776e-02
-2.705700328091631413e-02
-2.696149564681715738e-02
-2.686595950028336510e-02
-2.677040036588418381e-02
-2.667482369433749056e-02
-2.657923486251601020e-02
-2.648363917344487284e-02
-2.638804185629739507e-02
-2.629244806640418375e-02
-2.619686288524136764e-02
-2.610129132044103351e-02
-2.600573830578811751e-02
-2.591020870121441000e-02
-2.581470729280965770e-02
-2.571923879280979541e-02
-2.562380783960560571e-02
-2.552841899774094259e-02
-2.543307675790784650e-02
-2.533778553695409386e-02
-2.524254967787520343e-02
-2.514737344982131972e-02
-2.505226104809521459e-02
-2.495721659414784632e-02
-2.486224413558701940e-02
-2.476734764616628226e-02
-2.467253102579558544e-02
-2.457779810053728475e-02
-2.448315262260059022e-02
-2.438859827035289030e-02
-2.429413864830731740e-02
-2.419977728713251786e-02
-2.410551764364976535e-02
-2.401136310082851999e-02
-2.391731696779419991e-02
-2.382338247981952151e-02
-2.372956279833227100e-02
-2.363586101091308400e-02
-2.354228013129033847e-02
-2.344882309934859244e-02
-2.335549278111970217e-02
-2.326229196879103789e-02
-2.316922338070215304e-02
-2.307628966134056547e-02
-2.298349338134952902e-02
-2.289083703752137211e-02
-2.279832305280149463e-02
-2.270595377628858991e-02
-2.261373148322998183e-02
-2.252165837502806411e-02
-2.242973657923386099e-02
-2.233796814955213428e-02
-2.224635506584093925e-02
-2.215489923410629558e-02
-2.206360248651062506e-02
-2.197246658136275954e-02
-2.188149320312793300e-02
-2.179068396242289651e-02
-2.170004039601303170e-02
-2.160956396681878999e-02
-2.151925606391014156e-02
-2.142911800251012799e-02
-2.133915102399464025e-02
-2.124935629588886599e-02
-2.115973491187261857e-02
-2.107028789177411987e-02
-2.098101618157577342e-02
-2.089192065341394233e-02
-2.080300210557051166e-02
-2.071426126248665511e-02
-2.062569877474862423e-02
-2.053731521909885060e-02
-2.044911109843194907e-02
-2.036108684178983275e-02
-2.027324280437170501e-02
-2.018557926752451159e-02
-2.009809643874849172e-02
-2.001079445169851034e-02
-1.992367336617451024e-02
-1.983673316813594489e-02
-1.974997376968823382e-02
-1.966339500909120019e-02
-1.957699665075818274e-02
-1.949077838524937434e-02
-1.940473982928292429e-02
-1.931888052572250380e-02
-1.923319994358863028e-02
-1.914769747805289413e-02
-1.906237245043529427e-02
-1.897722410821178762e-02
-1.889225162500718369e-02
-1.880745410059936340e-02
-1.872283056092038933e-02
-1.863837995804806802e-02
-1.855410117021949468e-02
-1.846999300181662029e-02
-1.838605418337779795e-02
-1.830228337159356400e-02
-1.821867914930153098e-02
-1.813524002549771197e-02
-1.805196443532253170e-02
-1.796885074007459338e-02
-1.788589722720312913e-02
-1.780310211030489143e-02
-1.772046352913481115e-02
-1.763797954959311909e-02
-1.755564816373689219e-02
-1.747346728977516861e-02
-1.739143477206295252e-02
-1.730954838111542493e-02
-1.722780581359173446e-02
-1.714620469230765387e-02
-1.706474256623136121e-02
-1.698341691047822177e-02
-1.690222512632089114e-02
-1.682116454117854598e-02
-1.674023240862620998e-02
-1.665942590839120108e-02
-1.657874214634758037e-02
-1.649817815452769842e-02
-1.641773089110976080e-02
-1.633739724042804209e-02
-1.625717401296866704e-02
-1.617705794536528074e-02
-1.609704570040948468e-02
-1.601713386703806918e-02
-1.593731896034500384e-02
-1.585759742157544228e-02
-1.577796561812205844e-02
-1.569841984353559372e-02
-1.561895631751220037e-02
-1.553957118590520992e-02
-1.546026052071813872e-02
-1.538102032010368880e-02
-1.530184650837140836e-02
-1.522273493597681160e-02
-1.514368137953214788e-02
-1.506468154180018448e-02
-1.498573105169298536e-02
-1.490682546427779531e-02
-1.482796026077304319e-02
-1.474913084854645451e-02
-1.467033256112149076e-02
-1.459156065816880066e-02
-1.451281032551521299e-02
-1.443407667513829651e-02
-1.435535474516480559e-02
-1.427663949987734160e-02
-1.419792582970602624e-02
-1.411920855123660612e-02
-1.404048240720590091e-02
-1.396174206649980487e-02
-1.388298212415994826e-02
-1.380419710137592570e-02
-1.372538144549251271e-02
-1.364652953000544677e-02
-1.356763565456031717e-02
-1.348869404495756097e-02
-1.340969885314624577e-02
-1.333064415722950979e-02
-1.325152396146322964e-02
-1.317233219625157936e-02
-1.309306271815458000e-02
-1.301370930987999497e-02
-1.293426568029043544e-02
-1.285472546440102892e-02
-1.277508222337486732e-02
-1.269532944453111156e-02
-1.261546054133722006e-02
-1.253546885341438877e-02
-1.245534764653699611e-02
-1.237509011262771796e-02
-1.229468936976441107e-02
-1.221413846217378474e-02
-1.213343036023650789e-02
-1.205255796048598782e-02
-1.197151408560370722e-02
-1.189029148442732886e-02
-1.180888283194225785e-02
-1.172728072928830301e-02
-1.164547770375845559e-02
-1.156346620879300513e-02
-1.148123862398886530e-02
-1.139878725509069213e-02
-1.131610433399754534e-02
-1.123318201876111200e-02
-1.115001239358159868e-02
-1.106658746881450384e-02
-1.098289918096373441e-02
-1.089893939268782308e-02
-1.081469989279748578e-02
-1.073017239625173591e-02
-1.064534854416587795e-02
-1.056021990380251463e-02
-1.047477796857942955e-02
-1.038902924258922056e-02
-1.030304065509568545e-02
-1.021681341087432582e-02
-1.013033823892839358e-02
-1.004360588563335543e-02
-9.956607114735338548e-03
-9.869332707344413702e-03
-9.781773461946308146e-03
-9.693920194390748257e-03
-9.605763737899841725e-03
-9.517294943066023638e-03
-9.428504677846172299e-03
-9.339383827572378394e-03
-9.249923294941009289e-03
-9.160114000020591618e-03
-9.069946880250256971e-03
-8.979412890433358108e-03
-8.888503002748626702e-03
-8.797208206738849068e-03
-8.705519509319192828e-03
-8.613427934775264028e-03
-8.520924524757056417e-03
-8.428000338289665105e-03
-8.334646451762572905e-03
-8.240853958937588430e-03
-8.146613970946681160e-03
-8.051917616286430324e-03
-7.956756040828905086e-03
-7.861120407809063515e-03
-7.765001897836243394e-03
-7.668391708888666614e-03
-7.571281056309442370e-03
-7.473661172817169795e-03
-7.375523308493503460e-03
-7.276858730794089070e-03
-7.177658724543845015e-03
-7.077914591932410460e-03
-6.977617652524858993e-03
-6.876759243249430664e-03
-6.775330718408412167e-03
-6.673323449673196350e-03
-6.570728826079952345e-03
-6.467538254040283707e-03
-6.363743157329126987e-03
-6.259334977095021291e-03
-6.154305171856166989e-03
-6.048645217495152160e-03
-5.942346607270387882e-03
-5.835400851802896582e-03
-5.727799479088191426e-03
-5.619534034490752950e-03
-5.510596080739893488e-03
-5.400977197940276531e-03
-5.290668983559898564e-03
-5.179663052440497406e-03
-5.067951036793250097e-03
-4.955524586193915670e-03
-4.842375367593881874e-03
-4.728495065307425360e-03
-4.613875381023091471e-03
-4.498508033798448436e-03
-4.382384760055868522e-03
-4.265497313593241691e-03
-4.147837465571457827e-03
-4.029397004525814285e-03
-3.910167736359632107e-03
-3.790141484342646194e-03
-3.669310089117777673e-03
-3.547665408696248912e-03
-3.425199318456112474e-03
-3.301903711148440612e-03
-3.177770496889636975e-03
-3.052791603169055512e-03
-2.926958974844531824e-03
-2.800264574140634566e-03
-2.672700380655035346e-03
-2.544258391350612269e-03
-2.414930620563318642e-03
-2.284709099997520032e-03
-2.153585878724342817e-03
-2.021553023187974696e-03
-1.888602617197865374e-03
-1.754726761936525881e-03
-1.619917575954837874e-03
-1.484167195170499332e-03
-1.347467772874255676e-03
-1.209811479722079641e-03
-1.071190503743046918e-03
-9.315970503345968878e-04
-7.910233422609193321e-04
-6.494616196593624990e-04
-5.069041400327344016e-04
-3.633431782557317025e-04
-2.187710265732674408e-04
-7.317999459579638613e-05
7.343759069252352167e-05
2.210893849432186281e-04
3.697830264341450679e-04
5.195261360741477985e-04
6.703263174065304808e-04
8.221911565996532778e-04
9.751282224594384762e-04
1.129145066416863130e-03
1.284249222534242230e-03
1.440448207508333855e-03
1.597749520660947387e-03
1.756160643951440448e-03
1.915689041964263595e-03
2.076342161915184503e-03
2.238127433654396592e-03
2.401052269657172333e-03
2.565124065036311629e-03
2.730350197529748946e-03
2.896738027506645663e-03
3.064294897970720744e-03
3.233028134550647303e-03
3.402945045512709155e-03
3.574052921748255285e-03
3.746359036779944862e-03
3.919870646764883615e-03
4.094594990485256325e-03
4.270539289360830715e-03
4.447710747436300904e-03
4.626116551387865483e-03
4.805763870526058579e-03
4.986659856786507250e-03
5.168811644742365985e-03
5.352226351591937714e-03
5.536911077164752282e-03
5.722872903924841603e-03
5.910118896961302770e-03
6.098656104000704792e-03
6.288491555394820631e-03
6.479632264126594654e-03
6.672085225813584319e-03
6.865857418698217973e-03
7.060955803660673435e-03
7.257387324206082679e-03
7.455158906470860103e-03
7.654277459226005442e-03
7.854749873867472587e-03
8.056583024428687345e-03
8.259783767568473767e-03
8.464358942576633016e-03
8.670315371376857705e-03
8.877659858520570157e-03
9.086399191192806590e-03
9.296540139206332931e-03
9.508089455004364865e-03
9.721053873664398104e-03
9.935440112890825404e-03
1.015125487302254159e-02
1.036850483702544956e-02
1.058719667049651258e-02
1.080733702166630783e-02
1.102893252139314217e-02
1.125198978316882537e-02
1.147651540311322993e-02
1.170251595997651162e-02
1.192999801514266212e-02
1.215896811262356936e-02
1.238943277906456863e-02
1.262139852373866944e-02
1.285487183854966409e-02
1.308985919803523634e-02
1.332636705936024457e-02
1.356440186232377165e-02
1.380397002935229711e-02
1.404507796550302778e-02
1.428773205846695094e-02
1.453193867856250598e-02
1.477770417874230136e-02
1.502503489458617558e-02
1.527393714430475002e-02
1.552441722874253749e-02
1.577648143137144743e-02
1.603013601829750279e-02
1.628538723825395662e-02
1.654224132260484481e-02
1.680070448534831673e-02
1.706078292310969635e-02
1.732248281514814359e-02
1.758581032335077010e-02
1.785077159223491527e-02
1.811737274895208749e-02
1.838561990328119178e-02
1.865551914763474706e-02
1.892707655705339054e-02
1.920029818920798714e-02
1.947519008440334876e-02
1.975175826557173941e-02
2.003000873827942563e-02
2.030994749072023708e-02
2.059158049371845323e-02
2.087491370073268904e-02
2.115995304784834552e-02
2.144670445378538126e-02
2.173517381989098496e-02
2.202536703014279507e-02
2.231728995115278558e-02
2.261094843216149286e-02
2.290634830503812669e-02
2.320349538428712055e-02
2.350239546703813964e-02
2.380305433305784923e-02
2.410547774473870142e-02
2.440967144710415315e-02
2.471564116781166387e-02
2.502339261714470187e-02
2.533293148802340244e-02
2.564426345599324364e-02
2.595739417923148551e-02
2.627232929854916854e-02
2.658907443738267595e-02
2.690763520180627921e-02
2.722801718051859332e-02
2.755022594485012633e-02
2.787426704876572181e-02
2.820014602885501098e-02
2.852786840434551330e-02
2.885743967708975788e-02
2.918886533157150076e-02
2.952215083490883352e-02
2.985730163684519045e-02
3.019432316976145003e-02
3.053322084866327835e-02
3.087400007118823453e-02
3.121666621760776916e-02
3.156122465081878659e-02
3.190768071635552428e-02
3.225603974237734040e-02
3.260630703967493105e-02
3.295848790167343889e-02
3.331258760442312727e-02
3.366861140661148166e-02
3.402656454955166332e-02
3.438645225718772735e-02
3.474827973609795340e-02
3.511205217548651891e-02
3.547777474719426838e-02
3.584545260568750003e-02
3.621509088806385002e-02
3.658669471405540108e-02
3.696026918601935662e-02
3.733581938895003116e-02
3.771335039046752602e-02
3.809286724082261433e-02
3.847437497290107089e-02
3.885787860221312506e-02
3.924338312690711650e-02
3.963089352775617247e-02
4.002041476816475818e-02
4.041195179417189642e-02
4.080550953444150863e-02
4.120109290027518245e-02
4.159870678559951518e-02
4.199835606697255308e-02
4.240004560358656693e-02
4.280378023725917025e-02
4.320956479244508763e-02
4.361740407622483051e-02
4.402730287830947109e-02
4.443926597104508325e-02
4.485329810940230644e-02
4.526940403098989041e-02
4.568758845604126151e-02
4.610785608742118402e-02
4.653021161062909083e-02
4.695465969378931348e-02
4.738120498766373867e-02
4.780985212563937381e-02
4.824060572373445321e-02
4.867347038060132469e-02
4.910845067751934412e-02
4.954555117840242495e-02
4.998477642979126667e-02
5.042613096085801772e-02
5.086961928340760775e-02
5.131524589187397289e-02
5.176301526332338643e-02
5.221293185745079501e-02
5.266500011658115099e-02
5.311922446567396427e-02
5.357560931231519774e-02
5.403415904672548287e-02
5.449487804175312533e-02
5.495777065287632546e-02
5.542284121820784115e-02
5.589009405848743839e-02
5.635953347708944072e-02
5.683116376001495773e-02
5.730498917589610386e-02
5.778101397599888500e-02
5.825924239421698125e-02
5.873967864707729802e-02
5.922232693373485901e-02
5.970719143597547074e-02
6.019427631821860913e-02
6.068358572751031410e-02
6.117511782553086697e-02
6.166882470267687211e-02
6.216469428162052502e-02
6.266272554427221309e-02
6.316291743128377156e-02
6.366526884205625514e-02
6.416977863473261046e-02
6.467644562620167292e-02
6.518526859210127533e-02
6.569624626681136448e-02
6.620937734345977432e-02
6.672466047391845123e-02
6.724209426880367602e-02
6.776167729748094892e-02
6.828340808805744011e-02
6.880728512739064939e-02
6.933330686107819218e-02
6.986147169346512698e-02
7.039177798764462146e-02
7.092422406545217939e-02
7.145880820747185780e-02
7.199552865303027183e-02
7.253438360019992537e-02
7.307537120580165357e-02
7.361848958539973786e-02
7.416373681330279410e-02
7.471111092256887964e-02
7.526060990499683356e-02
7.581223171113515846e-02
7.636597425027669139e-02
7.692183539045727159e-02
7.747981295846240180e-02
7.803990473981903264e-02
7.860210847880444440e-02
7.916642187843780931e-02
7.973284260048330019e-02
8.030136826545475337e-02
8.087199645260612080e-02
8.144472469994301633e-02
8.201955050421227966e-02
8.259647132090552901e-02
8.317548456426493431e-02
8.375658760727144880e-02
8.433977778165968608e-02
8.492505237790326511e-02
8.551240864522258178e-02
8.610184379158614121e-02
8.669335498370434046e-02
8.728693934703835033e-02
8.788259396579012339e-02
8.848031588290750094e-02
8.908010210008754370e-02
8.968194957776765008e-02
9.028585523513732447e-02
9.089181595012618686e-02
9.149982855940952398e-02
9.210988985841295218e-02
9.272199660130087118e-02
9.333614550099089691e-02
9.395233322914031682e-02
9.457055641615297326e-02
9.519081165118081778e-02
9.581309548211769389e-02
9.643740441560755272e-02
9.706373491703668144e-02
9.769208341053547962e-02
9.832244627898512057e-02
9.895481986400600505e-02
9.958920046597108389e-02
1.002255843439934235e-01
1.008639677159317571e-01
1.015043467583947034e-01
1.021467176067307747e-01
1.027910763550403672e-01
1.034374190561646589e-01
1.040857417216902725e-01
1.047360403219532721e-01
1.053883107860302815e-01
1.060425490017491423e-01
1.066987508156791442e-01
1.073569120331345772e-01
1.080170284181793949e-01
1.086790956936178887e-01
1.093431095410060117e-01
1.100090656006404988e-01
1.106769594715635296e-01
1.113467867115671694e-01
1.120185428371829328e-01
1.126922233236951065e-01
1.133678236051278709e-01
1.140453390742512951e-01
1.147247650825851117e-01
1.154060969403891690e-01
1.160893299166747550e-01
1.167744592391946057e-01
1.174614800944462356e-01
1.181503876276772669e-01
1.188411769428749931e-01
1.195338431027794801e-01
1.202283811288697990e-01
1.209247860013722420e-01
1.216230526592616545e-01
1.223231760002545521e-01
1.230251508808168914e-01
1.237289721161569656e-01
1.244346344802280679e-01
1.251421327057331556e-01
1.258514614841166335e-01
1.265626154655716817e-01
1.272755892590351490e-01
1.279903774321877741e-01
1.287069745114599595e-01
1.294253749820244437e-01
1.301455732878027405e-01
1.308675638314578116e-01
1.315913409743996176e-01
1.323168990367862285e-01
1.330442322975176062e-01
1.337733349942429317e-01
1.345042013233541667e-01
1.352368254399878289e-01
1.359712014580303219e-01
1.367073234501094969e-01
1.374451854476019808e-01
1.381847814406276242e-01
1.389261053780510569e-01
1.396691511674861275e-01
1.404139126752885769e-01
1.411603837265635875e-01
1.419085581051571232e-01
1.426584295536630353e-01
1.434099917734226182e-01
1.441632384245192799e-01
1.449181631257856484e-01
1.456747594547966873e-01
1.464330209478728051e-01
1.471929411000834076e-01
1.479545133652400146e-01
1.487177311559026993e-01
1.494825878433747590e-01
1.502490767577038255e-01
1.510171911876874162e-01
1.517869243808644963e-01
1.525582695435239167e-01
1.533312198406950877e-01
1.541057683961550850e-01
1.548819082924282053e-01
1.556596325707821915e-01
1.564389342312320075e-01
1.572198062325369516e-01
1.580022414922004348e-01
1.587862328864750872e-01
1.595717732503558750e-01
1.603588553775865400e-01
1.611474720206536038e-01
1.619376158907885888e-01
1.627292796579709044e-01
1.635224559509262932e-01
1.643171373571215010e-01
1.651133164227742700e-01
1.659109856528422355e-01
1.667101375110360273e-01
1.675107644198046142e-01
1.683128587603450743e-01
1.691164128726023730e-01
1.699214190552627013e-01
1.707278695657628020e-01
1.715357566202808659e-01
1.723450723937409723e-01
1.731558090198168642e-01
1.739679585909215120e-01
1.747815131582197701e-01
1.755964647316186067e-01
1.764128052797691026e-01
1.772305267300717802e-01
1.780496209686686093e-01
1.788700798404527781e-01
1.796918951490571459e-01
1.805150586568620152e-01
1.813395620849957979e-01
1.821653971133279093e-01
1.829925553804789828e-01
1.838210284838099895e-01
1.846508079794286772e-01
1.854818853821926794e-01
1.863142521656970807e-01
1.871478997622917362e-01
1.879828195630657284e-01
1.888190029178540286e-01
1.896564411352410495e-01
1.904951254825513196e-01
1.913350471858614732e-01
1.921761974299887044e-01
1.930185673584960959e-01
1.938621480736948399e-01
1.947069306366389085e-01
1.955529060671312713e-01
1.964000653437172339e-01
1.972483994036879906e-01
1.980978991430832892e-01
1.989485554166829928e-01
1.998003590380190708e-01
2.006533007793653844e-01
2.015073713717399073e-01
2.023625615049096105e-01
2.032188618273829128e-01
2.040762629464203393e-01
2.049347554280220862e-01
2.057943297969346830e-01
2.066549765366527680e-01
2.075166860894133158e-01
2.083794488562031866e-01
2.092432551967511323e-01
2.101080954295309056e-01
2.109739598317665887e-01
2.118408386394214915e-01
2.127087220472105855e-01
2.135776002085911784e-01
2.144474632357638022e-01
2.153183011996802065e-01
2.161901041300322568e-01
2.170628620152625921e-01
2.179365648025557434e-01
2.188112023978412424e-01
2.196867646657971740e-01
2.205632414298444033e-01
2.214406224721527927e-01
2.223188975336340967e-01
2.231980563139464024e-01
2.240780884714959065e-01
2.249589836234306972e-01
2.258407313456487486e-01
2.267233211727903708e-01
2.276067425982395420e-01
2.284909850741314585e-01
2.293760380113418762e-01
2.302618907794959924e-01
2.311485327069626727e-01
2.320359530808535631e-01
2.329241411470310830e-01
2.338130861101004321e-01
2.347027771334131430e-01
2.355932033390648606e-01
2.364843538078971186e-01
2.373762175795004481e-01
2.382687836522046076e-01
2.391620409830923499e-01
2.400559784879865433e-01
2.409505850414555006e-01
2.418458494768165323e-01
2.427417605861297289e-01
2.436383071202041783e-01
2.445354777885908604e-01
2.454332612595857555e-01
2.463316461602338414e-01
2.472306210763246526e-01
2.481301745523922797e-01
2.490302950917167024e-01
2.499309711563220127e-01
2.508321911669821880e-01
2.517339435032113215e-01
2.526362165032747242e-01
2.535389984641782668e-01
2.544422776416745968e-01
2.553460422502644711e-01
2.562502804631905384e-01
2.571549804124453331e-01
2.580601301887641696e-01
2.589657178416255867e-01
2.598717313792588968e-01
2.607781587686353042e-01
2.616849879354741226e-01
2.625922067642378899e-01
2.634998030981341444e-01
2.644077647391203101e-01
2.653160794478943707e-01
2.662247349439041955e-01
2.671337189053391015e-01
2.680430189691356269e-01
2.689526227309779749e-01
2.698625177452931290e-01
2.707726915252535171e-01
2.716831315427810090e-01
2.725938252285371455e-01
2.735047599719337974e-01
2.744159231211278360e-01
2.753273019830175805e-01
2.762388838232525679e-01
2.771506558662224506e-01
2.780626052950685434e-01
2.789747192516736085e-01
2.798869848366640767e-01
2.807993891094175964e-01
2.817119190880523760e-01
2.826245617494360651e-01
2.835373040291790936e-01
