-4.558403598563076642e-02
-4.558403653905651609e-02
-4.558404002991700565e-02
-4.558404792640446956e-02
-4.558406012551330377e-02
-4.558407529107677547e-02
-4.558409085573567054e-02
-4.558410302093518496e-02
-4.558410675692980973e-02
-4.558409580278288686e-02
-4.558406266636039206e-02
-4.558399862434159289e-02
-4.558388942615021477e-02
-4.558371026453134078e-02
-4.558343733742953319e-02
-4.558304724561335064e-02
-4.558251696929893626e-02
-4.558182386814335629e-02
-4.558094568125214963e-02
-4.557986052717444281e-02
-4.557854690390561458e-02
-4.557698368888729590e-02
-4.557515013900426126e-02
-4.557302589058753739e-02
-4.557059095941262683e-02
-4.556782574070217251e-02
-4.556471100912418137e-02
-4.556122791878758349e-02
-4.555735800325244611e-02
-4.555308317552020370e-02
-4.554838572803854291e-02
-4.554324833270273487e-02
-4.553765404084852975e-02
-4.553158628326192670e-02
-4.552502887017029209e-02
-4.551796599124902087e-02
-4.551038221561887198e-02
-4.550226249184197158e-02
-4.549359214793069484e-02
-4.548435689133967230e-02
-4.547454280896889856e-02
-4.546413636716728490e-02
-4.545312441172244533e-02
-4.544149416787446327e-02
-4.542923324030168075e-02
-4.541632961313357697e-02
-4.540277164994321879e-02
-4.538854809374592847e-02
-4.537364806700683317e-02
-4.535806107163287137e-02
-4.534177698897767783e-02
-4.532478607984202768e-02
-4.530707898446717508e-02
-4.528864672254506729e-02
-4.526948069320768653e-02
-4.524957267503681990e-02
-4.522891482605873037e-02
-4.520749968374104810e-02
-4.518532016500254045e-02
-4.516236956620245380e-02
-4.513864156314673082e-02
-4.511413021108934274e-02
-4.508882994472473982e-02
-4.506273557819717723e-02
-4.503584230509138919e-02
-4.500814569844280300e-02
-4.497964171072954542e-02
-4.495032667387199865e-02
-4.492019729924257021e-02
-4.488925067765237031e-02
-4.485748427936053773e-02
-4.482489595407468386e-02
-4.479148393094067870e-02
-4.475724681855641762e-02
-4.472218360495894274e-02
-4.468629365763687744e-02
-4.464957672352065643e-02
-4.461203280566072849e-02
-4.457365142179625650e-02
-4.453442789350181563e-02
-4.449436542568152575e-02
-4.445346726428156536e-02
-4.441173669628195597e-02
-4.436917704970655407e-02
-4.432579169361283711e-02
-4.428158403810300570e-02
-4.423655753431665616e-02
-4.419071567442811599e-02
-4.414406199165799016e-02
-4.409660006025850620e-02
-4.404833349552617072e-02
-4.399926595379555216e-02
-4.394940113243794855e-02
-4.389874276986494017e-02
-4.384729464552927780e-02
-4.379506057991888746e-02
-4.374204443456464197e-02
-4.368825011203258946e-02
-4.363368155592972641e-02
-4.357834275090355369e-02
-4.352223772263719148e-02
-4.346537053785670679e-02
-4.340774530432311984e-02
-4.334936617083839927e-02
-4.329023732724568418e-02
-4.323036300442328894e-02
-4.316974747429114245e-02
-4.310839504980634729e-02
-4.304631008496606626e-02
-4.298349697480796650e-02
-4.291996015540600062e-02
-4.285570410387462559e-02
-4.279073333836658222e-02
-4.272505241807378340e-02
-4.265866594322909044e-02
-4.259157855510142809e-02
-4.252379493600066951e-02
-4.245531980927430560e-02
-4.238615793930966547e-02
-4.231631413153480459e-02
-4.224579323241273165e-02
-4.217460012944984626e-02
-4.210273975118772327e-02
-4.203021706720910800e-02
-4.195703708813702804e-02
-4.188320486563013034e-02
-4.180872549238912050e-02
-4.173360410215121163e-02
-4.165784586969389913e-02
-4.158145601083584886e-02
-4.150443978243023579e-02
-4.142680248237295970e-02
-4.134854944959642786e-02
-4.126968606407332985e-02
-4.119021774681730363e-02
-4.111014995987649634e-02
-4.102948820634222393e-02
-4.094823803034186582e-02
-4.086640501704330575e-02
-4.078399479265493177e-02
-4.070101302441986313e-02
-4.061746542062572018e-02
-4.053335773059307812e-02
-4.044869574468634710e-02
-4.036348529430844323e-02
-4.027773225189812401e-02
-4.019144253093731578e-02
-4.010462208594223199e-02
-4.001727691247225493e-02
-3.992941304712549488e-02
-3.984103656753523737e-02
-3.975215359237926904e-02
-3.966277028136877547e-02
-3.957289283525766699e-02
-3.948252749583947008e-02
-3.939168054594288648e-02
-3.930035830944045294e-02
-3.920856715123832714e-02
-3.911631347728583563e-02
-3.902360373457169906e-02
-3.893044441111936926e-02
-3.883684203599635509e-02
-3.874280317930445250e-02
-3.864833445218751606e-02
-3.855344250682968266e-02
-3.845813403644959827e-02
-3.836241577530974389e-02
-3.826629449870666555e-02
-3.816977702298007813e-02
-3.807287020550842449e-02
-3.797558094470576684e-02
-3.787791618002978034e-02
-3.777988289197198313e-02
-3.768148810206728427e-02
-3.758273887288909876e-02
-3.748364230804668296e-02
-3.738420555219290620e-02
-3.728443579101425875e-02
-3.718434025124039977e-02
-3.708392620064060452e-02
-3.698320094801843538e-02
-3.688217184322239994e-02
-3.678084627713373855e-02
-3.667923168167774861e-02
-3.657733552981823344e-02
-3.647516533555394957e-02
-3.637272865392837673e-02
-3.627003308101817147e-02
-3.616708625394382537e-02
-3.606389585086389182e-02
-3.596046959097232154e-02
-3.585681523450801045e-02
-3.575294058274236519e-02
-3.564885347799084947e-02
-3.554456180360721085e-02
-3.544007348398081625e-02
-3.533539648454508963e-02
-3.523053881176707591e-02
-3.512550851315721090e-02
-3.502031367726421429e-02
-3.491496243367264718e-02
-3.480946295301090565e-02
-3.470382344694100674e-02
-3.459805216816880247e-02
-3.449215741043798467e-02
-3.438614750852830859e-02
-3.428003083826269837e-02
-3.417381581649903133e-02
-3.406751090113790958e-02
-3.396112459111821913e-02
-3.385462524770632697e-02
-3.374796562398163502e-02
-3.364115108065135473e-02
-3.353418719507228474e-02
-3.342707947740364283e-02
-3.331983337060240302e-02
-3.321245425043350963e-02
-3.310494742546254976e-02
-3.299731813705619743e-02
-3.288957155938687649e-02
-3.278171279942521110e-02
-3.267374689694779732e-02
-3.256567882453387242e-02
-3.245751348756220622e-02
-3.234925572421842865e-02
-3.224091030548525971e-02
-3.213248193515272355e-02
-3.202397524981237531e-02
-3.191539481885596885e-02
-3.180674514448122991e-02
-3.169803066168452865e-02
-3.158925573826798505e-02
-3.148042467483613827e-02
-3.137154170479306003e-02
-3.126261099434990420e-02
-3.115363664251535880e-02
-3.104462268110408374e-02
-3.093557307473360218e-02
-3.082649172082096989e-02
-3.071738244958921449e-02
-3.060824902406089620e-02
-3.049909514006254874e-02
-3.038992442622467927e-02
-3.028074044397688347e-02
-3.017154668755539504e-02
-3.006234658399487003e-02
-2.995314349313527025e-02
-2.984394070761942075e-02
-2.973474145288990123e-02
-2.962554888719481916e-02
-2.951636610158248075e-02
-2.940719611990538773e-02
-2.929804189881868304e-02
-2.918890632777837446e-02
-2.907979222904488736e-02
-2.897070235767906787e-02
-2.886163940154640173e-02
-2.875260598131479384e-02
-2.864360465045256987e-02
-2.853463789523358329e-02
-2.842570813473099811e-02
-2.831681772082283999e-02
-2.820796893818999784e-02
-2.809916400431355932e-02
-2.799040506947969575e-02
-2.788169421677499926e-02
-2.777303346208959134e-02
-2.766442475411756696e-02
-2.755586997435255370e-02
-2.744737093709326281e-02
-2.733892938943904838e-02
-2.723054701129323796e-02
-2.712222541536202236e-02
-2.701396614715179112e-02
-2.690577068497446156e-02
-2.679764043994192768e-02
-2.668957675596983492e-02
-2.658158090977802424e-02
-2.647365411088453691e-02
-2.636579750161471836e-02
-2.625801215709278047e-02
-2.615029908524757474e-02
-2.604265922681103795e-02
-2.593509345531441745e-02
-2.582760257709559859e-02
-2.572018733129177726e-02
-2.561284838984412282e-02
-2.550558635749777814e-02
-2.539840177179608638e-02
-2.529129510309036100e-02
-2.518426675452989372e-02
-2.507731706206894895e-02
-2.497044629446532049e-02
-2.486365465327500246e-02
-2.475694227286229232e-02
-2.465030922038868866e-02
-2.454375549582155092e-02
-2.443728103193143486e-02
-2.433088569428720760e-02
-2.422456928126537345e-02
-2.411833152404063707e-02
-2.401217208659278679e-02
-2.390609056570525137e-02
-2.380008649095954887e-02
-2.369415932474516762e-02
-2.358830846224890809e-02
-2.348253323146398674e-02
-2.337683289318603919e-02
-2.327120664100967851e-02
-2.316565360133693297e-02
-2.306017283336747603e-02
-2.295476332910706407e-02
-2.284942401336420570e-02
-2.274415374374616494e-02
-2.263895131066762101e-02
-2.253381543734112036e-02
-2.242874477978507031e-02
-2.232373792682074143e-02
-2.221879340006804870e-02
-2.211390965395454433e-02
-2.200908507570542572e-02
-2.190431798535164010e-02
-2.179960663572744206e-02
-2.169494921246539754e-02
-2.159034383400582069e-02
-2.148578855158644885e-02
-2.138128134925121326e-02
-2.127682014384701947e-02
-2.117240278501897333e-02
-2.106802705522026198e-02
-2.096369066970138473e-02
-2.085939127651903480e-02
-2.075512645653265764e-02
-2.065089372340023210e-02
-2.054669052358759629e-02
-2.044251423635812248e-02
-2.033836217378093281e-02
-2.023423158072845673e-02
-2.013011963487143507e-02
-2.002602344668835688e-02
-1.992194005945513435e-02
-1.981786644925420671e-02
-1.971379952496954413e-02
-1.960973612828564860e-02
-1.950567303369366012e-02
-1.940160694848158673e-02
-1.929753451274540677e-02
-1.919345229938140829e-02
-1.908935681408674423e-02
-1.898524449536420633e-02
-1.888111171451800629e-02
-1.877695477565344273e-02
-1.867276991568056488e-02
-1.856855330430928763e-02
-1.846430104405516470e-02
-1.836000917023516976e-02
-1.825567365096714134e-02
-1.815129038717422372e-02
-1.804685521257864966e-02
-1.794236389370884588e-02
-1.783781212989465903e-02
-1.773319555326646757e-02
-1.762850972876017774e-02
-1.752375015411078429e-02
-1.741891225985958691e-02
-1.731399140934897218e-02
-1.720898289872196951e-02
-1.710388195692735813e-02
-1.699868374571311680e-02
-1.689338335963241899e-02
-1.678797582604119043e-02
-1.668245610509488941e-02
-1.657681908975516816e-02
-1.647105960578265638e-02
-1.636517241174306747e-02
-1.625915219900531117e-02
-1.615299359173749671e-02
-1.604669114691392728e-02
-1.594023935430810557e-02
-1.583363263649828490e-02
-1.572686534886613696e-02
-1.561993177959264401e-02
-1.551282614966476014e-02
-1.540554261286852800e-02
-1.529807525579529592e-02
-1.519041809783916452e-02
-1.508256509119398903e-02
-1.497451012085937450e-02
-1.486624700463412552e-02
-1.475776949312224140e-02
-1.464907126973069573e-02
-1.454014595066588367e-02
-1.443098708494028326e-02
-1.432158815436557209e-02
-1.421194257355806734e-02
-1.410204368993778212e-02
-1.399188478372365152e-02
-1.388145906794108209e-02
-1.377075968841423581e-02
-1.365977972377241390e-02
-1.354851218544816938e-02
-1.343695001767331032e-02
-1.332508609748572770e-02
-1.321291323472251200e-02
-1.310042417202572640e-02
-1.298761158484074141e-02
-1.287446808141146093e-02
-1.276098620278920404e-02
-1.264715842282349012e-02
-1.253297714816919983e-02
-1.241843471828446566e-02
-1.230352340542567591e-02
-1.218823541465707816e-02
-1.207256288384095377e-02
-1.195649788364483435e-02
-1.184003241753950331e-02
-1.172315842179422196e-02
-1.160586776548588883e-02
-1.148815225048949173e-02
-1.137000361148532424e-02
-1.125141351595687622e-02
-1.113237416201579011e-02
-1.101295840535992943e-02
-1.089321376327573310e-02
-1.077312990338374910e-02
-1.065269652312017534e-02
-1.053190334973125308e-02
-1.041074014028325889e-02
-1.028919668165223511e-02
-1.016726279053131732e-02
-1.004492831342929104e-02
-9.922183126665096164e-03
-9.799017136377596859e-03
-9.675420278514867967e-03
-9.551382518843243297e-03
-9.426893852943929453e-03
-9.301944306208398405e-03
-9.176523933848046433e-03
-9.050622820883591491e-03
-8.924231082153954997e-03
-8.797338862312875651e-03
-8.669936335824357521e-03
-8.542013706972495513e-03
-8.413561209850484168e-03
-8.284569108369888024e-03
-8.155027696256922365e-03
-8.024927297048345398e-03
-7.894258264100617595e-03
-7.763010980579632125e-03
-7.631175859469457867e-03
-7.498743343569008735e-03
-7.365703905487491765e-03
-7.232048047654066059e-03
-7.097766302307018105e-03
-6.962849231503226433e-03
-6.827287427113970519e-03
-6.691071510821156032e-03
-6.554192134126474167e-03
-6.416639978340826778e-03
-6.278405754593596733e-03
-6.139480203828734384e-03
-5.999854096800621983e-03
-5.859518234083593846e-03
-5.718463446061083921e-03
-5.576680592935090441e-03
-5.434160564722123610e-03
-5.290894281249181041e-03
-5.146872692163101393e-03
-5.002086776919933975e-03
-4.856527544794514428e-03
-4.710186034875135652e-03
-4.563053316062160025e-03
-4.415120487073653788e-03
-4.266378676441515139e-03
-4.116819042509850535e-03
-3.966432773440650705e-03
-3.815211087206865637e-03
-3.663145231599121421e-03
-3.510226484221876109e-03
-3.356446152491865398e-03
-3.201795573643625992e-03
-3.046266114722653850e-03
-2.889849172592190429e-03
-2.732536173929253631e-03
-2.574318575223166761e-03
-2.415187862780998618e-03
-2.255135552720860526e-03
-2.094153190978609302e-03
-1.932232353303767192e-03
-1.769364645258258983e-03
-1.605541702221748024e-03
-1.440755189384905488e-03
-1.274996801756134168e-03
-1.108258264157599426e-03
-9.405313312237408019e-04
-7.718077874068370037e-04
-6.020794469703827367e-04
-4.313381539945704279e-04
-2.595757823749249987e-04
-8.678423581821078509e-05
8.704455215047647923e-05
2.619186181958303369e-04
4.378459691642966334e-04
6.148345820880564416e-04
7.928924041880058837e-04
9.720273528657057127e-04
1.152247315714061138e-03
1.333560150506660213e-03
1.515973685203127197e-03
1.699495717951769735e-03
1.884134017081574852e-03
2.069896321112874027e-03
2.256790338746691993e-03
2.444823748870075808e-03
2.634004200558703879e-03
2.824339313069065827e-03
3.015836675848870829e-03
3.208503848526569890e-03
3.402348360916615522e-03
3.597377713022195667e-03
3.793599375027129073e-03
3.991020787306578943e-03
4.189649360416436430e-03
4.389492475098566437e-03
4.590557482283583179e-03
4.792851703082703918e-03
4.996382428798573638e-03
5.201156920914440374e-03
5.407182411099636932e-03
5.614466101212162163e-03
5.823015163290728990e-03
6.032836739565311523e-03
6.243937942446681211e-03
6.456325854531541619e-03
6.670007528605303992e-03
6.884989987634149156e-03
7.101280224775408101e-03
7.318885203367320180e-03
7.537811856934001353e-03
7.758067089188303012e-03
7.979657774023818373e-03
8.202590755525290822e-03
8.426872847958427615e-03
8.652510835774701592e-03
8.879511473614487560e-03
9.107881486298652352e-03
9.337627568839518277e-03
9.568756386430093963e-03
9.801274574449347909e-03
1.003518873846453996e-02
1.027050545422553141e-02
1.050723126767050264e-02
1.074537269492040203e-02
1.098493622228169375e-02
1.122592830624880023e-02
1.146835537349938372e-02
1.171222382089870395e-02
1.195754001549542700e-02
1.220431029452317961e-02
1.245254096540410194e-02
1.270223830574290780e-02
1.295340856333271340e-02
1.320605795614915312e-02
1.346019267235359917e-02
1.371581887029554858e-02
1.397294267850707206e-02
1.423157019570880921e-02
1.449170749080369580e-02
1.475336060288062745e-02
1.501653554121645806e-02
1.528123828527072625e-02
1.554747478469148403e-02
1.581525095930907954e-02
1.608457269913982080e-02
1.635544586438802961e-02
1.662787628544065699e-02
1.690186976287311182e-02
1.717743206744326567e-02
1.745456894009478344e-02
1.773328609195945482e-02
1.801358920435158772e-02
1.829548392877405893e-02
1.857897588691226343e-02
1.886407067063716747e-02
1.915077384200797317e-02
1.943909093326651183e-02
1.972902744684285059e-02
2.002058885535007438e-02
2.031378060158645082e-02
2.060860809853870546e-02
2.090507672937591543e-02
2.120319184745578234e-02
2.150295877631869246e-02
2.180438280969032583e-02
2.210746921148482036e-02
2.241222321579877663e-02
2.271865002691725310e-02
2.302675481930799295e-02
2.333654273762425513e-02
2.364801889670753443e-02
2.396118838158184383e-02
2.427605624745954316e-02
2.459262751973606553e-02
2.491090719399180475e-02
2.523090023599583454e-02
2.555261158170074598e-02
2.587604613724303615e-02
2.620120877894871469e-02
2.652810435332420003e-02
2.685673767706708848e-02
2.718711353705627332e-02
2.751923669035605258e-02
2.785311186421990381e-02
2.818874375608149130e-02
2.852613703356621233e-02
2.886529633448009502e-02
2.920622626681490530e-02
2.954893140875158863e-02
2.989341630865116617e-02
3.023968548506661413e-02
3.058774342673098445e-02
3.093759459256395505e-02
3.128924341167349521e-02
3.164269428334842704e-02
3.199795157706897264e-02
3.235501963249554080e-02
3.271390275947527737e-02
3.307460523804373054e-02
3.343713131841685726e-02
3.380148522100256958e-02
3.416767113638852216e-02
3.453569322534943975e-02
3.490555561884800539e-02
3.527726241802808804e-02
3.565081769422440150e-02
3.602622548895262344e-02
3.640348981391439143e-02
3.678261465100030048e-02
3.716360395228124336e-02
3.754646164001951281e-02
3.793119160665836542e-02
3.831779771482668462e-02
3.870628379734242230e-02
3.909665365720393915e-02
3.948891106760110681e-02
3.988305977190442775e-02
4.027910348367036431e-02
4.067704588664411425e-02
4.107689063475161717e-02
4.147864135211010161e-02
4.188230163301742692e-02
4.228787504195763436e-02
4.269536511360327857e-02
4.310477535280765604e-02
4.351610923461546321e-02
4.392937020425213834e-02
4.434456167712874652e-02
4.476168703884564337e-02
4.518074964518348224e-02
4.560175282211431647e-02
4.602469986579083017e-02
4.644959404255200042e-02
4.687643858892509563e-02
4.730523671161845911e-02
4.773599158753150107e-02
4.816870636374448456e-02
4.860338415752352148e-02
4.904002805632345918e-02
4.947864111777999785e-02
4.991922636972012661e-02
5.036178681015135439e-02
5.080632540726737201e-02
5.125284509945027267e-02
5.170134879526344651e-02
5.215183937346101750e-02
5.260431968297807348e-02
5.305879254293577318e-02
5.351526074264301158e-02
5.397372704159220103e-02
5.443419416946326805e-02
5.489666482611932352e-02
5.536114168160888305e-02
5.582762737616842053e-02
5.629612452021748314e-02
5.676663569436368739e-02
5.723916344939750100e-02
5.771371030629468546e-02
5.819027875621951562e-02
5.866887126051867352e-02
5.914949025072724353e-02
5.963213812856316132e-02
6.011681726592965624e-02
6.060353000491813802e-02
6.109227865780308964e-02
6.158306550704695237e-02
6.207589280529479669e-02
6.257076277537754194e-02
6.306767761031406572e-02
6.356663947330609687e-02
6.406765049774343357e-02
6.457071278719894725e-02
6.507582841543069208e-02
6.558299942638490254e-02
6.609222783419088643e-02
6.660351562316590979e-02
6.711686474781008993e-02
6.763227713280905995e-02
6.814975467303630019e-02
6.866929923354880838e-02
6.919091264959098542e-02
6.971459672659063855e-02
7.024035324016064674e-02
7.076818393610195823e-02
7.129809053039903866e-02
7.183007470922364579e-02
7.236413812893105479e-02
7.290028241606161252e-02
7.343850916734362411e-02
7.397881994968891206e-02
7.452121630019681309e-02
7.506569972614995923e-02
7.561227170501605421e-02
7.616093368445087108e-02
7.671168708229370026e-02
7.726453328657112429e-02
7.781947365549357620e-02
7.837650951745578354e-02
7.893564217104120928e-02
7.949687288501761095e-02
8.006020289833548631e-02
8.062563342013628898e-02
8.119316562974088214e-02
8.176280067666019669e-02
8.233453968058968009e-02
8.290838373140685391e-02
8.348433388918063969e-02
8.406239118415892442e-02
8.464255239460838354e-02
8.522471090107308633e-02
8.580881891930025596e-02
8.639487504633169834e-02
8.698287783563429798e-02
8.757282579711112014e-02
8.816471739709186295e-02
8.875855105833641012e-02
8.935432516003904979e-02
8.995203803781914864e-02
9.055168798373269823e-02
9.115327324626210093e-02
9.175679203031927855e-02
9.236224249725166757e-02
9.296962276483111687e-02
9.357893090726610019e-02
9.419016495519150212e-02
9.480332289567239279e-02
9.541840267220824678e-02
9.603540218472361722e-02
9.665431928957968211e-02
9.727515179956403024e-02
9.789789748389421398e-02
9.852255406822241213e-02
9.914911923462566001e-02
9.977759062161783987e-02
1.004079658241392448e-01
1.010402423935596872e-01
1.016744178376840502e-01
1.023104896207422954e-01
1.029484551634010092e-01
1.035883118427523009e-01
1.042300569923193532e-01
1.048736879020593094e-01
1.055192018183550573e-01
1.061665959440249996e-01
1.068158674383148377e-01
1.074670134168997926e-01
1.081200309518899338e-01
1.087749170718201874e-01
1.094316687616625483e-01
1.100902829628140900e-01
1.107507565731034038e-01
1.114130864467930415e-01
1.120772693945708554e-01
1.127433021835608784e-01
1.134111815373128884e-01
1.140809041358086251e-01
1.147524666154626782e-01
1.154258655691153823e-01
1.161010975460439187e-01
1.167781590519507695e-01
1.174570465489694904e-01
1.181377564556678195e-01
1.188202851470387955e-01
1.195046289545118601e-01
1.201907841659421994e-01
1.208787470256160734e-01
1.215685137342539246e-01
1.222600804490010518e-01
1.229534432834400448e-01
1.236485983075781281e-01
1.243455415478544879e-01
1.250442689871420487e-01
1.257447765647388138e-01
1.264470601763798552e-01
1.271511156742251014e-01
1.278569388668664430e-01
1.285645255193288428e-01
1.292738713530641181e-01
1.299849720459587132e-01
1.306978232323259270e-01
1.314124205029096881e-01
1.321287594048878855e-01
1.328468354418650410e-01
1.335666440738800809e-01
1.342881807173987863e-01
1.350114407453177900e-01
1.357364194869679075e-01
1.364631122281056985e-01
1.371915142109230157e-01
1.379216206340381223e-01
1.386534266525005776e-01
1.393869273777934570e-01
1.401221178778260246e-01
1.408589931769426151e-01
1.415975482559144183e-01
1.423377780519434754e-01
1.430796774586649001e-01
1.438232413261413267e-01
1.445684644608697944e-01
1.453153416257733088e-01
1.460638675402072817e-01
1.468140368799588646e-01
1.475658442772438406e-01
1.483192843207110645e-01
1.490743515554371346e-01
1.498310404829292786e-01
1.505893455611277965e-01
1.513492612044005092e-01
1.521107817835496423e-01
1.528739016258036099e-01
1.536386150148227880e-01
1.544049161906997369e-01
1.551727993499552039e-01
1.559422586455436743e-01
1.567132881868464889e-01
1.574858820396765058e-01
1.582600342262789894e-01
1.590357387253271693e-01
1.598129894719280131e-01
1.605917803576155656e-01
1.613721052303553893e-01
1.621539578945454529e-01
1.629373321110112460e-01
1.637222215970126626e-01
1.645086200262364517e-01
1.652965210288002140e-01
1.660859181912550664e-01
1.668768050565787586e-01
1.676691751241841111e-01
1.684630218499103549e-01
1.692583386460275729e-01
1.700551188812393644e-01
1.708533558806779595e-01
1.716530429259046642e-01
1.724541732549145223e-01
1.732567400621292109e-01
1.740607364984065875e-01
1.748661556710291443e-01
1.756729906437117794e-01
1.764812344366024632e-01
1.772908800262749107e-01
1.781019203457396838e-01
1.789143482844322008e-01
1.797281566882198423e-01
1.805433383594030605e-01
1.813598860567082749e-01
1.821777924952985295e-01
1.829970503467619469e-01
1.838176522391183898e-01
1.846395907568212369e-01
1.854628584407491676e-01
1.862874477882181523e-01
1.871133512529687959e-01
1.879405612451734431e-01
1.887690701314379549e-01
1.895988702347941590e-01
1.904299538347096199e-01
1.912623131670789789e-01
1.920959404242261748e-01
1.929308277549099948e-01
1.937669672643147489e-01
1.946043510140607058e-01
1.954429710221949890e-01
1.962828192631942414e-01
1.971238876679699548e-01
1.979661681238586990e-01
1.988096524746338911e-01
1.996543325204949149e-01
2.005002000180711175e-01
2.013472466804262506e-01
2.021954641770500327e-01
2.030448441338683629e-01
2.038953781332326631e-01
2.047470577139256509e-01
2.055998743711633381e-01
2.064538195565883694e-01
2.073088846782784600e-01
2.081650611007384022e-01
2.090223401449033958e-01
2.098807130881417127e-01
2.107401711642487019e-01
2.116007055634552270e-01
2.124623074324181182e-01
2.133249678742250577e-01
2.141886779483974657e-01
2.150534286708831733e-01
2.159192110140650822e-01
2.167860159067529491e-01
2.176538342341873822e-01
2.185226568380425061e-01
2.193924745164177459e-01
2.202632780238502619e-01
2.211350580713009606e-01
2.220078053261635986e-01
2.228815104122647828e-01
2.237561639098573085e-01
2.246317563556290420e-01
2.255082782426955923e-01
2.263857200206023101e-01
2.272640720953282845e-01
2.281433248292787930e-01
2.290234685412959603e-01
2.299044935066458795e-01
2.307863899570277155e-01
2.316691480805723735e-01
2.325527580218393897e-01
2.334372098818209285e-01
2.343224937179375633e-01
2.352085995440402755e-01
2.360955173304131183e-01
2.369832370037676661e-01
2.378717484472496757e-01
2.387610415004313147e-01
2.396511059593167126e-01
2.405419315763421828e-01
2.414335080603722261e-01
2.423258250767044153e-01
2.432188722470645104e-01
2.441126391496089010e-01
2.450071153189263828e-01
2.459022902460339388e-01
2.467981533783827341e-01
2.476946941198501229e-01
2.485919018307449768e-01
2.494897658278094621e-01
2.503882753842128217e-01
2.512874197295582590e-01
2.521871880498764984e-01
2.530875694876291160e-01
2.539885531417103159e-01
2.548901280674418235e-01
2.557922832765806564e-01
2.566950077373086891e-01
2.575982903742408681e-01
2.585021200684238796e-01
2.594064856573325972e-01
2.603113759348749667e-01
2.612167796513875651e-01
2.621226855136362666e-01
2.630290821848211280e-01
2.639359582845699492e-01
2.648433023889427140e-01
2.657511030304289257e-01
2.666593486979467187e-01
2.675680278368495202e-01
2.684771288489167240e-01
2.693866400923612403e-01
2.702965498818254986e-01
2.712068464883801155e-01
2.721175181395305565e-01
2.730285530192100296e-01
2.739399392677834832e-01
2.748516649820449409e-01
2.757637182152197219e-01
2.766760869769644415e-01
2.775887592333652343e-01
2.785017229069381983e-01
2.794149658766325039e-01
2.803284759778246205e-01
2.812422410023236452e-01
2.821562486983699714e-01
2.830704867706304029e-01
2.839849428802074804e-01
2.848996046446292674e-01
2.858144596378604518e-01
2.867294953902903565e-01
2.876446993887404879e-01
2.885600590764658691e-01
2.894755618531470454e-01
2.903911950748994109e-01
2.913069460542683231e-01
