-1.874335676470373357e-02
-1.874335636619051115e-02
-1.874335361110812670e-02
-1.874334627613105653e-02
-1.874333228036118015e-02
-1.874330965419535033e-02
-1.874327653914509284e-02
-1.874323118782150743e-02
-1.874317196395747231e-02
-1.874309734238899239e-02
-1.874300590906585740e-02
-1.874289636105164192e-02
-1.874276972999133761e-02
-1.874262851971764121e-02
-1.874247245920734883e-02
-1.874230123102282874e-02
-1.874211449136353735e-02
-1.874191187005802561e-02
-1.874169297057992623e-02
-1.874145737003285461e-02
-1.874120461916017888e-02
-1.874093424234413163e-02
-1.874064573759604002e-02
-1.874033857657231295e-02
-1.874001220455756567e-02
-1.873966604047971884e-02
-1.873929947690466946e-02
-1.873891188002207997e-02
-1.873850258967380000e-02
-1.873807091932722102e-02
-1.873761615609126352e-02
-1.873713756071460068e-02
-1.873663436757055933e-02
-1.873610578468287713e-02
-1.873555099370083354e-02
-1.873496914991701345e-02
-1.873435938226197806e-02
-1.873372079329094220e-02
-1.873305245921308426e-02
-1.873235342985513086e-02
-1.873162272869688394e-02
-1.873085935284990455e-02
-1.873006227305129556e-02
-1.872923043369212337e-02
-1.872836275278366713e-02
-1.872745812198761683e-02
-1.872651540659653335e-02
-1.872553344553207211e-02
-1.872451105136629934e-02
-1.872344701029504677e-02
-1.872234008216011603e-02
-1.872118900043773237e-02
-1.871999247223232743e-02
-1.871874917829785545e-02
-1.871745777301292435e-02
-1.871611688440211196e-02
-1.871472511412441975e-02
-1.871328103746616733e-02
-1.871178320336408518e-02
-1.871023013437955740e-02
-1.870862032671904984e-02
-1.870695225022434016e-02
-1.870522434836363601e-02
-1.870343503825910858e-02
-1.870158271065047728e-02
-1.869966572992964871e-02
-1.869768243412028852e-02
-1.869563113487249240e-02
-1.869351011749120772e-02
-1.869131764089981829e-02
-1.868905193767034234e-02
-1.868671121401099811e-02
-1.868429364975554563e-02
-1.868179739838726761e-02
-1.867922058701587673e-02
-1.867656131639439110e-02
-1.867381766091380513e-02
-1.867098766858976688e-02
-1.866806936108922343e-02
-1.866506073370377550e-02
-1.866195975536921736e-02
-1.865876436865931964e-02
-1.865547248977073025e-02
-1.865208200855583698e-02
-1.864859078848546403e-02
-1.864499666667995825e-02
-1.864129745389409010e-02
-1.863749093450994820e-02
-1.863357486655914386e-02
-1.862954698169705381e-02
-1.862540498522591292e-02
-1.862114655608415603e-02
-1.861676934683309526e-02
-1.861227098368800625e-02
-1.860764906649237105e-02
-1.860290116872498345e-02
-1.859802483750705449e-02
-1.859301759358444883e-02
-1.858787693135344199e-02
-1.858260031884206853e-02
-1.857718519770834575e-02
-1.857162898325981359e-02
-1.856592906442244839e-02
-1.856008280377530184e-02
-1.855408753752918471e-02
-1.854794057552755504e-02
-1.854163920125362353e-02
-1.853518067182235995e-02
-1.852856221799203951e-02
-1.852178104415802551e-02
-1.851483432834299947e-02
-1.850771922255400881e-02
-1.850043576653703781e-02
-1.849298434164836635e-02
-1.848536279054879827e-02
-1.847756897958241495e-02
-1.846960079878812166e-02
-1.846145616188099581e-02
-1.845313300627804409e-02
-1.844462929307510990e-02
-1.843594300705664324e-02
-1.842707215669570076e-02
-1.841801477414772847e-02
-1.840876891526477266e-02
-1.839933265958215713e-02
-1.838970411031937147e-02
-1.837988139438895274e-02
-1.836986266238316290e-02
-1.835964608859086411e-02
-1.834922987098508429e-02
-1.833861223122390527e-02
-1.832779141465579187e-02
-1.831676569031071011e-02
-1.830553335091433809e-02
-1.829409271287918415e-02
-1.828244211629836968e-02
-1.827057992495895178e-02
-1.825850452632771237e-02
-1.824621433156980999e-02
-1.823370777553190436e-02
-1.822098331674659732e-02
-1.820803943743776188e-02
-1.819487464351077222e-02
-1.818148746456582643e-02
-1.816787645388817651e-02
-1.815404018844901657e-02
-1.813997726890814732e-02
-1.812568631960775889e-02
-1.811116598858752980e-02
-1.809641494756952795e-02
-1.808143189196087519e-02
-1.806621554085996451e-02
-1.805076463704669010e-02
-1.803507794699754641e-02
-1.801915426087141725e-02
-1.800299239251401673e-02
-1.798659117946055375e-02
-1.796994948292862659e-02
-1.795306618783154562e-02
-1.793594020276678691e-02
-1.791857046001599230e-02
-1.790095591555296295e-02
-1.788309554903211307e-02
-1.786498836380356892e-02
-1.784663338690339884e-02
-1.782802966905006059e-02
-1.780917628465417124e-02
-1.779007233180873726e-02
-1.777071693230158900e-02
-1.775110923160472254e-02
-1.773124839887429971e-02
-1.771113362695952986e-02
-1.769076413238934720e-02
-1.767013915539017432e-02
-1.764925795986993506e-02
-1.762811983342427169e-02
-1.760672408733920946e-02
-1.758507005657961031e-02
-1.756315709980960094e-02
-1.754098459937658561e-02
-1.751855196131124615e-02
-1.749585861533731190e-02
-1.747290401485912525e-02
-1.744968763697585246e-02
-1.742620898247437822e-02
-1.740246757582042392e-02
-1.737846296517719935e-02
-1.735419472238497463e-02
-1.732966244298150826e-02
-1.730486574619050089e-02
-1.727980427491448978e-02
-1.725447769575572110e-02
-1.722888569899039268e-02
-1.720302799859441123e-02
-1.717690433222873736e-02
-1.715051446123228018e-02
-1.712385817064632221e-02
-1.709693526918343309e-02
-1.706974558925722363e-02
-1.704228898696635852e-02
-1.701456534208700688e-02
-1.698657455809771122e-02
-1.695831656214830119e-02
-1.692979130509009167e-02
-1.690099876145900737e-02
-1.687193892946892149e-02
-1.684261183103474835e-02
-1.681301751174535397e-02
-1.678315604088798096e-02
-1.675302751143670221e-02
-1.672263204004309500e-02
-1.669196976705844548e-02
-1.666104085650976785e-02
-1.662984549612200880e-02
-1.659838389730605712e-02
-1.656665629515075011e-02
-1.653466294844241347e-02
-1.650240413965420316e-02
-1.646988017493900003e-02
-1.643709138414850557e-02
-1.640403812080970525e-02
-1.637072076214485250e-02
-1.633713970906525148e-02
-1.630329538616193119e-02
-1.626918824172252087e-02
-1.623481874771215416e-02
-1.620018739979078859e-02
-1.616529471730743239e-02
-1.613014124328859822e-02
-1.609472754446183984e-02
-1.605905421122777454e-02
-1.602312185768495212e-02
-1.598693112161875263e-02
-1.595048266449383689e-02
-1.591377717147546278e-02
-1.587681535140106348e-02
-1.583959793680600470e-02
-1.580212568391425876e-02
-1.576439937262819058e-02
-1.572641980654854166e-02
-1.568818781295178155e-02
-1.564970424281053596e-02
-1.561096997078559312e-02
-1.557198589521702203e-02
-1.553275293814282421e-02
-1.549327204527717328e-02
-1.545354418602951085e-02
-1.541357035349877336e-02
-1.537335156446273388e-02
-1.533288885939487756e-02
-1.529218330244841439e-02
-1.525123598147049009e-02
-1.521004800799641288e-02
-1.516862051724165994e-02
-1.512695466811742051e-02
-1.508505164321416459e-02
-1.504291264881629786e-02
-1.500053891489683267e-02
-1.495793169510806209e-02
-1.491509226679932354e-02
-1.487202193099790293e-02
-1.482872201242591004e-02
-1.478519385949361720e-02
-1.474143884429146567e-02
-1.469745836260472061e-02
-1.465325383389926017e-02
-1.460882670133445416e-02
-1.456417843175739080e-02
-1.451931051569621545e-02
-1.447422446737389734e-02
-1.442892182469357465e-02
-1.438340414925143307e-02
-1.433767302633315310e-02
-1.429173006490325193e-02
-1.424557689762284696e-02
-1.419921002126045551e-02
-1.415262541513317984e-02
-1.410582396066706323e-02
-1.405880653984414863e-02
-1.401157403522290679e-02
-1.396412732991603178e-02
-1.391646730760820461e-02
-1.386859485255031998e-02
-1.382051084954838416e-02
-1.377221618398483116e-02
-1.372371174179676245e-02
-1.367499840949282230e-02
-1.362607707414786873e-02
-1.357694862339275943e-02
-1.352761394543300355e-02
-1.347807392903055401e-02
-1.342832946351801837e-02
-1.337838143879421793e-02
-1.332823074531397367e-02
-1.327787827410809030e-02
-1.322732491676115174e-02
-1.317657156543061703e-02
-1.312561911283927074e-02
-1.307446845226634125e-02
-1.302312047756615243e-02
-1.297157608314813970e-02
-1.291983616399372536e-02
-1.286790161564965729e-02
-1.281577333421868303e-02
-1.276345221638131022e-02
-1.271093915936782892e-02
-1.265823506098584517e-02
-1.260534081960651420e-02
-1.255225733415654688e-02
-1.249898550413952591e-02
-1.244552622961059285e-02
-1.239188041120176109e-02
-1.233804895010814917e-02
-1.228403274807998713e-02
-1.222983270744570916e-02
-1.217544973108442008e-02
-1.212088472245254067e-02
-1.206613858556782048e-02
-1.201121222500667329e-02
-1.195610654592060840e-02
-1.190082245401269390e-02
-1.184536085556375795e-02
-1.178972265741595749e-02
-1.173390876696966956e-02
-1.167792009219992266e-02
-1.162175754163463637e-02
-1.156542202437815803e-02
-1.150891445009749603e-02
-1.145223572901654663e-02
-1.139538677193518978e-02
-1.133836849020486426e-02
-1.128118179575432478e-02
-1.122382760107454303e-02
-1.116630681921293444e-02
-1.110862036379467455e-02
-1.105076914899472129e-02
-1.099275408956579270e-02
-1.093457610082326781e-02
-1.087623609863941354e-02
-1.081773499946159234e-02
-1.075907372029050180e-02
-1.070025317870371140e-02
-1.064127429283789894e-02
-1.058213798139151507e-02
-1.052284516363588551e-02
-1.046339675939567115e-02
-1.040379368907218272e-02
-1.034403687362717150e-02
-1.028412723458149713e-02
-1.022406569402978249e-02
-1.016385317462842330e-02
-1.010349059959403384e-02
-1.004297889271588140e-02
-9.982318978338344806e-03
-9.921511781380676354e-03
-9.860558227323457103e-03
-9.799459242206820520e-03
-9.738215752644663326e-03
-9.676828685805771713e-03
-9.615298969432917175e-03
-9.553627531830866104e-03
-9.491815301864381382e-03
-9.429863208970878929e-03
-9.367772183143552311e-03
-9.305543154949358353e-03
-9.243177055517248775e-03
-9.180674816535727700e-03
-9.118037370267062514e-03
-9.055265649528632110e-03
-8.992360587709136155e-03
-8.929323118764598277e-03
-8.866154177206597709e-03
-8.802854698121365118e-03
-8.739425617150686776e-03
-8.675867870507225632e-03
-8.612182394971190647e-03
-8.548370127878346381e-03
-8.484432007138664744e-03
-8.420368971218339382e-03
-8.356181959154440619e-03
-8.291871910550918656e-03
-8.227439765567501340e-03
-8.162886464939012043e-03
-8.098212949955385653e-03
-8.033420162477433735e-03
-7.968509044933513863e-03
-7.903480540307761260e-03
-7.838335592158740539e-03
-7.773075144600793962e-03
-7.707700142318696379e-03
-7.642211530564768651e-03
-7.576610255147775419e-03
-7.510897262450022538e-03
-7.445073499409815554e-03
-7.379139913536558737e-03
-7.313097452906758278e-03
-7.246947066152475969e-03
-7.180689702480869130e-03
-7.114326311654206592e-03
-7.047857844005855910e-03
-6.981285250436286560e-03
-6.914609482402633844e-03
-6.847831491934908144e-03
-6.780952231620451798e-03
-6.713972654616373603e-03
-6.646893714648216545e-03
-6.579716365994414673e-03
-6.512441563512272324e-03
-6.445070262611762857e-03
-6.377603419274402441e-03
-6.310041990050141436e-03
-6.242386932040933090e-03
-6.174639202928489112e-03
-6.106799760946968192e-03
-6.038869564902071829e-03
-5.970849574167713669e-03
-5.902740748670032289e-03
-5.834544048915146774e-03
-5.766260435960957054e-03
-5.697890871437349958e-03
-5.629436317542424462e-03
-5.560897737026504473e-03
-5.492276093219672362e-03
-5.423572350004013387e-03
-5.354787471833932777e-03
-5.285922423731048703e-03
-5.216978171270203468e-03
-5.147955680605442730e-03
-5.078855918443037076e-03
-5.009679852061466043e-03
-4.940428449306644154e-03
-4.871102678577265976e-03
-4.801703508852339652e-03
-4.732231909660322700e-03
-4.662688851105767363e-03
-4.593075303857885316e-03
-4.523392239139778503e-03
-4.453640628754307329e-03
-4.383821445054225663e-03
-4.313935660968049035e-03
-4.243984249989396496e-03
-4.173968186165333272e-03
-4.103888444122905099e-03
-4.033745999038829133e-03
-3.963541826666028278e-03
-3.893276903321973847e-03
-3.822952205877916398e-03
-3.752568711785086997e-03
-3.682127399044388127e-03
-3.611629246232705981e-03
-3.541075232491808222e-03
-3.470466337517019717e-03
-3.399803541583756861e-03
-3.329087825516885424e-03
-3.258320170717476927e-03
-3.187501559151484365e-03
-3.116632973338306911e-03
-3.045715396377435269e-03
-2.974749811918031561e-03
-2.903737204185241616e-03
-2.832678557968981714e-03
-2.761574858613058403e-03
-2.690427092040870161e-03
-2.619236244725764440e-03
-2.548003303717016887e-03
-2.476729256628673603e-03
-2.405415091628726465e-03
-2.334061797464537236e-03
-2.262670363433749721e-03
-2.191241779410380008e-03
-2.119777035830494594e-03
-2.048277123688380108e-03
-1.976743034551864397e-03
-1.905175760551436337e-03
-1.833576294376582094e-03
-1.761945629290384563e-03
-1.690284759111204682e-03
-1.618594678231000117e-03
-1.546876381604389561e-03
-1.475130864745044512e-03
-1.403359123740122172e-03
-1.331562155232113298e-03
-1.259740956437133130e-03
-1.187896525133930181e-03
-1.116029859660250256e-03
-1.044141958927380376e-03
-9.722338224020243835e-04
-9.003064501243440709e-04
-8.283608426972455252e-04
-7.563980012826043708e-04
-6.844189276158096913e-04
-6.124246239877090270e-04
-5.404160932626078662e-04
-4.683943388675004815e-04
-3.963603647884200720e-04
-3.243151755848786011e-04
-2.522597763725542563e-04
-1.801951728377451656e-04
-1.081223712337195386e-04
-3.604237836990140109e-05
3.604379836932847248e-05
1.081351510463200716e-04
1.802306711485082702e-04
2.523293495992062763e-04
3.244301767655818902e-04
3.965321424369699921e-04
4.686342358537626263e-04
5.407354456785362640e-04
6.128347600104777637e-04
6.849311663926216376e-04
7.570236517901729467e-04
8.291112026194147333e-04
9.011928047187867108e-04
9.732674433633736744e-04
1.045334103272038684e-03
1.117391768585884737e-03
1.189439422897065057e-03
1.261476049219889539e-03
1.333500630005313159e-03
1.405512147148069158e-03
1.477509581965186225e-03
1.549491915224576744e-03
1.621458127116559567e-03
1.693407197267848829e-03
1.765338104749103465e-03
1.837249828053222345e-03
1.909141345123988032e-03
1.981022444830282669e-03
2.052955934746691913e-03
2.124949772112305624e-03
2.197001162055789436e-03
2.269107321786978382e-03
2.341265480567733537e-03
2.413472879726485942e-03
2.485726772665342033e-03
2.558024424838656330e-03
2.630363113781675199e-03
2.702740129081671050e-03
2.775152772392597278e-03
2.847598357442082673e-03
2.920074210009948601e-03
2.992577667956908272e-03
3.065106081195700938e-03
3.137656811705746840e-03
3.210227233540252634e-03
3.282814732804451019e-03
3.355416707684466537e-03
3.428030568418782842e-03
3.500653737312120484e-03
3.573283648741654162e-03
3.645917749142468800e-03
3.718553497021992449e-03
3.791188362945452361e-03
3.863819829543202466e-03
3.936445391517828796e-03
4.009062555629938629e-03
4.081668840712371349e-03
4.154261777655876564e-03
4.226838909416219536e-03
4.299397791021619675e-03
4.371935989558095592e-03
4.444451084183898004e-03
4.516940666115409897e-03
4.589402338633696843e-03
4.661833717092722651e-03
4.734232428903695222e-03
4.806596113550609672e-03
4.878922422575038276e-03
4.951209019583902027e-03
5.023453580256243001e-03
5.095653792329124521e-03
5.167807355611730991e-03
5.239911981971268062e-03
5.311965395340179086e-03
5.383965331722917469e-03
5.455909539182068890e-03
5.527795777852229087e-03
5.599621819926126065e-03
5.671385449661725531e-03
5.743084463388781202e-03
5.814716669495734180e-03
5.886279888442480512e-03
5.957771952747048516e-03
6.029190706992926252e-03
6.100534007835722861e-03
6.171799723988957709e-03
6.242985736238271244e-03
6.314089937426992094e-03
6.385110232464130675e-03
6.456044538330818483e-03
6.526890784066097240e-03
6.597646910780907703e-03
6.668310871644322901e-03
6.738880631890653561e-03
6.809354168826553533e-03
6.879729471816586894e-03
6.950004542297216759e-03
7.020177393762816465e-03
7.090246051773441138e-03
7.160208553961044942e-03
7.230062950015714307e-03
7.299807301699434703e-03
7.369439682832101823e-03
7.438958179299071105e-03
7.508360889058041110e-03
7.577645922127285161e-03
7.646811400585429297e-03
7.715855458586995397e-03
7.784776242338198315e-03
7.853571910126477817e-03
7.922240632291410734e-03
7.990780591238477726e-03
8.059189981447723028e-03
8.127467009450883850e-03
8.195609893860922313e-03
8.263616865342493512e-03
8.331486166627488643e-03
8.399216052520364073e-03
8.466804789878823456e-03
8.534250657641351268e-03
8.601551946798124959e-03
8.668706960406336037e-03
8.735714013595963223e-03
8.802571433550454572e-03
8.869277559533372823e-03
8.935830742860639830e-03
9.002229346914747410e-03
9.068471747151640727e-03
9.134556331079624059e-03
9.200481498288004545e-03
9.266245660418448438e-03
9.331847241178303776e-03
9.397284676349482169e-03
9.462556413765810248e-03
9.527660913341895466e-03
9.592596647044704383e-03
9.657362098907551484e-03
9.721955765037426644e-03
9.786376153593678850e-03
9.850621784816659954e-03
9.914691190998636827e-03
9.978582916498668354e-03
1.004229551774860063e-02
1.010582756323397113e-02
1.016917763351998794e-02
1.023234432122510640e-02
1.029532623103301958e-02
1.035812197970198412e-02
1.042073019604239370e-02
1.048314952094497876e-02
1.054537860735393906e-02
1.060741612027826797e-02
1.066926073680174447e-02
1.073091114606006258e-02
1.079236604927014120e-02
1.085362415970037020e-02
1.091468420268659756e-02
1.097554491563723644e-02
1.103620504801394731e-02
1.109666336135894937e-02
1.115691862926615485e-02
1.121696963739671205e-02
1.127681518348433443e-02
1.133645407731664889e-02
1.139588514076139703e-02
1.145510720773712521e-02
1.151411912423139228e-02
1.157291974830343406e-02
1.163150795006551164e-02
1.168988261171177712e-02
1.174804262748585515e-02
1.180598690370038284e-02
1.186371435874100655e-02
1.192122392304462153e-02
1.197851453913090225e-02
1.203558516156943980e-02
1.209243475699839365e-02
1.214906230412671206e-02
1.220546679372169763e-02
1.226164722862455037e-02
1.231760262373082782e-02
1.237333200600509997e-02
1.242883441448094928e-02
1.248410890025208886e-02
1.253915452648390882e-02
1.259397036839882134e-02
1.264855551328558647e-02
1.270290906050508539e-02
1.275703012147433313e-02
1.281091781968601850e-02
1.286457129068718785e-02
1.291798968209212362e-02
1.297117215358678521e-02
1.302411787691459821e-02
1.307682603589332970e-02
1.312929582639510429e-02
1.318152645636017084e-02
1.323351714580001115e-02
1.328526712678357313e-02
1.333677564345325806e-02
1.338804195200760105e-02
1.343906532071237336e-02
1.348984502990413503e-02
1.354038037197691224e-02
1.359067065139951680e-02
1.364071518469556210e-02
1.369051330045589765e-02
1.374006433934304994e-02
1.378936765407656750e-02
1.383842260945078451e-02
1.388722858231439261e-02
1.393578496158420776e-02
1.398409114824739063e-02
1.403214655534990030e-02
1.407995060801114917e-02
1.412750274340535128e-02
1.417480241077484493e-02
1.422184907143275723e-02
1.426864219874968143e-02
1.431518127817055230e-02
1.436146580719555033e-02
1.440749529539253615e-02
1.445326926439971515e-02
1.449878724791364704e-02
1.454404879170434484e-02
1.458905345359751138e-02
1.463380080348652967e-02
1.467829042333512746e-02
1.472252190716849540e-02
1.476649486107284304e-02
1.481020890320872141e-02
1.485366366379192726e-02
1.489685878511126660e-02
1.493979392151745245e-02
1.498246873942266078e-02
1.502488291731296499e-02
1.506703614572701966e-02
1.510892812728492629e-02
1.515055857665847938e-02
1.519192722058537726e-02
1.523303379787854794e-02
1.527387805940128018e-02
1.531445976810008602e-02
1.535477869897095005e-02
1.539483463907842520e-02
1.543462738755962960e-02
1.547415675560470660e-02
1.551342256648435836e-02
1.555242465552097997e-02
1.559116287010420265e-02
1.562963706969666688e-02
1.566784712581359429e-02
1.570579292205209754e-02
1.574347435405965001e-02
1.578089132955096119e-02
1.581804376831419390e-02
1.585493160219098030e-02
1.589155477510306724e-02
1.592791324302300637e-02
1.596400697399191770e-02
1.599983594812393051e-02
1.603540015758442294e-02
1.607069960662155239e-02
1.610573431153383694e-02
1.614050430068703079e-02
1.617500961452078556e-02
1.620925030552688995e-02
1.624322643827813550e-02
1.627693808939900677e-02
1.631038534758033620e-02
1.634356831358774187e-02
1.637648710023764664e-02
1.640914183242925262e-02
1.644153264711167850e-02
1.647365969330216728e-02
1.650552313209097122e-02
1.653712313662092370e-02
1.656845989211586101e-02
1.659953359585086829e-02
1.663034445716826681e-02
1.666089269748427526e-02
1.669117855026636121e-02
1.672120226106477148e-02
1.675096408747966947e-02
1.678046429917934290e-02
1.680970317790464463e-02
1.683868101744945278e-02
1.686739812368864833e-02
1.689585481454836113e-02
1.692405142002195717e-02
1.695198828217669984e-02
1.697966575513065735e-02
1.700708420508512120e-02
1.703424401029174362e-02
1.706114556106852476e-02
1.708778925980869445e-02
1.711417552095628736e-02
1.714030477103811734e-02
1.716617744862958261e-02
1.719179400437642613e-02
1.721715490099606782e-02
1.724226061325850878e-02
1.726711162801519706e-02
1.729170844416882957e-02
1.731605157268889528e-02
1.734014153661700419e-02
1.736397887105400883e-02
1.738756412317155053e-02
1.741089785220006902e-02
1.743398062943413152e-02
1.745681303824042629e-02
1.747939567404532824e-02
1.750172914434688920e-02
1.752381406870018310e-02
1.754565107872618768e-02
1.756724081811533722e-02
1.758858394262130531e-02
1.760968112006722208e-02
1.763053303033235153e-02
1.765114036536452602e-02
1.767150382917925810e-02
1.769162413785529964e-02
1.771150201954174719e-02
1.773113821444383120e-02
1.775053347483357413e-02
1.776968856505334315e-02
1.778860426150696838e-02
1.780728135266862466e-02
1.782572063906862070e-02
1.784392293330494539e-02
1.786188906004593235e-02
1.787961985602048998e-02
1.789711617002787136e-02
1.791437886292435167e-02
1.793140880763388623e-02
1.794820688914988693e-02
1.796477400452545226e-02
1.798111106288668992e-02
1.799721898541672971e-02
1.801309870536194069e-02
1.802875116804258937e-02
1.804417733083862885e-02
1.805937816319946876e-02
1.807435464663420532e-02
1.808910777471606224e-02
1.810363855308949610e-02
1.811794799945953827e-02
1.813203714360334118e-02
1.814590702735330296e-02
1.815955870460861377e-02
1.817299324133969662e-02
1.818621171557666116e-02
1.819921521742173809e-02
1.821200484903418015e-02
1.822458172463736759e-02
1.823694697052768987e-02
1.824910172506122308e-02
1.826104713866527618e-02
1.827278437382329201e-02
1.828431460508639361e-02
1.829563901907427237e-02
1.830675881447429987e-02
1.831767520202642885e-02
1.832838940455250309e-02
1.833890265692161847e-02
1.834921620608565007e-02
1.835933131105083049e-02
1.836924924288663163e-02
1.837897128473819919e-02
1.838849873180148364e-02
1.839783289135343836e-02
1.840697508272537419e-02
1.841592663731184132e-02
1.842468889858395187e-02
1.843326322206362278e-02
1.844165097535377384e-02
1.844985353810901785e-02
1.845787230205253593e-02
1.846570867097785396e-02
1.847336406073463166e-02
1.848083989924909076e-02
1.848813762650358683e-02
1.849525869454460292e-02
1.850220456749429587e-02
1.850897672152385098e-02
1.851557664488812094e-02
1.852200583789365140e-02
1.852826581291200370e-02
1.853435809439130111e-02
1.854028421882869537e-02
1.854604573480322927e-02
1.855164420294830308e-02
1.855708119596055639e-02
1.856235829861319075e-02
1.856747710773021254e-02
1.857243923221396642e-02
1.857724629302470731e-02
1.858189992318504125e-02
1.858640176779235986e-02
1.859075348399574779e-02
1.859495674102529250e-02
1.859901322016455083e-02
1.860292461476209525e-02
1.860669263024217202e-02
1.861031898407805585e-02
1.861380540582580068e-02
1.861715363709404158e-02
1.862036543155731749e-02
1.862344255496406475e-02
1.862638678511530088e-02
1.862919991189126989e-02
1.863188373722568514e-02
1.863444007511905198e-02
1.863687075164666140e-02
1.863917760493194464e-02
1.864136248518200034e-02
1.864342725465828465e-02
1.864537378768371667e-02
1.864720397065955382e-02
1.864891970203608196e-02
1.865052289234547800e-02
1.865201546417338818e-02
1.865339935217047440e-02
1.865467650306129599e-02
1.865584887562299343e-02
1.865691844071282190e-02
1.865788718124150591e-02
1.865875709218567380e-02
1.865953018059585133e-02
1.866020846557336910e-02
1.866079397830144870e-02
1.866128876201678111e-02
1.866169487202107291e-02
1.866201437568903998e-02
1.866224935245153205e-02
1.866240189381329628e-02
1.866247410333876644e-02
1.866246809665295103e-02
1.866238600145830873e-02
1.866222995750987934e-02
1.866200211663837649e-02
1.866170464273242402e-02
1.866133971174477324e-02
1.866090951170207290e-02
1.866041624268444110e-02
1.865986211684855789e-02
1.865924935840990173e-02
1.865858020364363767e-02
1.865785690090415727e-02
1.865708171059665688e-02
1.865625690520378299e-02
1.865538476926520417e-02
1.865446759938382826e-02
1.865350770423646054e-02
1.865250740455604017e-02
1.865146903314940374e-02
1.865039493488218625e-02
1.864928746668326198e-02
1.864814899755451449e-02
1.864698190855396120e-02
1.864578859281529333e-02
1.864457145552744777e-02
1.864333291394615344e-02
1.864207539739926034e-02
1.864080134726986415e-02
1.863951321701584618e-02
1.863821347215388613e-02
1.863690459026390300e-02
1.863558906099882506e-02
1.863426938606771444e-02
1.863294807925353069e-02
1.863162766639980816e-02
1.863031068540976776e-02
1.862899968626408054e-02
1.862769723099599872e-02
1.862640589371533650e-02
1.862512826058893012e-02
1.862386692984685510e-02
1.862262451179397260e-02
1.862140362879127764e-02
1.862020691527188632e-02
1.861903701772948949e-02
1.861789659471924097e-02
1.861678831687285651e-02
1.861571486687552124e-02
1.861467893948187680e-02
1.861368324151779774e-02
1.861273049186085160e-02
1.861182342146694424e-02
1.861096477335077992e-02
1.861015730258852585e-02
1.860940377633291121e-02
1.860870697378658178e-02
1.860806968623318625e-02
1.860749471700984259e-02
1.860698488152046082e-02
1.860654300724107202e-02
1.860617193370117661e-02
1.860587451251038971e-02
1.860565360733090756e-02
