3.663248766945068624e+00
3.655908092505422591e+00
3.648567415506350553e+00
3.641226733475104282e+00
3.633886044034092766e+00
3.626545344907352142e+00
3.619204633920575009e+00
3.611863909001117534e+00
3.604523168177995895e+00
3.597182409581887619e+00
3.589841631445130687e+00
3.582500832101724431e+00
3.575159998027685138e+00
3.567819112951699179e+00
3.560478178490924517e+00
3.553137196370726780e+00
3.545796168306558194e+00
3.538455096003954470e+00
3.531113981158541471e+00
3.523772825456026769e+00
3.516431630572207645e+00
3.509090398172964420e+00
3.501749129914264902e+00
3.494407827442162606e+00
3.487066492392797645e+00
3.479725126392395396e+00
3.472383731057266942e+00
3.465042307993810855e+00
3.457700858798510524e+00
3.450359385057935047e+00
3.443017888348740119e+00
3.435676370237668031e+00
3.428334832281545896e+00
3.420993276027288310e+00
3.413651703011893357e+00
3.406310114762448826e+00
3.398968512796124219e+00
3.391626898620179187e+00
3.384285273731955979e+00
3.376943639618885662e+00
3.369601997758483236e+00
3.362260349618350297e+00
3.354918696656175481e+00
3.347577040319731800e+00
3.340235382046880197e+00
3.332893723265564656e+00
3.325552065393818424e+00
3.318210409839758679e+00
3.310868758001590084e+00
3.303527111267601679e+00
3.296185471016169988e+00
3.288843838615755466e+00
3.281502215424908719e+00
3.274160602792260732e+00
3.266819002056533527e+00
3.259477414546531726e+00
3.252135841581148323e+00
3.244794284469360246e+00
3.237452744510232350e+00
3.230111222992914755e+00
3.222769721196642401e+00
3.215428240390737713e+00
3.208086781834608825e+00
3.200745346777750022e+00
3.193403936459740855e+00
3.186062552110247914e+00
3.178721194949022166e+00
3.171379866185903396e+00
3.164038567020813986e+00
3.156697298643765581e+00
3.149356062234852871e+00
3.142014858964258472e+00
3.134673689992251155e+00
3.127332556469184066e+00
3.119991459535498279e+00
3.112650400321718802e+00
3.105309379948458570e+00
3.097968399526415784e+00
3.090627460156374795e+00
3.083286562929204777e+00
3.075945708925863720e+00
3.068604899217391324e+00
3.061264134864918773e+00
3.053923416919657630e+00
3.046582746422910049e+00
3.039242124406061230e+00
3.031901551890583857e+00
3.024561029888035879e+00
3.017220559400062285e+00
3.009880141418393329e+00
3.002539776924844528e+00
2.995199466891318441e+00
2.987859212279803334e+00
2.980519014042374515e+00
2.973178873121191224e+00
2.965838790448501072e+00
2.958498766946634273e+00
2.951158803528011632e+00
2.943818901095136109e+00
2.936479060540599040e+00
2.929139282747075690e+00
2.921799568587329698e+00
2.914459918924208637e+00
2.907120334610647117e+00
2.899780816489666790e+00
2.892441365394371910e+00
2.885101982147956878e+00
2.877762667563698695e+00
2.870423422444964068e+00
2.863084247585201414e+00
2.855745143767947969e+00
2.848406111765789284e+00
2.841067143600403799e+00
2.833728231106542594e+00
2.826389374213491568e+00
2.819050572849753689e+00
2.811711826943053438e+00
2.804373136420331480e+00
2.797034501207748658e+00
2.789695921230684661e+00
2.782357396413735362e+00
2.775018926680719478e+00
2.767680511954669687e+00
2.760342152157842399e+00
2.753003847211707988e+00
2.745665597036958339e+00
2.738327401553503293e+00
2.730989260680471098e+00
2.723651174336209735e+00
2.716313142438284256e+00
2.708975164903479449e+00
2.701637241647798060e+00
2.694299372586463015e+00
2.686961557633913866e+00
2.679623796703810790e+00
2.672286089709030588e+00
2.664948436561671574e+00
2.657610837173046914e+00
2.650273291453693059e+00
2.642935799313360423e+00
2.635598360661021822e+00
2.628260975404866251e+00
2.620923643452303331e+00
2.613586364709960197e+00
2.606249139083683275e+00
2.598911966478536062e+00
2.591574846798802678e+00
2.584237779947986091e+00
2.576900765828806339e+00
2.569563804343202751e+00
2.562226895392333503e+00
2.554890038876575620e+00
2.547553234695524527e+00
2.540216482747995386e+00
2.532879782932019541e+00
2.525543135144849405e+00
2.518206539282954903e+00
2.510869995242025698e+00
2.503533502916968523e+00
2.496197062201910288e+00
2.488860672990195866e+00
2.481524335174387641e+00
2.474188048646270399e+00
2.466851813296842888e+00
2.459515629016326699e+00
2.452179495694158273e+00
2.444843413218996009e+00
2.437507381478714930e+00
2.430171400360410683e+00
2.422835469750395099e+00
2.415499589534200187e+00
2.408163759596576359e+00
2.400827979821493763e+00
2.393492250092139173e+00
2.386156570290919987e+00
2.378820940299460229e+00
2.371485359998604103e+00
2.364149829268415104e+00
2.356814347988173353e+00
2.349478916036379594e+00
2.342143533290751201e+00
2.334808199628227054e+00
2.327472914924961778e+00
2.320137679056331503e+00
2.312802491896927659e+00
2.305467353320564072e+00
2.298132263200269865e+00
2.290797221408295670e+00
2.283462227816108747e+00
2.276127282294396093e+00
2.268792384713063548e+00
2.261457534941234027e+00
2.254122732847251509e+00
2.246787978298676602e+00
2.239453271162290093e+00
2.232118611304090283e+00
2.224783998589294765e+00
2.217449432882339977e+00
2.210114914046881207e+00
2.202780441945790368e+00
2.195446016441161774e+00
2.188111637394304587e+00
2.180777304665749483e+00
2.173443018115244207e+00
2.166108777601755797e+00
2.158774582983470136e+00
2.151440434117791067e+00
2.144106330861342169e+00
2.136772273069964534e+00
2.129438260598718546e+00
2.122104293301883438e+00
2.114770371032957286e+00
2.107436493644655684e+00
2.100102660988914849e+00
2.092768872916887180e+00
2.085435129278945698e+00
2.078101429891880514e+00
2.070767770057059920e+00
2.063434146549641302e+00
2.056100559419277385e+00
2.048767008711903870e+00
2.041433494469741206e+00
2.034100016731295479e+00
2.026766575531355308e+00
2.019433170900996277e+00
2.012099802867576503e+00
2.004766471454741072e+00
1.997433176682417377e+00
1.990099918566818893e+00
1.982766697120441846e+00
1.975433512352068988e+00
1.968100364266767821e+00
1.960767252865889043e+00
1.953434178147068323e+00
1.946101140104225857e+00
1.938768138727567258e+00
1.931435174003582445e+00
1.924102245915045195e+00
1.916769354441014706e+00
1.909436499556834033e+00
1.902103681234131427e+00
1.894770899440820111e+00
1.887438154141096724e+00
1.880105445295443323e+00
1.872772772860625823e+00
1.865440136789695780e+00
1.858107537031989276e+00
1.850774973533126255e+00
1.843442446235011190e+00
1.836109955075833966e+00
1.828777499990068334e+00
1.821445080908473457e+00
1.814112697758092141e+00
1.806780350462252160e+00
1.799448038940566263e+00
1.792115763108931059e+00
1.784783522879529016e+00
1.777451318160825577e+00
1.770119148857571600e+00
1.762787014870803137e+00
1.755454916097839657e+00
1.748122852432286045e+00
1.740790823764031714e+00
1.733458829979249938e+00
1.726126870960399629e+00
1.718794946586223560e+00
1.711463056731749699e+00
1.704131201268289875e+00
1.696799380063441109e+00
1.689467592981084731e+00
1.682135839881386596e+00
1.674804120620797754e+00
1.667472435052053337e+00
1.660140783024172340e+00
1.652809164382460505e+00
1.645477578968505661e+00
1.638146026620182161e+00
1.630814507171647776e+00
1.623483020453345915e+00
1.616151566292003405e+00
1.608820144510632044e+00
1.601488754928529268e+00
1.594157397361275708e+00
1.586826071620737189e+00
1.579494777515064285e+00
1.572163514848691435e+00
1.564832283422338932e+00
1.557501083033010492e+00
1.550169913473995242e+00
1.542838774534866619e+00
1.535507666001481919e+00
1.528176587655984520e+00
1.520845539276800995e+00
1.513514520638643779e+00
1.506183531512508722e+00
1.498852571665676647e+00
1.491521640861713793e+00
1.484190738860469816e+00
1.476859865418079787e+00
1.469529020286962862e+00
1.462198203215822501e+00
1.454867413949648247e+00
1.447536652229712617e+00
1.440205917793573764e+00
1.432875210375073483e+00
1.425544529704339425e+00
1.418213875507782884e+00
1.410883247508099680e+00
1.403552645424271050e+00
1.396222068971561647e+00
1.388891517861522207e+00
1.381560991801987104e+00
1.374230490497075019e+00
1.366900013647190271e+00
1.359569560949020373e+00
1.352239132095539365e+00
1.344908726776004038e+00
1.337578344675956377e+00
1.330247985477223782e+00
1.322917648857916850e+00
1.315587334492432259e+00
1.308257042051450325e+00
1.300926771201935228e+00
1.293596521607138117e+00
1.286266292926592225e+00
1.278936084816117313e+00
1.271605896927816559e+00
1.264275728910077667e+00
1.256945580407573981e+00
1.249615451061261817e+00
1.242285340508384461e+00
1.234955248382467730e+00
1.227625174313322187e+00
1.220295117927044704e+00
1.212965078846014233e+00
1.205635056688897144e+00
1.198305051070641891e+00
1.190975061602482565e+00
1.183645087891938674e+00
1.176315129542812477e+00
1.168985186155192757e+00
1.161655257325451496e+00
1.154325342646246089e+00
1.146995441706518015e+00
1.139665554712314011e+00
1.132335684690676691e+00
1.125005831974105863e+00
1.117675996407610617e+00
1.110346177836908144e+00
1.103016376108425289e+00
1.095686591069299221e+00
1.088356822567374760e+00
1.081027070451208161e+00
1.073697334570062889e+00
1.066367614773912509e+00
1.059037910913440905e+00
1.051708222840039841e+00
1.044378550405811623e+00
1.037048893463566879e+00
1.029719251866825447e+00
1.022389625469818375e+00
1.015060014127483257e+00
1.007730417695469782e+00
1.000400836030135077e+00
9.930712689885456967e-01
9.857417164284788536e-01
9.784121782084196361e-01
9.710826541875636764e-01
9.637531442258144843e-01
9.564236481837867787e-01
9.490941659228030458e-01
9.417646973048952042e-01
9.344352421928058261e-01
9.271058004499851402e-01
9.197763719405942506e-01
9.124469565295023621e-01
9.051175540822882226e-01
8.977881644652409010e-01
8.904587875453572332e-01
8.831294231903450420e-01
8.758000712686203615e-01
8.684707316493085472e-01
8.611414042022450532e-01
8.538120887979735452e-01
8.464827853077486752e-01
8.391534936035328629e-01
8.318242135579979601e-01
8.244949450445264727e-01
8.171656879372087845e-01
8.098364421108458222e-01
8.025072074409468348e-01
7.951779838037302817e-01
7.878487710761254981e-01
7.805195691357691423e-01
7.731903778610091926e-01
7.658611971309013944e-01
7.585320268252110365e-01
7.512028668244137286e-01
7.438737170096931806e-01
7.365445772629436449e-01
7.292154474667676967e-01
7.218863275044773431e-01
7.145572172600949123e-01
7.072281166183507217e-01
6.998990254646855202e-01
6.925699436852482682e-01
6.852408711668986907e-01
6.779118077972048351e-01
6.705827534644436261e-01
6.632537080576029753e-01
6.559246714663783395e-01
6.485956435811760512e-01
6.412666242931106542e-01
6.339376134940060137e-01
6.266086110763964268e-01
6.192796169335241796e-01
6.119506309593422122e-01
6.046216530485116758e-01
5.972926830964032652e-01
5.899637209990978848e-01
5.826347666533842062e-01
5.753058199567619990e-01
5.679768808074392439e-01
5.606479491043329100e-01
5.533190247470708423e-01
5.459901076359884309e-01
5.386611976721320527e-01
5.313322947572560739e-01
5.240033987938244042e-01
5.166745096850113850e-01
5.093456273346991248e-01
5.020167516474806080e-01
4.946878825286565862e-01
4.873590198842387422e-01
4.800301636209468592e-01
4.727013136462100973e-01
4.653724698681681038e-01
4.580436321956682932e-01
4.507148005382690115e-01
4.433859748062366490e-01
4.360571549105470845e-01
4.287283407628866283e-01
4.213995322756492468e-01
4.140707293619400042e-01
4.067419319355720098e-01
3.994131399110676939e-01
3.920843532036600299e-01
3.847555717292898136e-01
3.774267954046084950e-01
3.700980241469760124e-01
3.627692578744613483e-01
3.554404965058442500e-01
3.481117399606120655e-01
3.407829881589629628e-01
3.334542410218035435e-01
3.261254984707493976e-01
3.187967604281269351e-01
3.114680268169700561e-01
3.041392975610238691e-01
2.968105725847413057e-01
2.894818518132848961e-01
2.821531351725274916e-01
2.748244225890498216e-01
2.674957139901434355e-01
2.601670093038080944e-01
2.528383084587528251e-01
2.455096113843973082e-01
2.381809180108687973e-01
2.308522282690056160e-01
2.235235420903537162e-01
2.161948594071700092e-01
2.088661801524195616e-01
2.015375042597767341e-01
1.942088316636264855e-01
1.868801622990614031e-01
1.795514961018850886e-01
1.722228330086092718e-01
1.648941729564549485e-01
1.575655158833537128e-01
1.502368617279448426e-01
1.429082104295786027e-01
1.355795619283133302e-01
1.282509161649166840e-01
1.209222730808669627e-01
1.135936326183500655e-01
1.062649947202628786e-01
9.893635933021042994e-02
9.160772639250705507e-02
8.427909585217766009e-02
7.695046765495482111e-02
6.962184174728210106e-02
6.229321807631114927e-02
5.496459658990297814e-02
4.763597723662912203e-02
4.030735996576883390e-02
3.297874472731231882e-02
2.565013147195749008e-02
1.832152015111321655e-02
1.099291071689647951e-02
3.664303122133589965e-03
-3.664302679638997348e-03
-1.099290673417549664e-02
-1.832150908652160209e-02
-2.565010978101327568e-02
-3.297870886127713536e-02
-4.030730637023130503e-02
-4.763590235008211687e-02
-5.496449684232902061e-02
-6.229308988776131178e-02
-6.962168152645896446e-02
-7.695027179779344306e-02
-8.427886074042442721e-02
-9.160744839230471059e-02
-9.893603479067693274e-02
-1.062646199720744256e-01
-1.135932039723219905e-01
-1.209217868265326512e-01
-1.282503700509365352e-01
-1.355789567292161601e-01
-1.429075470096844158e-01
-1.502361409509233581e-01
-1.575647386121024895e-01
-1.648933400529837556e-01
-1.722219453339181028e-01
-1.795505545158464222e-01
-1.868791676603003549e-01
-1.942077848293989606e-01
-2.015364060858536310e-01
-2.088650314929649254e-01
-2.161936611146232090e-01
-2.235222950153096244e-01
-2.308509332600928166e-01
-2.381795759146336788e-01
-2.455082230451822445e-01
-2.528368747185784637e-01
-2.601655310022530365e-01
-2.674941919642240262e-01
-2.748228576731019390e-01
-2.821515281980863099e-01
-2.894802036089666464e-01
-2.968088839761230391e-01
-3.041375693705232752e-01
-3.114662598637272239e-01
-3.187949555278840608e-01
-3.261236564357327117e-01
-3.334523626606029634e-01
-3.407810742764119105e-01
-3.481097913576691183e-01
-3.554385139794731807e-01
-3.627672422175134415e-01
-3.700959761480666632e-01
-3.774247158480020237e-01
-3.847534613947777848e-01
-3.920822128664419592e-01
-3.994109703416335311e-01
-4.067397338995787370e-01
-4.140685036200963398e-01
-4.213972795835940199e-01
-4.287260618710694859e-01
-4.360548505641110850e-01
-4.433836457448946389e-01
-4.507124474961883842e-01
-4.580412559013495866e-01
-4.653700710443254840e-01
-4.726988930096538977e-01
-4.800277218824602898e-01
-4.873565577484622602e-01
-4.946854006939667703e-01
-5.020142508058703656e-01
-5.093431081716606190e-01
-5.166719728794123556e-01
-5.240008450177928712e-01
-5.313297246760584347e-01
-5.386586119440552878e-01
-5.459875069122204216e-01
-5.533164096715783575e-01
-5.606453203137456986e-01
-5.679742389309283546e-01
-5.753031656159220963e-01
-5.826321004621135557e-01
-5.899610435634764505e-01
-5.972899950145771353e-01
-6.046189549105710492e-01
-6.119479233472034929e-01
-6.192769004208102945e-01
-6.266058862283152564e-01
-6.339348808672339297e-01
-6.412638844356713941e-01
-6.485928970323223686e-01
-6.559219187564723219e-01
-6.632509497079943639e-01
-6.705799899873539083e-01
-6.779090396956052311e-01
-6.852380989343928031e-01
-6.925671678059516223e-01
-6.998962464131042172e-01
-7.072253348592654199e-01
-7.145544332484392580e-01
-7.218835416852196207e-01
-7.292126602747909248e-01
-7.365417891229254499e-01
-7.438709283359874469e-01
-7.512000780209303619e-01
-7.585292382852978355e-01
-7.658584092372237029e-01
-7.731875909854296625e-01
-7.805167836392296055e-01
-7.878459873085266185e-01
-7.951752021038144269e-01
-8.025044281361741749e-01
-8.098336655172793108e-01
-8.171629143593927003e-01
-8.244921747753666263e-01
-8.318214468786445659e-01
-8.391507307832570817e-01
-8.464800266038272625e-01
-8.538093344555673925e-01
-8.611386544542795063e-01
-8.684679867163562772e-01
-8.757973313587780195e-01
-8.831266884991173516e-01
-8.904560582555358650e-01
-8.977854407467853459e-01
-9.051148360922079972e-01
-9.124442444117334405e-01
-9.197736658258839348e-01
-9.271031004557707123e-01
-9.344325484230948664e-01
-9.417620098501481296e-01
-9.490914848598099862e-01
-9.564209735755520025e-01
-9.637504761214348292e-01
-9.710799926221093115e-01
-9.784095232028164890e-01
-9.857390679893854868e-01
-9.930686271082374006e-01
-1.000398200686382522e+00
-1.007727788851420669e+00
-1.015057391731543301e+00
-1.022387009455528517e+00
-1.029716642152746831e+00
-1.037046289953158063e+00
-1.044375952987312228e+00
-1.051705631386349316e+00
-1.059035325281997508e+00
-1.066365034806576961e+00
-1.073694760092996914e+00
-1.081024501274756577e+00
-1.088354258485946247e+00
-1.095684031861242858e+00
-1.103013821535916206e+00
-1.110343627645825393e+00
-1.117673450327418827e+00
-1.125003289717736443e+00
-1.132333145954404596e+00
-1.139663019175642944e+00
-1.146992909520259785e+00
-1.154322817127653389e+00
-1.161652742137812444e+00
-1.168982684691313834e+00
-1.176312644929326412e+00
-1.183642622993607674e+00
-1.190972619026505530e+00
-1.198302633170958753e+00
-1.205632665570492978e+00
-1.212962716369226701e+00
-1.220292785711867278e+00
-1.227622873743712040e+00
-1.234952980610649176e+00
-1.242283106459153963e+00
-1.249613251436294536e+00
-1.256943415689727450e+00
-1.264273599367699674e+00
-1.271603802619048817e+00
-1.278934025593200241e+00
-1.286264268440170833e+00
-1.293594531310567231e+00
-1.300924814355586934e+00
-1.308255117727013861e+00
-1.315585441577225678e+00
-1.322915786059188248e+00
-1.330246151326457626e+00
-1.337576537533180288e+00
-1.344906944834090678e+00
-1.352237373384515218e+00
-1.359567823340369408e+00
-1.366898294858158946e+00
-1.374228788094979947e+00
-1.381559303208516054e+00
-1.388889840357043548e+00
-1.396220399699427572e+00
-1.403550981395122799e+00
-1.410881585604175426e+00
-1.418212212487218515e+00
-1.425542862205477546e+00
-1.432873534920767078e+00
-1.440204230795491869e+00
-1.447534949992647535e+00
-1.454865692675816113e+00
-1.462196459009173166e+00
-1.469527249157482895e+00
-1.476858063286099032e+00
-1.484188901560966833e+00
-1.491519764148618199e+00
-1.498850651216178109e+00
-1.506181562931360185e+00
-1.513512499462467797e+00
-1.520843460978395623e+00
-1.528174447648625200e+00
-1.535505459643230708e+00
-1.542836497132875628e+00
-1.550167560288812751e+00
-1.557498649282886394e+00
-1.564829764287527292e+00
-1.572160905475759707e+00
-1.579492073021196097e+00
-1.586823267098039114e+00
-1.594154487881082050e+00
-1.601485735545705946e+00
-1.608817010267884262e+00
-1.616148312224178873e+00
-1.623479641591742073e+00
-1.630810998548317015e+00
-1.638142383272233715e+00
-1.645473795942415052e+00
-1.652805236738372763e+00
-1.660136705840208782e+00
-1.667468203428615681e+00
-1.674799729684872895e+00
-1.682131284790852721e+00
-1.689462868929016981e+00
-1.696794482282416361e+00
-1.704126125034693073e+00
-1.711457797370076639e+00
-1.718789499473388771e+00
-1.726121231530040490e+00
-1.733452993726033231e+00
-1.740784786247955740e+00
-1.748116609282990064e+00
-1.755448463018906002e+00
-1.762780347644064438e+00
-1.770112263347416448e+00
-1.777444210318500417e+00
-1.784776188747447367e+00
-1.792108198824977183e+00
-1.799440240742399943e+00
-1.806772314691616144e+00
-1.814104420865114031e+00
-1.821436559455974047e+00
-1.828768730657865715e+00
-1.836100934665048312e+00
-1.843433171672372417e+00
-1.850765441875275030e+00
-1.858097745469786677e+00
-1.865430082652526300e+00
-1.872762453620702594e+00
-1.880094858572115779e+00
-1.887427297705152496e+00
-1.894759771218792244e+00
-1.902092279312604051e+00
-1.909424822186746029e+00
-1.916757400041967374e+00
-1.924090013079605255e+00
-1.931422661501588145e+00
-1.938755345510434491e+00
-1.946088065309252269e+00
-1.953420821101740090e+00
-1.960753613092184100e+00
-1.968086441485463078e+00
-1.975419306487044668e+00
-1.982752208302986041e+00
-1.990085147139935895e+00
-1.997418123205129570e+00
-2.004751136706395709e+00
-2.012084187852150929e+00
-2.019417276851402931e+00
-2.026750403913748499e+00
-2.034083566484016892e+00
-2.041416757980035079e+00
-2.048749979079380612e+00
-2.056083230832942643e+00
-2.063416514277932379e+00
-2.070749830437878636e+00
-2.078083180322630508e+00
-2.085416564928357808e+00
-2.092749985237549737e+00
-2.100083442219015328e+00
-2.107416936827881671e+00
-2.114750470005598348e+00
-2.122084042679932114e+00
-2.129417655764972217e+00
-2.136751310161125961e+00
-2.144085006755120038e+00
-2.151418746420000971e+00
-2.158752530015136450e+00
-2.166086358386212662e+00
-2.173420232365236959e+00
-2.180754152770534304e+00
-2.188088120406750381e+00
-2.195422136064851593e+00
-2.202756200522122398e+00
-2.210090314542169754e+00
-2.217424478874916449e+00
-2.224758694256607772e+00
-2.232092961409808396e+00
-2.239427281043403273e+00
-2.246761653852594076e+00
-2.254096080518906753e+00
-2.261430561710183085e+00
-2.268765098080587350e+00
-2.276099690270602327e+00
-2.283434338907030181e+00
-2.290769044602993798e+00
-2.298103807957935008e+00
-2.305438629557616359e+00
-2.312773509974119790e+00
-2.320108449765846181e+00
-2.327443449477516246e+00
-2.334778509640172306e+00
-2.342113630771174293e+00
-2.349448813374204192e+00
-2.356784057939259824e+00
-2.364119364942662838e+00
-2.371454734847052048e+00
-2.378790168101388325e+00
-2.386125665140951035e+00
-2.393461226387337604e+00
-2.400796852248467950e+00
-2.408132543118580493e+00
-2.415468299378233930e+00
-2.422804121394306787e+00
-2.430140009519995647e+00
-2.437475964094818703e+00
-2.444811985444613534e+00
-2.452148073881536661e+00
-2.459484229704067104e+00
-2.466820453196998830e+00
-2.474156744631449634e+00
-2.481493104264854921e+00
-2.488829532340971706e+00
-2.496166029089875504e+00
-2.503502594727960773e+00
-2.510839229457943578e+00
-2.518175933468858485e+00
-2.525512706936061225e+00
-2.532849550021225582e+00
-2.540186462872345174e+00
-2.547523445623734784e+00
-2.554860498396028134e+00
-2.562197621296177896e+00
-2.569534814417459678e+00
-2.576872077839464037e+00
-2.584209411628104469e+00
-2.591546815835613859e+00
-2.598884290500544481e+00
-2.606221835647768881e+00
-2.613559451288477664e+00
-2.620897137420183487e+00
-2.628234894026717061e+00
-2.635572721078230263e+00
-2.642910618531193911e+00
-2.650248586328398215e+00
-2.657586624398952768e+00
-2.664924732658288775e+00
-2.672262911008156827e+00
-2.679601159336625127e+00
-2.686939477518083041e+00
-2.694277865413241102e+00
-2.701616322869127007e+00
-2.708954849719090507e+00
-2.716293445782799409e+00
-2.723632110866241796e+00
-2.730970844761726024e+00
-2.738309647247879841e+00
-2.745648518089651269e+00
-2.752987457038305941e+00
-2.760326463831432431e+00
-2.767665538192936037e+00
-2.775004679833044996e+00
-2.782343888448305158e+00
-2.789683163721581760e+00
-2.797022505322060315e+00
-2.804361912905247944e+00
-2.811701386112968049e+00
-2.819040924573368301e+00
-2.826380527900911321e+00
-2.833720195696382227e+00
-2.841059927546885522e+00
-2.848399723025845098e+00
-2.855739581693006457e+00
-2.863079503094430933e+00
-2.870419486762502803e+00
-2.877759532215924843e+00
-2.885099638959720991e+00
-2.892439806485233689e+00
-2.899780034270124318e+00
-2.907120321778375427e+00
-2.914460668460289394e+00
-2.921801073752487987e+00
-2.929141537077912805e+00
-2.936482057845824389e+00
-2.943822635451803560e+00
-2.951163269277751855e+00
-2.958503958691888869e+00
-2.965844703048757136e+00
-2.973185501689213250e+00
-2.980526353940439410e+00
-2.987867259115933649e+00
-2.995208216515516941e+00
-3.002549225425327428e+00
-3.009890285117823527e+00
-3.017231394851783488e+00
-3.024572553872307168e+00
-3.031913761410811148e+00
-3.039255016685034505e+00
-3.046596318899033928e+00
-3.053937667243186826e+00
-3.061279060894190884e+00
-3.068620499015061842e+00
-3.075961980755138825e+00
-3.083303505250075016e+00
-3.090645071621848761e+00
-3.097986678978754238e+00
-3.105328326415409013e+00
-3.112670013012747816e+00
-3.120011737838025656e+00
-3.127353499944816484e+00
-3.134695298373016747e+00
-3.142037132148839618e+00
-3.149379000284820318e+00
-3.156720901779812127e+00
-3.164062835618988601e+00
-3.171404800773844013e+00
-3.178746796202191582e+00
-3.186088820848163472e+00
-3.193430873642212564e+00
-3.200772953501112017e+00
-3.208115059327953489e+00
-3.215457190012150246e+00
-3.222799344429432278e+00
-3.230141521441852515e+00
-3.237483719897781054e+00
-3.244825938631910489e+00
-3.252168176465251026e+00
-3.259510432205132702e+00
-3.266852704645206273e+00
-3.274194992565441442e+00
-3.281537294732129073e+00
-3.288879609897878531e+00
-3.296221936801618568e+00
-3.303564274168598214e+00
-3.310906620710387216e+00
-3.318248975124873379e+00
-3.325591336096267003e+00
-3.332933702295093337e+00
-3.340276072378202343e+00
-3.347618444988760267e+00
-3.354960818756256291e+00
-3.362303192296497656e+00
-3.369645564211608768e+00
-3.376987933090039196e+00
-3.384330297506553453e+00
-3.391672656022239440e+00
-3.399015007184502224e+00
-3.406357349527067591e+00
-3.413699681569981159e+00
-3.421042001819607936e+00
-3.428384308768633204e+00
-3.435726600896062966e+00
-3.443068876667219502e+00
-3.450411134533748481e+00
-3.457753372933613178e+00
-3.465095590291098482e+00
-3.472437785016808220e+00
-3.479779955507663836e+00
-3.487122100146910153e+00
-3.494464217304108722e+00
-3.501806305335143588e+00
-3.509148362582216851e+00
-3.516490387373850002e+00
-3.523832378024884804e+00
-3.531174332836483298e+00
-3.538516250096126914e+00
-3.545858128077618243e+00
-3.553199965041075270e+00
-3.560541759232940695e+00
-3.567883508885973942e+00
-3.575225212219256044e+00
-3.582566867438187419e+00
-3.589908472734486544e+00
-3.597250026286193503e+00
-3.604591526257666878e+00
-3.611932970799587750e+00
-3.619274358048952145e+00
-3.626615686129080363e+00
-3.633956953149609426e+00
-3.641298157206498853e+00
-3.648639296382025776e+00
-3.655980368744787157e+00
-3.663321372349700678e+00
