-2.131742374371015103e-02
-2.131742477287001947e-02
-2.131743154992093991e-02
-2.131744818664937924e-02
-2.131747704510367214e-02
-2.131751911306523084e-02
-2.131757400623257581e-02
-2.131763996821423035e-02
-2.131771387054470779e-02
-2.131779121266497157e-02
-2.131786612193931063e-02
-2.131793135364912217e-02
-2.131797435381432848e-02
-2.131797104500865458e-02
-2.131789722626464822e-02
-2.131772914001839325e-02
-2.131744345435393484e-02
-2.131701726300683220e-02
-2.131642808536593492e-02
-2.131565386647071847e-02
-2.131467297701217234e-02
-2.131346421333990548e-02
-2.131200679744704729e-02
-2.131028037698445843e-02
-2.130826502525184907e-02
-2.130594124120399613e-02
-2.130328994944719057e-02
-2.130029250023568466e-02
-2.129693066948323832e-02
-2.129318665874802008e-02
-2.128904309524681793e-02
-2.128448303184704571e-02
-2.127948994706141406e-02
-2.127404774506747032e-02
-2.126814075568272955e-02
-2.126175373438332628e-02
-2.125487186229957359e-02
-2.124748074620441685e-02
-2.123956641853563809e-02
-2.123111533737098711e-02
-2.122211438644860948e-02
-2.121255087515727666e-02
-2.120241253853460961e-02
-2.119168753727418419e-02
-2.118036445771931398e-02
-2.116843231186393837e-02
-2.115588053736239260e-02
-2.114269899750897963e-02
-2.112887798126061867e-02
-2.111440820321908163e-02
-2.109928080364298353e-02
-2.108348734844334160e-02
-2.106701982917691396e-02
-2.104987066306218679e-02
-2.103203269295939037e-02
-2.101349918738915079e-02
-2.099426384052316408e-02
-2.097432077217975532e-02
-2.095366452783586908e-02
-2.093229007861419078e-02
-2.091019282129558121e-02
-2.088736857831285931e-02
-2.086381359774369670e-02
-2.083952455332793718e-02
-2.081449854444805680e-02
-2.078873309614515108e-02
-2.076222615911316183e-02
-2.073497610968999538e-02
-2.070698174987750662e-02
-2.067824230731662993e-02
-2.064875743531091601e-02
-2.061852721281454137e-02
-2.058755214442697934e-02
-2.055583316040898723e-02
-2.052337161666484278e-02
-2.049016929475655502e-02
-2.045622171156624702e-02
-2.042148925589337694e-02
-2.038597237511030613e-02
-2.034967997854097987e-02
-2.031262097719466198e-02
-2.027480428375971755e-02
-2.023623881259606350e-02
-2.019693347975248798e-02
-2.015689720294489007e-02
-2.011613890157626372e-02
-2.007466749672737194e-02
-2.003249191115186179e-02
-1.998962106928958704e-02
-1.994606389725017692e-02
-1.990182932282946737e-02
-1.985692627550061928e-02
-1.981136368641056578e-02
-1.976515048838756172e-02
-1.971829561594296010e-02
-1.967080800525744522e-02
-1.962269659420012857e-02
-1.957397032230989709e-02
-1.952463813080873578e-02
-1.947470896259906326e-02
-1.942419176225529398e-02
-1.937309547603982551e-02
-1.932142905188216631e-02
-1.926920143939936381e-02
-1.921642158988534632e-02
-1.916309845630870257e-02
-1.910924099332156345e-02
-1.905485815724894394e-02
-1.899995890609984528e-02
-1.894455219956103775e-02
-1.888864699899217570e-02
-1.883225226744089653e-02
-1.877537696962283675e-02
-1.871803007194028368e-02
-1.866022054247284956e-02
-1.860195735097391889e-02
-1.854324946888175063e-02
-1.848410586930748778e-02
-1.842453552704270692e-02
-1.836454741856252681e-02
-1.830415052201139758e-02
-1.824335381722130833e-02
-1.818216628569535587e-02
-1.812059691061929101e-02
-1.805865467685885406e-02
-1.799634857095355756e-02
-1.793368758112601213e-02
-1.787068069727348885e-02
-1.780733691097324822e-02
-1.774366521548476072e-02
-1.767967460573949268e-02
-1.761537407835378488e-02
-1.755077263161641810e-02
-1.748587926549838301e-02
-1.742070298165154796e-02
-1.735525278340066535e-02
-1.728953767575314160e-02
-1.722356666539148762e-02
-1.715734876068042425e-02
-1.709089297166288546e-02
-1.702420831005690971e-02
-1.695730378926363358e-02
-1.689018842435663359e-02
-1.682287123209436075e-02
-1.675536123091303509e-02
-1.668766744092131660e-02
-1.661979888391540428e-02
-1.655176458335994027e-02
-1.648357356440710575e-02
-1.641523485388507453e-02
-1.634675748029668085e-02
-1.627815047382874525e-02
-1.620942286634141638e-02
-1.614058369137616467e-02
-1.607164198415667045e-02
-1.600260678157638949e-02
-1.593348712221720476e-02
-1.586429204632944234e-02
-1.579503059585007918e-02
-1.572571181439297305e-02
-1.565634474724619807e-02
-1.558693844138314688e-02
-1.551750194544743167e-02
-1.544804430976753906e-02
-1.537857458635194519e-02
-1.530910182888067794e-02
-1.523963509271952788e-02
-1.517018343490539323e-02
-1.510075591415960261e-02
-1.503136159088214185e-02
-1.496200952714721311e-02
-1.489270878671256071e-02
-1.482346843500703670e-02
-1.475429753914614395e-02
-1.468520516792226616e-02
-1.461620039180200337e-02
-1.454729228293549781e-02
-1.447848991514577577e-02
-1.440980236393940572e-02
-1.434123870650294563e-02
-1.427280802169361706e-02
-1.420451939005662467e-02
-1.413638189380606036e-02
-1.406840461684222277e-02
-1.400059664474406773e-02
-1.393296706476121471e-02
-1.386552496583171035e-02
-1.379827943856382078e-02
-1.373123957524802208e-02
-1.366441446985788843e-02
-1.359781321803454901e-02
-1.353144491710978059e-02
-1.346531866608335903e-02
-1.339944356564082284e-02
-1.333382871814592363e-02
-1.326848322763440891e-02
-1.320341619983000925e-02
-1.313863674212445432e-02
-1.307415396359612458e-02
-1.300997697500294592e-02
-1.294611488877217553e-02
-1.288257681901994189e-02
-1.281937188153259299e-02
-1.275650919378001902e-02
-1.269399787491209963e-02
-1.263184704575115447e-02
-1.257006582880304535e-02
-1.250866334824785042e-02
-1.244764872994963412e-02
-1.238703110144934172e-02
-1.232681959196257893e-02
-1.226701279660824540e-02
-1.220758416457590201e-02
-1.214853230240553472e-02
-1.208985776733051409e-02
-1.203156106885172605e-02
-1.197364266875755590e-02
-1.191610298111056565e-02
-1.185894237224749403e-02
-1.180216116078947053e-02
-1.174575961762647225e-02
-1.168973796593153480e-02
-1.163409638115719957e-02
-1.157883499102485558e-02
-1.152395387554427941e-02
-1.146945306699187483e-02
-1.141533254992932456e-02
-1.136159226119470844e-02
-1.130823208989850670e-02
-1.125525187743603439e-02
-1.120265141747278648e-02
-1.115043045595509597e-02
-1.109858869111057800e-02
-1.104712577343480717e-02
-1.099604130571218974e-02
-1.094533484299464732e-02
-1.089500589261627184e-02
-1.084505391419066100e-02
-1.079547831960292470e-02
-1.074627847302211947e-02
-1.069745369088925813e-02
-1.064900324192397107e-02
-1.060092634712850312e-02
-1.055322217977439081e-02
-1.050588986541889369e-02
-1.045892848188856306e-02
-1.041233705929300868e-02
-1.036611458001912567e-02
-1.032025997872754175e-02
-1.027477214236016678e-02
-1.022964991013264324e-02
-1.018489207354145165e-02
-1.014049737636124604e-02
-1.009646451463863670e-02
-1.005279213670462468e-02
-1.000947884316127912e-02
-9.966523186891507180e-03
-9.923923673058165917e-03
-9.881678759093848186e-03
-9.839786854718646225e-03
-9.798246321919279467e-03
-9.757055474968190367e-03
-9.716212580414218536e-03
-9.675715857079048021e-03
-9.635563476066977273e-03
-9.595753560755593270e-03
-9.556284186801100589e-03
-9.517153382141874118e-03
-9.478359126984692296e-03
-9.439899353823388850e-03
-9.401771947420645148e-03
-9.363974744822201046e-03
-9.326505535351525822e-03
-9.289362060604933191e-03
-9.252542014461573316e-03
-9.216043043071442398e-03
-9.179862744868039215e-03
-9.143998670563036058e-03
-9.108448323137174896e-03
-9.073209157859141172e-03
-9.038278582266245920e-03
-9.003653956178192530e-03
-8.969332591694190171e-03
-8.935311753182295647e-03
-8.901588657298509233e-03
-8.868160472967456798e-03
-8.835024321395712477e-03
-8.802177276070022316e-03
-8.769616362745535909e-03
-8.737338559465124277e-03
-8.705340796541394255e-03
-8.673619956567568678e-03
-8.642172874417708428e-03
-8.610996337234499975e-03
-8.580087084448129175e-03
-8.549441807757629519e-03
-8.519057151144204809e-03
-8.488929710868786671e-03
-8.459056035461820500e-03
-8.429432625739696761e-03
-8.400055934789207868e-03
-8.370922367979538592e-03
-8.342028282957825169e-03
-8.313369989641827829e-03
-8.284943750236362092e-03
-8.256745779213536807e-03
-8.228772243330961800e-03
-8.201019261622866097e-03
-8.173482905394102715e-03
-8.146159198236802013e-03
-8.119044116010387668e-03
-8.092133586859562300e-03
-8.065423491205869766e-03
-8.038909661741033830e-03
-8.012587883444943770e-03
-7.986453893564116058e-03
-7.960503381629902009e-03
-7.934731989451826450e-03
-7.909135311108927979e-03
-7.883708892967522530e-03
-7.858448233661885496e-03
-7.833348784110460983e-03
-7.808405947510088652e-03
-7.783615079326899888e-03
-7.758971487314747506e-03
-7.734470431494777642e-03
-7.710107124172749238e-03
-7.685876729932816787e-03
-7.661774365628426509e-03
-7.637795100400524007e-03
-7.613933955657126162e-03
-7.590185905092416974e-03
-7.566545874676311456e-03
-7.543008742650458842e-03
-7.519569339542231390e-03
-7.496222448147848993e-03
-7.472962803547922306e-03
-7.449785093100125266e-03
-7.426683956432755807e-03
-7.403653985461167153e-03
-7.380689724368227900e-03
-7.357785669622529667e-03
-7.334936269967284872e-03
-7.312135926419660592e-03
-7.289378992281658753e-03
-7.266659773123462784e-03
-7.243972526800757095e-03
-7.221311463444513024e-03
-7.198670745458546349e-03
-7.176044487530175431e-03
-7.153426756623115779e-03
-7.130811571973483254e-03
-7.108192905102228565e-03
-7.085564679800260279e-03
-7.062920772142211590e-03
-7.040255010478668751e-03
-7.017561175433284504e-03
-6.994832999914102345e-03
-6.972064169099567721e-03
-6.949248320450962524e-03
-6.926379043706631933e-03
-6.903449880877321476e-03
-6.880454326257945397e-03
-6.857385826414263974e-03
-6.834237780195540068e-03
-6.811003538726101425e-03
-6.787676405405340674e-03
-6.764249635914376668e-03
-6.740716438207172700e-03
-6.717069972518086018e-03
-6.693303351360979647e-03
-6.669409639521450828e-03
-6.645381854068377336e-03
-6.621212964341927076e-03
-6.596895891964882352e-03
-6.572423510837532845e-03
-6.547788647133234718e-03
-6.522984079307514449e-03
-6.498002538088298863e-03
-6.472836706485241010e-03
-6.447476281675745824e-03
-6.421896917679026373e-03
-6.396089368993607138e-03
-6.370047274209422739e-03
-6.343764270559937302e-03
-6.317233993917703572e-03
-6.290450078787479526e-03
-6.263406158319662076e-03
-6.236095864296409275e-03
-6.208512827142409485e-03
-6.180650675922216841e-03
-6.152503038332812757e-03
-6.124063540715929399e-03
-6.095325808045726212e-03
-6.066283463938670906e-03
-6.036930130651207982e-03
-6.007259429071876156e-03
-5.977264978734520007e-03
-5.946940397804967304e-03
-5.916279303091465103e-03
-5.885275310042459296e-03
-5.853922032738267944e-03
-5.822213083904181907e-03
-5.790142074898474434e-03
-5.757702615720838857e-03
-5.724888315011944506e-03
-5.691692780042556521e-03
-5.658109616731410441e-03
-5.624132429627892726e-03
-5.589754821923587080e-03
-5.554970395450942178e-03
-5.519772750672724548e-03
-5.484155486699449078e-03
-5.448112201271948507e-03
-5.411636490774029973e-03
-5.374721950229810474e-03
-5.337362173293946910e-03
-5.299550752268511467e-03
-5.261281278086449298e-03
-5.222547340323235865e-03
-5.183342527194989557e-03
-5.143660425547924575e-03
-5.103494620876003474e-03
-5.062838697304172797e-03
-5.021686237599687352e-03
-4.980030823170222831e-03
-4.937866034053883801e-03
-4.895185448936856254e-03
-4.851982645135421990e-03
-4.808251198608726185e-03
-4.763984683956334898e-03
-4.719176674408354089e-03
-4.673820741842971138e-03
-4.627910456767025948e-03
-4.581439388332775309e-03
-4.534401104331342580e-03
-4.486789171184613068e-03
-4.438597153962220432e-03
-4.389818616363228010e-03
-4.340447120731671937e-03
-4.290476228050454921e-03
-4.239899497932797523e-03
-4.188710488641222973e-03
-4.136902757065519243e-03
-4.084469858742112436e-03
-4.031405347845518072e-03
-3.977702777181069127e-03
-3.923355698202568576e-03
-3.868357660992194358e-03
-3.812702214277874369e-03
-3.756382905425958985e-03
-3.699393280433727060e-03
-3.641726883946649895e-03
-3.583377259238795798e-03
-3.524337948229927520e-03
-3.464602491478174784e-03
-3.404164428172595791e-03
-3.343017296150552209e-03
-3.281154631878002714e-03
-3.218569970466322872e-03
-3.155256845665588283e-03
-3.091208789856692007e-03
-3.026419334068775058e-03
-2.960882007959464435e-03
-2.894590339832192605e-03
-2.827537856628759005e-03
-2.759718083921891552e-03
-2.691124545932455092e-03
-2.621750765510078018e-03
-2.551590264150360721e-03
-2.480636561985438693e-03
-2.408883177781317997e-03
-2.336323628948366871e-03
-2.262951431533793967e-03
-2.188760100219122595e-03
-2.113743148330349264e-03
-2.037894087825231626e-03
-1.961206429305972776e-03
-1.883673682011588468e-03
-1.805289353815464626e-03
-1.726046951235321592e-03
-1.645939979420890653e-03
-1.564961942166043229e-03
-1.483106341901629932e-03
-1.400366679692954808e-03
-1.316736455249462034e-03
-1.232209166912690002e-03
-1.146778311668400496e-03
-1.060437385139223476e-03
-9.731798815822284565e-04
-8.849992938987916169e-04
-7.958891136221751816e-04
-7.058428309299619174e-04
-6.148539346366652114e-04
-5.229159121911061692e-04
-4.300222496864958277e-04
-3.361664318484135217e-04
-2.413419420447988906e-04
-1.455422622834087742e-04
-4.876087320443856649e-05
4.900874590662348401e-05
1.477731171338324961e-04
2.475387639159776221e-04
3.483122110539693672e-04
4.500999847162831524e-04
5.529086124241369693e-04
6.567446230712620237e-04
7.616145469041268878e-04
8.675249155318115468e-04
9.744822619309895240e-04
1.082493120431085587e-03
1.191564026733940573e-03
1.301701517894285343e-03
1.412912132329358084e-03
1.525202409823983585e-03
1.638578891515835023e-03
1.753048119914862868e-03
1.868616638884046388e-03
1.985290993648747282e-03
2.103077730802010992e-03
2.221983398289661960e-03
2.342014545429899064e-03
2.463177722893811206e-03
2.585479482715008492e-03
2.708926378294645998e-03
2.833524964386796574e-03
2.959281797117824242e-03
3.086203433966955290e-03
3.214296433776020478e-03
3.343567356754395536e-03
3.474022764464235191e-03
3.605669219840235140e-03
3.738513287169731303e-03
3.872561532102691828e-03
4.007820521656713098e-03
4.144296824202198248e-03
4.281997009481786076e-03
4.420927648591255199e-03
4.561095313988627886e-03
4.702506579499832196e-03
4.845168020303214362e-03
4.989086212949911392e-03
5.134267735343533978e-03
5.280719166750602600e-03
5.428447087804932902e-03
5.577458080493369330e-03
5.727758728174880964e-03
5.879355615561576709e-03
6.032255328727975652e-03
6.186464455115281424e-03
6.341989583521057128e-03
6.498837304110105517e-03
6.657014208403200239e-03
6.816526889283247570e-03
6.977381940999560772e-03
7.139585959158090134e-03
7.303145540731525998e-03
7.468067284049029197e-03
7.634357788801726663e-03
7.802023656046874756e-03
7.971071488198866462e-03
8.141507889038335222e-03
8.313339463702829057e-03
8.486572818691473508e-03
8.661214561869967632e-03
8.837271302460703026e-03
9.014749651052422763e-03
9.193656219591117562e-03
9.373997621383800549e-03
9.555780471104502460e-03
9.739011384783835545e-03
9.923696979818763531e-03
1.010984387496316472e-02
1.029745869033271699e-02
1.048654804740911661e-02
1.067711856903141854e-02
1.086917687940491817e-02
1.106272960409149242e-02
1.125778337001481777e-02
1.145434480546525524e-02
1.165242054008963635e-02
1.185201720490158817e-02
1.205314143227109724e-02
1.225579985593017174e-02
1.245999911097717128e-02
1.266574583386737007e-02
1.287304666242217177e-02
1.308190823582022766e-02
1.329233719460132246e-02
1.350434018067248054e-02
1.371792383729630860e-02
1.393309480910331910e-02
1.414985974207982888e-02
1.436822528357395434e-02
1.458819808230071846e-02
1.480978478833139267e-02
1.503299205310426601e-02
1.525782652941376494e-02
1.548429487141655958e-02
1.571240373463556050e-02
1.594215977595037081e-02
1.617356965360716714e-02
1.640664002720904069e-02
1.664137755772043814e-02
1.687778890747260174e-02
1.711588074015535366e-02
1.735565972081709596e-02
1.759713251587502469e-02
1.784030579309903164e-02
1.808518622163091116e-02
1.833178047196615257e-02
1.858009521596226676e-02
1.883013712684467045e-02
1.908191287919103196e-02
1.933542914895225451e-02
1.959069261343104884e-02
1.984770995129347959e-02
2.010648784257318411e-02
2.036703296865627344e-02
2.062935201230087223e-02
2.089345165761913314e-02
2.115933859008434226e-02
2.142701949653913474e-02
2.169650106517684307e-02
2.196778998556458973e-02
2.224089294862241495e-02
2.251581664663215854e-02
2.279256777324367711e-02
2.307115302345930097e-02
2.335157909365426221e-02
2.363385268155626662e-02
2.391798048625592976e-02
2.420396920821099584e-02
2.449182554923212685e-02
2.478155621250266449e-02
2.507316790255842420e-02
2.536666732529835322e-02
2.566206118798808333e-02
2.595935619924705229e-02
2.625855906906626736e-02
2.655967650878987563e-02
2.686271523112493398e-02
2.716768195014518383e-02
2.747458338127839461e-02
2.778342624132412730e-02
2.809421724843397250e-02
2.840696312212331875e-02
2.872167058327512734e-02
2.903834635412394505e-02
2.935699715827810863e-02
2.967762972069754035e-02
3.000025076770573840e-02
3.032486702699355163e-02
3.065148522760408056e-02
3.098011209995310544e-02
3.131075437580999044e-02
3.164341878830567723e-02
3.197811207193890226e-02
3.231484096256154182e-02
3.265361219739748577e-02
3.299443251502398589e-02
3.333730865538031551e-02
3.368224735977332074e-02
3.402925537086298746e-02
3.437833943268153725e-02
3.472950629061455352e-02
3.508276269140919723e-02
3.543811538318064613e-02
3.579557111539721781e-02
3.615513663889924345e-02
3.651681870587997203e-02
3.688062406989534026e-02
3.724656026591510738e-02
3.761467400244344894e-02
3.798499232912178059e-02
3.835751896806494088e-02
3.873225757720777374e-02
3.910921175030690478e-02
3.948838501693274772e-02
3.986978084247816412e-02
4.025340262814958159e-02
4.063925371097121264e-02
4.102733736379060581e-02
4.141765679526709931e-02
4.181021514988469967e-02
4.220501550793898105e-02
4.260206088554463477e-02
4.300135423463946616e-02
4.340289844297284816e-02
4.380669633411793384e-02
4.421275066746188642e-02
4.462106413820832174e-02
4.503163937738530187e-02
4.544447895183223451e-02
4.585958536421297360e-02
4.627696105300382889e-02
4.669660839249933915e-02
4.711852969281626891e-02
4.754272719988583695e-02
4.796920309546059968e-02
4.839795949710778977e-02
4.882899845821131457e-02
4.926232196797841745e-02
4.969793195143012987e-02
5.013583026940948706e-02
5.057601871857286824e-02
5.101849903139510367e-02
5.146327287617324941e-02
5.191034185701859371e-02
5.235970751386376243e-02
5.281137132245561361e-02
5.326533469435879020e-02
5.372159897696060504e-02
5.418016545346149293e-02
5.464103534288566877e-02
5.510420980006891511e-02
5.556968991566613170e-02
5.603747671615555426e-02
5.650757116382654210e-02
5.697997415679378896e-02
5.745468652898311213e-02
5.793170905013966809e-02
5.841104242583128325e-02
5.889268729743801778e-02
5.937664424216348991e-02
5.986291377302510597e-02
6.035149633885739107e-02
6.084239232431754019e-02
6.133560204987831277e-02
6.183112577182803271e-02
6.232896368227880401e-02
6.282911590915385425e-02
6.333158251620085721e-02
6.383636350298216300e-02
6.434345880487590819e-02
6.485286829308467560e-02
6.536459177462061731e-02
6.587862899232455050e-02
6.639497962484597338e-02
6.691364328665372341e-02
6.743461952804086224e-02
6.795790783510913258e-02
6.848350762978938633e-02
6.901141826982160055e-02
6.954163904876420332e-02
7.007416919600117922e-02
7.060900787672341750e-02
7.114615419195224888e-02
7.168560717851724107e-02
7.222736580906818915e-02
7.277142899207689197e-02
7.331779557182604989e-02
7.386646432842658427e-02
7.441743397779898572e-02
7.497070317168130771e-02
7.552627049763671607e-02
7.608413447903794591e-02
7.664429357508550922e-02
7.720674618078904317e-02
7.777149062697841231e-02
7.833852518030592904e-02
7.890784804323391910e-02
7.947945735405426149e-02
8.005335118686618401e-02
8.062952755158914186e-02
8.120798439396592627e-02
8.178871959554889770e-02
8.237173097371952579e-02
8.295701628166707309e-02
8.354457320840147361e-02
8.413439937875555330e-02
8.472649235337170737e-02
8.532084962872144018e-02
8.591746863708404902e-02
8.651634674655950263e-02
8.711748126107110579e-02
8.772086942035084434e-02
8.832650839995936920e-02
8.893439531126778874e-02
8.954452720146477418e-02
9.015690105356455319e-02
9.077151378638870227e-02
9.138836225458835116e-02
9.200744324862419887e-02
9.262875349477539544e-02
9.325228965514575918e-02
9.387804832764690133e-02
9.450602604602043044e-02
9.513621927981708026e-02
9.576862443440647965e-02
9.640323785098070530e-02
9.704005580654362362e-02
9.767907451392554563e-02
9.832029012176768390e-02
9.896369871452881384e-02
9.960929631249326732e-02
1.002570788717522809e-01
1.009070422842288650e-01
1.015591823776520464e-01
1.022134949155724115e-01
1.028699755973629948e-01
1.035286200582063998e-01
1.041894238691134511e-01
1.048523825369058748e-01
1.055174915042225159e-01
1.061847461495259992e-01
1.068541417870916277e-01
1.075256736670189284e-01
1.081993369752187739e-01
1.088751268334209321e-01
1.095530382991780627e-01
1.102330663658559473e-01
1.109152059626423714e-01
1.115994519545400188e-01
1.122857991423673596e-01
1.129742422627693088e-01
1.136647759881994624e-01
1.143573949269369727e-01
1.150520936230736702e-01
1.157488665565193919e-01
1.164477081430068672e-01
1.171486127340815031e-01
1.178515746171120426e-01
1.185565880152816831e-01
1.192636470875885202e-01
1.199727459288553177e-01
1.206838785697188499e-01
1.213970389766374502e-01
1.221122210518825746e-01
1.228294186335450178e-01
1.235486254955362462e-01
1.242698353475830686e-01
1.249930418352347417e-01
1.257182385398523117e-01
1.264454189786157201e-01
1.271745766045282444e-01
1.279057048064053959e-01
1.286387969088860217e-01
1.293738461724225353e-01
1.301108457932849127e-01
1.308497889035655781e-01
1.315906685711705215e-01
1.323334777998290690e-01
1.330782095290832245e-01
1.338248566342925550e-01
1.345734119266408513e-01
1.353238681531232501e-01
1.360762179965586682e-01
1.368304540755800325e-01
1.375865689446365003e-01
1.383445550940023416e-01
1.391044049497627277e-01
1.398661108738266101e-01
1.406296651639160622e-01
1.413950600535716084e-01
1.421622877121566653e-01
1.429313402448459946e-01
1.437022096926403592e-01
1.444748880323514229e-01
1.452493671766088568e-01
1.460256389738656679e-01
1.468036952083906499e-01
1.475835276002670504e-01
1.483651278054023415e-01
1.491484874155140083e-01
1.499335979581490896e-01
1.507204508966619727e-01
1.515090376302272723e-01
1.522993494938429393e-01
1.530913777583164936e-01
1.538851136302841205e-01
1.546805482521906860e-01
1.554776727023012839e-01
1.562764779947034555e-01
1.570769550792951996e-01
1.578790948418027362e-01
1.586828881037609662e-01
1.594883256225245738e-01
1.602953980912715792e-01
1.611040961389900161e-01
1.619144103304956950e-01
1.627263311664139955e-01
1.635398490831900808e-01
1.643549544530911177e-01
1.651716375841956186e-01
1.659898887204098727e-01
1.668096980414488506e-01
1.676310556628473059e-01
1.684539516359637723e-01
1.692783759479659089e-01
1.701043185218495957e-01
1.709317692164207259e-01
1.717607178263031997e-01
1.725911540819469181e-01
1.734230676496091306e-01
1.742564481313748637e-01
1.750912850651409336e-01
1.759275679246221635e-01
1.767652861193562686e-01
1.776044289946909771e-01
1.784449858318035709e-01
1.792869458476795685e-01
1.801302981951229398e-01
1.809750319627627668e-01
1.818211361750368127e-01
1.826685997922110616e-01
1.835174117103619551e-01
1.843675607613839418e-01
1.852190357129952503e-01
1.860718252687241225e-01
1.869259180679279098e-01
1.877813026857708678e-01
1.886379676332388122e-01
1.894959013571395623e-01
1.903550922400922829e-01
1.912155286005425836e-01
1.920771986927460873e-01
1.929400907067786441e-01
1.938041927685381083e-01
1.946694929397327911e-01
1.955359792178996692e-01
1.964036395363844001e-01
1.972724617643515366e-01
1.981424337067898556e-01
1.990135431044981473e-01
1.998857776341020909e-01
2.007591249080382667e-01
2.016335724745617064e-01
2.025091078177512216e-01
2.033857183574947491e-01
2.042633914495084468e-01
2.051421143853193740e-01
2.060218743922717088e-01
2.069026586335338536e-01
2.077844542080864443e-01
2.086672481507338972e-01
2.095510274320933064e-01
2.104357789585993288e-01
2.113214895725104014e-01
2.122081460518967511e-01
2.130957351106528286e-01
2.139842433984857628e-01
2.148736575009206895e-01
2.157639639393051922e-01
2.166551491708013089e-01
2.175471995883926368e-01
2.184401015208763397e-01
2.193338412328671438e-01
2.202284049248039999e-01
2.211237787329372040e-01
2.220199487293412766e-01
2.229169009219034159e-01
2.238146212543288271e-01
2.247130956061456075e-01
2.256123097926949761e-01
2.265122495651410439e-01
2.274129006104610440e-01
2.283142485514497722e-01
2.292162789467280248e-01
2.301189772907230591e-01
2.310223290136925733e-01
2.319263194817020590e-01
2.328309339966367908e-01
2.337361577962058234e-01
2.346419760539295574e-01
2.355483738791530612e-01
2.364553363170336375e-01
2.373628483485461516e-01
2.382708948904896928e-01
2.391794607954746965e-01
2.400885308519362660e-01
2.409980897841212943e-01
2.419081222520955698e-01
2.428186128517468845e-01
2.437295461147788167e-01
2.446409065087120638e-01
2.455526784368875504e-01
2.464648462384593230e-01
2.473773941884047645e-01
2.482903064975179319e-01
2.492035673124108897e-01
2.501171607155114884e-01
2.510310707250669182e-01
2.519452812951437082e-01
2.528597763156268385e-01
2.537745396122135233e-01
2.546895549464291975e-01
2.556048060156053126e-01
2.565202764529015411e-01
2.574359498272915658e-01
2.583518096435639677e-01
2.592678393423319960e-01
2.601840223000193575e-01
2.611003418288753153e-01
2.620167811769622546e-01
2.629333235281601233e-01
2.638499520021717615e-01
2.647666496545104664e-01
2.656833994765168683e-01
2.666001843953420547e-01
