-1.029744861125777428e-05
-1.029744841630174379e-05
-1.029744706783439906e-05
-1.029744347366603335e-05
-1.029743660722025334e-05
-1.029742549398752344e-05
-1.029740921144970539e-05
-1.029738688905837418e-05
-1.029735770826517571e-05
-1.029732090249407123e-05
-1.029727575715868454e-05
-1.029722160965969996e-05
-1.029715834225796572e-05
-1.029708635865139027e-05
-1.029700555882622631e-05
-1.029691582706947911e-05
-1.029681703602468995e-05
-1.029670904668759934e-05
-1.029659170841482063e-05
-1.029646485891343166e-05
-1.029632832425225047e-05
-1.029618191885663114e-05
-1.029602544550412696e-05
-1.029585869533229670e-05
-1.029568144783176570e-05
-1.029549347085143007e-05
-1.029529452060019140e-05
-1.029508434163394631e-05
-1.029486266687640317e-05
-1.029462921759566330e-05
-1.029438370342590503e-05
-1.029412582235610801e-05
-1.029385526072484902e-05
-1.029357169323504712e-05
-1.029327478294095322e-05
-1.029296418125335427e-05
-1.029263952794651216e-05
-1.029230045114081643e-05
-1.029194656731926422e-05
-1.029157748131791922e-05
-1.029119278633198326e-05
-1.029079206391492890e-05
-1.029037488396635641e-05
-1.028994080475888195e-05
-1.028948937290257576e-05
-1.028902012337792188e-05
-1.028853257951933831e-05
-1.028802625300997281e-05
-1.028750064390078489e-05
-1.028695524058712701e-05
-1.028638951982782657e-05
-1.028580294674171641e-05
-1.028519497479375711e-05
-1.028456504581325148e-05
-1.028391258998083424e-05
-1.028323702583801291e-05
-1.028253776028283106e-05
-1.028181418856032731e-05
-1.028106569428682143e-05
-1.028029164942042412e-05
-1.027949141428445567e-05
-1.027866433756050718e-05
-1.027780975627629739e-05
-1.027692699582735680e-05
-1.027601536995447623e-05
-1.027507418076278878e-05
-1.027410271871656566e-05
-1.027310026262360371e-05
-1.027206607966124619e-05
-1.027099942535383142e-05
-1.026989954358830531e-05
-1.026876566660728241e-05
-1.026759701500384175e-05
-1.026639279773713942e-05
-1.026515221210985707e-05
-1.026387444379422281e-05
-1.026255866681292928e-05
-1.026120404354173565e-05
-1.025980972471987607e-05
-1.025837484943357969e-05
-1.025689854513515270e-05
-1.025537992763170259e-05
-1.025381810107733188e-05
-1.025221215799482222e-05
-1.025056117925481763e-05
-1.024886423408623293e-05
-1.024712038008059045e-05
-1.024532866317293817e-05
-1.024348811766960521e-05
-1.024159776622044632e-05
-1.023965661983879116e-05
-1.023766367789624016e-05
-1.023561792811138876e-05
-1.023351834656630738e-05
-1.023136389770220450e-05
-1.022915353430728369e-05
-1.022688619753669287e-05
-1.022456081688997293e-05
-1.022217631023360912e-05
-1.021973158378888802e-05
-1.021722553212322387e-05
-1.021465703817704684e-05
-1.021202497323171060e-05
-1.020932819693377847e-05
-1.020656555728461506e-05
-1.020373589064038633e-05
-1.020083802171466159e-05
-1.019787076357667882e-05
-1.019483291764960997e-05
-1.019172327372227030e-05
-1.018854060992786803e-05
-1.018528368516152804e-05
-1.018188852505708120e-05
-1.017829516669144577e-05
-1.017450430903241512e-05
-1.017051665026238658e-05
-1.016633288779440758e-05
-1.016195371825959898e-05
-1.015737983751669599e-05
-1.015261194064857875e-05
-1.014765072195489976e-05
-1.014249687496856372e-05
-1.013715109243664564e-05
-1.013161406633426853e-05
-1.012588648786373613e-05
-1.011996904744152243e-05
-1.011386243471778731e-05
-1.010756733855642728e-05
-1.010108444705112157e-05
-1.009441444752056175e-05
-1.008755802650064537e-05
-1.008051586975618544e-05
-1.007328866227006833e-05
-1.006587708825409586e-05
-1.005828183114378105e-05
-1.005050357359097563e-05
-1.004254299748034984e-05
-1.003440078391161158e-05
-1.002607761321295046e-05
-1.001757416493800207e-05
-1.000889111785630697e-05
-1.000002914996979062e-05
-9.990988938494982374e-06
-9.981771159878194410e-06
-9.972376489790317489e-06
-9.962805603119448405e-06
-9.953059173983466734e-06
-9.943137875716590718e-06
-9.933042380883688738e-06
-9.922773361272039377e-06
-9.912331487886560932e-06
-9.901717430964556560e-06
-9.890931859955764960e-06
-9.879975443543610736e-06
-9.868848849632193970e-06
-9.857552745345422862e-06
-9.846087797035687345e-06
-9.834454670271716020e-06
-9.822654029854622354e-06
-9.810686539804894246e-06
-9.798552863364128757e-06
-9.786253663003272041e-06
-9.773789600407440520e-06
-9.761161336495002838e-06
-9.748369531405436800e-06
-9.735414844495426240e-06
-9.722297934354907217e-06
-9.709019458786685014e-06
-9.695580074825516093e-06
-9.681980438728567118e-06
-9.668221205971945509e-06
-9.654303031259806739e-06
-9.640226568514379674e-06
-9.625992470887675956e-06
-9.611601390754984792e-06
-9.597053979707066695e-06
-9.582350888569235448e-06
-9.567492767379240370e-06
-9.552480265405914606e-06
-9.537314031143103582e-06
-9.521994712298822994e-06
-9.506522955816075482e-06
-9.490899407849431868e-06
-9.475124713785847835e-06
-9.459199518235990312e-06
-9.443124465025997533e-06
-9.426900197214826277e-06
-9.410527357076470950e-06
-9.394006586114708734e-06
-9.377338525057461738e-06
-9.360523813847256014e-06
-9.343563091662905606e-06
-9.326456996893925377e-06
-9.309206167161781370e-06
-9.291811239312518234e-06
-9.274272849405917202e-06
-9.256591632738047498e-06
-9.238768223816112846e-06
-9.220803256378834467e-06
-9.202697363389512192e-06
-9.184451177026049795e-06
-9.166065328700904319e-06
-9.147540449038968347e-06
-9.128877167897953004e-06
-9.110076114357112259e-06
-9.091137916712472428e-06
-9.072063202493745732e-06
-9.052852598442646254e-06
-9.033506730534573981e-06
-9.014026223966905421e-06
-8.994411703153355753e-06
-8.974663791739157653e-06
-8.954783112585882471e-06
-8.934770287785318010e-06
-8.914625938652095960e-06
-8.894350685717186678e-06
-8.873945148742210659e-06
-8.853409946711632283e-06
-8.832745697828423004e-06
-8.811953019527505454e-06
-8.791032528456237810e-06
-8.769984840493929429e-06
-8.748810570743600912e-06
-8.727510333524611530e-06
-8.706084742388705416e-06
-8.684534410103098012e-06
-8.662859948662185450e-06
-8.641061969287110872e-06
-8.619141082414922411e-06
-8.597097897715486742e-06
-8.574933024071539761e-06
-8.552647069597334867e-06
-8.530240641630403020e-06
-8.507714346724613852e-06
-8.485068790667522898e-06
-8.462304578460422277e-06
-8.439422314333085845e-06
-8.416422601742034465e-06
-8.393306043358392948e-06
-8.370073241086972010e-06
-8.346724796046318950e-06
-8.323261308583896484e-06
-8.299683378273046974e-06
-8.275991603903885135e-06
-8.252186583497609501e-06
-8.228268914289588870e-06
-8.204239192746275861e-06
-8.180098014558268016e-06
-8.155845974631634188e-06
-8.131483667105261770e-06
-8.107011685333509465e-06
-8.082430621899217710e-06
-8.057741068610239227e-06
-8.032943616491199090e-06
-8.008038855797372513e-06
-7.983027376001240738e-06
-7.957909765802465701e-06
-7.932686613126588987e-06
-7.907358505115924530e-06
-7.881926028143436402e-06
-7.856389767797993667e-06
-7.830750308898248163e-06
-7.805008235486562973e-06
-7.779164130821639850e-06
-7.753218577394999089e-06
-7.727172156913198614e-06
-7.701025450310844400e-06
-7.674779037748422073e-06
-7.648433498604490649e-06
-7.621989411484356158e-06
-7.595447354213566427e-06
-7.568807903845283652e-06
-7.542071636656381278e-06
-7.515239128141806141e-06
-7.488310953026287853e-06
-7.461287685252195739e-06
-7.434169897989513498e-06
-7.406958163634104475e-06
-7.379653053795134920e-06
-7.352255139318059074e-06
-7.324764990262067760e-06
-7.297183175913098813e-06
-7.269510264785138121e-06
-7.241746824606775518e-06
-7.213893422338118339e-06
-7.185950624156479949e-06
-7.157918995466788087e-06
-7.129799100899416459e-06
-7.101591504299342716e-06
-7.073296768746531460e-06
-7.044915456533816511e-06
-7.016448129184248150e-06
-6.987895347445455263e-06
-6.959257671280104363e-06
-6.930535659884981547e-06
-6.901729871671910543e-06
-6.872840864279462086e-06
-6.843869194574254966e-06
-6.814815418635777194e-06
-6.785680091778070050e-06
-6.756463768530212438e-06
-6.727167002649331318e-06
-6.697790347118866977e-06
-6.668334354135128927e-06
-6.638799575132015712e-06
-6.609186560751958289e-06
-6.579495860872808244e-06
-6.549728024594176842e-06
-6.519883600230929818e-06
-6.489963135332486172e-06
-6.459967176660700444e-06
-6.429896270209812040e-06
-6.399750961196904245e-06
-6.369531794054965335e-06
-6.339239312450018968e-06
-6.308874059262042228e-06
-6.278436576602529698e-06
-6.247927405806036685e-06
-6.217347087422156124e-06
-6.186696161235901575e-06
-6.155975166244071622e-06
-6.125184640674765507e-06
-6.094325121981094759e-06
-6.063397146829907491e-06
-6.032401251123038766e-06
-6.001337969975192865e-06
-5.970207837732374734e-06
-5.939011387964083719e-06
-5.907749153455940996e-06
-5.876421666226386287e-06
-5.845029457507379053e-06
-5.813573057762829940e-06
-5.782052996679927157e-06
-5.750469803160679697e-06
-5.718824005342083502e-06
-5.687116130573353218e-06
-5.655346705435654667e-06
-5.623516255733648078e-06
-5.591625306486380786e-06
-5.559674381949188116e-06
-5.527664005588106208e-06
-5.495594700102423430e-06
-5.463466987412754147e-06
-5.431281388657352438e-06
-5.399038424207724604e-06
-5.366738613648246170e-06
-5.334382475795460682e-06
-5.301970528686587164e-06
-5.269503289578869598e-06
-5.236981274957816859e-06
-5.204405000532215386e-06
-5.171774981229575532e-06
-5.139091731206973587e-06
-5.106355763838258191e-06
-5.073567591727494441e-06
-5.040727726700723957e-06
-5.007836679801628069e-06
-4.974894961306489810e-06
-4.941903080705328799e-06
-4.908861546720549515e-06
-4.875770867294798236e-06
-4.842631549590312515e-06
-4.809444099999763203e-06
-4.776209024131509301e-06
-4.742926826824559947e-06
-4.709598012139250278e-06
-4.676223083355940391e-06
-4.642802542983688954e-06
-4.609336892749844872e-06
-4.575826633608504057e-06
-4.542272265739858914e-06
-4.508674288540440514e-06
-4.475033200636996389e-06
-4.441349499874347462e-06
-4.407623683324278507e-06
-4.373856247283803428e-06
-4.340047687267358997e-06
-4.306198498019815288e-06
-4.272309173502381041e-06
-4.238380206904313052e-06
-4.204412090640747765e-06
-4.170405316343160293e-06
-4.136360374873892728e-06
-4.102277756311842674e-06
-4.068157949963738945e-06
-4.034001444361973165e-06
-3.999808727255492469e-06
-3.965580285623894127e-06
-3.931316605663547764e-06
-3.897018172799087896e-06
-3.862685471680161325e-06
-3.828318986173187208e-06
-3.793919199375017995e-06
-3.759486593599495330e-06
-3.725021650389159431e-06
-3.690524850510478599e-06
-3.655996673947344011e-06
-3.621437599914947500e-06
-3.586848106843735368e-06
-3.552228672393936693e-06
-3.517579773449491798e-06
-3.482901886111980719e-06
-3.448195485713091528e-06
-3.413461046802043590e-06
-3.378699043155562222e-06
-3.343909947776143969e-06
-3.309094232880780903e-06
-3.274252369920693101e-06
-3.239384829561704586e-06
-3.204492081698121116e-06
-3.169574595449694415e-06
-3.134632839151105417e-06
-3.099667280371046219e-06
-3.064678385892487603e-06
-3.029666621727315767e-06
-2.994632453112971299e-06
-2.959576344501281889e-06
-2.924498759578520075e-06
-2.889400161245453923e-06
-2.854281011630791128e-06
-2.819141772089661137e-06
-2.783982903191688923e-06
-2.748804864740185365e-06
-2.713608115753390546e-06
-2.678393114477809443e-06
-2.643160318385935105e-06
-2.607910184164430843e-06
-2.572643167734404816e-06
-2.537359724231569129e-06
-2.502060308019792359e-06
-2.466745372688931154e-06
-2.431415371043337686e-06
-2.396070755122025817e-06
-2.360711976176444946e-06
-2.325339484689561975e-06
-2.289953730368271892e-06
-2.254555162134290469e-06
-2.219144228144212007e-06
-2.183721375766632666e-06
-2.148287051602208210e-06
-2.112841701475197224e-06
-2.077385770425004344e-06
-2.041919702725153787e-06
-2.006443941862255838e-06
-1.970958930554221437e-06
-1.935465110742781193e-06
-1.899962923584594919e-06
-1.864452809470984115e-06
-1.828935208005597404e-06
-1.793410558024251429e-06
-1.757879297585931977e-06
-1.722341863964445621e-06
-1.686798693669073774e-06
-1.651250222420774447e-06
-1.615696885172565253e-06
-1.580139116101012420e-06
-1.544577348597665593e-06
-1.509012015288898733e-06
-1.473443548013304502e-06
-1.437872377841264114e-06
-1.402298935066761607e-06
-1.366723649199089695e-06
-1.331146948981660680e-06
-1.295569262370810295e-06
-1.259991016554283354e-06
-1.224412637943590124e-06
-1.188834552165332712e-06
-1.153257184080503858e-06
-1.117680957762748686e-06
-1.082106296518042972e-06
-1.046533622873525859e-06
-1.010963358574951988e-06
-9.753959245980214042e-07
-9.398317411404648845e-07
-9.042712276190081715e-07
-8.687148026805934647e-07
-8.331628841882576884e-07
-7.976158892352813289e-07
-7.620742341368671839e-07
-7.265383344271859108e-07
-6.910086048704619944e-07
-6.554854594474212193e-07
-6.199693113686805673e-07
-5.844605730669148562e-07
-5.489596561936854486e-07
-5.134669716308514799e-07
-4.779829294763668097e-07
-4.425079390584830703e-07
-4.070424089272386796e-07
-3.715867468517076782e-07
-3.361413598310992491e-07
-3.007066540809341399e-07
-2.652830350468682406e-07
-2.298709073963984368e-07
-1.944706750160436846e-07
-1.590827410224919633e-07
-1.237075077492578133e-07
-8.834537675778524339e-08
-5.299674883470165013e-08
-1.766202398341101587e-08
1.765839856138286436e-08
5.296412035036039082e-08
8.825474370297245485e-08
1.235298717156964690e-07
1.587891082682247896e-07
1.940320580067332753e-07
2.292583263661040430e-07
2.644675195477975797e-07
2.996592445308235127e-07
3.348331090774123425e-07
3.699887217163119529e-07
4.051256917649324408e-07
4.402436293072554963e-07
4.753421452048797128e-07
5.104208511025635706e-07
5.454793594115829331e-07
5.805172833319436395e-07
6.155342368301282546e-07
6.505298346502904564e-07
6.855036923197302574e-07
7.204554261322515009e-07
7.553846531704422156e-07
7.902909912833129460e-07
8.251740590975724550e-07
8.600334760230487346e-07
8.948688622361549230e-07
9.296798387018715033e-07
9.644660271519809452e-07
9.992270500955302559e-07
1.033962530825010932e-06
1.068672093399282777e-06
1.103355362665962673e-06
1.138011964239361070e-06
1.172641524511052954e-06
1.207243670656057803e-06
1.241818030615871819e-06
1.276364233120585653e-06
1.310881907666929316e-06
1.345370684529331035e-06
1.379830194765067214e-06
1.414260070198270457e-06
1.448659943441667815e-06
1.483029447874463069e-06
1.517368217653504003e-06
1.551675887718866054e-06
1.585952093777101383e-06
1.620196472323410814e-06
1.654408660619634524e-06
1.688588296705148279e-06
1.722735019401579713e-06
1.756848468300936314e-06
1.790928283778182167e-06
1.824974106978552793e-06
1.858985579824006147e-06
1.892962345018535213e-06
1.926904046037109138e-06
1.960810327136732097e-06
1.994680833345492850e-06
2.028515210467768913e-06
2.062313105090189669e-06
2.096074164570252245e-06
2.129798037047597216e-06
2.163484371432624481e-06
2.197132817412564797e-06
2.230743025456141844e-06
2.264314646804031252e-06
2.297847333477751053e-06
2.331340738270662807e-06
2.364794514752416831e-06
2.398208317274481624e-06
2.431581800959518695e-06
2.464914621712332998e-06
2.498206436208380392e-06
2.531456901899730751e-06
2.564665677020814237e-06
2.597832420576820338e-06
2.630956792354648306e-06
2.664038452912607241e-06
2.697077063585403417e-06
2.730072286489778136e-06
2.763023784513340443e-06
2.795931221326059674e-06
2.828794261368447645e-06
2.861612569857738611e-06
2.894385812793418694e-06
2.927113656945516500e-06
2.959795769866204081e-06
2.992431819879171756e-06
3.025021476083964919e-06
3.057564408362272411e-06
3.090060287367084498e-06
3.122508784533209632e-06
3.154909572066324011e-06
3.187262322948934690e-06
3.219566710945366908e-06
3.251822410590813651e-06
3.284029097202611353e-06
3.316186446869506289e-06
3.348294136456099815e-06
3.380351843609245149e-06
3.412359246747096939e-06
3.444316025068977494e-06
3.476221858546594753e-06
3.508076427926861210e-06
3.539879414739266483e-06
3.571630501286553183e-06
3.603329370644716909e-06
3.634975706673414589e-06
3.666569193999701451e-06
3.698109518038847701e-06
3.729596364972220801e-06
3.761029421760079053e-06
3.792408376144390525e-06
3.823732916634738424e-06
3.855002732528920936e-06
3.886217513891267183e-06
3.917376951563912926e-06
3.948480737171787894e-06
3.979528563107003272e-06
4.010520122549668387e-06
4.041455109446857180e-06
4.072333218523016551e-06
4.103154145286037890e-06
4.133917586010343523e-06
4.164623237758353913e-06
4.195270798360321504e-06
4.225859966422787495e-06
4.256390441336171254e-06
4.286861923257423088e-06
4.317274113131708280e-06
4.347626712671373572e-06
4.377919424366138665e-06
4.408151951488734066e-06
4.438323998078204380e-06
4.468435268963327073e-06
4.498485469738109505e-06
4.528474306774799354e-06
4.558401487229088792e-06
4.588266719022550399e-06
4.618069710865839103e-06
4.647810172236140763e-06
4.677487813388447879e-06
4.707102345360330078e-06
4.736653479956321605e-06
4.766140929769605364e-06
4.795564408159895195e-06
4.824923629264711578e-06
4.854218308003935278e-06
4.883448160065062202e-06
4.912612901923586392e-06
4.941712250821749669e-06
4.970745924779383651e-06
4.999713642599547606e-06
5.028615123851614896e-06
5.057450088894474907e-06
5.086218258852030077e-06
5.114919355626856845e-06
5.143553101905192979e-06
5.172119221138289299e-06
5.200617437567129492e-06
5.229047476199661856e-06
5.257409062819906609e-06
5.285701923996629498e-06
5.313925787064043005e-06
5.342080380145658794e-06
5.370165432131302624e-06
5.398180672688606893e-06
5.426125832267997967e-06
5.454000642086433148e-06
5.481804834150602601e-06
5.509538141232209543e-06
5.537200296881631192e-06
5.564791035431605054e-06
5.592310091982483772e-06
5.619757202422184447e-06
5.647132103405588799e-06
5.674434532365818865e-06
5.701664227517272768e-06
5.728820927845216376e-06
5.755904373117709527e-06
5.782914303873029280e-06
5.809850461426608811e-06
5.836712587875157385e-06
5.863500426087769890e-06
5.890213719713516261e-06
5.916852213174068897e-06
5.943415651667172117e-06
5.969903781172280002e-06
5.996316348439931221e-06
6.022653101003675249e-06
6.048913787166411427e-06
6.075098156008412048e-06
6.101205957392526538e-06
6.127236941951387864e-06
6.153190861100639800e-06
6.179067467026143345e-06
6.204866512690698777e-06
6.230587751840117178e-06
6.256230938988041612e-06
6.281795829434378559e-06
6.307282179247083315e-06
6.332689745271700976e-06
6.358018285134835884e-06
6.383267557235911688e-06
6.408437320754543920e-06
6.433527335642300060e-06
6.458537362627470024e-06
6.483467163218969292e-06
6.508316499697665292e-06
6.533085135127653098e-06
6.557772833341943969e-06
6.582379358950705278e-06
6.606904477347765731e-06
6.631347954695002850e-06
6.655709557937955489e-06
6.679989054794548131e-06
6.704186213756391927e-06
6.728300804097891996e-06
6.752332595867140130e-06
6.776281359890685280e-06
6.800146867767028341e-06
6.823928891872693692e-06
6.847627205365264952e-06
6.871241582172109286e-06
6.894771797004688868e-06
6.918217625344683097e-06
6.941578843449192765e-06
6.964855228359413675e-06
6.988046557888059895e-06
7.011152610621098485e-06
7.034173165930326238e-06
7.057108003953420361e-06
7.079956905612586754e-06
7.102719652605019030e-06
7.125396027398561705e-06
7.147985813246021669e-06
7.170488794168254632e-06
7.192904754974114440e-06
7.215233481237034313e-06
7.237474759310639355e-06
7.259628376330914956e-06
7.281694120200160603e-06
7.303671779608673920e-06
7.325561144014801351e-06
7.347362003653178097e-06
7.369074149542968050e-06
7.390697373468348153e-06
7.412231468002794532e-06
7.433676226487398453e-06
7.455031443039106254e-06
7.476296912558091923e-06
7.497472430713445629e-06
7.518557793960520957e-06
7.539552799521419268e-06
7.560457245396699083e-06
7.581270930370580252e-06
7.601993653992295680e-06
7.622625216600811132e-06
7.643165419301406471e-06
7.663614063976517676e-06
7.683970953292675737e-06
7.704235890681858379e-06
7.724408680365776186e-06
7.744489127331586481e-06
7.764477037345337423e-06
7.784372216955003781e-06
7.804174473475741780e-06
7.823883615012006826e-06
7.843499450432833697e-06
7.863021789387015376e-06
7.882450442305705129e-06
7.901785220386370323e-06
7.921025935614910141e-06
7.940172400744838904e-06
7.959224429305959692e-06
7.978181835612170592e-06
7.997044434744117469e-06
8.015812042570010648e-06
8.034484475725241909e-06
8.053061551623226511e-06
8.071543088459740001e-06
8.089928905197739384e-06
8.108218821588179803e-06
8.126412658150065221e-06
8.144510236177820994e-06
8.162511377750834851e-06
8.180415905713941255e-06
8.198223643701273849e-06
8.215934416113280375e-06
8.233548048128432051e-06
8.251064365707126702e-06
8.268483195578244654e-06
8.285804365257363330e-06
8.303027703027675288e-06
8.320153037950396568e-06
8.337180199868669817e-06
8.354109019393252816e-06
8.370939327922901491e-06
8.387670957623553220e-06
8.404303741437867820e-06
8.420837513093033799e-06
8.437272107081252720e-06
8.453607358683591644e-06
8.469843103949600133e-06
8.485979179704249142e-06
8.502015423554869916e-06
8.517951673881179325e-06
8.533787769843086124e-06
8.549523551372884694e-06
8.565158859178290812e-06
8.580693534751115265e-06
8.596127420350350296e-06
8.611460359021251565e-06
8.626692194577557232e-06
8.641822771610161574e-06
8.656851935491451794e-06
8.671779532366200721e-06
8.686605409159373070e-06
8.701329413567885501e-06
8.715951394066244473e-06
8.730471199908280966e-06
8.744888681121512630e-06
8.759203688514082681e-06
8.773416073665218917e-06
8.787525688930437895e-06
8.801532387449351180e-06
8.815436023129185478e-06
8.829236450661262503e-06
8.842933525508422238e-06
8.856527103908492377e-06
8.870017042881227221e-06
8.883403200219634060e-06
8.896685434496044709e-06
8.909863605055610286e-06
8.922937572019336988e-06
8.935907196289723936e-06
8.948772339541222198e-06
8.961532864229775769e-06
8.974188633582846908e-06
8.986739511603319269e-06
8.999185363077304156e-06
9.011526053561130095e-06
9.023761449393485901e-06
9.035891417684144972e-06
9.047915826319169463e-06
9.059834543965680775e-06
9.071647440064486978e-06
9.083354384836154344e-06
9.094955249271900050e-06
9.106449905141398432e-06
9.117838224995383073e-06
9.129120082154371096e-06
9.140295350723408319e-06
9.151363905576456736e-06
9.162325622365068145e-06
9.173180377522287265e-06
9.183928048252243403e-06
9.194568512541426153e-06
9.205101649146976012e-06
9.215527337602755914e-06
9.225845458223688039e-06
9.236055892099682280e-06
9.246158521093467836e-06
9.256153227849700516e-06
9.266039895782385988e-06
9.275818409093528061e-06
9.285488652750577276e-06
9.295050512499441336e-06
9.304503874869689273e-06
9.313848627155903170e-06
9.323084657443265338e-06
9.332211854582404820e-06
9.341230108200673093e-06
9.350139308710384012e-06
9.358939347289731842e-06
9.367630115905342669e-06
9.376211507289289315e-06
9.384683414954703845e-06
9.393045733193609165e-06
9.401298357067811723e-06
9.409441182426248745e-06
9.417474105884171554e-06
9.425397024835722309e-06
9.433209837458270824e-06
9.440912442693332601e-06
9.448504740273457048e-06
9.455986630697073986e-06
9.463358015240636717e-06
9.470618795962091468e-06
9.477768875687866967e-06
9.484808158032823761e-06
9.491736547377269129e-06
9.498553948879100151e-06
9.505260268481176278e-06
9.511855412890936334e-06
9.518339289605985687e-06
9.524711806889810117e-06
9.530972873783918886e-06
9.537122400110446818e-06
9.543160296461745962e-06
9.549086474216865461e-06
9.554900845522469599e-06
9.560603323300644052e-06
9.566193821261038954e-06
9.571672253873113323e-06
9.577038536403431612e-06
9.582292584875765074e-06
9.587434316099714693e-06
9.592463647663772297e-06
9.597380497922310127e-06
9.602184786022469054e-06
9.606876431872933553e-06
9.611455356163881025e-06
9.615921480366981799e-06
9.620274726720653979e-06
9.624515018251747489e-06
9.628642278752992667e-06
9.632656432796878054e-06
9.636557405738252480e-06
9.640345123697845187e-06
9.644019513583949876e-06
9.647580503073342750e-06
9.651028020620823489e-06
9.654361995462684698e-06
9.657582357601966760e-06
9.660689037831876602e-06
9.663681967710634202e-06
9.666561079574483017e-06
9.669326306542894156e-06
9.671977582502086501e-06
9.674514842125843395e-06
9.676938020858165401e-06
9.679247054914137671e-06
9.681441881299011898e-06
9.683522437781318104e-06
9.685488662916283409e-06
9.687340496028484793e-06
9.689077877219655355e-06
9.690700747372153756e-06
9.692209048142892691e-06
9.693602721967675695e-06
9.694881712051656164e-06
9.696045962381480421e-06
9.697095417721818267e-06
9.698030023610158812e-06
9.698849726364616730e-06
9.699554473077860728e-06
9.700144211612776735e-06
9.700618890621549861e-06
9.700978459521378272e-06
9.701222868513555142e-06
9.701352068572192955e-06
9.701366011445958226e-06
9.701264649665877760e-06
9.701047936533195581e-06
9.700715826133250730e-06
9.700268273320732104e-06
9.699705233727484721e-06
9.699026663766846523e-06
9.698232520622372677e-06
9.697322762263448082e-06
9.696297347426205415e-06
9.695156235624800833e-06
9.693899387154883418e-06
9.692526763084921559e-06
9.691048818780655105e-06
9.689522950171239324e-06
9.687958736495118350e-06
9.686357228133428421e-06
9.684719482428751081e-06
9.683046563700725695e-06
9.681339543226100131e-06
9.679599499254343264e-06
9.677827517005910263e-06
9.676024688667038409e-06
9.674192113394951276e-06
9.672330897312654552e-06
9.670442153505466598e-06
9.668527002039233043e-06
9.666586569938642737e-06
9.664621991202840268e-06
9.662634406793282893e-06
9.660624964641546797e-06
9.658594819651929175e-06
9.656545133692774618e-06
9.654477075597342473e-06
9.652391821175949904e-06
9.650290553198624666e-06
9.648174461408115521e-06
9.646044742518157522e-06
9.643902600200461583e-06
9.641749245109000610e-06
9.639585894851386561e-06
9.637413774016626022e-06
9.635234114153436169e-06
9.633048153779785738e-06
9.630857138386364480e-06
9.628662320424440091e-06
9.626464959325807536e-06
9.624266321477635555e-06
