-3.434283889524603062e-04
-3.434282828826962231e-04
-3.434275394023356132e-04
-3.434255194982027692e-04
-3.434215836490839280e-04
-3.434150843933669872e-04
-3.434053367187273054e-04
-3.433916776465206766e-04
-3.433734587330872223e-04
-3.433500427865721072e-04
-3.433208038669255391e-04
-3.432851272858750136e-04
-3.432424096071473585e-04
-3.431920586460801559e-04
-3.431334934697605199e-04
-3.430661443973581637e-04
-3.429894529996257990e-04
-3.429028720991211809e-04
-3.428058657703736412e-04
-3.426979093394122433e-04
-3.425784893844596724e-04
-3.424471037352661007e-04
-3.423032614734700108e-04
-3.421464829326259505e-04
-3.419762996978437108e-04
-3.417922546062879263e-04
-3.415939017467339855e-04
-3.413808064598455871e-04
-3.411525453382302508e-04
-3.409087062260784950e-04
-3.406488882193858814e-04
-3.403727016662028149e-04
-3.400797681661904548e-04
-3.397697205708427592e-04
-3.394422029834309740e-04
-3.390968707590175102e-04
-3.387333905046641114e-04
-3.383514400790293974e-04
-3.379507085925770316e-04
-3.375308964077838869e-04
-3.370917151387098354e-04
-3.366328876513030588e-04
-3.361541480633445378e-04
-3.356552417442815184e-04
-3.351359253156438456e-04
-3.345947452844943992e-04
-3.340276942560005402e-04
-3.334345219272172312e-04
-3.328152776346654518e-04
-3.321700121612786161e-04
-3.314987777362499166e-04
-3.308016280349906912e-04
-3.300786181794079788e-04
-3.293298047374881854e-04
-3.285552457235052515e-04
-3.277550005982288184e-04
-3.269291302684662615e-04
-3.260776970874512681e-04
-3.252007648546217933e-04
-3.242983988156894481e-04
-3.233706656628615450e-04
-3.224176335343692523e-04
-3.214393720148006617e-04
-3.204359521351424211e-04
-3.194074463725438129e-04
-3.183539286504832866e-04
-3.172754743386990706e-04
-3.161721602532030495e-04
-3.150440646564056646e-04
-3.138912672568938689e-04
-3.127138492094866384e-04
-3.115118931154847726e-04
-3.102854830223100713e-04
-3.090347044236996243e-04
-3.077596442596919335e-04
-3.064603909165575235e-04
-3.051370342270209868e-04
-3.037896654699279164e-04
-3.024183773703559286e-04
-3.010232640999199738e-04
-2.996044212763143699e-04
-2.981619459635348468e-04
-2.966959366719479352e-04
-2.952064933580411665e-04
-2.936937174248532845e-04
-2.921577117214885222e-04
-2.905985805433247693e-04
-2.890164296322911275e-04
-2.874113661762711658e-04
-2.857834988096163986e-04
-2.841329376129381190e-04
-2.824597941130241319e-04
-2.807641812831718209e-04
-2.790462135427718149e-04
-2.773060067575022769e-04
-2.755436782395231932e-04
-2.737593467470600395e-04
-2.719531324847229703e-04
-2.701251571033264076e-04
-2.682755437000416965e-04
-2.664044168184248607e-04
-2.645119024481251691e-04
-2.625981280251071803e-04
-2.606632224317756430e-04
-2.587073159966840619e-04
-2.567305404946873537e-04
-2.547330291469418473e-04
-2.527149166208358944e-04
-2.506763390302119143e-04
-2.486174339350055718e-04
-2.465383403414678209e-04
-2.444391987023036839e-04
-2.423201509163114276e-04
-2.401813403286323645e-04
-2.380229117307092190e-04
-2.358450113602167386e-04
-2.336477869012559827e-04
-2.314313874840628893e-04
-2.291959636851539917e-04
-2.269416675275276463e-04
-2.246686524802476992e-04
-2.223770734587418585e-04
-2.200670868247461831e-04
-2.177388503861732438e-04
-2.153925233974451903e-04
-2.130282665590704783e-04
-2.106462420178381589e-04
-2.082466133670191066e-04
-2.058295456459635631e-04
-2.033952053403925708e-04
-2.009437603822800122e-04
-1.984753801498664871e-04
-1.959902354678327852e-04
-1.934884986069737578e-04
-1.909703432843440352e-04
-1.884359446634870094e-04
-1.858854793540670736e-04
-1.833191254120569713e-04
-1.807370623397377973e-04
-1.781394710855949137e-04
-1.755265340446024447e-04
-1.728984350578277596e-04
-1.702553594126257619e-04
-1.675974938428262395e-04
-1.649250265283314087e-04
-1.622381470954212257e-04
-1.595370466166493029e-04
-1.568219176107873980e-04
-1.540929540430890921e-04
-1.513503513249012111e-04
-1.485943063138372988e-04
-1.458250173140274164e-04
-1.430426840756601758e-04
-1.402475077952880511e-04
-1.374396911157302337e-04
-1.346194381260448769e-04
-1.317869543617788963e-04
-1.289424468045377581e-04
-1.260861238822491570e-04
-1.232181954692809778e-04
-1.203388728861221058e-04
-1.174483688995940633e-04
-1.145468977228197849e-04
-1.116346750151160638e-04
-1.087119178823127419e-04
-1.057788448763051503e-04
-1.028356759952726851e-04
-9.988263268389738214e-05
-9.691993783292676690e-05
-9.394781577947222684e-05
-9.096649230692574473e-05
-8.797619464489397911e-05
-8.497715146947928955e-05
-8.196959290285646405e-05
-7.895375051349823314e-05
-7.592985731634874225e-05
-7.289814777244191246e-05
-6.985885778916858802e-05
-6.681222472019673897e-05
-6.375848736542288897e-05
-6.069788597122018070e-05
-5.763066223004459365e-05
-5.455705928064484567e-05
-5.147732170825147779e-05
-4.839169554417613317e-05
-4.530042826608911277e-05
-4.220376879793784342e-05
-3.910196750989657077e-05
-3.599527621861789428e-05
-3.288394818684071963e-05
-2.976823812359148669e-05
-2.664840218437845853e-05
-2.352469797079620450e-05
-2.039738453079188024e-05
-1.726672235859583876e-05
-1.413297339465831304e-05
-1.099640102591266030e-05
-7.857270085378977725e-06
-4.715846852360776678e-06
-1.572399052647728557e-06
1.572804141885977922e-06
4.719492113031565489e-06
7.867392796228212665e-06
1.101623268078000262e-05
1.416573680950664743e-05
1.731562877907519976e-05
2.046563073986908121e-05
2.361546339585407495e-05
2.676484600490792315e-05
2.991349637849159693e-05
3.306113088178200266e-05
3.620746443380729040e-05
3.935221050710251134e-05
4.249508112805742976e-05
4.563578687677601053e-05
4.877403688694111061e-05
5.190953884615621960e-05
5.504199899560024978e-05
5.817112213016978339e-05
6.129661159861264641e-05
6.441816930318616796e-05
6.753549570000239033e-05
7.064828979888235216e-05
7.375624916322945368e-05
7.685906991036772773e-05
7.995644671119836455e-05
8.304807279033502021e-05
8.613363992625300281e-05
8.921283845092151110e-05
9.228535725017486535e-05
9.535088376355985162e-05
9.840910398419694394e-05
1.014597024591272489e-04
1.045023622889794390e-04
1.075367651280807746e-04
1.105625911846305764e-04
1.135795192203185866e-04
1.165872265506996686e-04
1.195853890450342127e-04
1.225736811261736448e-04
1.255517757708761450e-04
1.285193445094874598e-04
1.314760574260553927e-04
1.344215831585032772e-04
1.373555888982413986e-04
1.402777403905416942e-04
1.431877019343885671e-04
1.460851363823470472e-04
1.489697051409027972e-04
1.518410681701151677e-04
1.546988839837629137e-04
1.575428096494829733e-04
1.603725007884027054e-04
1.631876115755145906e-04
1.659877947395374531e-04
1.687727015627429883e-04
1.715419818813374020e-04
1.742952840851075269e-04
1.770322551175526615e-04
1.797525404760164092e-04
1.824557842113605499e-04
1.851416289282981076e-04
1.878097157852476329e-04
1.904596844942360589e-04
1.930911733211693182e-04
1.957038190855547866e-04
1.982972571606123058e-04
2.008711214734129613e-04
2.034250445045321376e-04
2.059586572884034017e-04
2.084715894131727865e-04
2.109634690205738905e-04
2.134339228062401284e-04
2.158825760194063581e-04
2.183090524630060258e-04
2.207129744938238214e-04
2.230939630221764891e-04
2.254516375121973226e-04
2.277856159817667758e-04
2.300955150023251128e-04
2.323809496992401691e-04
2.346415337514534682e-04
2.368772124455784112e-04
2.390916661190317649e-04
2.412858050179350622e-04
2.434593686943403723e-04
2.456121041198994215e-04
2.477437656857456316e-04
2.498541152027994316e-04
2.519429219014629462e-04
2.540099624317448956e-04
2.560550208633577407e-04
2.580778886854401266e-04
2.600783648068621945e-04
2.620562555560868034e-04
2.640113746810862638e-04
2.659435433495643819e-04
2.678525901487344152e-04
2.697383510854162170e-04
2.716006695861611364e-04
2.734393964968911961e-04
2.752543900833154256e-04
2.770455160306939391e-04
2.788126474437824243e-04
2.805556648471513315e-04
2.822744561847972955e-04
2.839689168203374248e-04
2.856389495371619569e-04
2.872844645380179252e-04
2.889053794453699808e-04
2.905016193013587600e-04
2.920731165674955720e-04
2.936198111251897558e-04
2.951416502752490789e-04
2.966385887381156605e-04
2.981105886539492378e-04
2.995576195823357324e-04
3.009796585025786841e-04
3.023766898135743508e-04
3.037487053337145637e-04
3.050957043011504055e-04
3.064176933735424102e-04
3.077146866281577076e-04
3.089867055619255343e-04
3.102337790912845783e-04
3.114559435523078790e-04
3.126532427007444603e-04
3.138257277117695310e-04
3.149734571803730621e-04
3.160964971210128427e-04
3.171949209677532577e-04
3.182688095743763101e-04
3.193182512140763096e-04
3.203433415797929396e-04
3.213441837840586013e-04
3.223208883588735141e-04
3.232735732560249042e-04
3.242023638467955715e-04
3.251073929220332781e-04
3.259888006923866710e-04
3.268467347878334373e-04
3.276813502581105153e-04
3.284928095725891950e-04
3.292812826200530729e-04
3.300469467091282638e-04
3.307899865678948226e-04
3.315105943440116443e-04
3.322089696049523866e-04
3.328853193374919917e-04
3.335398579482062864e-04
3.341728072632499380e-04
3.347843965282037981e-04
3.353748624085606256e-04
3.359444489891699748e-04
3.364934077745296293e-04
3.370219976888966240e-04
3.375304850758709119e-04
3.380191436988394527e-04
3.384882547407819242e-04
3.389381068040903111e-04
3.393689959110407495e-04
3.397812255033216822e-04
3.401751064422559034e-04
3.405509570088699478e-04
3.409091029036026566e-04
3.412498772466660002e-04
3.415736205777952783e-04
3.418806808562768751e-04
3.421714134611564262e-04
3.424461811909196296e-04
3.427053542637004124e-04
3.429493103173919533e-04
3.431784344092025929e-04
3.433931190161276792e-04
3.435937640348107891e-04
3.437807767812384174e-04
3.439545719913228439e-04
3.441155718203470215e-04
3.442642058433253993e-04
3.444009110548373886e-04
3.445261318689996077e-04
3.446403201196046595e-04
3.447439350600656205e-04
3.448374433632217517e-04
3.449213191218103436e-04
3.449960438479116043e-04
3.450621064732817267e-04
3.451200033494361552e-04
3.451702382472054964e-04
3.452133223572351195e-04
3.452497742897631117e-04
3.452801200744259891e-04
3.453048931607305416e-04
3.453246344176374993e-04
3.453398921337280658e-04
3.453512220172316738e-04
3.453591871958872073e-04
3.453643582170817794e-04
3.453673130479062436e-04
3.453686370747943712e-04
