-1.000562548498681315e-01
-1.000562548420068643e-01
-1.000562544632030981e-01
-1.000562521017478446e-01
-1.000562448190185361e-01
-1.000562286344199858e-01
-1.000561985270461696e-01
-1.000561484356790043e-01
-1.000560712587901246e-01
-1.000559588545386625e-01
-1.000558020407734672e-01
-1.000555905950320512e-01
-1.000553099380531163e-01
-1.000549368287786400e-01
-1.000544485128347927e-01
-1.000538225566938166e-01
-1.000530368306062345e-01
-1.000520695086000722e-01
-1.000508990684821908e-01
-1.000495042918370103e-01
-1.000478642640272864e-01
-1.000459583741947212e-01
-1.000437663152579093e-01
-1.000412680839146695e-01
-1.000384439806401571e-01
-1.000352746096880852e-01
-1.000317408790907248e-01
-1.000278240006574060e-01
-1.000235054899768494e-01
-1.000187671664150568e-01
-1.000135911531163657e-01
-1.000079598770040601e-01
-1.000018560687780944e-01
-9.999526276291831328e-02
-9.998816329768106526e-02
-9.998054131510192288e-02
-9.997238076099457249e-02
-9.996366588495014804e-02
-9.995438124033872995e-02
-9.994451168430795729e-02
-9.993404237778408250e-02
-9.992295878547158283e-02
-9.991124667585216113e-02
-9.989889212118735484e-02
-9.988588149751476131e-02
-9.987220148465181246e-02
-9.985783906619394301e-02
-9.984278152951353569e-02
-9.982701646576247478e-02
-9.981053176986992570e-02
-9.979331564054372272e-02
-9.977535658027003596e-02
-9.975664339531215008e-02
-9.973716519571285133e-02
-9.971691139529187398e-02
-9.969587171164784323e-02
-9.967403616615783113e-02
-9.965139508397602430e-02
-9.962793909403594439e-02
-9.960365912904806107e-02
-9.957854642550190150e-02
-9.955259252366527312e-02
-9.952578926758304245e-02
-9.949812880507963309e-02
-9.946960358775625011e-02
-9.944020637099321158e-02
-9.940993021394922691e-02
-9.937876847955984250e-02
-9.934671483454049490e-02
-9.931376324938301359e-02
-9.927990799835861857e-02
-9.924514365951664363e-02
-9.920946511468364815e-02
-9.917286754946547100e-02
-9.913534645324517669e-02
-9.909689761918455408e-02
-9.905751714422383891e-02
-9.901720142908021494e-02
-9.897594717825081156e-02
-9.893375140000870704e-02
-9.889061021172684818e-02
-9.884651986227510623e-02
-9.880147974282271761e-02
-9.875548932984135053e-02
-9.870854811523882555e-02
-9.866065560636105847e-02
-9.861181132599139421e-02
-9.856201481234938555e-02
-9.851126561909345769e-02
-9.845956331531763306e-02
-9.840690748555480649e-02
-9.835329772977480234e-02
-9.829873366338381935e-02
-9.824321491722637356e-02
-9.818674113758424360e-02
-9.812931198617591555e-02
-9.807092714015802626e-02
-9.801158629212342044e-02
-9.795128915010331561e-02
-9.789003543756596981e-02
-9.782782489341651511e-02
-9.776465727199812328e-02
-9.770053234309034051e-02
-9.763544989191075274e-02
-9.756940971911443050e-02
-9.750241164079309630e-02
-9.743445548847629034e-02
-9.736554110913053783e-02
-9.729566836515968209e-02
-9.722483713440566166e-02
-9.715304731014634543e-02
-9.708029880109836363e-02
-9.700659153141460989e-02
-9.693192544068551797e-02
-9.685630048393961689e-02
-9.677971663164153249e-02
-9.670217386969426343e-02
-9.662367219943729379e-02
-9.654421163764798086e-02
-9.646379221654111102e-02
-9.638241398376795610e-02
-9.630007700241827173e-02
-9.621678135101796592e-02
-9.613252712353104190e-02
-9.604731442935893204e-02
-9.596114339333949861e-02
-9.587401415574897667e-02
-9.578592687229997571e-02
-9.569688171414303390e-02
-9.560687886786622958e-02
-9.551591853549412647e-02
-9.542400093448927256e-02
-9.533112629775108982e-02
-9.523729487361670687e-02
-9.514250692586062597e-02
-9.504676273369416784e-02
-9.495006259176647090e-02
-9.485240681016349207e-02
-9.475379571440889492e-02
-9.465422964546393869e-02
-9.455370895972636802e-02
-9.445223402903213383e-02
-9.434980524065350593e-02
-9.424642299730096040e-02
-9.414208771712223589e-02
-9.403679983370177853e-02
-9.393055979606207417e-02
-9.382336806866198309e-02
-9.371522513139851629e-02
-9.360613147960616942e-02
-9.349608762405575701e-02
-9.338509409095646641e-02
-9.327315142195391484e-02
-9.316026017413148175e-02
-9.304642092001036424e-02
-9.293163424754785629e-02
-9.281590076014001323e-02
-9.269922107661859867e-02
-9.258159583125408210e-02
-9.246302567375391801e-02
-9.234351126926215736e-02
-9.222305329836127941e-02
-9.210165245706986026e-02
-9.197930945684484882e-02
-9.185602502458023455e-02
-9.173179990260688088e-02
-9.160663484869363549e-02
-9.148053063604572044e-02
-9.135348805330673061e-02
-9.122550790455724590e-02
-9.109659100931466469e-02
-9.096673820253448062e-02
-9.083595033460850621e-02
-9.070422827136687127e-02
-9.057157289407680167e-02
-9.043798509944234176e-02
-9.030346579960557563e-02
-9.016801592214485073e-02
-9.003163641007677631e-02
-8.989432822185544625e-02
-8.975609233137127330e-02
-8.961692972795298751e-02
-8.947684141636563782e-02
-8.933582841681236841e-02
-8.919389176493386362e-02
-8.905103251180696011e-02
-8.890725172394720044e-02
-8.876255048330622399e-02
-8.861692988727370990e-02
-8.847039104867693293e-02
-8.832293509577932022e-02
-8.817456317228300477e-02
-8.802527643732616092e-02
-8.787507606548528027e-02
-8.772396324677400603e-02
-8.757193918664246679e-02
-8.741900510597938601e-02
-8.726516224110947295e-02
-8.711041184379586522e-02
-8.695475518123879644e-02
-8.679819353607498567e-02
-8.664072820637974681e-02
-8.648236050566437960e-02
-8.632309176287861208e-02
-8.616292332240926832e-02
-8.600185654407976887e-02
-8.583989280315174053e-02
-8.567703349032340654e-02
-8.551328001173086335e-02
-8.534863378894763652e-02
-8.518309625898379256e-02
-8.501666887428743768e-02
-8.484935310274344111e-02
-8.468115042767443423e-02
-8.451206234784058857e-02
-8.434209037743861659e-02
-8.417123604610282639e-02
-8.399950089890562133e-02
-8.382688649635533507e-02
-8.365339441439906265e-02
-8.347902624441994046e-02
-8.330378359323914461e-02
-8.312766808311550237e-02
-8.295068135174393786e-02
-8.277282505225824760e-02
-8.259410012704299087e-02
-8.241449460981847830e-02
-8.223400406554609576e-02
-8.205262892164680300e-02
-8.187036959894117283e-02
-8.168722651164750381e-02
-8.150320006738390188e-02
-8.131829066716719789e-02
-8.113249870541236475e-02
-8.094582456993429376e-02
-8.075826864194540766e-02
-8.056983129605804761e-02
-8.038051290028316864e-02
-8.019031381603000663e-02
-7.999923439810757708e-02
-7.980727499472256570e-02
-7.961443594748132679e-02
-7.942071759138921716e-02
-7.922612025484954135e-02
-7.903064425966546680e-02
-7.883428992103808097e-02
-7.863705754756766808e-02
-7.843894744125390339e-02
-7.823995989749424340e-02
-7.804009520508597975e-02
-7.783935364622449060e-02
-7.763773549650421213e-02
-7.743524102491905481e-02
-7.723187049386054381e-02
-7.702762415912028926e-02
-7.682250226988768249e-02
-7.661650506875161692e-02
-7.640963279169993294e-02
-7.620188566811847419e-02
-7.599326392079303050e-02
-7.578376776590706188e-02
-7.557339741304378022e-02
-7.536215306518517787e-02
-7.515003491871127816e-02
-7.493704316340205063e-02
-7.472317798243516274e-02
-7.450843955238800609e-02
-7.429282804323669720e-02
-7.407634361835566117e-02
-7.385898643451871415e-02
-7.364075664189798087e-02
-7.342165438406494937e-02
-7.320167979798991587e-02
-7.298083301404151291e-02
-7.275911415598773635e-02
-7.253652334099489063e-02
-7.231306067962864348e-02
-7.208872627585355408e-02
-7.186352022703221265e-02
-7.163744262392715556e-02
-7.141049355069864490e-02
-7.118267308490650036e-02
-7.095398129750957184e-02
-7.072441825286462924e-02
-7.049398400872830539e-02
-7.026267861625523636e-02
-7.003050211999922725e-02
-6.979745455791347419e-02
-6.956353596134873252e-02
-6.932874635505603678e-02
-6.909308575718409173e-02
-6.885655417928093769e-02
-6.861915162629395049e-02
-6.838087809656806515e-02
-6.814173358184849594e-02
-6.790171806727801629e-02
-6.766083153139915152e-02
-6.741907394615317961e-02
-6.717644527687938183e-02
-6.693294548231704111e-02
-6.668857451460330488e-02
-6.644333231927462835e-02
-6.619721883526666351e-02
-6.595023399491281579e-02
-6.570237772394671438e-02
-6.545364994149932558e-02
-6.520405056010158962e-02
-6.495357948568331041e-02
-6.470223661757201761e-02
-6.445002184849552007e-02
-6.419693506457901933e-02
-6.394297614534763530e-02
-6.368814496372535161e-02
-6.343244138603384985e-02
-6.317586527199511859e-02
-6.291841647472862231e-02
-6.266009484075363289e-02
-6.240090020998828590e-02
-6.214083241574852590e-02
-6.187989128475041012e-02
-6.161807663710772154e-02
-6.135538828633385622e-02
-6.109182603934112943e-02
-6.082738969643963767e-02
-6.056207905133978442e-02
-6.029589389114936582e-02
-6.002883399637598538e-02
-5.976089914092616584e-02
-5.949208909210429441e-02
-5.922240361061481551e-02
-5.895184245055976047e-02
-5.868040535944099578e-02
-5.840809207815914061e-02
-5.813490234101278964e-02
-5.786083587570051145e-02
-5.758589240331868364e-02
-5.731007163836321361e-02
-5.703337328872898349e-02
-5.675579705570876765e-02
-5.647734263399534216e-02
-5.619800971167915327e-02
-5.591779797025045462e-02
-5.563670708459816927e-02
-5.535473672300930681e-02
-5.507188654717096177e-02
-5.478815621216759357e-02
-5.450354536648374659e-02
-5.421805365200241256e-02
-5.393168070400491954e-02
-5.364442615117220869e-02
-5.335628961558377958e-02
-5.306727071271746810e-02
-5.277736905145088975e-02
-5.248658423405938578e-02
-5.219491585621810481e-02
-5.190236350700082324e-02
-5.160892676887952890e-02
-5.131460521772596151e-02
-5.101939842280976689e-02
-5.072330594680021787e-02
-5.042632734576524278e-02
-5.012846216917107856e-02
-4.982970995988358909e-02
-4.953007025416664155e-02
-4.922954258168370234e-02
-4.892812646549690725e-02
-4.862582142206661739e-02
-4.832262696125295964e-02
-4.801854258631393924e-02
-4.771356779390713287e-02
-4.740770207408900871e-02
-4.710094491031402431e-02
-4.679329577943656948e-02
-4.648475415170878755e-02
-4.617531949078243492e-02
-4.586499125370810392e-02
-4.555376889093461223e-02
-4.524165184631036285e-02
-4.492863955708181756e-02
-4.461473145389480144e-02
-4.429992696079423919e-02
-4.398422549522298941e-02
-4.366762646802369030e-02
-4.335012928343699723e-02
-4.303173333910295661e-02
-4.271243802606061735e-02
-4.239224272874707322e-02
-4.207114682499916991e-02
-4.174914968605164534e-02
-4.142625067653885051e-02
-4.110244915449395853e-02
-4.077774447134822899e-02
-4.045213597193274280e-02
-4.012562299447647307e-02
-3.979820487060781176e-02
-3.946988092535423653e-02
-3.914065047714117285e-02
-3.881051283779386740e-02
-3.847946731253545916e-02
-3.814751319998861689e-02
-3.781464979217491473e-02
-3.748087637451397169e-02
-3.714619222582525582e-02
-3.681059661832608576e-02
-3.647408881763328226e-02
-3.613666808276271014e-02
-3.579833366612804324e-02
-3.545908481354297093e-02
-3.511892076421906095e-02
-3.477784075076729986e-02
-3.443584399919770445e-02
-3.409292972891812823e-02
-3.374909715273652355e-02
-3.340434547685855460e-02
-3.305867390088944313e-02
-3.271208161783335788e-02
-3.236456781409241534e-02
-3.201613166946869204e-02
-3.166677235716203187e-02
-3.131648904377187792e-02
-3.096528088929657863e-02
-3.061314704713238855e-02
-3.026008666407563330e-02
-2.990609888032036423e-02
-2.955118282946012087e-02
-2.919533763848747299e-02
-2.883856242779295198e-02
-2.848085631116695216e-02
-2.812221839579773230e-02
-2.776264778227305330e-02
-2.740214356457970624e-02
-2.704070483010230508e-02
-2.667833065962553485e-02
-2.631502012733172302e-02
-2.595077230080294894e-02
-2.558558624102008627e-02
-2.521946100236201194e-02
-2.485239563260757678e-02
-2.448438917293327410e-02
-2.411544065791537683e-02
-2.374554911552897996e-02
-2.337471356714708459e-02
-2.300293302754276292e-02
-2.263020650488671570e-02
-2.225653300074934005e-02
-2.188191151009998003e-02
-2.150634102130577485e-02
-2.112982051613407353e-02
-2.075234896974964549e-02
-2.037392535071716471e-02
-1.999454862100009250e-02
-1.961421773595985185e-02
-1.923293164435784658e-02
-1.885068928835312296e-02
-1.846748960350449997e-02
-1.808333151876970885e-02
-1.769821395650424123e-02
-1.731213583246376392e-02
-1.692509605580150289e-02
-1.653709352907045682e-02
-1.614812714822250889e-02
-1.575819580260741370e-02
-1.536729837497493451e-02
-1.497543374147253248e-02
-1.458260077164744151e-02
-1.418879832844564121e-02
-1.379402526821109365e-02
-1.339828044068779728e-02
-1.300156268901736523e-02
-1.260387084974125271e-02
-1.220520375279952191e-02
-1.180556022153038398e-02
-1.140493907267184359e-02
-1.100333911636042217e-02
-1.060075915613093930e-02
-1.019719798891792137e-02
-9.792654405053877187e-03
-9.387127188270810718e-03
-8.980615115699527168e-03
-8.573116957869036242e-03
-8.164631478708057888e-03
-7.755157435543266753e-03
-7.344693579100863845e-03
-6.933238653505865295e-03
-6.520791396281436225e-03
-6.107350538350493629e-03
-5.692914804033846754e-03
-5.277482911051956105e-03
-4.861053570523991493e-03
-4.443625486967346314e-03
-4.025197358299046138e-03
-3.605767875834149302e-03
-3.185335724287308157e-03
-2.763899581771863539e-03
-2.341458119799339974e-03
-1.918010003281048551e-03
-1.493553890526213429e-03
-1.068088433243546964e-03
-6.416122765406618526e-04
-2.141240589233606552e-04
2.143775877029359834e-04
6.438940380348900146e-04
1.074426673369460739e-03
1.505976881604895873e-03
1.938546057241308240e-03
2.372135601378922397e-03
2.806746921720313509e-03
3.242381432568303135e-03
3.679040554826849135e-03
4.116725716001939928e-03
4.555438350199536232e-03
4.995179898128174895e-03
5.435947669269303173e-03
5.877734832062473519e-03
6.320542602900644513e-03
6.764372419536403280e-03
7.209225709499878648e-03
7.655103890096284780e-03
8.102008368407107725e-03
8.549940541290837470e-03
8.998901795380938318e-03
9.448893507088402394e-03
9.899917042599334915e-03
1.035197375787610952e-02
1.080506499865806214e-02
1.125919210045955160e-02
1.171435638857244027e-02
1.217055917806372789e-02
1.262780177377662016e-02
1.308608547033138225e-02
1.354541155212321546e-02
1.400578129332489402e-02
1.446719595788424628e-02
1.492965679952538982e-02
1.539316506174945309e-02
1.585772197783252152e-02
1.632332877082821182e-02
1.678998665356526421e-02
1.725769682864868731e-02
1.772646048846043820e-02
1.819627881515751416e-02
1.866715298067440215e-02
1.913908414672071956e-02
1.961207346478232444e-02
2.008612207612207878e-02
2.056123111177785706e-02
2.103740169256501646e-02
2.151463492907404462e-02
2.199293192167168370e-02
2.247229376050159655e-02
2.295272152548275685e-02
2.343421628631116305e-02
2.391677910245827710e-02
2.440041102317169752e-02
2.488511308747597128e-02
2.537088632417096312e-02
2.585773175183352091e-02
2.634565037881597682e-02
2.683464320324685515e-02
2.732471121303153838e-02
2.781585538585074069e-02
2.830807668916227038e-02
2.880137608019930906e-02
2.929575450597118880e-02
2.979121290326422478e-02
3.028775219864002222e-02
3.078537330843723885e-02
3.128407713876990570e-02
3.178386458552828753e-02
3.228473653437954893e-02
3.278669386076617231e-02
3.328973742990767870e-02
3.379386809679901793e-02
3.429908670621130418e-02
3.480539409269253759e-02
3.531279108056614713e-02
3.582127848393248937e-02
3.633085710666741908e-02
3.684152774242288597e-02
3.735329117462782289e-02
3.786614817648649434e-02
3.838009951098012018e-02
3.889514593086546013e-02
3.941128817867532719e-02
3.992852698671957301e-02
4.044686307708322826e-02
4.096629716162852874e-02
4.148682994199301421e-02
4.200846210959044424e-02
4.253119434561142276e-02
4.305502732102205188e-02
4.357996169656525032e-02
4.410599812275955989e-02
4.463313723989950632e-02
4.516137967805673725e-02
4.569072605707805157e-02
4.622117698658737006e-02
4.675273306598401457e-02
4.728539488444349903e-02
4.781916302091823723e-02
4.835403804413600237e-02
4.889002051260153692e-02
4.942711097459501213e-02
4.996530996817286074e-02
5.050461802116837373e-02
5.104503565119045128e-02
5.158656336562386646e-02
5.212920166163059754e-02
5.267295102614749647e-02
5.321781193588900893e-02
5.376378485734462087e-02
5.431087024678019071e-02
5.485906855023842121e-02
5.540838020353716642e-02
5.595880563227162430e-02
5.651034525181228285e-02
5.706299946730580830e-02
5.761676867367571120e-02
5.817165325562084766e-02
5.872765358761727894e-02
5.928477003391630085e-02
5.984300294854544289e-02
6.040235267530924546e-02
6.096281954778728918e-02
6.152440388933649862e-02
6.208710601308914390e-02
6.265092622195359007e-02
6.321586480861529633e-02
6.378192205553459559e-02
6.434909823494947001e-02
6.491739360887291421e-02
6.548680842909423983e-02
6.605734293717971384e-02
6.662899736447064347e-02
6.720177193208584643e-02
6.777566685091918064e-02
6.835068232164082103e-02
6.892681853469795339e-02
6.950407567031274825e-02
7.008245389848485885e-02
7.066195337898906192e-02
7.124257426137642346e-02
7.182431668497496480e-02
7.240718077888777526e-02
7.299116666199528813e-02
7.357627444295328223e-02
7.416250422019363131e-02
7.474985608192524777e-02
7.533833010613205650e-02
7.592792636057552058e-02
7.651864490279208786e-02
7.711048578009463417e-02
7.770344902957293520e-02
7.829753467809175138e-02
7.889274274229338135e-02
7.948907322859530278e-02
8.008652613319114377e-02
8.068510144205159884e-02
8.128479913092229170e-02
8.188561916532641205e-02
8.248756150056224534e-02
8.309062608170442177e-02
8.369481284360436035e-02
8.430012171088874240e-02
8.490655259796150989e-02
8.551410540900189483e-02
8.612278003796527970e-02
8.673257636858411335e-02
8.734349427436580160e-02
8.795553361859528851e-02
8.856869425433261389e-02
8.918297602441410676e-02
8.979837876145302378e-02
9.041490228783766181e-02
9.103254641573385597e-02
9.165131094708250936e-02
9.227119567360078656e-02
9.289220037678283526e-02
9.351432482789806544e-02
9.413756878799281469e-02
9.476193200788907145e-02
9.538741422818489135e-02
9.601401517925520213e-02
9.664173458125024929e-02
9.727057214409745578e-02
9.790052756749950680e-02
9.853160054093532128e-02
9.916379074366085677e-02
9.979709784470713885e-02
1.004315215028824815e-01
1.010670613667704054e-01
1.017037170747308039e-01
1.023414882549004146e-01
1.029803745251911540e-01
1.036203754932921994e-01
1.042614907566680460e-01
1.049037199025593392e-01
1.055470625079837910e-01
1.061915181397341812e-01
1.068370863543805505e-01
1.074837666982681461e-01
1.081315587075187268e-01
1.087804619080306734e-01
1.094304758154777124e-01
1.100815999353108032e-01
1.107338337627561398e-01
1.113871767828161219e-01
1.120416284702702159e-01
1.126971882896729560e-01
1.133538556953561094e-01
1.140116301314267888e-01
1.146705110317683685e-01
1.153304978200410946e-01
1.159915899096803926e-01
1.166537867038989484e-01
1.173170875956846548e-01
1.179814919678018603e-01
1.186469991927915635e-01
1.193136086329701917e-01
1.199813196404312943e-01
1.206501315570436272e-01
1.213200437144523747e-01
1.219910554340793984e-01
1.226631660271221558e-01
1.233363747945548650e-01
1.240106810271272564e-01
1.246860840053654329e-01
1.253625829995720364e-01
1.260401772698257761e-01
1.267188660659807620e-01
1.273986486276686980e-01
1.280795241842960230e-01
1.287614919550464088e-01
1.294445511488793166e-01
1.301287009645298864e-01
1.308139405905105468e-01
1.315002692051087108e-01
1.321876859763889966e-01
1.328761900621914793e-01
1.335657806101323841e-01
1.342564567576050860e-01
1.349482176317775284e-01
1.356410623495956369e-01
1.363349900177801277e-01
1.370299997328282005e-01
1.377260905810138991e-01
1.384232616383863079e-01
1.391215119707720493e-01
1.398208406337728416e-01
1.405212466727666365e-01
1.412227291229083970e-01
1.419252870091281538e-01
1.426289193461333926e-01
1.433336251384065563e-01
1.440394033802067097e-01
1.447462530555694571e-01
1.454541731383058867e-01
1.461631625920042088e-01
1.468732203700279515e-01
1.475843454155168211e-01
1.482965366613875069e-01
1.490097930303317664e-01
1.497241134348188119e-01
1.504394967770930625e-01
1.511559419491750877e-01
1.518734478328623849e-01
1.525920132997277134e-01
1.533116372111209547e-01
1.540323184181677241e-01
1.547540557617690382e-01
1.554768480726037017e-01
1.562006941711251984e-01
1.569255928675641343e-01
1.576515429619270159e-01
1.583785432439960283e-01
1.591065924933305342e-01
1.598356894792649641e-01
1.605658329609110369e-01
1.612970216871558171e-01
1.620292543966625476e-01
1.627625298178714819e-01
1.634968466689977751e-01
1.642322036580342037e-01
1.649685994827485569e-01
1.657060328306850239e-01
1.664445023791646938e-01
1.671840067952836129e-01
1.679245447359155596e-01
1.686661148477090477e-01
1.694087157670892130e-01
1.701523461202579246e-01
1.708970045231922308e-01
1.716426895816466902e-01
1.723893998911507075e-01
1.731371340370103651e-01
1.738858905943084232e-01
1.746356681279027101e-01
1.753864651924285645e-01
1.761382803322966706e-01
1.768911120816935578e-01
1.776449589645829885e-01
1.783998194947037930e-01
1.791556921755721454e-01
1.799125755004794547e-01
1.806704679524931967e-01
1.814293680044581358e-01
1.821892741189938825e-01
1.829501847484973354e-01
1.837120983351410719e-01
1.844750133108733481e-01
1.852389280974196528e-01
1.860038411062806540e-01
1.867697507387341416e-01
1.875366553858332508e-01
1.883045534284074618e-01
1.890734432370631546e-01
1.898433231721815551e-01
1.906141915839216217e-01
1.913860468122173253e-01
1.921588871867789261e-01
1.929327110270935841e-01
1.937075166424236938e-01
1.944833023318088272e-01
1.952600663840639572e-01
1.960378070777802351e-01
1.968165226813255453e-01
1.975962114528433400e-01
1.983768716402541377e-01
1.991585014812534693e-01
1.999410992033135437e-01
2.007246630236831919e-01
2.015091911493867016e-01
2.022946817772253159e-01
2.030811330937757342e-01
2.038685432753908344e-01
2.046569104882003387e-01
2.054462328881094257e-01
2.062365086208001741e-01
2.070277358217302299e-01
2.078199126161333066e-01
2.086130371190200727e-01
2.094071074351765427e-01
2.102021216591656305e-01
2.109980778753259290e-01
2.117949741577719314e-01
2.125928085703953641e-01
2.133915791668628548e-01
2.141912839906184307e-01
2.149919210748813536e-01
2.157934884426471744e-01
2.165959841066883995e-01
2.173994060695525476e-01
2.182037523235645926e-01
2.190090208508245762e-01
2.198152096232089958e-01
2.206223166023711380e-01
2.214303397397395790e-01
2.222392769765199616e-01
2.230491262436932742e-01
2.238598854620169609e-01
2.246715525420250881e-01
2.254841253840274007e-01
2.262976018781096554e-01
2.271119799041346199e-01
2.279272573317400186e-01
2.287434320203411975e-01
2.295605018191286262e-01
2.303784645670687303e-01
2.311973180929053906e-01
2.320170602151571115e-01
2.328376887421201302e-01
2.336592014718657517e-01
2.344815961922414593e-01
2.353048706808718027e-01
2.361290227051562884e-01
2.369540500222719892e-01
2.377799503791709901e-01
2.386067215125817764e-01
2.394343611490097334e-01
2.402628670047353143e-01
2.410922367858163717e-01
2.419224681880858818e-01
2.427535588971532765e-01
2.435855065884047210e-01
2.444183089270015596e-01
2.452519635678825916e-01
2.460864681557615730e-01
2.469218203251289379e-01
2.477580177002515760e-01
2.485950578951717782e-01
2.494329385137092903e-01
2.502716571494587039e-01
2.511112113857911776e-01
2.519515987958547698e-01
2.527928169425724958e-01
2.536348633786449369e-01
2.544777356465475204e-01
2.553214312785325180e-01
2.561659477966286014e-01
2.570112827126396771e-01
2.578574335281473284e-01
2.587043977345079293e-01
2.595521728128543648e-01
2.604007562340964199e-01
2.612501454589187255e-01
2.621003379377838671e-01
2.629513311109291096e-01
2.638031224083680626e-01
2.646557092498915131e-01
2.655090890450650387e-01
2.663632591932317273e-01
2.672182170835100679e-01
2.680739600947944501e-01
2.689304855957565521e-01
2.697877909448427314e-01
2.706458734902773000e-01
2.715047305700592495e-01
2.723643595119639715e-01
2.732247576335439243e-01
2.740859222421266339e-01
2.749478506348167484e-01
2.758105400984945943e-01
2.766739879098162880e-01
2.775381913352152896e-01
2.784031476308997943e-01
2.792688540428555632e-01
2.801353078068437030e-01
2.810025061484009434e-01
2.818704462828421353e-01
2.827391254152560873e-01
2.836085407405092296e-01
2.844786894432436708e-01
2.853495686978774759e-01
2.862211756686054431e-01
2.870935075093979383e-01
2.879665613640023381e-01
2.888403343659411981e-01
2.897148236385135300e-01
2.905900262947955781e-01
2.914659394376378776e-01
2.923425601596690293e-01
2.932198855432924800e-01
2.940979126606880767e-01
2.949766385738125662e-01
2.958560603343980411e-01
2.967361749839534379e-01
2.976169795537632612e-01
2.984984710648883044e-01
2.993806465281660389e-01
3.002635029442095593e-01
3.011470373034087489e-01
3.020312465859288364e-01
3.029161277617115622e-01
3.038016777904752885e-01
3.046878936217138900e-01
3.055747721946980855e-01
3.064623104384741614e-01
3.073505052718645825e-01
3.082393536034686576e-01
3.091288523316611525e-01
3.100189983445937880e-01
3.109097885201936307e-01
3.118012197261637586e-01
3.126932888199849270e-01
3.135859926489122373e-01
3.144793280499782462e-01
3.153732918499911886e-01
3.162678808655352003e-01
3.171630919029713169e-01
3.180589217584360862e-01
3.189553672178427335e-01
3.198524250568803851e-01
3.207500920410137901e-01
3.216483649254854860e-01
3.225472404553122452e-01
3.234467153652886284e-01
3.243467863799843198e-01
3.252474502137452927e-01
3.261487035706943649e-01
3.270505431447297551e-01
3.279529656195265819e-01
3.288559676685355870e-01
3.297595459549835795e-01
3.306636971318741569e-01
3.315684178419868733e-01
3.324737047178767946e-01
3.333795543818764417e-01
3.342859634460930152e-01
3.351929285124112257e-01
3.361004461724912962e-01
3.370085130077692948e-01
3.379171255894585224e-01
3.388262804785472371e-01
3.397359742258008186e-01
3.406462033717606031e-01
3.415569644467432719e-01
3.424682539708432394e-01
3.433800684539293213e-01
3.442924043956483438e-01
3.452052582854218121e-01
