1.284639727666910369e+00
1.282062150432620617e+00
1.279484575254293377e+00
1.276907004189998140e+00
1.274329439299155764e+00
1.271751882632405684e+00
1.269174336231547073e+00
1.266596802129537958e+00
1.264019282350497209e+00
1.261441778909702105e+00
1.258864293813590995e+00
1.256286829059759969e+00
1.253709390711814198e+00
1.251131986215641811e+00
1.248554617171268699e+00
1.245977285103326615e+00
1.243399991500345969e+00
1.240822737814755383e+00
1.238245525462883911e+00
1.235668355824957043e+00
1.233091230245100922e+00
1.230514150031339238e+00
1.227937116455595001e+00
1.225360130753689436e+00
1.222783194125342865e+00
1.220206307734174489e+00
1.217629472707701721e+00
1.215052690137341074e+00
1.212475961078407938e+00
1.209899286550115693e+00
1.207322667535577487e+00
1.204746104981804233e+00
1.202169599799705946e+00
1.199593152864091739e+00
1.197016765013668493e+00
1.194440437051043302e+00
1.191864169742720136e+00
1.189287963819103400e+00
1.186711819974494819e+00
1.184135738867096332e+00
1.181559721119006978e+00
1.178983767316225562e+00
1.176407878008649321e+00
1.173832053710074597e+00
1.171256294898195716e+00
1.168680602014606329e+00
1.166104975464798299e+00
1.163529415618163254e+00
1.160953922807989702e+00
1.158378497331467027e+00
1.155803139449681716e+00
1.153227849387619575e+00
1.150652627334165290e+00
1.148077473442102203e+00
1.145502387828111868e+00
1.142927370572775381e+00
1.140352421720571829e+00
1.137777541279879623e+00
1.135202729222975604e+00
1.132627985486035049e+00
1.130053309969132780e+00
1.127478702536240940e+00
1.124904163015232550e+00
1.122329691197876622e+00
1.119755286839843711e+00
1.117180949660701028e+00
1.114606679343915108e+00
1.112032475536851583e+00
1.109458337850774523e+00
1.106884265860846872e+00
1.104310259106130010e+00
1.101736317089583972e+00
1.099162439278068337e+00
1.096588625102340009e+00
1.094014873957056322e+00
1.091441185200771935e+00
1.088867558155940607e+00
1.086293992108915418e+00
1.083720486309947217e+00
1.081147039973186175e+00
1.078573652276681338e+00
1.076000322362380190e+00
1.073427049336128647e+00
1.070853832267671724e+00
1.068280670190653314e+00
1.065707562102615746e+00
1.063134506964999781e+00
1.060561503703146169e+00
1.057988551206292316e+00
1.055415648327576505e+00
1.052842793884034123e+00
1.050269986656600318e+00
1.047697225390108233e+00
1.045124508793290108e+00
1.042551835538777061e+00
1.039979204263098866e+00
1.037406613566683067e+00
1.034834062013857636e+00
1.032261548132848095e+00
1.029689070415779062e+00
1.027116627318673592e+00
1.024544217261453838e+00
1.021971838627939944e+00
1.019399489765852485e+00
1.016827168986808472e+00
1.014254874566325348e+00
1.011682604743818770e+00
1.009110357722602824e+00
1.006538131669890701e+00
1.003965924716794023e+00
1.001393734958323511e+00
9.988215604530441549e-01
9.962493967099320669e-01
9.936772406647964573e-01
9.911050923056432538e-01
9.885329516207368439e-01
9.859608185986007411e-01
9.833886932280158089e-01
9.808165754980227025e-01
9.782444653979193161e-01
9.756723629172630030e-01
9.731002680458690213e-01
9.705281807738114219e-01
9.679561010914226049e-01
9.653840289892935411e-01
9.628119644582734393e-01
9.602399074894703013e-01
9.576678580742504776e-01
9.550958162042390009e-01
9.525237818713191418e-01
9.499517550676324085e-01
9.473797357855796575e-01
9.448077240178192060e-01
9.422357197572689413e-01
9.396637229971042116e-01
9.370917337307591577e-01
9.345197519519269358e-01
9.319477776545584957e-01
9.293758108328639134e-01
9.268038514813111695e-01
9.242318995946268156e-01
9.216599551677961966e-01
9.190880181960633388e-01
9.165160886749300628e-01
9.139441666001568709e-01
9.113722519677632805e-01
9.088003447740264917e-01
9.062284450154832749e-01
9.036565526889276390e-01
9.010846677914129410e-01
8.985127903202505539e-01
8.959409202730108657e-01
8.933690576475222800e-01
8.907972024418717716e-01
8.882253546544051082e-01
8.856535142837257402e-01
8.830816813286967992e-01
8.805098557884389887e-01
8.779380376623319160e-01
8.753662269500134263e-01
8.727944236513798248e-01
8.702226277665863208e-01
8.676508392960463611e-01
8.650790582404317419e-01
8.625072846006728300e-01
8.599355183779584522e-01
8.573637595737361172e-01
8.547920081897117939e-01
8.522202642278496887e-01
8.496485276903724682e-01
8.470767985797617028e-01
8.445050768987570899e-01
8.419333626503571200e-01
8.393616558378182990e-01
8.367899564646561483e-01
8.342182645346440939e-01
8.316465800518146878e-01
8.290749030204584979e-01
8.265032334451249962e-01
8.239315713306217814e-01
8.213599166820146902e-01
8.187882695046287962e-01
8.162166298040470780e-01
8.136449975861115291e-01
8.110733728569217149e-01
8.085017556228368818e-01
8.059301458904736259e-01
8.033585436667080026e-01
8.007869489586738609e-01
7.982153617737635098e-01
7.956437821196286064e-01
7.930722100041782685e-01
7.905006454355807399e-01
7.879290884222626135e-01
7.853575389729084977e-01
7.827859970964623493e-01
7.802144628021258077e-01
7.776429360993597495e-01
7.750714169978827339e-01
7.724999055076724463e-01
7.699284016389646990e-01
7.673569054022539859e-01
7.647854168082932613e-01
7.622139358680939392e-01
7.596424625929257823e-01
7.570709969943171247e-01
7.544995390840550931e-01
7.519280888741847191e-01
7.493566463770101604e-01
7.467852116050933686e-01
7.442137845712554212e-01
7.416423652885755224e-01
7.390709537703915588e-01
7.364995500302997655e-01
7.339281540821546157e-01
7.313567659400695975e-01
7.287853856184165480e-01
7.262140131318256531e-01
7.236426484951855587e-01
7.210712917236432595e-01
7.184999428326045434e-01
7.159286018377337690e-01
7.133572687549536440e-01
7.107859436004448916e-01
7.082146263906474726e-01
7.056433171422592521e-01
7.030720158722372215e-01
7.005007225977960550e-01
6.979294373364096638e-01
6.953581601058098638e-01
6.927868909239872641e-01
6.902156298091911557e-01
6.876443767799286233e-01
6.850731318549660998e-01
6.825018950533277007e-01
6.799306663942966678e-01
6.773594458974144805e-01
6.747882335824810784e-01
6.722170294695549719e-01
6.696458335789526872e-01
6.670746459312498766e-01
6.645034665472808744e-01
6.619322954481376975e-01
6.593611326551711560e-01
6.567899781899906309e-01
6.542188320744640739e-01
6.516476943307180081e-01
6.490765649811370830e-01
6.465054440483644083e-01
6.439343315553022196e-01
6.413632275251104353e-01
6.387921319812081000e-01
6.362210449472723850e-01
6.336499664472390325e-01
6.310788965053022448e-01
6.285078351459147949e-01
6.259367814138190322e-01
6.233657338206483045e-01
6.207946923204935574e-01
6.182236568823820111e-01
6.156526274753900685e-01
6.130816040686433155e-01
6.105105866313165208e-01
6.079395751326331920e-01
6.053685695418669077e-01
6.027975698283394301e-01
6.002265759614225926e-01
5.976555879105367453e-01
5.950846056451513100e-01
5.925136291347856687e-01
5.899426583490073872e-01
5.873716932574343241e-01
5.848007338297325219e-01
5.822297800356173170e-01
5.796588318448540056e-01
5.770878892272559568e-01
5.745169521526868328e-01
5.719460205910582573e-01
5.693750945123321472e-01
5.668041738865188250e-01
5.642332586836782404e-01
5.616623488739190817e-01
5.590914444273996642e-01
5.565205453143272640e-01
5.539496515049581182e-01
5.513787629695979797e-01
5.488078796786016733e-01
5.462370016023729846e-01
5.436661287113652152e-01
5.410952609760805165e-01
5.385243983670703338e-01
5.359535408549355173e-01
5.333826884103254340e-01
5.308118410039395219e-01
5.282409986065257357e-01
5.256701611888811021e-01
5.230993287218526078e-01
5.205285011763353120e-01
5.179576785232746783e-01
5.153868607336642427e-01
5.128160477785470572e-01
5.102452396290159120e-01
5.076744362562118917e-01
5.051036376313259302e-01
5.025328437255974778e-01
4.999620545103160563e-01
4.973912699568194817e-01
4.948204900364950864e-01
4.922497147207795520e-01
4.896789439811583544e-01
4.871081777891665410e-01
4.845374161163880644e-01
4.819666589344559493e-01
4.793959062150529027e-01
4.768251579299099818e-01
4.742544140508083150e-01
4.716836745495775474e-01
4.691129393980966178e-01
4.665422085682939812e-01
4.639714820321467759e-01
4.614007597616817669e-01
4.588300417289746247e-01
4.562593279061498697e-01
4.536886182653820931e-01
4.511179127788940146e-01
4.485472114189585358e-01
4.459765141578968528e-01
4.434058209680796225e-01
4.408351318219270731e-01
4.382644466919080051e-01
4.356937655505408458e-01
4.331230883703929280e-01
4.305524151240806563e-01
4.279817457842700623e-01
4.254110803236758054e-01
4.228404187150621718e-01
4.202697609312423532e-01
4.176991069450786132e-01
4.151284567294828420e-01
4.125578102574154471e-01
4.099871675018867956e-01
4.074165284359554939e-01
4.048458930327302752e-01
4.022752612653682780e-01
3.997046331070761571e-01
3.971340085311098056e-01
3.945633875107740218e-01
3.919927700194230646e-01
3.894221560304602647e-01
3.868515455173376916e-01
3.842809384535575412e-01
3.817103348126700824e-01
3.791397345682756548e-01
3.765691376940232815e-01
3.739985441636111130e-01
3.714279539507868710e-01
3.688573670293469609e-01
3.662867833731374145e-01
3.637162029560532250e-01
3.611456257520382351e-01
3.585750517350860256e-01
3.560044808792389714e-01
3.534339131585888527e-01
3.508633485472764657e-01
3.482927870194916786e-01
3.457222285494738201e-01
3.431516731115111241e-01
3.405811206799412294e-01
3.380105712291505693e-01
3.354400247335753149e-01
3.328694811677002652e-01
3.302989405060595685e-01
3.277284027232367780e-01
3.251578677938641859e-01
3.225873356926236557e-01
3.200168063942461227e-01
3.174462798735112612e-01
3.148757561052487608e-01
3.123052350643365505e-01
3.097347167257024636e-01
3.071642010643231280e-01
3.045936880552242987e-01
3.020231776734812468e-01
2.994526698942179266e-01
2.968821646926080859e-01
2.943116620438740449e-01
2.917411619232874176e-01
2.891706643061693893e-01
2.866001691678897734e-01
2.840296764838680099e-01
2.814591862295724445e-01
2.788886983805204944e-01
2.763182129122792041e-01
2.737477298004640791e-01
2.711772490207406960e-01
2.686067705488229818e-01
2.660362943604743236e-01
2.634658204315075136e-01
2.608953487377841385e-01
2.583248792552153561e-01
2.557544119597611187e-01
2.531839468274305061e-01
2.506134838342823912e-01
2.480430229564239419e-01
2.454725641700123140e-01
2.429021074512531242e-01
2.403316527764018107e-01
2.377612001217624949e-01
2.351907494636884810e-01
2.326203007785827281e-01
2.300498540428966843e-01
2.274794092331316742e-01
2.249089663258376504e-01
2.223385252976137205e-01
2.197680861251087581e-01
2.171976487850200144e-01
2.146272132540946453e-01
2.120567795091285179e-01
2.094863475269665432e-01
2.069159172845034256e-01
2.043454887586823310e-01
2.017750619264961909e-01
1.992046367649867034e-01
1.966342132512447771e-01
1.940637913624107536e-01
1.914933710756737961e-01
1.889229523682726675e-01
1.863525352174948413e-01
1.837821196006770852e-01
1.812117054952056827e-01
1.786412928785155729e-01
1.760708817280913219e-01
1.735004720214662066e-01
1.709300637362232422e-01
1.683596568499940993e-01
1.657892513404596591e-01
1.632188471853504852e-01
1.606484443624455749e-01
1.580780428495738021e-01
1.555076426246127519e-01
1.529372436654891088e-01
1.503668459501792676e-01
1.477964494567081399e-01
1.452260541631503754e-01
1.426556600476294179e-01
1.400852670883178108e-01
1.375148752634378357e-01
1.349444845512601798e-01
1.323740949301053793e-01
1.298037063783427647e-01
1.272333188743906829e-01
1.246629323967171910e-01
1.220925469238389738e-01
1.195221624343223293e-01
1.169517789067824054e-01
1.143813963198834632e-01
1.118110146523393911e-01
1.092406338829126633e-01
1.066702539904155200e-01
1.040998749537088847e-01
1.015294967517028912e-01
9.895911936335728687e-02
9.638874276768037708e-02
9.381836694373024699e-02
9.124799187061367889e-02
8.867761752748666571e-02
8.610724389355477182e-02
8.353687094807216162e-02
8.096649867034276526e-02
7.839612703971908514e-02
7.582575603560337552e-02
7.325538563744661558e-02
7.068501582474898126e-02
6.811464657706024772e-02
6.554427787397873462e-02
6.297390969515255510e-02
6.040354202027856112e-02
5.783317482910275975e-02
5.526280810142075728e-02
5.269244181707676000e-02
5.012207595596469833e-02
4.755171049802726924e-02
4.498134542325635254e-02
4.241098071169337180e-02
3.984061634342839220e-02
3.727025229860120303e-02
3.469988855740034628e-02
3.212952510006351903e-02
2.955916190687804188e-02
2.698879895817979727e-02
2.441843623435442645e-02
2.184807371583631988e-02
1.927771138310901966e-02
1.670734921670568793e-02
1.413698719720806601e-02
1.156662530524764365e-02
8.996263521504507116e-03
6.425901826708485878e-03
3.855540270236010834e-03
1.285179763421096313e-03
-1.285179445690713728e-03
-3.855537410593524918e-03
-6.425894184601044223e-03
-8.996249820846156237e-03
-1.156660437228105437e-02
-1.413695789167754638e-02
-1.670731043162589427e-02
-1.927766204453653168e-02
-2.184801278263892935e-02
-2.441836269798187964e-02
-2.698871184243376020e-02
-2.955906026768142722e-02
-3.212940802523189809e-02
-3.469975516641124469e-02
-3.727010174236482232e-02
-3.984044780405759933e-02
-4.241079340227303651e-02
-4.498113858761473849e-02
-4.755148341050532967e-02
-5.012182792118677344e-02
-5.269217216972064965e-02
-5.526251620598696124e-02
-5.783286007968591047e-02
-6.040320384033673329e-02
-6.297354753727797683e-02
-6.554389121966777698e-02
-6.811423493648274818e-02
-7.068457873651966261e-02
-7.325492266839436772e-02
-7.582526678054195279e-02
-7.839561112121719300e-02
-8.096595573849325878e-02
-8.353630068026353384e-02
-8.610664599424039389e-02
-8.867699172795559526e-02
-9.124733792876042748e-02
-9.381768464382470030e-02
-9.638803192013833954e-02
-9.895837980451036020e-02
-1.015287283435690607e-01
-1.040990775837623422e-01
-1.066694275713565843e-01
-1.092397783524383104e-01
-1.118101299729131054e-01
-1.143804824785058655e-01
-1.169508359147611032e-01
-1.195211903270417264e-01
-1.220915457605309118e-01
-1.246619022602307725e-01
-1.272322598709631214e-01
-1.298026186373681667e-01
-1.323729786039062883e-01
-1.349433398148569552e-01
-1.375137023143188642e-01
-1.400840661462104397e-01
-1.426544313542683906e-01
-1.452247979820497636e-01
-1.477951660729306116e-01
-1.503655356701061874e-01
-1.529359068165914715e-01
-1.555062795552198673e-01
-1.580766539286449501e-01
-1.606470299793392731e-01
-1.632174077495948394e-01
-1.657877872815231024e-01
-1.683581686170540770e-01
-1.709285517979379221e-01
-1.734989368657438025e-01
-1.760693238618602774e-01
-1.786397128274953838e-01
-1.812101038036757483e-01
-1.837804968312481413e-01
-1.863508919508782558e-01
-1.889212892030512347e-01
-1.914916886280717823e-01
-1.940620902660630254e-01
-1.966324941569683460e-01
-1.992029003405500487e-01
-2.017733088563898325e-01
-2.043437197438890129e-01
-2.069141330422672731e-01
-2.094845487905646064e-01
-2.120549670276399290e-01
-2.146253877921714681e-01
-2.171958111226571508e-01
-2.197662370574132717e-01
-2.223366656345763526e-01
-2.249070968921019209e-01
-2.274775308677648433e-01
-2.300479675991595474e-01
-2.326184071236990225e-01
-2.351888494786162631e-01
-2.377592947009634361e-01
-2.403297428276120196e-01
-2.429001938952529971e-01
-2.454706479403959141e-01
-2.480411049993704042e-01
-2.506115651083251628e-01
-2.531820283032283347e-01
-2.557524946198674876e-01
-2.583229640938485838e-01
-2.608934367605981186e-01
-2.634639126553612321e-01
-2.660343918132024865e-01
-2.686048742690063107e-01
-2.711753600574752232e-01
-2.737458492131320531e-01
-2.763163417703187741e-01
-2.788868377631968376e-01
-2.814573372257461736e-01
-2.840278401917669115e-01
-2.865983466948782699e-01
-2.891688567685185562e-01
-2.917393704459460002e-01
-2.943098877602370878e-01
-2.968804087442884487e-01
-2.994509334308159687e-01
-3.020214618523546224e-01
-3.045919940412590288e-01
-3.071625300297023409e-01
-3.097330698496778556e-01
-3.123036135329979590e-01
-3.148741611112941263e-01
-3.174447126160178101e-01
-3.200152680784386083e-01
-3.225858275296463185e-01
-3.251563910005500491e-01
-3.277269585218778869e-01
-3.302975301241776185e-01
-3.328681058378157309e-01
-3.354386856929785221e-01
-3.380092697196715457e-01
-3.405798579477196109e-01
-3.431504504067671713e-01
-3.457210471262770479e-01
-3.482916481355323168e-01
-3.508622534636350876e-01
-3.534328631395067255e-01
-3.560034771918882401e-01
-3.585740956493391751e-01
-3.611447185402390514e-01
-3.637153458927865901e-01
-3.662859777349997681e-01
-3.688566140947162619e-01
-3.714272549995919492e-01
-3.739979004771032400e-01
-3.765685505545452449e-01
-3.791392052590326078e-01
-3.817098646174995613e-01
-3.842805286566987055e-01
-3.868511974032027290e-01
-3.894218708834036313e-01
-3.919925491235125570e-01
-3.945632321495601835e-01
-3.971339199873958337e-01
-3.997046126626888629e-01
-4.022753102009276605e-01
-4.048460126274200377e-01
-4.074167199672933393e-01
-4.099874322454933884e-01
-4.125581494867860965e-01
-4.151288717157565200e-01
-4.176995989568090262e-01
-4.202703312341675157e-01
-4.228410685718744233e-01
-4.254118109937922720e-01
-4.279825585236026741e-01
-4.305533111848066086e-01
-4.331240690007245875e-01
-4.356948319944954906e-01
-4.382656001890785635e-01
-4.408363736072520855e-01
-4.434071522716133140e-01
-4.459779362045795947e-01
-4.485487254283864744e-01
-4.511195199650895327e-01
-4.536903198365637158e-01
-4.562611250645033367e-01
-4.588319356704212426e-01
-4.614027516756504244e-01
-4.639735731013429620e-01
-4.665443999684702470e-01
-4.691152322978230926e-01
-4.716860701100111797e-01
-4.742569134254638885e-01
-4.768277622644299107e-01
-4.793986166469773047e-01
-4.819694765929934954e-01
-4.845403421221844975e-01
-4.871112132540766360e-01
-4.896820900080149919e-01
-4.922529724031641241e-01
-4.948238604585082356e-01
-4.973947541928498417e-01
-4.999656536248118233e-01
-5.025365587728357619e-01
-5.051074696551830501e-01
-5.076783862899343358e-01
-5.102493086949888568e-01
-5.128202368880657724e-01
-5.153911708867036090e-01
-5.179621107082601483e-01
-5.205330563699124280e-01
-5.231040078886565192e-01
-5.256749652813083040e-01
-5.282459285645025870e-01
-5.308168977546939837e-01
-5.333878728681561432e-01
-5.359588539209814151e-01
-5.385298409290825150e-01
-5.411008339081908591e-01
-5.436718328738573414e-01
-5.462428378414525554e-01
-5.488138488261652403e-01
-5.513848658430048344e-01
-5.539558889067991432e-01
-5.565269180321957831e-01
-5.590979532336619595e-01
-5.616689945254830230e-01
-5.642400419217648011e-01
-5.668110954364319332e-01
-5.693821550832284251e-01
-5.719532208757180936e-01
-5.745242928272831229e-01
-5.770953709511255081e-01
-5.796664552602668330e-01
-5.822375457675477151e-01
-5.848086424856282495e-01
-5.873797454269872320e-01
-5.899508546039234913e-01
-5.925219700285551117e-01
-5.950930917128191000e-01
-5.976642196684723851e-01
-6.002353539070902633e-01
-6.028064944400681746e-01
-6.053776412786208150e-01
-6.079487944337820249e-01
-6.105199539164043454e-01
-6.130911197371606836e-01
-6.156622919065428690e-01
-6.182334704348617649e-01
-6.208046553322481564e-01
-6.233758466086511962e-01
-6.259470442738401808e-01
-6.285182483374035511e-01
-6.310894588087488932e-01
-6.336606756971034926e-01
-6.362318990115130024e-01
-6.388031287608436637e-01
-6.413743649537799740e-01
-6.439456075988264638e-01
-6.465168567043069192e-01
-6.490881122783638268e-01
-6.516593743289592622e-01
-6.542306428638751115e-01
-6.568019178907122946e-01
-6.593731994168908761e-01
-6.619444874496500653e-01
-6.645157819960488821e-01
-6.670870830629652692e-01
-6.696583906570969802e-01
-6.722297047849609131e-01
-6.748010254528923335e-01
-6.773723526670472062e-01
-6.799436864334001962e-01
-6.825150267577451135e-01
-6.850863736456958009e-01
-6.876577271026841354e-01
-6.902290871339626932e-01
-6.928004537446024180e-01
-6.953718269394940643e-01
-6.979432067233478643e-01
-7.005145931006924176e-01
-7.030859860758766899e-01
-7.056573856530683475e-01
-7.082287918362547563e-01
-7.108002046292426490e-01
-7.133716240356574589e-01
-7.159430500589442081e-01
-7.185144827023676184e-01
-7.210859219690115562e-01
-7.236573678617792549e-01
-7.262288203833925371e-01
-7.288002795363934805e-01
-7.313717453231430854e-01
-7.339432177458218298e-01
-7.365146968064295585e-01
-7.390861825067847057e-01
-7.416576748485259607e-01
-7.442291738331109352e-01
-7.468006794618164967e-01
-7.493721917357393236e-01
-7.519437106557942396e-01
-7.545152362227167675e-01
-7.570867684370606865e-01
-7.596583072991998087e-01
-7.622298528093272019e-01
-7.648014049674545234e-01
-7.673729637734135745e-01
-7.699445292268550789e-01
-7.725161013272491273e-01
-7.750876800738855099e-01
-7.776592654658726067e-01
-7.802308575021382753e-01
-7.828024561814304061e-01
-7.853740615023157012e-01
-7.879456734631797854e-01
-7.905172920622282051e-01
-7.930889172974856516e-01
-7.956605491667960717e-01
-7.982321876678230010e-01
-8.008038327980486759e-01
-8.033754845547751433e-01
-8.059471429351235949e-01
-8.085188079360349223e-01
-8.110904795542689394e-01
-8.136621577864043831e-01
-8.162338426288400228e-01
-8.188055340777938840e-01
-8.213772321293029144e-01
-8.239489367792239838e-01
-8.265206480232322184e-01
-8.290923658568231103e-01
-8.316640902753110742e-01
-8.342358212738296697e-01
-8.368075588473324888e-01
-8.393793029905911585e-01
-8.419510536981977822e-01
-8.445228109645632752e-01
-8.470945747839179196e-01
-8.496663451503118081e-01
-8.522381220576132899e-01
-8.548099054995107471e-01
-8.573816954695119286e-01
-8.599534919609438388e-01
-8.625252949669526270e-01
-8.650971044805038090e-01
-8.676689204943820455e-01
-8.702407430011918077e-01
-8.728125719933564897e-01
-8.753844074631191852e-01
-8.779562494025414665e-01
-8.805280978035051609e-01
-8.830999526577110181e-01
-8.856718139566788217e-01
-8.882436816917487210e-01
-8.908155558540785668e-01
-8.933874364346467978e-01
-8.959593234242506643e-01
-8.985312168135068944e-01
-9.011031165928519160e-01
-9.036750227525401913e-01
-9.062469352826468816e-01
-9.088188541730657377e-01
-9.113907794135100993e-01
-9.139627109935127836e-01
-9.165346489024253085e-01
-9.191065931294188918e-01
-9.216785436634841178e-01
-9.242505004934310486e-01
-9.268224636078888912e-01
-9.293944329953056638e-01
-9.319664086439493067e-01
-9.345383905419071269e-01
-9.371103786770859090e-01
-9.396823730372106942e-01
-9.422543736098266676e-01
-9.448263803822983808e-01
-9.473983933418096415e-01
-9.499704124753636236e-01
-9.525424377697820910e-01
-9.551144689467021553e-01
-9.576864931360609123e-01
-9.602585050614683704e-01
-9.628305072355390903e-01
-9.654025021325132183e-01
-9.679744921882581510e-01
-9.705464798002677584e-01
-9.731184673276620511e-01
-9.756904570911881791e-01
-9.782624513732186555e-01
-9.808344524177536883e-01
-9.834064624304194036e-01
-9.859784835784685120e-01
-9.885505179907807527e-01
-9.911225677578612281e-01
-9.936946349318422911e-01
-9.962667215264829901e-01
-9.988388295171687359e-01
-1.001410960840911191e+00
-1.003983117396348268e+00
-1.006555301043745576e+00
-1.009127513604993753e+00
-1.011699756863610800e+00
-1.014272032564741632e+00
-1.016844342415156532e+00
-1.019416688083252920e+00
-1.021989071199054466e+00
-1.024561493354211983e+00
-1.027133956102002532e+00
-1.029706460957328984e+00
-1.032279009396721348e+00
-1.034851602858336328e+00
-1.037424242741956659e+00
-1.039996930408991993e+00
-1.042569667182477566e+00
-1.045142454347076644e+00
-1.047715293149078075e+00
-1.050288184796396740e+00
-1.052861130458575545e+00
-1.055434131266782094e+00
-1.058007188313811797e+00
-1.060580302654086315e+00
-1.063153475303653339e+00
-1.065726707240187698e+00
-1.068299999402990030e+00
-1.070873352692988112e+00
-1.073446767972736193e+00
-1.076020246066414110e+00
-1.078593787759830169e+00
-1.081167393800416932e+00
-1.083741064897234541e+00
-1.086314801720969836e+00
-1.088888604903936130e+00
-1.091462475040072988e+00
-1.094036412684946002e+00
-1.096610418355747907e+00
-1.099184492531298574e+00
-1.101758635652042795e+00
-1.104332848120053612e+00
-1.106907130299028541e+00
-1.109481482514293571e+00
-1.112055905052800275e+00
-1.114630398163126701e+00
-1.117204962055477591e+00
-1.119779596901684160e+00
-1.122354302835203876e+00
-1.124929079951121569e+00
-1.127503928306147651e+00
-1.130078847918619234e+00
-1.132653838768499677e+00
-1.135228900797380147e+00
-1.137804033908476953e+00
-1.140379237966633541e+00
-1.142954512798319167e+00
-1.145529858191630890e+00
-1.148105273896290912e+00
-1.150680759623648575e+00
-1.153256315046680358e+00
-1.155831939799987662e+00
-1.158407633479800136e+00
-1.160983395643972349e+00
-1.163559225811986675e+00
-1.166135123464951739e+00
-1.168711088045601976e+00
-1.171287118958298290e+00
-1.173863215569029617e+00
-1.176439377205409587e+00
-1.179015603156679859e+00
-1.181591892673706790e+00
-1.184168244968984984e+00
-1.186744659216634634e+00
-1.189321134552403070e+00
-1.191897670073663651e+00
-1.194474264839415989e+00
-1.197050917870286613e+00
-1.199627628148528524e+00
-1.202204394618021643e+00
-1.204781216184271475e+00
-1.207358091714410442e+00
-1.209935020037197884e+00
-1.212511999943019392e+00
-1.215089030183886365e+00
-1.217666109473438452e+00
-1.220243236486939553e+00
-1.222820409861281821e+00
-1.225397628194982991e+00
-1.227974890048188161e+00
-1.230552193942668016e+00
-1.233129538361820154e+00
-1.235706921750668652e+00
-1.238284342515864278e+00
-1.240861799025684054e+00
-1.243439289610031917e+00
-1.246016812560437170e+00
-1.248594366130057143e+00
-1.251171948533674971e+00
-1.253749557947699822e+00
-1.256327192510168667e+00
-1.258904850320743618e+00
-1.261482529440713485e+00
-1.264060227892994881e+00
-1.266637943662129784e+00
-1.269215674694286200e+00
-1.271793418897259942e+00
-1.274371174140472629e+00
-1.276948938254972576e+00
-1.279526709033434573e+00
-1.282104484230159436e+00
-1.284682261561075345e+00
