1.498954771528185237e+00
1.495951768547728600e+00
1.492948765700158109e+00
1.489945763108170951e+00
1.486942760883619652e+00
1.483939759130458391e+00
1.480936757944757431e+00
1.477933757414702676e+00
1.474930757620599220e+00
1.471927758634866690e+00
1.468924760522043016e+00
1.465921763338781769e+00
1.462918766651964519e+00
1.459915769828946219e+00
1.456912772906832076e+00
1.453909775929352222e+00
1.450906778942276487e+00
1.447903781993415517e+00
1.444900785132621213e+00
1.441897788411784509e+00
1.438894791884838487e+00
1.435891795607755705e+00
1.432888799638548871e+00
1.429885804037272612e+00
1.426882808866020813e+00
1.423879814188928838e+00
1.420876820072171531e+00
1.417873826583964991e+00
1.414870833794566130e+00
1.411867841776270671e+00
1.408864850603417596e+00
1.405861860352383585e+00
1.402858871101587912e+00
1.399855882931489326e+00
1.396852895924586946e+00
1.393849910165421813e+00
1.390846925740573337e+00
1.387843942738663294e+00
1.384840961250352942e+00
1.381837981368344570e+00
1.378835003187381059e+00
1.375832026804244990e+00
1.372829052317759979e+00
1.369826079828790677e+00
1.366823109440241435e+00
1.363820141257057861e+00
1.360817175386225042e+00
1.357814211936769544e+00
1.354811251019758078e+00
1.351808292748297946e+00
1.348805337237537039e+00
1.345802384604663393e+00
1.342799434968905858e+00
1.339796488451533651e+00
1.336793545175857023e+00
1.333790605267226370e+00
1.330787668853031791e+00
1.327784736062705306e+00
1.324781807027718861e+00
1.321778881881584544e+00
1.318775960759855703e+00
1.315773043800125164e+00
1.312770131142027452e+00
1.309767222927237018e+00
1.306764319299468458e+00
1.303761420404478066e+00
1.300758526390060954e+00
1.297755637406054152e+00
1.294752753604334616e+00
1.291749875138820114e+00
1.288747002165468780e+00
1.285744134842278896e+00
1.282741273329289777e+00
1.279738417788581106e+00
1.276735568384272934e+00
1.273732725282526124e+00
1.270729888651541684e+00
1.267727058661561435e+00
1.264724235484867565e+00
1.261721419295782853e+00
1.258718610270670668e+00
1.255715808587934745e+00
1.252713014428018967e+00
1.249710227973408694e+00
1.246707449408628987e+00
1.243704678920245943e+00
1.240701916696865581e+00
1.237699162929134955e+00
1.234696417809741265e+00
1.231693681533412743e+00
1.228690954296917770e+00
1.225688236299064870e+00
1.222685527740704048e+00
1.219682828824724785e+00
1.216680139756057821e+00
1.213677460741674485e+00
1.210674791990585808e+00
1.207672133713843854e+00
1.204669486124541500e+00
1.201666849437811546e+00
1.198664223870827827e+00
1.195661609642804102e+00
1.192659006974995162e+00
1.189656416090696167e+00
1.186653837215242646e+00
1.183651270576011161e+00
1.180648716402417975e+00
1.177646174925920386e+00
1.174643646380016282e+00
1.171641131000243474e+00
1.168638629024181252e+00
1.165636140691509670e+00
1.162633666710605862e+00
1.159631207620862803e+00
1.156628763442071772e+00
1.153626334193382785e+00
1.150623919893305258e+00
1.147621520559707342e+00
1.144619136209816590e+00
1.141616766860219290e+00
1.138614412526861353e+00
1.135612073225047425e+00
1.132609748969440888e+00
1.129607439774064748e+00
1.126605145652300743e+00
1.123602866616890017e+00
1.120600602679932667e+00
1.117598353852887527e+00
1.114596120146573055e+00
1.111593901571166221e+00
1.108591698136203396e+00
1.105589509850580354e+00
1.102587336722550937e+00
1.099585178759729054e+00
1.096583035969087572e+00
1.093580908356957648e+00
1.090578795929030731e+00
1.087576698690355892e+00
1.084574616645342715e+00
1.081572549797758631e+00
1.078570498150731360e+00
1.075568461706746470e+00
1.072566440467649818e+00
1.069564434434645106e+00
1.066562443608295885e+00
1.063560467988524660e+00
1.060558507574612896e+00
1.057556562365201680e+00
1.054554632358289945e+00
1.051552717551236693e+00
1.048550817940759883e+00
1.045548933522936430e+00
1.042547064293202430e+00
1.039545210246352491e+00
1.036543371376541289e+00
1.033541547677281347e+00
1.030539739141445699e+00
1.027537945761265448e+00
1.024536167528330655e+00
1.021534404433591003e+00
1.018532656467355357e+00
1.015530923619291093e+00
1.012529205878425431e+00
1.009527503233143442e+00
1.006525815671190260e+00
1.003524143179669981e+00
1.000522485745045653e+00
9.975208433531392860e-01
9.945192159891321770e-01
9.915176036375644708e-01
9.885160062823352689e-01
9.855144239067034073e-01
9.825128564932862352e-01
9.795113040240603919e-01
9.765097664803612521e-01
9.735082438428834806e-01
9.705067360916811436e-01
9.675052432061671537e-01
9.645037651651131583e-01
9.615023019466504284e-01
9.585008535282686370e-01
9.554994198868173028e-01
9.524980009985046792e-01
9.494965968388979771e-01
9.464952073829234758e-01
9.434938326048667445e-01
9.404924724783721990e-01
9.374911269764437671e-01
9.344897960714438900e-01
9.314884797350942991e-01
9.284871779384757939e-01
9.254858906520283535e-01
9.224846178455511359e-01
9.194833594882021455e-01
9.164821155484982329e-01
9.134808859943157611e-01
9.104796707928900501e-01
9.074784699108155994e-01
9.044772833140457546e-01
9.014761109678928186e-01
8.984749528370286065e-01
8.954738088854836686e-01
8.924726790766478457e-01
8.894715633732699356e-01
8.864704617374576934e-01
8.834693741306780534e-01
8.804683005137573515e-01
8.774672408468805473e-01
8.744661950895917801e-01
8.714651632007942572e-01
8.684641451387501432e-01
8.654631408610814480e-01
8.624621503247682508e-01
8.594611734861502539e-01
8.564602103009257839e-01
8.534592607241526796e-01
8.504583247102481813e-01
8.474574022129877093e-01
8.444564931855063072e-01
8.414555975802978649e-01
8.384547153492154514e-01
8.354538464434716483e-01
8.324529908136373280e-01
8.294521484096428754e-01
8.264513191807776327e-01
8.234505030756900101e-01
8.204497000423879305e-01
8.174489100282377185e-01
8.144481329799649894e-01
8.114473688436546484e-01
8.084466175647502251e-01
8.054458790880552055e-01
8.024451533577313667e-01
7.994444403172995539e-01
7.964437399096399028e-01
7.934430520769917283e-01
7.904423767609536355e-01
7.874417139024826318e-01
7.844410634418952366e-01
7.814404253188669269e-01
7.784397994724321368e-01
7.754391858409850347e-01
7.724385843622780801e-01
7.694379949734230228e-01
7.664374176108906811e-01
7.634368522105110522e-01
7.604362987074735347e-01
7.574357570363259295e-01
7.544352271309753277e-01
7.514347089246884437e-01
7.484342023500899499e-01
7.454337073391650303e-01
7.424332238232566050e-01
7.394327517330673283e-01
7.364322909986592558e-01
7.334318415494525123e-01
7.304314033142274010e-01
7.274309762211225161e-01
7.244305601976356312e-01
7.214301551706243654e-01
7.184297610663040734e-01
7.154293778102505108e-01
7.124290053273977241e-01
7.094286435420388282e-01
7.064282923778266721e-01
7.034279517577720631e-01
7.004276216042463199e-01
6.974273018389786083e-01
6.944269923830573843e-01
6.914266931569311714e-01
6.884264040804060070e-01
6.854261250726484400e-01
6.824258560521831996e-01
6.794255969368941939e-01
6.764253476440249546e-01
6.734251080901773046e-01
6.704248781913128008e-01
6.674246578627517357e-01
6.644244470191735807e-01
6.614242455746169869e-01
6.584240534424791180e-01
6.554238705355170946e-01
6.524236967658464392e-01
6.494235320449420756e-01
6.464233762836379960e-01
6.434232293921268164e-01
6.404230912799609987e-01
6.374229618560512955e-01
6.344228410286681941e-01
6.314227287054410276e-01
6.284226247933576426e-01
6.254225291987660640e-01
6.224224418273723858e-01
6.194223625842424363e-01
6.164222913738008902e-01
6.134222280998309351e-01
6.104221726654760483e-01
6.074221249732377759e-01
6.044220849249770655e-01
6.014220524219142661e-01
5.984220273646277954e-01
5.954220096530564721e-01
5.924219991864972945e-01
5.894219958636065515e-01
5.864219995823997111e-01
5.834220102402513097e-01
5.804220277338949519e-01
5.774220519594229772e-01
5.744220828122872380e-01
5.714221201872984324e-01
5.684221639786267710e-01
5.654222140798008667e-01
5.624222703837086224e-01
5.594223327825972314e-01
5.564224011680729554e-01
5.534224754311010130e-01
5.504225554620056915e-01
5.474226411504702350e-01
5.444227323855370670e-01
5.414228290556079015e-01
5.384229310484432984e-01
5.354230382511629971e-01
5.324231505517553753e-01
5.294232679869967928e-01
5.264233906046407174e-01
5.234235183782196543e-01
5.204236512812425719e-01
5.174237892871957900e-01
5.144239323695424249e-01
5.114240805017227220e-01
5.084242336571539456e-01
5.054243918092302668e-01
5.024245549313224313e-01
4.994247229967789248e-01
4.964248959789245852e-01
4.934250738510617684e-01
4.904252565864692937e-01
4.874254441584030539e-01
4.844256365400963493e-01
4.814258337047588876e-01
4.784260356255778390e-01
4.754262422757169482e-01
4.724264536283174221e-01
4.694266696564969310e-01
4.664268903333502192e-01
4.634271156319494933e-01
4.604273455253432568e-01
4.574275799865576420e-01
4.544278189885952446e-01
4.514280625044357342e-01
4.484283105070361319e-01
4.454285629693299220e-01
4.424288198642281067e-01
4.394290811646182071e-01
4.364293468433647072e-01
4.334296168733096644e-01
4.304298912272713218e-01
4.274301698780456071e-01
4.244304527984050224e-01
4.214307399610988658e-01
4.184310313388541203e-01
4.154313269043739543e-01
4.124316266303391654e-01
4.094319304894071809e-01
4.064322384542121691e-01
4.034325504973659826e-01
4.004328665914567154e-01
3.974331867090501458e-01
3.944335108226882380e-01
3.914338389048908073e-01
3.884341709281539101e-01
3.854345068649508432e-01
3.824348466877320885e-01
3.794351903689247574e-01
3.764355378809333685e-01
3.734358891961389593e-01
3.704362442868996963e-01
3.674366031255510423e-01
3.644369656844048677e-01
3.614373319357506720e-01
3.584377018518544178e-01
3.554380754049591418e-01
3.524384525672851765e-01
3.494388333110293177e-01
3.464392176083659347e-01
3.434396054314459712e-01
3.404399967523972226e-01
3.374403915433250023e-01
3.344407897763110316e-01
3.314411914234146050e-01
3.284415964566714252e-01
3.254420048480942684e-01
3.224424165696734290e-01
3.194428315933753870e-01
3.164432498911444180e-01
3.134436714349010944e-01
3.104440961965431178e-01
3.074445241479455970e-01
3.044449552609599929e-01
3.014453895074154510e-01
2.984458268591174135e-01
2.954462672878485630e-01
2.924467107653688780e-01
2.894471572634146894e-01
2.864476067537000126e-01
2.834480592079151595e-01
2.804485145977280158e-01
2.774489728947830969e-01
2.744494340707017699e-01
2.714498980970828645e-01
2.684503649455017293e-01
2.654508345875110642e-01
2.624513069946402544e-01
2.594517821383956480e-01
2.564522599902609445e-01
2.534527405216963070e-01
2.504532237041395271e-01
2.474537095090046934e-01
2.444541979076831351e-01
2.414546888715434769e-01
2.384551823719307517e-01
2.354556783801675934e-01
2.324561768675530993e-01
2.294566778053633849e-01
2.264571811648520838e-01
2.234576869172490154e-01
2.204581950337617946e-01
2.174587054855743884e-01
2.144592182438478101e-01
2.114597332797205631e-01
2.084602505643074477e-01
2.054607700687008931e-01
2.024612917639696252e-01
1.994618156211601101e-01
1.964623416112951659e-01
1.934628697053746849e-01
1.904633998743759937e-01
1.874639320892527439e-01
1.844644663209362712e-01
1.814650025403342914e-01
1.784655407183316222e-01
1.754660808257904880e-01
1.724666228335494100e-01
1.694671667124246217e-01
1.664677124332087643e-01
1.634682599666715253e-01
1.604688092835600544e-01
1.574693603545977705e-01
1.544699131504857770e-01
1.514704676419016405e-01
1.484710237994999460e-01
1.454715815939126855e-01
1.424721409957482587e-01
1.394727019755926389e-01
1.364732645040082903e-01
1.334738285515346679e-01
1.304743940886887166e-01
1.274749610859636784e-01
1.244755295138304518e-01
1.214760993427363989e-01
1.184766705431058720e-01
1.154772430853407139e-01
1.124778169398190641e-01
1.094783920768967189e-01
1.064789684669059378e-01
1.034795460801559847e-01
1.004801248869335722e-01
9.748070485750176539e-02
9.448128596210124408e-02
9.148186817094902668e-02
8.848245145423973279e-02
8.548303578214450082e-02
8.248362112481145980e-02
7.948420745236617346e-02
7.648479473491055780e-02
7.348538294252415781e-02
7.048597204526300952e-02
6.748656201316009795e-02
6.448715281622591222e-02
6.148774442444727983e-02
5.848833680778862260e-02
5.548892993619086722e-02
5.248952377957193105e-02
4.949011830782719390e-02
4.649071349082834620e-02
4.349130929842474902e-02
4.049190570044220588e-02
3.749250266668353870e-02
3.449310016692902492e-02
3.149369817093525953e-02
2.849429664843648388e-02
2.549489556914342689e-02
2.249549490274378380e-02
1.949609461890274009e-02
1.649669468726179186e-02
1.349729507744007982e-02
1.049789575903305877e-02
7.498496701613826393e-03
4.499097874731966193e-03
1.499699247914036910e-03
-1.499699209336087264e-03
-4.499097527537554084e-03
-7.498495737232865020e-03
-1.049789386898737457e-02
-1.349729195338945573e-02
-1.649669002105083604e-02
-1.949608810260526973e-02
-2.249548622871052131e-02
-2.549488443004704896e-02
-2.849428273731832717e-02
-3.149368118125119020e-02
-3.449307979259447904e-02
-3.749247860212107791e-02
-4.049187764062653350e-02
-4.349127693892942265e-02
-4.649067652787168548e-02
-4.949007643831727227e-02
-5.248947670115415576e-02
-5.548887734729299193e-02
-5.848827840766745306e-02
-6.148767991323458859e-02
-6.448708189497344423e-02
-6.748648438388708815e-02
-7.048588741100128563e-02
-7.348529100736482522e-02
-7.648469520404983790e-02
-7.948410003215046482e-02
-8.248350552278491121e-02
-8.548291170709400311e-02
-8.848231861624164529e-02
-9.148172628141507112e-02
-9.448113473382353800e-02
-9.748054400470032577e-02
-1.004799541253013906e-01
-1.034793651269057257e-01
-1.064787770408156531e-01
-1.094781898983555463e-01
-1.124776037308737875e-01
-1.154770185697414214e-01
-1.184764344463525576e-01
-1.214758513921246202e-01
-1.244752694384970715e-01
-1.274746886169333959e-01
-1.304741089589197545e-01
-1.334735304959653590e-01
-1.364729532596027084e-01
-1.394723772813863949e-01
-1.424718025928949916e-01
-1.454712292257297479e-01
-1.484706572115153389e-01
-1.514700865818983666e-01
-1.544695173685494971e-01
-1.574689496031620728e-01
-1.604683833174524732e-01
-1.634678185431604480e-01
-1.664672553120477294e-01
-1.694666936559000303e-01
-1.724661336065258788e-01
-1.754655751957567011e-01
-1.784650184554473218e-01
-1.814644634174746307e-01
-1.844639101137394432e-01
-1.874633585761653343e-01
-1.904628088366988603e-01
-1.934622609273099758e-01
-1.964617148799906177e-01
-1.994611707267567591e-01
-2.024606284996470218e-01
-2.054600882307231202e-01
-2.084595499520700834e-01
-2.114590136957949229e-01
-2.144584794940287420e-01
-2.174579473789252926e-01
-2.204574173826613637e-01
-2.234568895374370312e-01
-2.264563638754744923e-01
-2.294558404290199249e-01
-2.324553192303421556e-01
-2.354548003117330757e-01
-2.384542837055079467e-01
-2.414537694440039572e-01
-2.444532575595824431e-01
-2.474527480846273331e-01
-2.504522410515455655e-01
-2.534517364927675875e-01
-2.564512344407456346e-01
-2.594507349279561725e-01
-2.624502379868982049e-01
-2.654497436500938279e-01
-2.684492519500884522e-01
-2.714487629194495821e-01
-2.744482765907687027e-01
-2.774477929966598921e-01
-2.804473121697604321e-01
-2.834468341427307525e-01
-2.864463589482535433e-01
-2.894458866190352531e-01
-2.924454171878052566e-01
-2.954449506873157438e-01
-2.984444871503423857e-01
-3.014440266096828913e-01
-3.044435690981588394e-01
-3.074431146486147348e-01
-3.104426632939178421e-01
-3.134422150669589069e-01
-3.164417700006507683e-01
-3.194413281279301353e-01
-3.224408894817565319e-01
-3.254404540951127411e-01
-3.284400220010036398e-01
-3.314395932324580296e-01
-3.344391678225275277e-01
-3.374387458042866217e-01
-3.404383272108333358e-01
-3.434379120752875103e-01
-3.464375004307931882e-01
-3.494370923105170057e-01
-3.524366877476485804e-01
-3.554362867754010114e-01
-3.584358894270092688e-01
-3.614354957357324705e-01
-3.644351057348523826e-01
-3.674347194576736975e-01
-3.704343369375246442e-01
-3.734339582077552677e-01
-3.764335833017398159e-01
-3.794332122528751294e-01
-3.824328450945810309e-01
-3.854324818603007685e-01
-3.884321225834996283e-01
-3.914317672976668216e-01
-3.944314160363143751e-01
-3.974310688329771857e-01
-4.004307257212136317e-01
-4.034303867346040740e-01
-4.064300519067528539e-01
-4.094297212712870171e-01
-4.124293948618566463e-01
-4.154290727121351945e-01
-4.184287548558180969e-01
-4.214284413266248253e-01
-4.244281321582975552e-01
-4.274278273846014442e-01
-4.304275270393250752e-01
-4.334272311562789026e-01
-4.364269397692975838e-01
-4.394266529122383136e-01
-4.424263706189814349e-01
-4.454260929234306055e-01
-4.484258198595113543e-01
-4.514255514611734688e-01
-4.544252877623892739e-01
-4.574250287971541318e-01
-4.604247745994867747e-01
-4.634245252034280282e-01
-4.664242806430425881e-01
-4.694240409524179647e-01
-4.724238061656646503e-01
-4.754235763169164519e-01
-4.784233514403292142e-01
-4.814231315700828184e-01
-4.844229167403799052e-01
-4.874227069854459304e-01
-4.904225023395299421e-01
-4.934223028369028596e-01
-4.964221085118596388e-01
-4.994219193987179950e-01
-5.024217355318185696e-01
-5.054215569455254853e-01
-5.084213836742246251e-01
-5.114212157523262414e-01
-5.144210532142631243e-01
-5.174208960944908231e-01
-5.204207444274887573e-01
-5.234205982477579955e-01
-5.264204575898235872e-01
-5.294203224882335634e-01
-5.324201929775591591e-01
-5.354200690923934802e-01
-5.384199508673538359e-01
-5.414198383370802947e-01
-5.444197315362356848e-01
-5.474196304995063711e-01
-5.504195352616007009e-01
-5.534194458572511133e-01
-5.564193623212125850e-01
-5.594192846882631853e-01
-5.624192129932044093e-01
-5.654191472708595123e-01
-5.684190875560761746e-01
-5.714190338837245031e-01
-5.744189862639860200e-01
-5.774189431177483289e-01
-5.804189036188469597e-01
-5.834188679540045497e-01
-5.864188363085035549e-01
-5.894188088661858060e-01
-5.924187858094532855e-01
-5.954187673192666841e-01
-5.984187535751476217e-01
-6.014187447551768706e-01
-6.044187410359951329e-01
-6.074187425928031514e-01
-6.104187495993601553e-01
-6.134187622279865248e-01
-6.164187806495616817e-01
-6.194188050335250884e-01
-6.224188355478759149e-01
-6.254188723591724841e-01
-6.284189156325336034e-01
-6.314189655316375660e-01
-6.344190222187222616e-01
-6.374190858545858429e-01
-6.404191565985850598e-01
-6.434192346086374803e-01
-6.464193200412200468e-01
-6.494194130513695207e-01
-6.524195137926825927e-01
-6.554196224173147733e-01
-6.584197390759822799e-01
-6.614198639179608152e-01
-6.644199970910856790e-01
-6.674201387417523224e-01
-6.704202890149149052e-01
-6.734204480540885163e-01
-6.764206160013472857e-01
-6.794207929973252735e-01
-6.824209791812168024e-01
-6.854211746907745706e-01
-6.884213796623122050e-01
-6.914215942307028184e-01
-6.944218185293790091e-01
-6.974220526903337491e-01
-7.004222968441186081e-01
-7.034225511198456404e-01
-7.064228156451868301e-01
-7.094230905463738690e-01
-7.124233759481971573e-01
-7.154236719740080241e-01
-7.184239787457170623e-01
-7.214242963837946832e-01
-7.244246250072714499e-01
-7.274249647337365232e-01
-7.304253156793396595e-01
-7.334256779587904340e-01
-7.364260516853576855e-01
-7.394264369708708484e-01
-7.424268339257175109e-01
-7.454272426588465228e-01
-7.484276632777657756e-01
-7.514280958885430906e-01
-7.544285405958062185e-01
-7.574289975027418409e-01
-7.604294667110972350e-01
-7.634299483211791637e-01
-7.664304424318539866e-01
-7.694309491405482149e-01
-7.724314685432470684e-01
-7.754320007344966958e-01
-7.784325458074025095e-01
-7.814331038536295182e-01
-7.844336749634028827e-01
-7.874342592255066942e-01
-7.904348567272856396e-01
-7.934354675546436697e-01
-7.964360917920447758e-01
-7.994367295225126568e-01
-8.024373808276301645e-01
-8.054380457875405241e-01
-8.084387244809465578e-01
-8.114394169851107952e-01
-8.144401233758556957e-01
-8.174408437275627604e-01
-8.204415781131739749e-01
-8.234423266041908107e-01
-8.264430892706745579e-01
-8.294438661812462144e-01
-8.324446574030860413e-01
-8.354454630019347849e-01
-8.384462830420923440e-01
-8.414471175864188801e-01
-8.444479666963342623e-01
-8.474488304318171794e-01
-8.504497088514071379e-01
-8.534506020122027969e-01
-8.564515099698628564e-01
-8.594524327786060569e-01
-8.624533704912095144e-01
-8.654543231590116070e-01
-8.684552908319097542e-01
-8.714562735583611941e-01
-8.744572713853834278e-01
-8.774582843585522207e-01
-8.804593125220047112e-01
-8.834603559184368571e-01
-8.864614145891047681e-01
-8.894624885738243725e-01
-8.924635779109704181e-01
-8.954646826374785817e-01
-8.984658027888435816e-01
-9.014669383991200657e-01
-9.044680895009228339e-01
-9.074692561254252832e-01
-9.104704383023616288e-01
-9.134716360600254603e-01
-9.164728494252702973e-01
-9.194740784235087006e-01
-9.224753230787138270e-01
-9.254765834134180968e-01
-9.284778594487138603e-01
-9.314791512042533972e-01
-9.344804586982478067e-01
-9.374817819474690062e-01
-9.404831209672481762e-01
-9.434844757714762054e-01
-9.464858463726041338e-01
-9.494872327816419322e-01
-9.524886350081598341e-01
-9.554900530602880027e-01
-9.584914869447158647e-01
-9.614929366666932209e-01
-9.644944022300286912e-01
-9.674958836370912696e-01
-9.704973808888095466e-01
-9.734988939846720424e-01
-9.765004229227270960e-01
-9.795019676995817548e-01
-9.825035283104039951e-01
-9.855051047489210569e-01
-9.885066970074201098e-01
-9.915083050767480310e-01
-9.945099289463108505e-01
-9.975115686040749718e-01
-1.000513224036566395e+00
-1.003514895228871051e+00
-1.006516582164634466e+00
-1.009518284826061318e+00
-1.012520003193916995e+00
-1.015521737247525591e+00
-1.018523486964772129e+00
-1.021525252322100785e+00
-1.024527033294514888e+00
-1.027528829855578474e+00
-1.030530641977414508e+00
-1.033532469630706441e+00
-1.036534312784697098e+00
-1.039536171407189125e+00
-1.042538045464544316e+00
-1.045539934921684955e+00
-1.048541839742092918e+00
-1.051543759887809903e+00
-1.054545695319436982e+00
-1.057547645996135044e+00
-1.060549611875624576e+00
-1.063551592914186550e+00
-1.066553589066661312e+00
-1.069555600286448138e+00
-1.072557626525507235e+00
-1.075559667734357516e+00
-1.078561723862078381e+00
-1.081563794856309269e+00
-1.084565880663248105e+00
-1.087567981227653302e+00
-1.090570096492843088e+00
-1.093572226400695735e+00
-1.096574370891647776e+00
-1.099576529904697564e+00
-1.102578703377401714e+00
-1.105580891245876884e+00
-1.108583093444800216e+00
-1.111585309907407115e+00
-1.114587540565494361e+00
-1.117589785349416998e+00
-1.120592044188090997e+00
-1.123594317008991483e+00
-1.126596603738153179e+00
-1.129598904300171069e+00
-1.132601218618199512e+00
-1.135603546613952242e+00
-1.138605888207704142e+00
-1.141608243318287697e+00
-1.144610611863097205e+00
-1.147612993758085231e+00
-1.150615388917764825e+00
-1.153617797255208854e+00
-1.156620218682048895e+00
-1.159622653108477675e+00
-1.162625100443246851e+00
-1.165627560593667678e+00
-1.168630033465612117e+00
-1.171632518963510172e+00
-1.174635016990353442e+00
-1.177637527447692234e+00
-1.180640050235636229e+00
-1.183642585252856483e+00
-1.186645132396581426e+00
-1.189647691562601528e+00
-1.192650262645265524e+00
-1.195652845537482190e+00
-1.198655440130720562e+00
-1.201658046315008610e+00
-1.204660663978934787e+00
-1.207663293009646921e+00
-1.210665933292852436e+00
-1.213668584712819021e+00
-1.216671247152373070e+00
-1.219673920492902131e+00
-1.222676604614352680e+00
-1.225679299395230348e+00
-1.228682004712602138e+00
-1.231684720442092651e+00
-1.234687446457888527e+00
-1.237690182632734226e+00
-1.240692928837935138e+00
-1.243695684943356028e+00
-1.246698450817420811e+00
-1.249701226327114334e+00
-1.252704011337980150e+00
-1.255706805714121854e+00
-1.258709609318203304e+00
-1.261712422011447066e+00
-1.264715243653636412e+00
-1.267718074103113990e+00
-1.270720913216781600e+00
-1.273723760850102193e+00
-1.276726616857096985e+00
-1.279729481090347676e+00
-1.282732353400995562e+00
-1.285735233638741537e+00
-1.288738121651846980e+00
-1.291741017287131532e+00
-1.294743920389976211e+00
-1.297746830804320739e+00
-1.300749748372664882e+00
-1.303752672936067780e+00
-1.306755604334148835e+00
-1.309758542405087045e+00
-1.312761486985621229e+00
-1.315764437911050022e+00
-1.318767395015230548e+00
-1.321770358130581524e+00
-1.324773327088080599e+00
-1.327776301717264795e+00
-1.330779281846231843e+00
-1.333782267301637514e+00
-1.336785257908699176e+00
-1.339788253491192904e+00
-1.342791253871455037e+00
-1.345794258870381288e+00
-1.348797268307426744e+00
-1.351800282000606757e+00
-1.354803299766496938e+00
-1.357806321420231610e+00
-1.360809346775505357e+00
-1.363812375644572139e+00
-1.366815407838245733e+00
-1.369818443165900623e+00
-1.372821481435469781e+00
-1.375824522453446663e+00
-1.378827566024883433e+00
-1.381830611953393184e+00
-1.384833660041148606e+00
-1.387836710088881320e+00
-1.390839761895883875e+00
-1.393842815260006862e+00
-1.396845869977662025e+00
-1.399848925843820702e+00
-1.402851982652013607e+00
-1.405855040194331496e+00
-1.408858098261423830e+00
-1.411861156642501225e+00
-1.414864215125333446e+00
-1.417867273496250080e+00
-1.420870331540140308e+00
-1.423873389040452464e+00
-1.426876445779195812e+00
-1.429879501536938990e+00
-1.432882556092809789e+00
-1.435885609224496706e+00
-1.438888660708246281e+00
-1.441891710318866870e+00
-1.444894757829725318e+00
-1.447897803012748508e+00
-1.450900845638423142e+00
-1.453903885475795077e+00
-1.456906922292470874e+00
-1.459909955854616248e+00
-1.462912985926956955e+00
-1.465916012272778124e+00
-1.468919034653924482e+00
-1.471922052830800798e+00
-1.474925066562372100e+00
-1.477928075606162794e+00
-1.480931079718255994e+00
-1.483934078653295741e+00
-1.486937072164485452e+00
-1.489940060003588806e+00
-1.492943041920928637e+00
-1.495946017665387151e+00
-1.498948986984406595e+00
