-4.862520033561690269e-04
-4.862519875502568922e-04
-4.862518781376667931e-04
-4.862515861099314662e-04
-4.862510273793141380e-04
-4.862501217962611477e-04
-4.862487931428516319e-04
-4.862469691311321895e-04
-4.862445814056703952e-04
-4.862415655413343529e-04
-4.862378610449580307e-04
-4.862334113551192161e-04
-4.862282263976558383e-04
-4.862223628807615938e-04
-4.862158026409657552e-04
-4.862085262835602606e-04
-4.862005137359348694e-04
-4.861917442459118277e-04
-4.861821963845214256e-04
-4.861718480430043954e-04
-4.861606764356984911e-04
-4.861486580985951989e-04
-4.861357688882295136e-04
-4.861219839844554969e-04
-4.861072778874486744e-04
-4.860916244199264824e-04
-4.860749967270372451e-04
-4.860573672738066620e-04
-4.860387078490235879e-04
-4.860189895615762978e-04
-4.859981828431170214e-04
-4.859762574472847874e-04
-4.859531824479290663e-04
-4.859289262427735068e-04
-4.859034565493081104e-04
-4.858767404078978558e-04
-4.858487441812275875e-04
-4.858194335517485030e-04
-4.857887735260080220e-04
-4.857567284299868504e-04
-4.857232619133178275e-04
-4.856883369469544576e-04
-4.856519158225047761e-04
-4.856139601550069074e-04
-4.855744308793763508e-04
-4.855332882539586947e-04
-4.854904918585312146e-04
-4.854460005933036726e-04
-4.853997726823600090e-04
-4.853517656691064275e-04
-4.853019364207122877e-04
-4.852502411258896586e-04
-4.851966352934500293e-04
-4.851410737563011111e-04
-4.850835106666728791e-04
-4.850238995003364195e-04
-4.849621930549385951e-04
-4.848983434481146659e-04
-4.848323021212630479e-04
-4.847640198356595320e-04
-4.846934466757879534e-04
-4.846205320478969014e-04
-4.845452246784454076e-04
-4.844674726176556590e-04
-4.843872232356272178e-04
-4.843044232255566683e-04
-4.842190186025163712e-04
-4.841309547015670844e-04
-4.840401761819768112e-04
-4.839466270222247957e-04
-4.838502505245534380e-04
-4.837509893127478477e-04
-4.836487853306925544e-04
-4.835435798463683099e-04
-4.834353134470781299e-04
-4.833239260436661411e-04
-4.832093568687412244e-04
-4.830915444751227028e-04
-4.829704267392820327e-04
-4.828459408575680456e-04
-4.827180233494265948e-04
-4.825866100564013550e-04
-4.824516361398023534e-04
-4.823130360851468623e-04
-4.821707436973854399e-04
-4.820246921047877109e-04
-4.818748137576100987e-04
-4.817210404260974244e-04
-4.815633032042576644e-04
-4.814015325060871930e-04
-4.812356580684573615e-04
-4.810656089504483646e-04
-4.808913135311287945e-04
-4.807126995126642655e-04
-4.805296939190961680e-04
-4.803422230951204241e-04
-4.801502127087520222e-04
-4.799535877478833257e-04
-4.797522725233926977e-04
-4.795461906682563225e-04
-4.793352651356608263e-04
-4.791194182025559911e-04
-4.788985714655469295e-04
-4.786726458444467980e-04
-4.784415615807224853e-04
-4.782052382367174559e-04
-4.779635946977611738e-04
-4.777165491693935451e-04
-4.774640191801404754e-04
-4.772059215804036469e-04
-4.769421725410172286e-04
-4.766726874245730272e-04
-4.763963075254951107e-04
-4.761119947730430013e-04
-4.758197744985093181e-04
-4.755196720178656022e-04
-4.752117126352040088e-04
-4.748959216390735705e-04
-4.745723243053667773e-04
-4.742409458963203761e-04
-4.739018116594051477e-04
-4.735549468293243081e-04
-4.732003766260151068e-04
-4.728381262563141618e-04
-4.724682209137354150e-04
-4.720906857765827525e-04
-4.717055460108365850e-04
-4.713128267674893124e-04
-4.709125531844327028e-04
-4.705047503862358482e-04
-4.700894434823688073e-04
-4.696666575698671409e-04
-4.692364177307783990e-04
-4.687987490341605223e-04
-4.683536765356377529e-04
-4.679012252757352996e-04
-4.674414202826548959e-04
-4.669742865694992418e-04
-4.664998491362704058e-04
-4.660181329699808472e-04
-4.655291630419888804e-04
-4.650329643117734335e-04
-4.645295617231592900e-04
-4.640189802078698023e-04
-4.635012446833064459e-04
-4.629763800525488193e-04
-4.624444112056869116e-04
-4.619053630179337233e-04
-4.613592603518457125e-04
-4.608061280563235940e-04
-4.602459909649470049e-04
-4.596788738994161960e-04
-4.591048016657772735e-04
-4.585237990577528677e-04
-4.579358908552988439e-04
-4.573411018230499892e-04
-4.567394567139837491e-04
-4.561309802649793355e-04
-4.555156972010365735e-04
-4.548936322330554560e-04
-4.542648100569479652e-04
-4.536292553565246521e-04
-4.529869928000529455e-04
-4.523380470433657763e-04
-4.516824427285293098e-04
-4.510202044827327228e-04
-4.503513569206196721e-04
-4.496759246416237588e-04
-4.489939322326330640e-04
-4.483054042669909478e-04
-4.476103653027196927e-04
-4.469088398857401501e-04
-4.462008525464300490e-04
-4.454864278029546654e-04
-4.447655901596014871e-04
-4.440383641054479469e-04
-4.433047741176920908e-04
-4.425648446576557760e-04
-4.418186001745594282e-04
-4.410660651038567082e-04
-4.403072638657912208e-04
-4.395422208685051402e-04
-4.387709605044864958e-04
-4.379935071540108638e-04
-4.372098851836980771e-04
-4.364201189446248463e-04
-4.356242327763215627e-04
-4.348222510022203835e-04
-4.340141979337630573e-04
-4.332000978686245674e-04
-4.323799750890477966e-04
-4.315538538653962419e-04
-4.307217584524902776e-04
-4.298837130928268024e-04
-4.290397420149139052e-04
-4.281898694322716636e-04
-4.273341195464297471e-04
-4.264725165431526577e-04
-4.256050845961034668e-04
-4.247318478648454132e-04
-4.238528304939537250e-04
-4.229680566161242439e-04
-4.220775503481766222e-04
-4.211813357947180592e-04
-4.202794370468110330e-04
-4.193718781797528550e-04
-4.184586832572945170e-04
-4.175398763276438885e-04
-4.166154814262412742e-04
-4.156855225753153249e-04
-4.147500237814405466e-04
-4.138090090392010367e-04
-4.128625023278598150e-04
-4.119105276142454031e-04
-4.109531088514195574e-04
-4.099902699770119341e-04
-4.090220349164397362e-04
-4.080484275814644235e-04
-4.070694718684153557e-04
-4.060851916619645507e-04
-4.050956108309078374e-04
-4.041007532316065465e-04
-4.031006427069883102e-04
-4.020953030846596832e-04
-4.010847581801257888e-04
-4.000690317933486284e-04
-3.990481477118557052e-04
-3.980221297096298017e-04
-3.969910015451105778e-04
-3.959547869653023966e-04
-3.949135097011113871e-04
-3.938671934711202027e-04
-3.928158619802557538e-04
-3.917595389182348953e-04
-3.906982479631171401e-04
-3.896320127768637676e-04
-3.885608570092236036e-04
-3.874848042961787087e-04
-3.864038782585010878e-04
-3.853181025053054043e-04
-3.842275006297191098e-04
-3.831320962125461804e-04
-3.820319128208238268e-04
-3.809269740066012488e-04
-3.798173033098262152e-04
-3.787029242549033725e-04
-3.775838603534698024e-04
-3.764601351039509325e-04
-3.753317719894511129e-04
-3.741987944807512179e-04
-3.730612260335330888e-04
-3.719190900905999797e-04
-3.707724100813769574e-04
-3.696212094199680109e-04
-3.684655115083756982e-04
-3.673053397333370107e-04
-3.661407174687658639e-04
-3.649716680750314524e-04
-3.637982148975704710e-04
-3.626203812692740946e-04
-3.614381905080454871e-04
-3.602516659188537140e-04
-3.590608307932896537e-04
-3.578657084076231065e-04
-3.566663220260779532e-04
-3.554626948975569967e-04
-3.542548502581399639e-04
-3.530428113304173721e-04
-3.518266013218807053e-04
-3.506062434276979722e-04
-3.493817608279936593e-04
-3.481531766898471325e-04
-3.469205141670150816e-04
-3.456837963980441408e-04
-3.444430465092129801e-04
-3.431982876116457248e-04
-3.419495428036434248e-04
-3.406968351700179198e-04
-3.394401877802044609e-04
-3.381796236918144238e-04
-3.369151659470270843e-04
-3.356468375751431310e-04
-3.343746615921960874e-04
-3.330986609985653324e-04
-3.318188587830284142e-04
-3.305352779188197587e-04
-3.292479413663507160e-04
-3.279568720727099596e-04
-3.266620929694430409e-04
-3.253636269763826583e-04
-3.240614969978183879e-04
-3.227557259253277522e-04
-3.214463366369990638e-04
-3.201333519954885354e-04
-3.188167948517395267e-04
-3.174966880411522752e-04
-3.161730543863594534e-04
-3.148459166965600353e-04
-3.135152977654653839e-04
-3.121812203751295201e-04
-3.108437072920633426e-04
-3.095027812698991632e-04
-3.081584650490576394e-04
-3.068107813542497730e-04
-3.054597528988067801e-04
-3.041054023799061312e-04
-3.027477524826793776e-04
-3.013868258784357934e-04
-3.000226452230525531e-04
-2.986552331609160227e-04
-2.972846123203143343e-04
-2.959108053174341890e-04
-2.945338347547510338e-04
-2.931537232191971931e-04
-2.917704932861586720e-04
-2.903841675151452861e-04
-2.889947684533433758e-04
-2.876023186343390492e-04
-2.862068405761752921e-04
-2.848083567852932596e-04
-2.834068897523134289e-04
-2.820024619555328016e-04
-2.805950958595926359e-04
-2.791848139136465790e-04
-2.777716385552464473e-04
-2.763555922060678682e-04
-2.749366972754629934e-04
-2.735149761592392537e-04
-2.720904512375499351e-04
-2.706631448791685379e-04
-2.692330794367148172e-04
-2.678002772507070972e-04
-2.663647606480634700e-04
-2.649265519399923718e-04
-2.634856734263224531e-04
-2.620421473907841303e-04
-2.605959961051174112e-04
-2.591472418270734934e-04
-2.576959067991380081e-04
-2.562420132521947558e-04
-2.547855834010848142e-04
-2.533266394486588524e-04
-2.518652035835011738e-04
-2.504012979795411376e-04
-2.489349447985511610e-04
-2.474661661865384943e-04
-2.459949842773534456e-04
-2.445214211908020019e-04
-2.430454990317576502e-04
-2.415672398927704023e-04
-2.400866658521794150e-04
-2.386037989736689013e-04
-2.371186613084885764e-04
-2.356312748926780998e-04
-2.341416617498426334e-04
-2.326498438893764842e-04
-2.311558433060745266e-04
-2.296596819823526481e-04
-2.281613818852501474e-04
-2.266609649694828477e-04
-2.251584531755557173e-04
-2.236538684293742918e-04
-2.221472326444096090e-04
-2.206385677187561178e-04
-2.191278955382403026e-04
-2.176152379744777932e-04
-2.161006168844847863e-04
-2.145840541127319590e-04
-2.130655714885909546e-04
-2.115451908286658522e-04
-2.100229339359604985e-04
-2.084988225984352184e-04
-2.069728785916713498e-04
-2.054451236762067090e-04
-2.039155795995895026e-04
-2.023842680960452611e-04
-2.008512108845339483e-04
-1.993164296718030748e-04
-1.977799461493900957e-04
-1.962417819960371457e-04
-1.947019588769693943e-04
-1.931604984422852223e-04
-1.916174223297872903e-04
-1.900727521621514704e-04
-1.885265095491750476e-04
-1.869787160871383414e-04
-1.854293933573059050e-04
-1.838785629285633050e-04
-1.823262463546138079e-04
-1.807724651763653601e-04
-1.792172409212089423e-04
-1.776605951014920137e-04
-1.761025492171830464e-04
-1.745431247530682128e-04
-1.729823431811661205e-04
-1.714202259599784117e-04
-1.698567945328799400e-04
-1.682920703309220833e-04
-1.667260747700571866e-04
-1.651588292533590074e-04
-1.635903551703843384e-04
-1.620206738956464498e-04
-1.604498067912796255e-04
-1.588777752042913605e-04
-1.573046004688660737e-04
-1.557303039057544858e-04
-1.541549068202197059e-04
-1.525784305058397461e-04
-1.510008962406217403e-04
-1.494223252897775023e-04
-1.478427389051961693e-04
-1.462621583232237565e-04
-1.446806047685211816e-04
-1.430980994501507286e-04
-1.415146635644626283e-04
-1.399303182944011681e-04
-1.383450848074507800e-04
-1.367589842592720206e-04
-1.351720377901211023e-04
-1.335842665273756502e-04
-1.319956915850906132e-04
-1.304063340618055733e-04
-1.288162150443472598e-04
-1.272253556039992795e-04
-1.256337767992221632e-04
-1.240414996752092769e-04
-1.224485452615275971e-04
-1.208549345761422700e-04
-1.192606886213920525e-04
-1.176658283868758925e-04
-1.160703748488145504e-04
-1.144743489679411752e-04
-1.128776959420096926e-04
-1.112785922673387162e-04
-1.096762891368840975e-04
-1.080708346854752921e-04
-1.064622768994494262e-04
-1.048506636203150322e-04
-1.032360425405332016e-04
-1.016184612071813209e-04
-9.999796702048202590e-05
-9.837460723198521162e-05
-9.674842894856483522e-05
-9.511947912790863491e-05
-9.348780458243166613e-05
-9.185345197762484482e-05
-9.021646783036185724e-05
-8.857689851279881843e-05
-8.693479024790562448e-05
-8.529018911342112208e-05
-8.364314104010450723e-05
-8.199369181013937968e-05
-8.034188706095013455e-05
-7.868777228083045916e-05
-7.703139281280135808e-05
-7.537279385293194078e-05
-7.371202044867408709e-05
-7.204911750277598337e-05
-7.038412976881347483e-05
-6.871710185508972391e-05
-6.704807822298375353e-05
-6.537710318522960140e-05
-6.370422090988536734e-05
-6.202947541582293223e-05
-6.035291057662761638e-05
-5.867457011896060060e-05
-5.699449762089359162e-05
-5.531273651575296935e-05
-5.362933008769277254e-05
-5.194432147572619618e-05
-5.025775367147738981e-05
-4.856966951861940718e-05
-4.688011171523343013e-05
-4.518912281210873960e-05
-4.349674521222229862e-05
-4.180302117292450381e-05
-4.010799280319138349e-05
-3.841170206639321627e-05
-3.671419077861531877e-05
-3.501550060813068965e-05
-3.331567307758576124e-05
-3.161474956125259750e-05
-2.991277128779057382e-05
-2.820977933858798137e-05
-2.650581464720344615e-05
-2.480091800158290560e-05
-2.309513004129445934e-05
-2.138849126029351844e-05
-1.968104200525747083e-05
-1.797282247504444763e-05
-1.626387272289642194e-05
-1.455423265366712071e-05
-1.284394202661666429e-05
-1.113304045371500683e-05
-9.421567399109376240e-06
-7.709562181341250708e-06
-5.997063970674884614e-06
-4.284111791322091356e-06
-2.570744520886698165e-06
-8.570008887005126086e-07
8.570805212920491051e-07
2.571461273864414365e-06
4.286103079176317721e-06
6.000967794440002778e-06
7.716017425139082286e-06
9.431214121703723752e-06
1.114652018394460264e-05
1.286189805661461238e-05
1.457731033163017775e-05
1.629271974918494736e-05
1.800808919440871625e-05
1.972338170182219574e-05
2.143856045087877416e-05
2.315358876820577949e-05
2.486843012869388581e-05
2.658304815218726080e-05
2.829740660790364126e-05
3.001146941000731871e-05
3.172520061982264661e-05
3.343856444695814112e-05
3.515152524595499539e-05
3.686404752074184943e-05
3.857609592018002020e-05
4.028763524031170329e-05
4.199863042543550140e-05
4.370904656480351091e-05
4.541884889704833617e-05
4.712800280574219736e-05
4.883647382162431549e-05
5.054422762370419653e-05
5.225123003594484006e-05
5.395744703166893697e-05
5.566284472917348847e-05
5.736738939388086322e-05
5.907104743953228709e-05
6.077378542476696843e-05
6.247557005761850135e-05
6.417636819110172919e-05
6.587614682534992383e-05
6.757487310879439768e-05
6.927251433477832343e-05
7.096903794606701510e-05
7.266441153033764699e-05
7.435860282245521091e-05
7.605157970554110580e-05
7.774331020767022427e-05
7.943376250628408908e-05
8.112290492379159446e-05
8.281070592974781874e-05
8.449713414175608062e-05
8.618215832326137082e-05
8.786574738575692045e-05
8.954787038656375486e-05
9.122849652995479452e-05
9.290759516822344466e-05
9.458513579953253814e-05
9.626108807007927037e-05
9.793542177188863107e-05
9.960810684392362724e-05
1.012791133732093840e-04
1.029484115926126986e-04
1.046159718830069751e-04
1.062817647711489233e-04
1.079457609307055144e-04
1.096079311833919601e-04
1.112682464967651441e-04
1.129266779864579462e-04
1.145831969138755291e-04
1.162377746874165840e-04
1.178903828635002871e-04
1.195409931444291196e-04
1.211895773804427812e-04
1.228361075677475434e-04
1.244805558494044284e-04
1.261228945165504545e-04
1.277630960061504339e-04
1.294011329032451751e-04
1.310369779386200140e-04
1.326706039901370815e-04
1.343019840835957268e-04
1.359310913907063600e-04
1.375578992311443649e-04
1.391823810704961861e-04
1.408045105212307746e-04
1.424242613439208327e-04
1.440416074449391015e-04
1.456565228786788069e-04
1.472689818454442356e-04
1.488789586924221808e-04
1.504864279148754314e-04
1.520913641538668148e-04
1.536937421985073993e-04
1.552935369838193136e-04
1.568907235916794374e-04
1.584852772520128905e-04
1.600771733406836095e-04
1.616663873814372376e-04
1.632528950440137461e-04
1.648366721450078565e-04
1.664176946490625308e-04
1.679959386667040366e-04
1.695713804564236149e-04
1.711439964226513233e-04
1.727137631166719700e-04
1.742806572378463592e-04
1.758446556318349341e-04
1.774057352905700213e-04
1.789638733544207660e-04
1.805190471087791959e-04
1.820712339883623354e-04
1.836204115728545805e-04
1.851665575891003890e-04
1.867096499122422593e-04
1.882496665623067944e-04
1.897865857087288610e-04
1.913203856659384527e-04
1.928510448954701140e-04
1.943785420071286740e-04
1.959028557556863337e-04
1.974239650452958017e-04
1.989418489250494027e-04
2.004564865911995231e-04
2.019678573882688344e-04
2.034759408057473795e-04
2.049807164824779537e-04
2.064821642022152126e-04
2.079802638960126515e-04
2.094749956429997617e-04
2.109663396674399394e-04
2.124542763428660663e-04
2.139387861877506403e-04
2.154198498677262208e-04
2.168974481968621859e-04
2.183715621338899737e-04
2.198421727871990861e-04
2.213092614098965960e-04
2.227728094024161720e-04
2.242327983134062563e-04
2.256892098363993959e-04
2.271420258143641568e-04
2.285912282352642322e-04
2.300367992341678658e-04
2.314787210944135865e-04
2.329169762442795388e-04
2.343515472614798867e-04
2.357824168685573873e-04
2.372095679353258824e-04
2.386329834799250094e-04
2.400526466652119773e-04
2.414685408036465475e-04
2.428806493525170751e-04
2.442889559163829993e-04
2.456934442479075109e-04
2.470940982448599499e-04
2.484909019542791420e-04
2.498838395681990399e-04
2.512728954258136582e-04
2.526580540146428078e-04
2.540392999670348928e-04
2.554166180647743367e-04
2.567899932346406899e-04
2.581594105505180536e-04
2.595248552345608140e-04
2.608863126538629729e-04
2.622437683248990403e-04
2.635972079091941644e-04
2.649466172153225330e-04
2.662919822001286185e-04
2.676332889653965097e-04
2.689705237624018253e-04
2.703036729872487776e-04
2.716327231832571520e-04
2.729576610420170191e-04
2.742784734000580649e-04
2.755951472432349725e-04
2.769076697023975520e-04
2.782160280556111864e-04
2.795202097289339882e-04
2.808202022941963527e-04
2.821159934714434492e-04
2.834075711263261965e-04
2.846949232716555755e-04
2.859780380682352963e-04
2.872569038225303295e-04
2.885315089892759310e-04
2.898018421689796398e-04
2.910678921089759896e-04
2.923296477048142883e-04
2.935870979977606154e-04
2.948402321771848023e-04
2.960890395782844742e-04
2.973335096831952740e-04
2.985736321220455736e-04
2.998093966708470504e-04
3.010407932537151332e-04
3.022678119404820229e-04
3.034904429480289600e-04
3.047086766412299141e-04
3.059225035307866492e-04
3.071319142755046805e-04
3.083368996799062955e-04
3.095374506955628213e-04
3.107335584220938252e-04
3.119252141048911575e-04
3.131124091373949092e-04
3.142951350589839876e-04
3.154733835558642951e-04
3.166471464622899745e-04
3.178164157584539851e-04
3.189811835724865041e-04
3.201414421784010145e-04
3.212971839971490162e-04
3.224484015977302498e-04
3.235950876949722499e-04
3.247372351518063027e-04
3.258748369768804665e-04
3.270078863258363278e-04
3.281363765024192247e-04
3.292603009562022898e-04
3.303796532846958733e-04
3.314944272313491425e-04
3.326046166864937703e-04
3.337102156885651816e-04
3.348112184218265952e-04
3.359076192185339593e-04
3.369994125568820387e-04
3.380865930618370818e-04
3.391691555065246000e-04
3.402470948103974990e-04
3.413204060390695460e-04
3.423890844067023487e-04
3.434531252726746864e-04
3.445125241447466458e-04
3.455672766770057081e-04
3.466173786698667492e-04
3.476628260722369745e-04
3.487036149777966720e-04
3.497397416298286821e-04
3.507712024164444387e-04
3.517979938729709488e-04
3.528201126829499934e-04
3.538375556748629691e-04
3.548503198266272918e-04
3.558584022611555042e-04
3.568618002483536777e-04
3.578605112065091909e-04
3.588545326989045492e-04
3.598438624380362327e-04
3.608284982815623820e-04
3.618084382341901772e-04
3.627836804487305500e-04
3.637542232233226258e-04
3.647200650052084825e-04
3.656812043865143025e-04
3.666376401068038859e-04
3.675893710537447845e-04
3.685363962598886545e-04
3.694787149072231713e-04
3.704163263228421599e-04
3.713492299808329733e-04
3.722774255034977386e-04
3.732009126581337100e-04
3.741196913616962050e-04
3.750337616755805570e-04
3.759431238087307392e-04
3.768477781183054987e-04
3.777477251061256425e-04
3.786429654238920861e-04
3.795334998678567828e-04
3.804193293813762367e-04
3.813004550565768369e-04
3.821768781299139661e-04
3.830485999877231151e-04
3.839156221608908126e-04
3.847779463278522272e-04
3.856355743149242343e-04
3.864885080936408812e-04
3.873367497848612118e-04
3.881803016543283746e-04
3.890191661150010916e-04
3.898533457280528580e-04
3.906828431996522966e-04
3.915076613854040488e-04
3.923278032856858388e-04
3.931432720482019860e-04
3.939540709688715836e-04
3.947602034884978295e-04
3.955616731974309630e-04
3.963584838306832836e-04
3.971506392708157307e-04
3.979381435482709506e-04
3.987210008388197835e-04
3.994992154672249995e-04
4.002727919033555182e-04
4.010417347644068542e-04
4.018060488156782739e-04
4.025657389673531483e-04
4.033208102791618899e-04
4.040712679557190157e-04
4.048171173486325713e-04
4.055583639581694655e-04
4.062950134291476445e-04
4.070270715559320962e-04
4.077545442778829354e-04
4.084774376814648278e-04
4.091957580011351681e-04
4.099095116172346565e-04
4.106187050583187670e-04
4.113233449983821899e-04
4.120234382587462107e-04
4.127189918086138221e-04
4.134100127629602994e-04
4.140965083849756923e-04
4.147784860836223331e-04
4.154559534146340383e-04
4.161289180820704203e-04
4.167973879356523526e-04
4.174613709730934374e-04
4.181208753382126275e-04
4.187759093214893369e-04
4.194264813615067311e-04
4.200726000428423035e-04
4.207142740979552542e-04
4.213515124050770666e-04
4.219843239897658194e-04
4.226127180250172088e-04
4.232367038302653484e-04
4.238562908727150358e-04
4.244714887652323299e-04
4.250823072678988623e-04
4.256887562889000165e-04
4.262908458818603918e-04
4.268885862488414062e-04
4.274819877376767607e-04
4.280710608428606179e-04
4.286558162073239586e-04
4.292362646194369802e-04
4.298124170161177204e-04
4.303842844796124112e-04
4.309518782393828573e-04
4.315152096728835929e-04
4.320742903033414350e-04
4.326291318021979748e-04
4.331797459865560640e-04
4.337261448205120828e-04
4.342683404162661631e-04
4.348063450317907197e-04
4.353401710731619190e-04
4.358698310921171881e-04
4.363953377876095274e-04
4.369167040063626217e-04
4.374339427412055059e-04
4.379470671328489217e-04
4.384560904678869164e-04
4.389610261797960433e-04
4.394618878501566073e-04
4.399586892063211963e-04
4.404514441237461497e-04
4.409401666238821349e-04
4.414248708747292582e-04
4.419055711926134222e-04
4.423822820401879241e-04
4.428550180261003888e-04
4.433237939078793488e-04
4.437886245877153968e-04
4.442495251171241222e-04
4.447065106928382860e-04
4.451595966585841779e-04
4.456087985063028611e-04
4.460541318730415483e-04
4.464956125450614266e-04
4.469332564538408548e-04
4.473670796776296754e-04
4.477970984432255719e-04
4.482233291224213545e-04
4.486457882361127858e-04
4.490644924503017776e-04
4.494794585782058149e-04
4.498907035813681787e-04
4.502982445658831878e-04
4.507020987878362916e-04
4.511022836476419329e-04
4.514988166933742164e-04
4.518917156210999764e-04
4.522809982718811739e-04
4.526666826362157892e-04
4.530487868493748849e-04
4.534273291941781636e-04
4.538023281013270349e-04
4.541738021466290576e-04
4.545417700552167872e-04
4.549062506972179065e-04
4.552672630898646489e-04
4.556248263989370884e-04
4.559789599346553146e-04
4.563296831570085033e-04
4.566770156707589123e-04
4.570209772279953953e-04
4.573615877289105569e-04
4.576988672186921292e-04
4.580328358919638632e-04
4.583635140881225922e-04
4.586909222940027675e-04
4.590150811445425916e-04
4.593360114195643717e-04
4.596537340484374567e-04
4.599682701054153000e-04
4.602796408117448834e-04
4.605878675372210296e-04
4.608929717964116435e-04
4.611949752533206492e-04
4.614938997168360757e-04
4.617897671430615247e-04
4.620825996364263943e-04
4.623724194461331649e-04
4.626592489710423806e-04
4.629431107546766455e-04
4.632240274878851594e-04
4.635020220097318955e-04
4.637771173042759543e-04
4.640493365047904106e-04
4.643187028897655111e-04
4.645852398845740083e-04
4.648489710631364957e-04
4.651099201440356268e-04
4.653681109955121187e-04
4.656235676305797710e-04
4.658763142093569343e-04
4.661263750403987771e-04
4.663737745771445731e-04
4.666185374224696147e-04
4.668606883240222771e-04
4.671002521766665083e-04
4.673372540235920525e-04
4.675717190533168477e-04
4.678036726030176951e-04
4.680331401550885673e-04
4.682601473392500324e-04
4.684847199332153878e-04
4.687068838604702137e-04
4.689266651926038421e-04
4.691440901469778879e-04
4.693591850878364724e-04
4.695719765276384905e-04
4.697824911246151203e-04
4.699907556849902690e-04
4.701967971609821717e-04
4.704006426513585026e-04
4.706023194034347767e-04
4.708018548099657252e-04
4.709992764120318753e-04
4.711946118964860375e-04
4.713878890968414836e-04
4.715791359951593265e-04
4.717683807188288725e-04
4.719556515436762467e-04
4.721409768911888349e-04
4.723243853297365291e-04
4.725059055757929727e-04
4.726855664917151145e-04
4.728633970879636550e-04
4.730394265207715776e-04
4.732136840931433497e-04
4.733861992562982124e-04
4.735570016073387123e-04
4.737261208912491028e-04
4.738935869991189875e-04
4.740594299686984314e-04
4.742236799858412510e-04
4.743863673823955907e-04
4.745475226379802791e-04
4.747071763784305176e-04
4.748653593761309466e-04
4.750221025517920026e-04
4.751774369717853830e-04
4.753313938505865366e-04
4.754840045486652400e-04
4.756353005732627537e-04
4.757853135795020449e-04
4.759340753687224534e-04
4.760816178900340034e-04
4.762279732384300246e-04
4.763731736560083974e-04
4.765172515326376868e-04
4.766602394047358970e-04
4.768021699548263825e-04
4.769430760140913605e-04
4.770829905584861308e-04
4.772219467130689452e-04
4.773599777485593165e-04
4.774971170823372191e-04
4.776333982802194456e-04
4.777688550529068934e-04
4.779035212605364791e-04
4.780374309080182016e-04
4.781706181475886552e-04
4.783031172798102304e-04
4.784349627500183999e-04
4.785661891530956780e-04
4.786968312288086835e-04
