7.702541129198055003e+00
7.687397776362217883e+00
7.672254397528978309e+00
7.657110967099401755e+00
7.641967459911882088e+00
7.626823851270410515e+00
7.611680116944738117e+00
7.596536233170374963e+00
7.581392176648597214e+00
7.566247924546434689e+00
7.551103454496682410e+00
7.535958744597893499e+00
7.520813683914145287e+00
7.505668139456197707e+00
7.490522111136559857e+00
7.475375599515535541e+00
7.460228604919943329e+00
7.445081127443113900e+00
7.429933166944897138e+00
7.414784723051654147e+00
7.399635795156266127e+00
7.384486382418125494e+00
7.369336483763140322e+00
7.354186097883737006e+00
7.339035223238854933e+00
7.323883858053949147e+00
7.308732000320988575e+00
7.293579647798462240e+00
7.278426798011368604e+00
7.263273448251224451e+00
7.248119595576062224e+00
7.232965236810427356e+00
7.217810368545384492e+00
7.202654987138509490e+00
7.187499088713893869e+00
7.172342669162149242e+00
7.157185724140395777e+00
7.142028249072275514e+00
7.126870239147939046e+00
7.111711689324058838e+00
7.096552594323818575e+00
7.081392948636915818e+00
7.066232746519570007e+00
7.051071981994508242e+00
7.035910648850978610e+00
7.020748740644742192e+00
7.005586250698073947e+00
6.990423172099767157e+00
6.975259497705128098e+00
6.960095220135980476e+00
6.944930331780660993e+00
6.929764824794022005e+00
6.914598691097433303e+00
6.899431922378776783e+00
6.884264510092453548e+00
6.869096445459377698e+00
6.853927719466976320e+00
6.838758322869196604e+00
6.823588246186497841e+00
6.808417479705855868e+00
6.793246013480761292e+00
6.778073837331219487e+00
6.762900940843753261e+00
6.747727313371397528e+00
6.732552944033706410e+00
6.717377821716746134e+00
6.702201935073098582e+00
6.687025272521863073e+00
6.671847822248651028e+00
6.656669572205593077e+00
6.641490510111331957e+00
6.626310623451025172e+00
6.611129899476350325e+00
6.595948325205494456e+00
6.580765887423164706e+00
6.565582572680581208e+00
6.550398367295477087e+00
6.535213257352106453e+00
6.520027228701233746e+00
6.504840266960141726e+00
6.489652357512626146e+00
6.474463485508998417e+00
6.459273635866088270e+00
6.444082793267236653e+00
6.428890942162302835e+00
6.413698066767659967e+00
6.398504151066195966e+00
6.383309178807315298e+00
6.368113133506937196e+00
6.352915998447496548e+00
6.337717756677943903e+00
6.322518391013741912e+00
6.307317884036873323e+00
6.292116218095833879e+00
6.276913375305634979e+00
6.261709337547801901e+00
6.246504086470375583e+00
6.231297603487914394e+00
6.216089869781492361e+00
6.200880866298693839e+00
6.185670573753623280e+00
6.170458972626899019e+00
6.155246043165654157e+00
6.140031765383539231e+00
6.124816119060715991e+00
6.109599083743865400e+00
6.094380638746182299e+00
6.079160763147374524e+00
6.063939435793670896e+00
6.048716635297810562e+00
6.033492340039048329e+00
6.018266528161636764e+00
6.003039166381505254e+00
5.987810227416257014e+00
5.972579697585794989e+00
5.957347563425142489e+00
5.942113811684445857e+00
5.926878429328965581e+00
5.911641403539086959e+00
5.896402721710311212e+00
5.881162371453259929e+00
5.865920340593678617e+00
5.850676617172425154e+00
5.835431189445484002e+00
5.820184045883955548e+00
5.804935175174059658e+00
5.789684566217139228e+00
5.774432208129651301e+00
5.759178090243179504e+00
5.743922202104421615e+00
5.728664533475196663e+00
5.713405074332444933e+00
5.698143814868225299e+00
5.682880745489716112e+00
5.667615856819216091e+00
5.652349139694140767e+00
5.637080585167031366e+00
5.621810184505542374e+00
5.606537929192453085e+00
5.591263810925659605e+00
5.575987821618176632e+00
5.560709953398141892e+00
5.545430198608812589e+00
5.530148549808562741e+00
5.514864999770887621e+00
5.499579541484401979e+00
5.484292168152840929e+00
5.469002873195059067e+00
5.453711650245031350e+00
5.438418493151850441e+00
5.423123395979728478e+00
5.407826353008000630e+00
5.392527358731120657e+00
5.377226407858659130e+00
5.361923495315309651e+00
5.346618616240882638e+00
5.331311765990311535e+00
5.316002940133647492e+00
5.300692134456061133e+00
5.285379344957843450e+00
5.270064567854404913e+00
5.254747799576275469e+00
5.239429036769106318e+00
5.224108276293667252e+00
5.208785515225845764e+00
5.193460750856650598e+00
5.178133980692212646e+00
5.162805202453779607e+00
5.147474414077719551e+00
5.132141613715520023e+00
5.116806799733788935e+00
5.101469970714251900e+00
5.086131125453759338e+00
5.070790262964275819e+00
5.055447382472888052e+00
5.040102483421801338e+00
5.024755565468341345e+00
5.009406628484955881e+00
4.994055672559208681e+00
4.978702697993783843e+00
4.963347705306485835e+00
4.947990695230240377e+00
4.932631668713090889e+00
4.917270626918202048e+00
4.901907571223854454e+00
4.886542503223454403e+00
4.871175424725522340e+00
4.855806337753701740e+00
4.840435244546755555e+00
4.825062147558564440e+00
4.809687049458131192e+00
4.794309953129575419e+00
4.778930861672140651e+00
4.763549778400185453e+00
4.748166706843190532e+00
4.732781650745756963e+00
4.717394614067603520e+00
4.702005600983571121e+00
4.686614615883618384e+00
4.671221663372823407e+00
4.655826748271385540e+00
4.640429875614622723e+00
4.625031050652974152e+00
4.609630278851996721e+00
4.594227565892367693e+00
4.578822917669883807e+00
4.563416340295463947e+00
4.548007840095142917e+00
4.532597423610077669e+00
4.517185097596543741e+00
4.501770869025936150e+00
4.486354745084772055e+00
4.470936733174685429e+00
4.455516840912431498e+00
4.440095076129884077e+00
4.424671446874036462e+00
4.409245961407004977e+00
4.393818628206022758e+00
4.378389455963442423e+00
4.362958453586735175e+00
4.347525630198497026e+00
4.332090995136438139e+00
4.316654557953392590e+00
4.301216328417310386e+00
4.285776316511262785e+00
4.270334532433441410e+00
4.254890986597158253e+00
4.239445689630843894e+00
4.223998652378048391e+00
4.208549885897439502e+00
4.193099401462808906e+00
4.177647210563067759e+00
4.162193324902242253e+00
4.146737756399483388e+00
4.131280517189057200e+00
4.115821619620352756e+00
4.100361076257880377e+00
4.084898899881265422e+00
4.069435103485256278e+00
4.053969700279718147e+00
4.038502703689640150e+00
4.023034127355127332e+00
4.007563985131406881e+00
3.992092291088824574e+00
3.976619059512843890e+00
3.961144304904051783e+00
3.945668041978153795e+00
3.930190285665974059e+00
3.914711051113455742e+00
3.899230353681665040e+00
3.883748208946783187e+00
3.868264632700116223e+00
3.852779640948086559e+00
3.837293249912235638e+00
3.821805476029227933e+00
3.806316335950844287e+00
3.790825846543988575e+00
3.775334024890681039e+00
3.759840888288062288e+00
3.744346452420686422e+00
3.728850722759702752e+00
3.713353709782849066e+00
3.697855425176407529e+00
3.682355880572072859e+00
3.666855087546953662e+00
3.651353057623568432e+00
3.635849802269849995e+00
3.620345332899140178e+00
3.604839660870194251e+00
3.589332797487180926e+00
3.573824753999678361e+00
3.558315541602679488e+00
3.542805171436587131e+00
3.527293654587215332e+00
3.511781002085793801e+00
3.496267224908960802e+00
3.480752333978768931e+00
3.465236340162680673e+00
3.449719254273572844e+00
3.434201087069732150e+00
3.418681849254858296e+00
3.403161551478063984e+00
3.387640204333871807e+00
3.372117818362218689e+00
3.356594404048451441e+00
3.341069971823329432e+00
3.325544532063025915e+00
3.310018095089123591e+00
3.294490671168619045e+00
3.278962270513920085e+00
3.263432903282845743e+00
3.247902579578629378e+00
3.232371309449912911e+00
3.216839102890754365e+00
3.201305969840621657e+00
3.185771920184393036e+00
3.170236963752362414e+00
3.154701110320232260e+00
3.139164369609120264e+00
3.123626751285554004e+00
3.108088264961472280e+00
3.092548920194229556e+00
3.077008726486587964e+00
3.061467693286725300e+00
3.045925829988228362e+00
3.030383145930099165e+00
3.014839650396748727e+00
2.999295352618000621e+00
2.983750261769092749e+00
2.968204386970672459e+00
2.952657737288801432e+00
2.937110321734951235e+00
2.921562149266005104e+00
2.906013228784261493e+00
2.890463569137426969e+00
2.874913179118624207e+00
2.859362067466383994e+00
2.843810242864651006e+00
2.828257713942782914e+00
2.812704489275546393e+00
2.797150577383124670e+00
2.781595986731108194e+00
2.766040725730501748e+00
2.750484802737723555e+00
2.734928226054600398e+00
2.719371003928374719e+00
2.703813144551698855e+00
2.688254656062635917e+00
2.672695546544665124e+00
2.657135824026672921e+00
2.641575496482962304e+00
2.626014571833245270e+00
2.610453057942645927e+00
2.594890962621702268e+00
2.579328293626362179e+00
2.563765058657987872e+00
2.548201265363351453e+00
2.532636921334637581e+00
2.517072034109444800e+00
2.501506611170779770e+00
2.485940659947066145e+00
2.470374187812135247e+00
2.454807202085233175e+00
2.439239710031016806e+00
2.423671718859554236e+00
2.408103235726328339e+00
2.392534267732230546e+00
2.376964821923567950e+00
2.361394905292056645e+00
2.345824524774825282e+00
2.330253687254416839e+00
2.314682399558782855e+00
2.299110668461290530e+00
2.283538500680716510e+00
2.267965902881249107e+00
2.252392881672490965e+00
2.236819443609454616e+00
2.221245595192566924e+00
2.205671342867664197e+00
2.190096693025995300e+00
2.174521652004223871e+00
2.158946226084421216e+00
2.143370421494074307e+00
2.127794244406080892e+00
2.112217700938748610e+00
2.096640797155801650e+00
2.081063539066371426e+00
2.065485932625005905e+00
2.049907983731660721e+00
2.034329698231707173e+00
2.018751081915926449e+00
2.003172140520510958e+00
1.987592879727068995e+00
1.972013305162616303e+00
1.956433422399584066e+00
1.940853236955813577e+00
1.925272754294558020e+00
1.909691979824485131e+00
1.894110918899670537e+00
1.878529576819606639e+00
1.862947958829193951e+00
1.847366070118745762e+00
1.831783915823989917e+00
1.816201501026062815e+00
1.800618830751516297e+00
1.785035909972311208e+00
1.769452743605821166e+00
1.753869336514834121e+00
1.738285693507546137e+00
1.722701819337568940e+00
1.707117718703924814e+00
1.691533396251046151e+00
1.675948856568781675e+00
1.660364104192387336e+00
1.644779143602535632e+00
1.629193979225307620e+00
1.613608615432197135e+00
1.598023056540111675e+00
1.582437306811368849e+00
1.566851370453700154e+00
1.551265251620247199e+00
1.535678954409563701e+00
1.520092482865617933e+00
1.504505840977786502e+00
1.488919032680861676e+00
1.473332061855044506e+00
1.457744932325951259e+00
1.442157647864607428e+00
1.426570212187451059e+00
1.410982628956334084e+00
1.395394901778517882e+00
1.379807034206678606e+00
1.364219029738902300e+00
1.348630891818686894e+00
1.333042623834944651e+00
1.317454229121996612e+00
1.301865710959579481e+00
1.286277072572838964e+00
1.270688317132333323e+00
1.255099447754035147e+00
1.239510467499325586e+00
1.223921379375001228e+00
1.208332186333268110e+00
1.192742891271744377e+00
1.177153497033462726e+00
1.161564006406864635e+00
1.145974422125806136e+00
1.130384746869554480e+00
1.114794983262787254e+00
1.099205133875597484e+00
1.083615201223486535e+00
1.068025187767371209e+00
1.052435095913577090e+00
1.036844928013844536e+00
1.021254686365324904e+00
1.005664373210579665e+00
9.900739907375865068e-01
9.744835410797305641e-01
9.588930263158128575e-01
9.433024484700440748e-01
9.277118095120465702e-01
9.121211113568574724e-01
8.965303558649224680e-01
8.809395448421029062e-01
8.653486800396689160e-01
8.497577631543035137e-01
8.341667958281038242e-01
8.185757796485755300e-01
8.029847161486398655e-01
7.873936068066277327e-01
7.718024530462817001e-01
7.562112562367591106e-01
7.406200176926258649e-01
7.250287386738635265e-01
7.094374203858627714e-01
6.938460639794263862e-01
6.782546705507717100e-01
6.626632411415250834e-01
6.470717767387279551e-01
6.314802782748308863e-01
6.158887466276972145e-01
6.002971826206042749e-01
5.847055870222384044e-01
5.691139605467010476e-01
5.535223038535033169e-01
5.379306175475682128e-01
5.223389021792335107e-01
5.067471582442454325e-01
4.911553861837656410e-01
4.755635863843645783e-01
4.599717591780279058e-01
4.443799048421508413e-01
4.287880235995404909e-01
4.131961156184189576e-01
3.976041810124164577e-01
3.820122198405788705e-01
3.664202321073616320e-01
3.508282177626320109e-01
3.352361767016719396e-01
3.196441087651720192e-01
3.040520137392382916e-01
2.884598913553859667e-01
2.728677412905426980e-01
2.572755631670505250e-01
2.416833565526600724e-01
2.260911209605374061e-01
2.104988558492581485e-01
1.949065606228098380e-01
1.793142346305946488e-01
1.637218771674233408e-01
1.481294874735221700e-01
1.325370647345267827e-01
1.169446080814848382e-01
1.013521165908587013e-01
8.575958928451914154e-02
7.016702512975260542e-02
5.457442303925396504e-02
3.898178187113359588e-02
2.338910042891134689e-02
7.796377461519035830e-03
-7.796388336697689277e-03
-2.338919832598121418e-02
-3.898205392116371043e-02
-5.457495659166427399e-02
-7.016800401796126352e-02
-8.576156064529336098e-02
-1.013556511409842847e-01
-1.169502635727613510e-01
-1.325453860433366826e-01
-1.481410066904088607e-01
-1.637371136866646038e-01
-1.793336952397720230e-01
-1.949307395923907948e-01
-2.105282350221653886e-01
-2.261261698417267596e-01
-2.417245323986939864e-01
-2.573233110756675268e-01
-2.729224942902395146e-01
-2.885220704949866821e-01
-3.041220281774723588e-01
-3.197223558602481086e-01
-3.353230421008466244e-01
-3.509240754917924421e-01
-3.665254446605946681e-01
-3.821271382697490893e-01
-3.977291450167393938e-01
-4.133314536340308987e-01
-4.289340528890803750e-01
-4.445369315843292757e-01
-4.601400785572057339e-01
-4.757434826801260619e-01
-4.913471328604875898e-01
-5.069510180406796573e-01
-5.225551271980761747e-01
-5.381594493450374550e-01
-5.537639735289121568e-01
-5.693686888320300676e-01
-5.849735843717128736e-01
-6.005786493002667203e-01
-6.161838728049846559e-01
-6.317892441081472965e-01
-6.473947524670171649e-01
-6.630003871738479049e-01
-6.786061375558783970e-01
-6.942119929753338692e-01
-7.098179428294273396e-01
-7.254239765503536219e-01
-7.410300836052988727e-01
-7.566362534964342634e-01
-7.722424757609189783e-01
-7.878487399708935524e-01
-8.034550357334899751e-01
-8.190613526908253617e-01
-8.346676805200030635e-01
-8.502740089331146667e-01
-8.658803276772328861e-01
-8.814866265344226681e-01
-8.970928953217328639e-01
-9.126991238911994486e-01
-9.283053021298462992e-01
-9.439114199596787547e-01
-9.595174673376936081e-01
-9.751234342558727786e-01
-9.907293107411838662e-01
-1.006335086855583816e+00
-1.021940752696009591e+00
-1.037546298394391053e+00
-1.053151714117642079e+00
-1.068756990067662782e+00
-1.084362116481342175e+00
-1.099967083630550180e+00
-1.115571881822148503e+00
-1.131176501397983314e+00
-1.146780932734887681e+00
-1.162385166244682688e+00
-1.177989192374170768e+00
-1.193593001605145476e+00
-1.209196584454385937e+00
-1.224799931473657066e+00
-1.240403033249712683e+00
-1.256005880404287289e+00
-1.271608463594107175e+00
-1.287210773510883755e+00
-1.302812800881314237e+00
-1.318414536467084730e+00
-1.334015971064862027e+00
-1.349617095506304931e+00
-1.365217900658057149e+00
-1.380818377421748622e+00
-1.396418516733997084e+00
-1.412018309566402507e+00
-1.427617746925555542e+00
-1.443216819853032407e+00
-1.458815519425395113e+00
-1.474413836754194573e+00
-1.490011762985962163e+00
-1.505609289302221709e+00
-1.521206406919481058e+00
-1.536803107089235176e+00
-1.552399381097967046e+00
-1.567995220267140555e+00
-1.583590615953211600e+00
-1.599185559547621205e+00
-1.614780042476795519e+00
-1.630374056202150701e+00
-1.645967592220082709e+00
-1.661560642061979953e+00
-1.677153197294215525e+00
-1.692745249518150308e+00
-1.708336790370126979e+00
-1.723927811521479336e+00
-1.739518304678526750e+00
-1.755108261582573714e+00
-1.770697674009914735e+00
-1.786286533771823670e+00
-1.801874832714567498e+00
-1.817462562719397212e+00
-1.833049715702550930e+00
-1.848636283615253895e+00
-1.864222258443714031e+00
-1.879807632209129498e+00
-1.895392396967684023e+00
-1.910976544810547573e+00
-1.926560067863878789e+00
-1.942142958288817001e+00
-1.957725208281493545e+00
-1.973306810073023776e+00
-1.988887755929510615e+00
-2.004468038152044773e+00
-2.020047649076697649e+00
-2.035626581074533537e+00
-2.051204826551600302e+00
-2.066782377948932048e+00
-2.082359227742553109e+00
-2.097935368443466952e+00
-2.113510792597669941e+00
-2.129085492786142009e+00
-2.144659461624850660e+00
-2.160232691764751856e+00
-2.175805175891781129e+00
-2.191376906726867801e+00
-2.206947877025923876e+00
-2.222518079579849815e+00
-2.238087507214533201e+00
-2.253656152790842082e+00
-2.269224009204638293e+00
-2.284791069386766793e+00
-2.300357326303059224e+00
-2.315922772954336128e+00
-2.331487402376398510e+00
-2.347051207640040271e+00
-2.362614181851037554e+00
-2.378176318150155399e+00
-2.393737609713146863e+00
-2.409298049750744575e+00
-2.424857631508674949e+00
-2.440416348267647084e+00
-2.455974193343358536e+00
-2.471531160086493983e+00
-2.487087241882719013e+00
-2.502642432152691665e+00
-2.518196724352054439e+00
-2.533750111971436514e+00
-2.549302588536454639e+00
-2.564854147607707802e+00
-2.580404782780785666e+00
-2.595954487686263246e+00
-2.611503255989702232e+00
-2.627051081391651444e+00
-2.642597957627642380e+00
-2.658143878468196775e+00
-2.673688837718822597e+00
-2.689232829220013610e+00
-2.704775846847251142e+00
-2.720317884510998763e+00
-2.735858936156711607e+00
-2.751398995764828381e+00
-2.766938057350777580e+00
-2.782476114964968605e+00
-2.798013162692801536e+00
-2.813549194654661800e+00
-2.829084205005921948e+00
-2.844618187936941656e+00
-2.860151137673062394e+00
-2.875683048474617642e+00
-2.891213914636925342e+00
-2.906743730490289224e+00
-2.922272490400002365e+00
-2.937800188766338305e+00
-2.953326820024562593e+00
-2.968852378644925682e+00
-2.984376859132664261e+00
-2.999900256028002143e+00
-3.015422563906147602e+00
-3.030943777377296477e+00
-3.046463891086632625e+00
-3.061982899714324358e+00
-3.077500797975529334e+00
-3.093017580620386120e+00
-3.108533242434024846e+00
-3.124047778236560546e+00
-3.139561182883094492e+00
-3.155073451263716411e+00
-3.170584578303497381e+00
-3.186094558962499601e+00
-3.201603388235770620e+00
-3.217111061153345108e+00
-3.232617572780243087e+00
-3.248122918216469923e+00
-3.263627092597018997e+00
-3.279130091091870813e+00
-3.294631908905991224e+00
-3.310132541279334983e+00
-3.325631983486837306e+00
-3.341130230838425419e+00
-3.356627278679011894e+00
-3.372123122388495098e+00
-3.387617757381761852e+00
-3.403111179108679885e+00
-3.418603383054108935e+00
-3.434094364737893645e+00
-3.449584119714864894e+00
-3.465072643574841571e+00
-3.480559931942623919e+00
-3.496045980478004189e+00
-3.511530784875759537e+00
-3.527014340865652464e+00
-3.542496644212435264e+00
-3.557977690715840247e+00
-3.573457476210591732e+00
-3.588935996566398945e+00
-3.604413247687957789e+00
-3.619889225514952180e+00
-3.635363926022046499e+00
-3.650837345218898022e+00
-3.666309479150148931e+00
-3.681780323895427642e+00
-3.697249875569346145e+00
-3.712718130321506660e+00
-3.728185084336496313e+00
-3.743650733833889799e+00
-3.759115075068248935e+00
-3.774578104329116890e+00
-3.790039817941028399e+00
-3.805500212263503990e+00
-3.820959283691049535e+00
-3.836417028653159367e+00
-3.851873443614309611e+00
-3.867328525073967516e+00
-3.882782269566585232e+00
-3.898234673661601146e+00
-3.913685733963442548e+00
-3.929135447111516743e+00
-3.944583809780224382e+00
-3.960030818678949682e+00
-3.975476470552063546e+00
-3.990920762178924885e+00
-4.006363690373874853e+00
-4.021805251986244834e+00
-4.037245443900352448e+00
-4.052684263035501111e+00
-4.068121706345981359e+00
-4.083557770821066413e+00
-4.098992453485021947e+00
-4.114425751397096320e+00
-4.129857661651525014e+00
-4.145288181377531522e+00
-4.160717307739322024e+00
-4.176145037936093374e+00
-4.191571369202026887e+00
-4.206996298806290113e+00
-4.222419824053040394e+00
-4.237841942281414198e+00
-4.253262650865542227e+00
-4.268681947214536976e+00
-4.284099828772499841e+00
-4.299516293018519342e+00
-4.314931337466664907e+00
-4.330344959665998417e+00
-4.345757157200566212e+00
-4.361167927689401758e+00
-4.376577268786524755e+00
-4.391985178180939364e+00
-4.407391653596637759e+00
-4.422796692792600126e+00
-4.438200293562790222e+00
-4.453602453736161593e+00
-4.469003171176650469e+00
-4.484402443783181091e+00
-4.499800269489666604e+00
-4.515196646265002833e+00
-4.530591572113076282e+00
-4.545985045072754360e+00
-4.561377063217895156e+00
-4.576767624657342104e+00
-4.592156727534925764e+00
-4.607544370029463821e+00
-4.622930550354755752e+00
-4.638315266759592603e+00
-4.653698517527749878e+00
-4.669080300977990206e+00
-4.684460615464064226e+00
-4.699839459374703488e+00
-4.715216831133631992e+00
-4.730592729199556423e+00
-4.745967152066175032e+00
-4.761340098262164311e+00
-4.776711566351193206e+00
-4.792081554931917786e+00
-4.807450062637975918e+00
-4.822817088137998809e+00
-4.838182630135595019e+00
-4.853546687369366452e+00
-4.868909258612900359e+00
-4.884270342674768450e+00
-4.899629938398532225e+00
-4.914988044662734978e+00
-4.930344660380908905e+00
-4.945699784501575103e+00
-4.961053416008237349e+00
-4.976405553919389213e+00
-4.991756197288506058e+00
-5.007105345204053037e+00
-5.022452996789483315e+00
-5.037799151203233627e+00
-5.053143807638728724e+00
-5.068486965324377813e+00
-5.083828623523578116e+00
-5.099168781534713091e+00
-5.114507438691154206e+00
-5.129844594361258281e+00
-5.145180247948365704e+00
-5.160514398890806653e+00
-5.175847046661898432e+00
-5.191178190769941914e+00
-5.206507830758228650e+00
-5.221835966205030211e+00
-5.237162596723610619e+00
-5.252487721962216582e+00
-5.267811341604084596e+00
-5.283133455367437392e+00
-5.298454063005477721e+00
-5.313773164306404340e+00
-5.329090759093395135e+00
-5.344406847224617785e+00
-5.359721428593227976e+00
-5.375034503127362306e+00
-5.390346070790148936e+00
-5.405656131579701373e+00
-5.420964685529118476e+00
-5.436271732706488002e+00
-5.451577273214879504e+00
-5.466881307192353212e+00
-5.482183834811953815e+00
-5.497484856281714016e+00
-5.512784371844653641e+00
-5.528082381778774312e+00
-5.543378886397068328e+00
-5.558673886047514223e+00
-5.573967381113075881e+00
-5.589259372011705196e+00
-5.604549859196336747e+00
-5.619838843154894903e+00
-5.635126324410290266e+00
-5.650412303520422341e+00
-5.665696781078167987e+00
-5.680979757711400957e+00
-5.696261234082976799e+00
-5.711541210890736409e+00
-5.726819688867512248e+00
-5.742096668781115909e+00
-5.757372151434351437e+00
-5.772646137665004673e+00
-5.787918628345853023e+00
-5.803189624384659240e+00
-5.818459126724166097e+00
-5.833727136342111486e+00
-5.848993654251215091e+00
-5.864258681499183723e+00
-5.879522219168713981e+00
-5.894784268377481595e+00
-5.910044830278155636e+00
-5.925303906058388748e+00
-5.940561496940820696e+00
-5.955817604183078373e+00
-5.971072229077772242e+00
-5.986325372952502555e+00
-6.001577037169854023e+00
-6.016827223127400259e+00
-6.032075932257699336e+00
-6.047323166028293784e+00
-6.062568925941716813e+00
-6.077813213535486092e+00
-6.093056030382105526e+00
-6.108297378089067919e+00
-6.123537258298846986e+00
-6.138775672688908003e+00
-6.154012622971702484e+00
-6.169248110894665516e+00
-6.184482138240221971e+00
-6.199714706825779409e+00
-6.214945818503734287e+00
-6.230175475161470189e+00
-6.245403678721354268e+00
-6.260630431140746133e+00
-6.275855734411982745e+00
-6.291079590562395296e+00
-6.306302001654297662e+00
-6.321522969784991730e+00
-6.336742497086767401e+00
-6.351960585726895481e+00
-6.367177237907638343e+00
-6.382392455866243708e+00
-6.397606241874944644e+00
-6.412818598240963119e+00
-6.428029527306502899e+00
-6.443239031448758425e+00
-6.458447113079910373e+00
-6.473653774647122994e+00
-6.488859018632552988e+00
-6.504062847553334414e+00
-6.519265263961594670e+00
-6.534466270444445612e+00
-6.549665869623986225e+00
-6.564864064157303503e+00
-6.580060856736465347e+00
-6.595256250088530336e+00
-6.610450246975545063e+00
-6.625642850194537914e+00
-6.640834062577528840e+00
-6.656023886991518701e+00
-6.671212326338499032e+00
-6.686399383555446718e+00
-6.701585061614327543e+00
-6.716769363522085534e+00
-6.731952292320660725e+00
-6.747133851086974943e+00
-6.762314042932938030e+00
-6.777492871005446062e+00
-6.792670510629328362e+00
-6.807847346211955752e+00
-6.823023393279246562e+00
-6.838198653759202550e+00
-6.853373129961189747e+00
-6.868546824575933130e+00
-6.883719740675521059e+00
-6.898891881713404395e+00
-6.914063251524395604e+00
-6.929233854324671427e+00
-6.944403694711763109e+00
-6.959572777664572385e+00
-6.974741108543357271e+00
-6.989908693089741831e+00
-7.005075537426710852e+00
-7.020241648058606287e+00
-7.035407031871137917e+00
-7.050571696131378019e+00
-7.065735648487754261e+00
-7.080898896970063916e+00
-7.096061449989459646e+00
-7.111223316338460165e+00
-7.126384505190944907e+00
-7.141545026102155802e+00
-7.156704889008698167e+00
-7.171864104228531822e+00
-7.187022682460987966e+00
-7.202180634786754965e+00
-7.217337972667884571e+00
-7.232494707947790147e+00
-7.247650852851244885e+00
-7.262806419984385364e+00
-7.277961422334712438e+00
-7.293115873271086791e+00
-7.308269786543731605e+00
-7.323423176284229008e+00
-7.338576057005527176e+00
-7.353728443601934117e+00
-7.368880351349121227e+00
-7.384031795904122397e+00
-7.399182793305328687e+00
-7.414333359972497206e+00
-7.429483512706747561e+00
-7.444633268690559191e+00
-7.459782645487775810e+00
-7.474931661043598297e+00
-7.490080333684595360e+00
-7.505228682118692873e+00
-7.520376725435181875e+00
-7.535524483104715898e+00
-7.550671974979304757e+00
-7.565819221292326979e+00
-7.580966242658518262e+00
-7.596113060073982126e+00
-7.611259694916175711e+00
-7.626406168943923980e+00
-7.641552504297411730e+00
-7.656698723498188031e+00
-7.671844849449161785e+00
-7.686990905434602617e+00
-7.702136915120144423e+00
