-3.992487787212617434e-02
-3.992487851248238684e-02
-3.992488260343751705e-02
-3.992489209421767882e-02
-3.992490732848308355e-02
-3.992492738966335608e-02
-3.992495010296570612e-02
-3.992497203537315187e-02
-3.992498849565251362e-02
-3.992499353434553200e-02
-3.992497994377419701e-02
-3.992493925804208033e-02
-3.992485740594053922e-02
-3.992470952649451732e-02
-3.992447171488500146e-02
-3.992412047893978411e-02
-3.992363271569177030e-02
-3.992298571137808949e-02
-3.992215714144586869e-02
-3.992112507054335069e-02
-3.991986795252921993e-02
-3.991836463046771755e-02
-3.991659433662508860e-02
-3.991453669247935210e-02
-3.991217170871053099e-02
-3.990947978520553718e-02
-3.990644171106128013e-02
-3.990303866457400872e-02
-3.989925221325218985e-02
-3.989506431380540619e-02
-3.989045731215323798e-02
-3.988541394342126623e-02
-3.987991733193618771e-02
-3.987395099123913766e-02
-3.986749882406748213e-02
-3.986054512237302561e-02
-3.985307456731179698e-02
-3.984507222924049685e-02
-3.983652356773070835e-02
-3.982741443155157768e-02
-3.981773105868313678e-02
-3.980746007631363881e-02
-3.979658850083112043e-02
-3.978510373783583631e-02
-3.977299358212782465e-02
-3.976024621771934164e-02
-3.974685021782686789e-02
-3.973279454486977613e-02
-3.971806855047921303e-02
-3.970266197548699694e-02
-3.968656494993316741e-02
-3.966976799306687340e-02
-3.965226201333704736e-02
-3.963403830840528386e-02
-3.961508856513340504e-02
-3.959540485959411882e-02
-3.957497965706524568e-02
-3.955380581202661006e-02
-3.953187656817158668e-02
-3.950918555839111335e-02
-3.948572680478834585e-02
-3.946149471867244074e-02
-3.943648410055411446e-02
-3.941069014015496919e-02
-3.938410841639949922e-02
-3.935673489741953190e-02
-3.932856594055511579e-02
-3.929959829234741520e-02
-3.926982908854981247e-02
-3.923925585411458528e-02
-3.920787650320711748e-02
-3.917568933919657326e-02
-3.914269305465456483e-02
-3.910888673136536653e-02
-3.907426984031170392e-02
-3.903884224168940875e-02
-3.900260418489809311e-02
-3.896555467332074585e-02
-3.892767998586910139e-02
-3.888897988593109645e-02
-3.884945821625374052e-02
-3.880911886128979305e-02
-3.876796574719021393e-02
-3.872600284181482166e-02
-3.868323415472207927e-02
-3.863966373717886427e-02
-3.859529568215380735e-02
-3.855013412431596009e-02
-3.850418324004412085e-02
-3.845744724741484433e-02
-3.840993040620954702e-02
-3.836163701791850400e-02
-3.831257142572708219e-02
-3.826273801452950707e-02
-3.821214121092442184e-02
-3.816078548320955832e-02
-3.810867534139150692e-02
-3.805581533717461440e-02
-3.800221006397119794e-02
-3.794786415689710424e-02
-3.789278229276815679e-02
-3.783696919010859361e-02
-3.778042960914040904e-02
-3.772316835179445604e-02
-3.766519026170422890e-02
-3.760650022420231053e-02
-3.754710316633147471e-02
-3.748700405683225156e-02
-3.742620790615180937e-02
-3.736471976644217818e-02
-3.730254473155536488e-02
-3.723968793704912628e-02
-3.717615456018341646e-02
-3.711194981992349540e-02
-3.704707897693770846e-02
-3.698154733359659829e-02
-3.691536023397778976e-02
-3.684852306385577592e-02
-3.678104125071524066e-02
-3.671292026374262107e-02
-3.664416561382566329e-02
-3.657478285355875158e-02
-3.650477757723713523e-02
-3.643415542086048120e-02
-3.636292206213420641e-02
-3.629108322046459278e-02
-3.621864465696233992e-02
-3.614561217444078878e-02
-3.607199161741903026e-02
-3.599778887211946277e-02
-3.592300986646379535e-02
-3.584766057008459406e-02
-3.577174699431084903e-02
-3.569527519217841061e-02
-3.561825125842910111e-02
-3.554068132950294334e-02
-3.546257158354837458e-02
-3.538392824041336482e-02
-3.530475756165207812e-02
-3.522506585052309624e-02
-3.514485945198475569e-02
-3.506414475270358544e-02
-3.498292818104453694e-02
-3.490121620708031003e-02
-3.481901534258691200e-02
-3.473633214104121514e-02
-3.465317319762672987e-02
-3.456954514922605526e-02
-3.448545467443087098e-02
-3.440090849353416580e-02
-3.431591336853001550e-02
-3.423047610312113243e-02
-3.414460354270754117e-02
-3.405830257439768083e-02
-3.397158012700352003e-02
-3.388444317103678216e-02
-3.379689871871716100e-02
-3.370895382396343898e-02
-3.362061558240170278e-02
-3.353189113136134658e-02
-3.344278764987218544e-02
-3.335331235867200483e-02
-3.326347252019701273e-02
-3.317327543859094341e-02
-3.308272845970106069e-02
-3.299183897107571539e-02
-3.290061440196989651e-02
-3.280906222333701550e-02
-3.271718994783978651e-02
-3.262500512984334300e-02
-3.253251536541235112e-02
-3.243972829232100175e-02
-3.234665159004013191e-02
-3.225329297975010334e-02
-3.215966022433391913e-02
-3.206576112837455916e-02
-3.197160353816275169e-02
-3.187719534168897972e-02
-3.178254446865014238e-02
-3.168765889044711237e-02
-3.159254662018073923e-02
-3.149721571266028697e-02
-3.140167426439344212e-02
-3.130593041359452933e-02
-3.120999234018340118e-02
-3.111386826577744458e-02
-3.101756645370490340e-02
-3.092109520898955743e-02
-3.082446287836582144e-02
-3.072767785027008536e-02
-3.063074855483716163e-02
-3.053368346391360788e-02
-3.043649109104173967e-02
-3.033917999147250910e-02
-3.024175876216039782e-02
-3.014423604175942017e-02
-3.004662051063200501e-02
-2.994892089083944775e-02
-2.985114594615012606e-02
-2.975330448203661327e-02
-2.965540534567012720e-02
-2.955745742593163250e-02
-2.945946965339985013e-02
-2.936145100036124944e-02
-2.926341048080582929e-02
-2.916535715042312127e-02
-2.906730010661129349e-02
-2.896924848846693656e-02
-2.887121147679483357e-02
-2.877314741428338429e-02
-2.867500792475463633e-02
-2.857679879615226959e-02
-2.847852576824361215e-02
-2.838019450788253906e-02
-2.828181060900525345e-02
-2.818337959262651182e-02
-2.808490690684606328e-02
-2.798639792684753935e-02
-2.788785795489201469e-02
-2.778929222032910928e-02
-2.769070587958433194e-02
-2.759210401616951636e-02
-2.749349164067971252e-02
-2.739487369078741352e-02
-2.729625503125365782e-02
-2.719764045391559470e-02
-2.709903467769669838e-02
-2.700044234860277115e-02
-2.690186803971927887e-02
-2.680331625121779027e-02
-2.670479141034665105e-02
-2.660629787144164204e-02
-2.650783991592020605e-02
-2.640942175227811717e-02
-2.631104751609925074e-02
-2.621272127004425911e-02
-2.611444700385900930e-02
-2.601622863437302868e-02
-2.591807000549373186e-02
-2.581997488821641262e-02
-2.572194698061336382e-02
-2.562398990784164887e-02
-2.552610722214265770e-02
-2.542830240283544541e-02
-2.533057885632650219e-02
-2.523293991609931730e-02
-2.513538884272303875e-02
-2.503792882385025287e-02
-2.494056297421209933e-02
-2.484329433562582068e-02
-2.474612587698654664e-02
-2.464906049427573187e-02
-2.455210101055671501e-02
-2.445525017597227624e-02
-2.435851066775063245e-02
-2.426188509019988615e-02
-2.416537597471157817e-02
-2.406898577976135378e-02
-2.397271689090318958e-02
-2.387657162077716499e-02
-2.378055220910235690e-02
-2.368466082268216866e-02
-2.358889955540388605e-02
-2.349327042823246003e-02
-2.339777538922005462e-02
-2.330241631349716513e-02
-2.320719500327861340e-02
-2.311211318786288160e-02
-2.301717252362700528e-02
-2.292237459403478894e-02
-2.282772090962703615e-02
-2.273321290803131944e-02
-2.263885195395753946e-02
-2.254463933919348406e-02
-2.245057628261459826e-02
-2.235666393017443632e-02
-2.226290335491065697e-02
-2.216929555694524545e-02
-2.207584146347763010e-02
-2.198254192879423030e-02
-2.188939773426046287e-02
-2.179640958832584907e-02
-2.170357812652357055e-02
-2.161090391146403000e-02
-2.151838743284639754e-02
-2.142602910744684230e-02
-2.133382927912608196e-02
-2.124178821882938273e-02
-2.114990612457856578e-02
-2.105818312148444171e-02
-2.096661926173348789e-02
-2.087521452460006088e-02
-2.078396881643929106e-02
-2.069288197068508417e-02
-2.060195374785944722e-02
-2.051118383556160829e-02
-2.042057184847556606e-02
-2.033011732836920160e-02
-2.023981974408783913e-02
-2.014967849156446000e-02
-2.005969289381015486e-02
-1.996986220092034081e-02
-1.988018559007453945e-02
-1.979066216552949342e-02
-1.970129095863026869e-02
-1.961207092779826411e-02
-1.952300095854142548e-02
-1.943407986345047078e-02
-1.934530638219356113e-02
-1.925667918152762503e-02
-1.916819685528459161e-02
-1.907985792438537942e-02
-1.899166083683145878e-02
-1.890360396770218721e-02
-1.881568561916657778e-02
-1.872790402046808911e-02
-1.864025732793850310e-02
-1.855274362499115259e-02
-1.846536092211736868e-02
-1.837810715689691676e-02
-1.829098019398556207e-02
-1.820397782512594986e-02
-1.811709776914338654e-02
-1.803033767194039960e-02
-1.794369510650828392e-02
-1.785716757291444523e-02
-1.777075249831316928e-02
-1.768444723694095888e-02
-1.759824907011198203e-02
-1.751215520622939614e-02
-1.742616278077158132e-02
-1.734026885630457482e-02
-1.725447042247640894e-02
-1.716876439601300319e-02
-1.708314762072826731e-02
-1.699761686751288803e-02
-1.691216883434432106e-02
-1.682680014628168408e-02
-1.674150735546264812e-02
-1.665628694111298547e-02
-1.657113530953446823e-02
-1.648604879411619262e-02
-1.640102365532847273e-02
-1.631605608072106417e-02
-1.623114218493071359e-02
-1.614627800967105564e-02
-1.606145952374282704e-02
-1.597668262302753828e-02
-1.589194313048647444e-02
-1.580723679616702348e-02
-1.572255929719779122e-02
-1.563790623778704703e-02
-1.555327314922938520e-02
-1.546865548989773131e-02
-1.538404864525066973e-02
-1.529944792782833574e-02
-1.521484857725097228e-02
-1.513024576022425904e-02
-1.504563457053254005e-02
-1.496101002904626220e-02
-1.487636708371697924e-02
-1.479170060957624155e-02
-1.470700540874136930e-02
-1.462227621040845804e-02
-1.453750767085904005e-02
-1.445269437345653163e-02
-1.436783082864390160e-02
-1.428291147394988858e-02
-1.419793067398245068e-02
-1.411288272043398351e-02
-1.402776183207987692e-02
-1.394256215477451821e-02
-1.385727776145828649e-02
-1.377190265215066933e-02
-1.368643075395514774e-02
-1.360085592105908514e-02
-1.351517193472828726e-02
-1.342937250331466270e-02
-1.334345126224889544e-02
-1.325740177404655107e-02
-1.317121752830607839e-02
-1.308489194170492365e-02
-1.299841835800641388e-02
-1.291179004805298458e-02
-1.282500020977139776e-02
-1.273804196817185375e-02
-1.265090837534332824e-02
-1.256359241046056674e-02
-1.247608697977742320e-02
-1.238838491663252217e-02
-1.230047898144737140e-02
-1.221236186172225402e-02
-1.212402617204366706e-02
-1.203546445407710497e-02
-1.194666917657238869e-02
-1.185763273536255547e-02
-1.176834745335975096e-02
-1.167880558056177964e-02
-1.158899929404555440e-02
-1.149892069797264771e-02
-1.140856182358751525e-02
-1.131791462921361013e-02
-1.122697100026048833e-02
-1.113572274921659222e-02
-1.104416161565469068e-02
-1.095227926623132397e-02
-1.086006729468080856e-02
-1.076751722182467397e-02
-1.067462049556261450e-02
-1.058142980913062692e-02
-1.048800350779977020e-02
-1.039433159658570416e-02
-1.030040406137600062e-02
-1.020621091282508663e-02
-1.011174218636168298e-02
-1.001698794218758293e-02
-9.921938265271379453e-03
-9.826583265359178920e-03
-9.730913076964053943e-03
-9.634917859373259841e-03
-9.538587796647179928e-03
-9.441913097612941730e-03
-9.344883995875352678e-03
-9.247490749805908905e-03
-9.149723642550511293e-03
-9.051572982028244230e-03
-8.953029100924658756e-03
-8.854082356703207868e-03
-8.754723131593922236e-03
-8.654941832601348306e-03
-8.554728891503105004e-03
-8.454074764843333423e-03
-8.352969933944354164e-03
-8.251404904894010794e-03
-8.149370208556161455e-03
-8.046856400566737566e-03
-7.943854061328525784e-03
-7.840353796022381250e-03
-7.736346234594737581e-03
-7.631822031768042969e-03
-7.526771867036818886e-03
-7.421186444662386528e-03
-7.315056493684191086e-03
-7.208372767907256229e-03
-7.101126045912675711e-03
-6.993307131053450032e-03
-6.884906851449545950e-03
-6.775916059998998708e-03
-6.666325634365366515e-03
-6.556126476988388685e-03
-6.445309515079544749e-03
-6.333865700617502537e-03
-6.221786010358776320e-03
-6.109061445825569869e-03
-5.995683033316129285e-03
-5.881641823900579658e-03
-5.766928893416206625e-03
-5.651535342478058999e-03
-5.535452296466847333e-03
-5.418670905539491045e-03
-5.301182344624705278e-03
-5.182977813418310209e-03
-5.064048536393972455e-03
-4.944385762790909356e-03
-4.823980766624713645e-03
-4.702824846682635007e-03
-4.580909326519083669e-03
-4.458225554466288543e-03
-4.334764903622112531e-03
-4.210518771860932707e-03
-4.085478581827756139e-03
-3.959635780936443528e-03
-3.832981841376287280e-03
-3.705508260107348573e-03
-3.577206558859041818e-03
-3.448068284136046602e-03
-3.318085007210869186e-03
-3.187248324131392030e-03
-3.055549855716238605e-03
-2.922981247553399498e-03
-2.789534170006144342e-03
-2.655200318205583332e-03
-2.519971412058119586e-03
-2.383839196240994385e-03
-2.246795440200774485e-03
-2.108831938159333452e-03
-1.969940509106316018e-03
-1.830112996806743109e-03
-1.689341269796446054e-03
-1.547617221380533092e-03
-1.404932769639481716e-03
-1.261279857421512829e-03
-1.116650452350244349e-03
-9.710365468200699013e-04
-8.244301579946704261e-04
-6.768233278131169373e-04
-5.282081229825257018e-04
-3.785766349841679368e-04
-2.279209800719363133e-04
-7.623329926779130739e-05
7.649424163032455745e-05
2.302694520575961773e-04
3.851001166732814784e-04
5.409939953652138922e-04
6.979588232531377945e-04
8.560023106796398051e-04
1.015132143222234606e-03
1.175355981681280859e-03
1.336681462086021510e-03
1.499116195697640375e-03
1.662667769000147899e-03
1.827343743712447899e-03
1.993151656776354086e-03
2.160099020362502009e-03
2.328193321873520127e-03
2.497442023934801081e-03
2.667852564406686389e-03
2.839432356372420529e-03
3.012188788144062879e-03
3.186129223265610211e-03
3.361261000503934504e-03
3.537591433860773349e-03
3.715127812560767295e-03
3.893877401057427301e-03
4.073847439036160090e-03
4.255045141405261466e-03
4.437477698307878970e-03
4.621152275110063101e-03
4.806076012406734765e-03
4.992256026024766147e-03
5.179699407013821366e-03
5.368413221658513423e-03
5.558404511466302766e-03
5.749680293173492496e-03
5.942247558748392500e-03
6.136113275382132359e-03
6.331284385500651757e-03
6.527767806752876600e-03
6.725570432016575451e-03
6.924699129401412634e-03
7.125160742239927680e-03
7.326962089099553488e-03
7.530109963770598158e-03
7.734611135272212445e-03
7.940472347855526136e-03
8.147700320994460954e-03
8.356301749397887502e-03
8.566283302997523830e-03
8.777651626953986153e-03
8.990413341659175828e-03
9.204575042730256396e-03
9.420143301015704296e-03
9.637124662589258151e-03
9.855525648752971879e-03
1.007535275604010128e-02
1.029661245620927534e-02
1.051931119625043598e-02
1.074345539837862074e-02
1.096905146003740450e-02
1.119610575390145302e-02
1.142462462787080524e-02
1.165461440507675750e-02
1.188608138387592383e-02
1.211903183785306704e-02
1.235347201582448484e-02
1.258940814183151513e-02
1.282684641514686419e-02
1.306579301026866702e-02
1.330625407692304085e-02
1.354823574006769338e-02
1.379174409988537242e-02
1.403678523179036075e-02
1.428336518642192576e-02
1.453148998964781669e-02
1.478116564256709564e-02
1.503239812150397592e-02
1.528519337801398370e-02
1.553955733887801838e-02
1.579549590610518361e-02
1.605301495693595148e-02
1.631212034383588971e-02
1.657281789450210097e-02
1.683511341185672805e-02
1.709901267405039560e-02
1.736452143446493013e-02
1.763164542170742033e-02
1.790039033961626780e-02
1.817076186725513631e-02
1.844276565891600494e-02
1.871640734412216567e-02
1.899169252762206161e-02
1.926862678939561535e-02
1.954721568464773407e-02
1.982746474381191781e-02
2.010937947255297953e-02
2.039296535176060576e-02
2.067822783755635108e-02
2.096517236128636608e-02
2.125380432952561627e-02
2.154412912408032454e-02
2.183615210198153189e-02
2.212987859549220282e-02
2.242531391210011993e-02
2.272246333452154765e-02
2.302133212070400781e-02
2.332192550382150564e-02
2.362424869227441881e-02
2.392830686969582565e-02
2.423410519494140214e-02
2.454164880210207844e-02
2.485094280049116033e-02
2.516199227465154564e-02
2.547480228435716754e-02
2.578937786460566706e-02
2.610572402562894023e-02
2.642384575288214688e-02
2.674374800704915067e-02
2.706543572404562781e-02
2.738891381501051825e-02
2.771418716631723900e-02
2.804126063956213777e-02
2.837013907157071024e-02
2.870082727439993153e-02
2.903333003533026258e-02
2.936765211687630828e-02
2.970379825677627039e-02
3.004177316799661046e-02
3.038158153873615763e-02
3.072322803241622768e-02
3.106671728769350160e-02
3.141205391844703598e-02
3.175924251378503538e-02
3.210828763804762787e-02
3.245919383079765019e-02
3.281196560683286023e-02
3.316660745617427963e-02
3.352312384407107881e-02
3.388151921100512887e-02
3.424179797268056546e-02
3.460396452003655643e-02
3.496802321923531132e-02
3.533397841166785458e-02
3.570183441395702317e-02
3.607159551794858476e-02
3.644326599072322814e-02
3.681685007458468384e-02
3.719235198706494216e-02
3.756977592092869411e-02
3.794912604416300628e-02
3.833040649998986638e-02
3.871362140685430386e-02
3.909877485843027412e-02
3.948587092362321194e-02
3.987491364656203796e-02
4.026590704660992781e-02
4.065885511835365396e-02
4.105376183160813763e-02
4.145063113142077871e-02
4.184946693806135265e-02
4.225027314703500014e-02
4.265305362906934850e-02
4.305781223012117298e-02
4.346455277137906137e-02
4.387327904925431010e-02
4.428399483539335879e-02
4.469670387666557776e-02
4.511140989516870814e-02
4.552811658823308072e-02
4.594682762841129087e-02
4.636754666349129916e-02
4.679027731648366384e-02
4.721502318562786904e-02
4.764178784439521142e-02
4.807057484148025139e-02
4.850138770081191542e-02
4.893422992154250473e-02
4.936910497805258036e-02
4.980601631995473788e-02
5.024496737208639097e-02
5.068596153451621067e-02
5.112900218253824125e-02
5.157409266667500880e-02
5.202123631268007475e-02
5.247043642153215171e-02
5.292169626944187577e-02
5.337501910784459014e-02
5.383040816340378676e-02
5.428786663801488110e-02
5.474739770879810674e-02
5.520900452810473258e-02
5.567269022351228891e-02
5.613845789782545559e-02
5.660631062908116906e-02
5.707625147054096182e-02
5.754828345069773476e-02
5.802240957326976201e-02
5.849863281720413255e-02
5.897695613667841563e-02
5.945738246109555369e-02
5.993991469509052372e-02
6.042455571852278773e-02
6.091130838648028956e-02
6.140017552928278555e-02
6.189115995247429503e-02
6.238426443683109390e-02
6.287949173835438721e-02
6.337684458827319567e-02
6.387632569304857455e-02
6.437793773436673028e-02
6.488164027160370217e-02
6.538736717111648389e-02
6.589512053706303440e-02
6.640490331429949045e-02
6.691671837966906011e-02
6.743056854200757400e-02
6.794645654213815611e-02
6.846438505287366638e-02
6.898435667902003132e-02
6.950637395736936064e-02
7.003043935670816289e-02
7.055655527780846370e-02
7.108472405343291278e-02
7.161494794833700439e-02
7.214722915926286007e-02
7.268156981494566793e-02
7.321797197610790953e-02
7.375643763546113618e-02
7.429696871771085398e-02
7.483956707954986243e-02
7.538423450965936468e-02
7.593097272871474068e-02
7.647978338937644338e-02
7.703066807629932455e-02
7.758362830612552941e-02
7.813866552748649497e-02
7.869578112100628076e-02
7.925497639929535154e-02
7.981625260695901503e-02
8.037961092058765189e-02
8.094505244876271099e-02
8.151257823205848574e-02
8.208218924303412045e-02
8.265388638624493467e-02
8.322767049823132091e-02
8.380354234752340759e-02
8.438150263464572198e-02
8.496155199210653208e-02
8.554369098441139130e-02
8.612792010804981579e-02
8.671423979150150174e-02
8.730265039524098825e-02
8.789315221172588899e-02
8.848574546541088104e-02
8.908043031273549239e-02
8.967720684212943105e-02
9.027607507401591569e-02
9.087703496080279386e-02
9.148008638689431038e-02
9.208522916867933894e-02
9.269246305453715529e-02
9.330178772484076788e-02
9.391320279194736997e-02
9.452670780021121821e-02
9.514230222597053199e-02
9.575998547755415480e-02
9.637975689528466283e-02
9.700161575146881709e-02
9.762556125041044197e-02
9.825159252839754664e-02
9.887970865370809825e-02
9.950990862661490688e-02
1.001421913793740792e-01
1.007765557762387854e-01
1.014130006134466022e-01
1.020515246192259529e-01
1.026921264537976608e-01
1.033348047093689548e-01
1.039795579101416845e-01
1.046263845123034386e-01
1.052752829040315419e-01
1.059262514054979398e-01
1.065792882688576526e-01
1.072343916782632078e-01
1.078915597498515400e-01
1.085507905317495414e-01
1.092120820040787255e-01
1.098754320789434580e-01
1.105408386004465005e-01
1.112082993446736889e-01
1.118778120197021497e-01
1.125493742656020757e-01
1.132229836544285106e-01
1.138986376902328956e-01
1.145763338090510786e-01
1.152560693789099755e-01
1.159378416998286809e-01
1.166216480038126946e-01
1.173074854548623591e-01
1.179953511489635343e-01
1.186852421140920377e-01
1.193771553102178640e-01
1.200710876292945262e-01
1.207670358952732670e-01
1.214649968640890698e-01
1.221649672236670980e-01
1.228669435939264698e-01
1.235709225267724864e-01
1.242769005061035159e-01
1.249848739478047754e-01
1.256948391997516623e-01
1.264067925418126404e-01
1.271207301858423566e-01
1.278366482756885247e-01
1.285545428871865958e-01
1.292744100281615349e-01
1.299962456384302634e-01
1.307200455897983282e-01
1.314458056860630109e-01
1.321735216630084420e-01
1.329031891884098204e-01
1.336348038620338574e-01
1.343683612156343354e-01
1.351038567129596579e-01
1.358412857497433013e-01
1.365806436537091439e-01
1.373219256845743530e-01
1.380651270340425008e-01
1.388102428258108922e-01
1.395572681155625716e-01
1.403061978909712071e-01
1.410570270717039776e-01
1.418097505094135791e-01
1.425643629877464402e-01
1.433208592223360611e-01
1.440792338608058998e-01
1.448394814827713706e-01
1.456015965998360695e-01
1.463655736555957709e-01
1.471314070256328765e-01
1.478990910175210782e-01
1.486686198708253581e-01
1.494399877570982138e-01
1.502131887798858756e-01
1.509882169747200908e-01
1.517650663091236751e-01
1.525437306826118444e-01
1.533242039266866641e-01
1.541064798048432660e-01
1.548905520125636315e-01
1.556764141773199217e-01
1.564640598585769204e-01
1.572534825477862608e-01
1.580446756683926424e-01
1.588376325758280583e-01
1.596323465575137934e-01
1.604288108328641993e-01
1.612270185532809208e-01
1.620269628021580033e-01
1.628286365948765635e-01
1.636320328788081202e-01
1.644371445333165926e-01
1.652439643697538596e-01
1.660524851314602035e-01
1.668626994937707497e-01
1.676746000640036982e-01
1.684881793814747564e-01
1.693034299174835944e-01
1.701203440753213947e-01
1.709389141902710740e-01
1.717591325296021765e-01
1.725809912925790890e-01
1.734044826104512715e-01
1.742295985464590302e-01
1.750563310958364038e-01
1.758846721858007278e-01
1.767146136755670671e-01
1.775461473563346715e-01
1.783792649512929707e-01
1.792139581156244610e-01
1.800502184364978220e-01
1.808880374330772423e-01
1.817274065565106511e-01
1.825683171899377122e-01
1.834107606484915998e-01
1.842547281792894509e-01
1.851002109614436897e-01
1.859472001060546997e-01
1.867956866562101581e-01
1.876456615869923628e-01
1.884971158054684626e-01
1.893500401507022257e-01
1.902044253937407170e-01
1.910602622376229576e-01
1.919175413173803690e-01
1.927762532000298901e-01
1.936363883845846345e-01
1.944979373020412350e-01
1.953608903153880583e-01
1.962252377196076480e-01
1.970909697416651785e-01
1.979580765405222209e-01
1.988265482071276402e-01
1.996963747644180387e-01
2.005675461673246396e-01
2.014400523027632950e-01
2.023138829896464763e-01
2.031890279788695075e-01
2.040654769533212232e-01
2.049432195278813040e-01
2.058222452494153920e-01
2.067025435967848601e-01
2.075841039808357102e-01
2.084669157444056786e-01
2.093509681623246799e-01
2.102362504414072575e-01
2.111227517204645743e-01
2.120104610702933101e-01
2.128993674936792146e-01
2.137894599254019923e-01
2.146807272322259763e-01
2.155731582129130075e-01
2.164667415982077792e-01
2.173614660508458307e-01
2.182573201655579886e-01
2.191542924690570437e-01
2.200523714200532943e-01
2.209515454092429998e-01
2.218518027593110453e-01
2.227531317249362708e-01
2.236555204927825891e-01
2.245589571815100882e-01
2.254634298417625971e-01
2.263689264561765668e-01
2.272754349393792950e-01
2.281829431379853723e-01
2.290914388306037885e-01
2.300009097278281622e-01
2.309113434722434022e-01
2.318227276384283719e-01
2.327350497329465639e-01
2.336482971943545373e-01
2.345624573931988088e-01
2.354775176320127450e-01
2.363934651453227787e-01
2.373102870996439684e-01
2.382279705934835512e-01
2.391465026573342811e-01
2.400658702536815348e-01
2.409860602770015348e-01
2.419070595537577972e-01
2.428288548424064608e-01
2.437514328333918456e-01
2.446747801491473417e-01
2.455988833441002939e-01
2.465237289046617875e-01
2.474493032492399713e-01
2.483755927282271792e-01
2.493025836240070348e-01
2.502302621509544522e-01
2.511586144554334155e-01
2.520876266157996426e-01
2.530172846423952571e-01
2.539475744775532284e-01
2.548784819955995928e-01
2.558099930028463476e-01
2.567420932375981124e-01
2.576747683701490210e-01
2.586080040027800564e-01
2.595417856697666004e-01
2.604760988373713282e-01
2.614109289038486494e-01
2.623462611994402671e-01
2.632820809863787304e-01
2.642183734588883226e-01
2.651551237431806207e-01
2.660923168974607123e-01
2.670299379119196459e-01
2.679679717087388724e-01
2.689064031420933532e-01
2.698452169981440107e-01
2.707843979950439461e-01
2.717239307829362183e-01
2.726637999439502913e-01
2.736039899922104723e-01
2.745444853738296942e-01
2.754852704669072949e-01
2.764263295815374555e-01
2.773676469597998739e-01
2.783092067757682031e-01
2.792509931355033892e-01
2.801929900770563364e-01
2.811351815704696833e-01
2.820775515177724735e-01
2.830200837529903701e-01
2.839627620421310006e-01
2.849055700831955029e-01
2.858484915061780818e-01
2.867915098730549062e-01
2.877346086778014289e-01
2.886777713463772876e-01
