-3.920648940901383384e-03
-3.920648830064710211e-03
-3.920648063137299744e-03
-3.920646018177542658e-03
-3.920642109758176730e-03
-3.920635781194725666e-03
-3.920626504495761111e-03
-3.920613780356685396e-03
-3.920597138172610130e-03
-3.920576136023701252e-03
-3.920550360687613534e-03
-3.920519427635937859e-03
-3.920483695368570665e-03
-3.920443944065432618e-03
-3.920400033951221275e-03
-3.920351813019529175e-03
-3.920299123577830613e-03
-3.920241802237711681e-03
-3.920179679928192940e-03
-3.920112581885071279e-03
-3.920040327658469437e-03
-3.919962731110171461e-03
-3.919879600409625908e-03
-3.919790738041495359e-03
-3.919695940797218725e-03
-3.919594999783448941e-03
-3.919487700418944343e-03
-3.919373822427019149e-03
-3.919253139850642498e-03
-3.919125421036451229e-03
-3.918990428647628477e-03
-3.918847919659018686e-03
-3.918697645350022185e-03
-3.918539351319250130e-03
-3.918372777470757740e-03
-3.918197658022037899e-03
-3.918013721505353431e-03
-3.917820690755746682e-03
-3.917618282929247187e-03
-3.917406209483775825e-03
-3.917184176194687950e-03
-3.916951883149888403e-03
-3.916709024740505640e-03
-3.916455289678655305e-03
-3.916190360978344387e-03
-3.915913915971902526e-03
-3.915625626301988405e-03
-3.915325157916704768e-03
-3.915012171084253367e-03
-3.914686320374727302e-03
-3.914347254676098231e-03
-3.913994617188443215e-03
-3.913628045415062928e-03
-3.913247171180245232e-03
-3.912851620610169334e-03
-3.912441014149781182e-03
-3.912014966553911677e-03
-3.911573086883279871e-03
-3.911114978517815643e-03
-3.910640239140228402e-03
-3.910148460751106114e-03
-3.909639229661365789e-03
-3.909112126488256678e-03
-3.908566726167350680e-03
-3.908002597937887401e-03
-3.907419305356540917e-03
-3.906816406290314347e-03
-3.906193452912543052e-03
-3.905549991715329128e-03
-3.904885563493554201e-03
-3.904199703359978457e-03
-3.903491940738579302e-03
-3.902761799357890027e-03
-3.902008797266542928e-03
-3.901232446815949828e-03
-3.900432254674068844e-03
-3.899607721821851669e-03
-3.898758343543473615e-03
-3.897883609443653086e-03
-3.896983003430332104e-03
-3.896056003727554895e-03
-3.895102082872359262e-03
-3.894120707705006623e-03
-3.893111339386301495e-03
-3.892073433380272007e-03
-3.891006439467492584e-03
-3.889909801740643047e-03
-3.888782958596959105e-03
-3.887625342752443203e-03
-3.886436381227653669e-03
-3.885215495359251037e-03
-3.883962100796001238e-03
-3.882675607491226089e-03
-3.881355419715681876e-03
-3.880000936050453930e-03
-3.878611549384292090e-03
-3.877186646923380664e-03
-3.875725610177127578e-03
-3.874227814971931139e-03
-3.872692631445850964e-03
-3.871119424043278912e-03
-3.869507551526485400e-03
-3.867856366961408554e-03
-3.866165217730532788e-03
-3.864433445528003830e-03
-3.862660386354299646e-03
-3.860845370526888587e-03
-3.858987722669127152e-03
-3.857086761719585866e-03
-3.855141800928052476e-03
-3.853152147851535148e-03
-3.851117104058943141e-03
-3.849033546337032874e-03
-3.846898858234304441e-03
-3.844712936321936780e-03
-3.842475679530110710e-03
-3.840186989157778896e-03
-3.837846768860231350e-03
-3.835454924661085840e-03
-3.833011364947402910e-03
-3.830516000463912718e-03
-3.827968744324117267e-03
-3.825369512000076355e-03
-3.822718221329513000e-03
-3.820014792515369351e-03
-3.817259148116924905e-03
-3.814451213064007362e-03
-3.811590914642781769e-03
-3.808678182507296839e-03
-3.805712948674155882e-03
-3.802695147519852270e-03
-3.799624715787874862e-03
-3.796501592580714401e-03
-3.793325719366968940e-03
-3.790097039979123394e-03
-3.786815500608220475e-03
-3.783481049813186559e-03
-3.780093638512393994e-03
-3.776653219988546084e-03
-3.773159749890453440e-03
-3.769613186223708112e-03
-3.766013489363562172e-03
-3.762360622041605041e-03
-3.758654549357309804e-03
-3.754895238774924593e-03
-3.751082660114590794e-03
-3.747216785566997999e-03
-3.743297589678729054e-03
-3.739325049365138653e-03
-3.735299143905024266e-03
-3.731219854934408886e-03
-3.727087166458975531e-03
-3.722901064840300478e-03
-3.718661538809175937e-03
-3.714368579459836894e-03
-3.710022180242855683e-03
-3.705622336980241016e-03
-3.701169047848118510e-03
-3.696662313392717891e-03
-3.692102136523267575e-03
-3.687488522506221500e-03
-3.682821478978137719e-03
-3.678101015930579365e-03
-3.673327145725213683e-03
-3.668499883086262514e-03
-3.663619245096061405e-03
-3.658685251205273659e-03
-3.653697923221788102e-03
-3.648657285322265409e-03
-3.643563364045476760e-03
-3.638416188289639308e-03
-3.633215789320853872e-03
-3.627962200762002709e-03
-3.622655458604295831e-03
-3.617295601203274202e-03
-3.611882669271260227e-03
-3.606416705889792240e-03
-3.600897756496745927e-03
-3.595325868899656996e-03
-3.589701093268171661e-03
-3.584023482130049842e-03
-3.578293090382711483e-03
-3.572509975279025696e-03
-3.566674196441077527e-03
-3.560785815854838887e-03
-3.554844897862174946e-03
-3.548851509176387253e-03
-3.542805718865782438e-03
-3.536707598367883065e-03
-3.530557221483210384e-03
-3.524354664369067081e-03
-3.518100005554192222e-03
-3.511793325921885867e-03
-3.505434708725108095e-03
-3.499024239579817674e-03
-3.492562006458310719e-03
-3.486048099704319725e-03
-3.479482612017026355e-03
-3.472865638464384119e-03
-3.466197276476901123e-03
-3.459477625843199178e-03
-3.452706788722004205e-03
-3.445884869627047209e-03
-3.439011975442163305e-03
-3.432088215413298116e-03
-3.425113701144066880e-03
-3.418088546607744860e-03
-3.411012868134388754e-03
-3.403886784421938927e-03
-3.396710416533110788e-03
-3.389483887885624824e-03
-3.382207324267749726e-03
-3.374880853825867888e-03
-3.367504607073357192e-03
-3.360078716886594208e-03
-3.352603318499181029e-03
-3.345078549513935684e-03
-3.337504549896674888e-03
-3.329881461970440881e-03
-3.322209430429712285e-03
-3.314488602323084621e-03
-3.306719127067925257e-03
-3.298901156445932514e-03
-3.291034844595142062e-03
-3.283120348025025947e-03
-3.275157825600061301e-03
-3.267147438552608918e-03
-3.259089350479360547e-03
-3.250983727333789375e-03
-3.242830737440804967e-03
-3.234630551479877880e-03
-3.226383342498806428e-03
-3.218089285908831698e-03
-3.209748559480196661e-03
-3.201361343351472044e-03
-3.192927820018010010e-03
-3.184448174342602300e-03
-3.175922593552815698e-03
-3.167351267232554335e-03
-3.158734387336714633e-03
-3.150072148175642184e-03
-3.141364746427122157e-03
-3.132612381134158852e-03
-3.123815253696093919e-03
-3.114973567882817207e-03
-3.106087529819667736e-03
-3.097157348000756372e-03
-3.088183233283192664e-03
-3.079165398882199867e-03
-3.070104060381773081e-03
-3.060999435724465201e-03
-3.051851745217826206e-03
-3.042661211535069299e-03
-3.033428059706855251e-03
-3.024152517132172591e-03
-3.014834813568345595e-03
-3.005475181139027896e-03
-2.996073854331982034e-03
-2.986631069993528342e-03
-2.977147067337648778e-03
-2.967622087937105135e-03
-2.958056375730544474e-03
-2.948450177021388896e-03
-2.938803740470730119e-03
-2.929117317108431706e-03
-2.919391160321804790e-03
-2.909625525865155993e-03
-2.899820671856900844e-03
-2.889976858773568580e-03
-2.880094349460238234e-03
-2.870173409119436414e-03
-2.860214305320907258e-03
-2.850217307998059724e-03
-2.840182689442860564e-03
-2.830110724315382242e-03
-2.820001689633588882e-03
-2.809855864782440094e-03
-2.799673531511004398e-03
-2.789454973925131753e-03
-2.779200478501664406e-03
-2.768910334073337864e-03
-2.758584831839883122e-03
-2.748224265366472352e-03
-2.737828930573504849e-03
-2.727399125753038334e-03
-2.716935151553467875e-03
-2.706437310989739942e-03
-2.695905909442020132e-03
-2.685341254646145259e-03
-2.674743656709388517e-03
-2.664113428095360447e-03
-2.653450883634445034e-03
-2.642756340521579261e-03
-2.632030118308259503e-03
-2.621272538916752382e-03
-2.610483926626105955e-03
-2.599664608081919681e-03
-2.588814912294346016e-03
-2.577935170630096806e-03
-2.567025716826876192e-03
-2.556086886978947703e-03
-2.545119019546682182e-03
-2.534122455355891645e-03
-2.523097537588725459e-03
-2.512044611798103233e-03
-2.500964025892393749e-03
-2.489856130148737634e-03
-2.478721277207718288e-03
-2.467559822066256459e-03
-2.456372122093375410e-03
-2.445157961780353162e-03
-2.433916287429616077e-03
-2.422647215035933499e-03
-2.411350909843346102e-03
-2.400027536913817983e-03
-2.388677261108140826e-03
-2.377300247101921116e-03
-2.365896659379140843e-03
-2.354466662225274121e-03
-2.343010419742608264e-03
-2.331528095832924308e-03
-2.320019854212818089e-03
-2.308485858406816860e-03
-2.296926271741384085e-03
-2.285341257359574385e-03
-2.273730978203936104e-03
-2.262095597031610339e-03
-2.250435276408557783e-03
-2.238750178701787164e-03
-2.227040466094898363e-03
-2.215306300571429077e-03
-2.203547843929953842e-03
-2.191765257776090436e-03
-2.179958703518281027e-03
-2.168128342381114848e-03
-2.156274335388896901e-03
-2.144396843380524942e-03
-2.132496027003050187e-03
-2.120572046705238023e-03
-2.108625062752889079e-03
-2.096655235210631574e-03
-2.084662723959240793e-03
-2.072647688684758904e-03
-2.060610288878494956e-03
-2.048550683846128706e-03
-2.036469032693721815e-03
-2.024365494342150740e-03
-2.012240227519113134e-03
-2.000093390755797174e-03
-1.987925142397761746e-03
-1.975735640596720799e-03
-1.963525043309211071e-03
-1.951293508305251834e-03
-1.939041193157464704e-03
-1.926768255251509743e-03
-1.914474851780312292e-03
-1.902161139741176399e-03
-1.889827275944888640e-03
-1.877473417004837941e-03
-1.865099719347673712e-03
-1.852706339207088604e-03
-1.840293432620931924e-03
-1.827861155441201646e-03
-1.815409663322054001e-03
-1.802939111730683663e-03
-1.790449655941550589e-03
-1.777941451033715481e-03
-1.765414651899943621e-03
-1.752869413234936502e-03
-1.740305889546434059e-03
-1.727724235150329690e-03
-1.715124604166451405e-03
-1.702507150527887703e-03
-1.689872027970773516e-03
-1.677219390043171998e-03
-1.664549390102076920e-03
-1.651862181307861555e-03
-1.639157916634714773e-03
-1.626436748859538817e-03
-1.613698830570942100e-03
-1.600944314167018767e-03
-1.588173351848909398e-03
-1.575386095631570171e-03
-1.562582697332670634e-03
-1.549763308581697530e-03
-1.536928080817734354e-03
-1.524077165282466950e-03
-1.511210713031618802e-03
-1.498328874923959830e-03
-1.485431801629522042e-03
-1.472519643628378283e-03
-1.459592551202981703e-03
-1.446650674450045138e-03
-1.433694163268772748e-03
-1.420723167370407936e-03
-1.407737836275457788e-03
-1.394738319307586849e-03
-1.381724765603942195e-03
-1.368697324104717339e-03
-1.355656143562034011e-03
-1.342601372537277626e-03
-1.329533159394657993e-03
-1.316451652312311538e-03
-1.303356999271310102e-03
-1.290249348064431700e-03
-1.277128846294384168e-03
-1.263995641364923372e-03
-1.250849880496285316e-03
-1.237691710709865056e-03
-1.224521278839429961e-03
-1.211338731528233126e-03
-1.198144215221019770e-03
-1.184937876178793204e-03
-1.171719860463826812e-03
-1.158490313950655271e-03
-1.145249382323298981e-03
-1.131997211067381492e-03
-1.118733945484784442e-03
-1.105459730678548524e-03
-1.092174711563864697e-03
-1.078879032865853738e-03
-1.065572839110684455e-03
-1.052256274641227840e-03
-1.038929483601291892e-03
-1.025592609946834877e-03
-1.012245797443855899e-03
-9.988891896592910769e-04
-9.855229299768897278e-04
-9.721471615812271594e-04
-9.587620274690289435e-04
-9.453676704472835368e-04
-9.319642331236943633e-04
-9.185518579230000924e-04
-9.051306870695441376e-04
-8.917008626022626672e-04
-8.782625263682453109e-04
-8.648158200161848441e-04
-8.513608850115872428e-04
-8.378978626196187385e-04
-8.244268939199828061e-04
-8.109481198006474045e-04
-7.974616809510726156e-04
-7.839677178777537669e-04
-7.704663708864023519e-04
-7.569577800977111970e-04
-7.434420854404155676e-04
-7.299194266447983637e-04
-7.163899432581222193e-04
-7.028537746270324682e-04
-6.893110599129337324e-04
-6.757619380854396063e-04
-6.622065479155447854e-04
-6.486450279914457440e-04
-6.350775167005551225e-04
-6.215041522451003608e-04
-6.079250726354623602e-04
-5.943404156835141450e-04
-5.807503190182750075e-04
-5.671549200679248948e-04
-5.535543560755695758e-04
-5.399487640923017473e-04
-5.263382809709282739e-04
-5.127230433811802435e-04
-4.991031877921714432e-04
-4.854788504876639266e-04
-4.718501675596842304e-04
-4.582172749018620372e-04
-4.445803082246957416e-04
-4.309394030381219487e-04
-4.172946946671418633e-04
-4.036463182433835950e-04
-3.899944087024376227e-04
-3.763391007935434907e-04
-3.626805290726786701e-04
-3.490188279004491356e-04
-3.353541314509433935e-04
-3.216865737006857628e-04
-3.080162884396553391e-04
-2.943434092646801670e-04
-2.806680695771612832e-04
-2.669904025920377677e-04
-2.533105413266290018e-04
-2.396286186117091432e-04
-2.259447670849290546e-04
-2.122591191885125905e-04
-1.985718071782216487e-04
-1.848829631121845507e-04
-1.711927188619982720e-04
-1.575012061061226154e-04
-1.438085563276181311e-04
-1.301149008230279014e-04
-1.164203706913030656e-04
-1.027250968448772950e-04
-8.902921000301239340e-05
-7.533284068957785129e-05
-6.163611924194650760e-05
-4.793917580031559211e-05
-3.424214031660585689e-05
-2.054514255223072183e-05
-6.848312071435803949e-06
6.848221747154763228e-06
2.054432972385146494e-05
3.423988286459234143e-05
4.793475236759478508e-05
6.162880962823358288e-05
7.532192622574512830e-05
8.901397394095456050e-05
1.027048247385364821e-04
1.163943507758863349e-04
1.300824244075821090e-04
1.437689181720269715e-04
1.574537048092405911e-04
1.711366572430678135e-04
1.848176485901159571e-04
1.984965521641263164e-04
2.121732414626792407e-04
2.258475901850132139e-04
2.395194722141225085e-04
2.531887616258055029e-04
2.668553326929667957e-04
2.805190598724471851e-04
2.941798178225651927e-04
3.078374813856032954e-04
3.214919255964676648e-04
3.351430256872955926e-04
3.487906570740495482e-04
3.624346953743362576e-04
3.760750163895043574e-04
3.897114961137204681e-04
4.033440107382990636e-04
4.169724366383520398e-04
4.305966503906910603e-04
4.442165287558696996e-04
4.578319486872040045e-04
4.714427873351856313e-04
4.850489220341591690e-04
4.986502303200857078e-04
5.122465899127237599e-04
5.258378787245665542e-04
5.394239748652829292e-04
5.530047566284501670e-04
5.665801025090955179e-04
5.801498911862101870e-04
5.937140015315756081e-04
6.072723126139267791e-04
6.208247036860181645e-04
6.343710542021652188e-04
6.479112438005363295e-04
6.614451523119235787e-04
6.749726597635730130e-04
6.884936463699697917e-04
7.020079925419420164e-04
7.155155788777789461e-04
7.290162861674498451e-04
7.425099953973779421e-04
7.559965877412255786e-04
7.694759445690535493e-04
7.829479474382727844e-04
7.964124780980297302e-04
8.098694184939803087e-04
8.233186507589640435e-04
8.367600572221634003e-04
8.501935204002220026e-04
8.636189230015745011e-04
8.770361479307764441e-04
8.904450782801776043e-04
9.038455973380266073e-04
9.172375885799777251e-04
9.306209356738648353e-04
9.439955224834761793e-04
9.573612330600056453e-04
9.707179516512676187e-04
9.840655626919270205e-04
9.974039508090504214e-04
1.010733000825436712e-03
1.024052597751845539e-03
1.037362626794768872e-03
1.050662973348437390e-03
1.063953522998928314e-03
1.077234161528495271e-03
1.090504774906575491e-03
1.103765249299337725e-03
1.117015471060023302e-03
1.130255326733831112e-03
1.143484703062136454e-03
1.156703486973831296e-03
1.169911565593984015e-03
1.183108826235179656e-03
1.196295156401627757e-03
1.209470443794158356e-03
1.222634576300674070e-03
1.235787442005475967e-03
1.248928929180270764e-03
1.262058926288611715e-03
1.275177321990339507e-03
1.288284005132589449e-03
1.301378864758784282e-03
1.314461790100085459e-03
1.327532670578834839e-03
1.340591395814327846e-03
1.353637855612821461e-03
1.366671939977082140e-03
1.379693539097059940e-03
1.392702543354662481e-03
1.405698843328195835e-03
1.418682329784815010e-03
1.431652893681190086e-03
1.444610426171943907e-03
1.457554818595330204e-03
1.470485962491552279e-03
1.483403749584333298e-03
1.496308071790353189e-03
1.509198821223467490e-03
1.522075890181051605e-03
1.534939171162430505e-03
1.547788556850782093e-03
1.560623940121685926e-03
1.573445214048230234e-03
1.586252321045256153e-03
1.599055532342741337e-03
1.611862206180481039e-03
1.624671689067214153e-03
1.637483331146882826e-03
1.650296486184976708e-03
1.663110511586851636e-03
1.675924768379299934e-03
1.688738621220320368e-03
1.701551438402448824e-03
1.714362591840323802e-03
1.727171457088338968e-03
1.739977413322213451e-03
1.752779843348983846e-03
1.765578133610334888e-03
1.778371674169720862e-03
1.791159858730573262e-03
1.803942084617871089e-03
1.816717752787022633e-03
1.829486267829194546e-03
1.842247037956656897e-03
1.854999475022101052e-03
1.867742994499099751e-03
1.880477015492321158e-03
1.893200960741969752e-03
1.905914256609353430e-03
1.918616333095535254e-03
1.931306623823791924e-03
1.943984566047829432e-03
1.956649600656445998e-03
1.969301172159987345e-03
1.981938728708776409e-03
1.994561722074905674e-03
2.007169607661118960e-03
2.019761844505030268e-03
2.032337895266245198e-03
2.044897226244124511e-03
2.057439307359576475e-03
2.069963612164160693e-03
2.082469617844973087e-03
2.094956805210435036e-03
2.107424658708501042e-03
2.119872666409783335e-03
2.132300320014213213e-03
2.144707114858146468e-03
2.157092549899042311e-03
2.169456127733893069e-03
2.181797354581904713e-03
2.194115740292712502e-03
2.206410798351043923e-03
2.218682045863618058e-03
2.230929003576465064e-03
2.243151195857828739e-03
2.255348150705938082e-03
2.267519399755002496e-03
2.279664478260556848e-03
2.291782925117447078e-03
2.303874282843176857e-03
2.315938097585013011e-03
2.327973919125092550e-03
2.339981300870430658e-03
2.351959799862912703e-03
2.363908976769080184e-03
2.375828395885681843e-03
2.387717625143670475e-03
2.399576236099321136e-03
2.411403803942890889e-03
2.423199907490625193e-03
2.434964129188088577e-03
2.446696055115049617e-03
2.458395274977043243e-03
2.470061382113142301e-03
2.481693973488408034e-03
2.493292649697664842e-03
2.504857014969719131e-03
2.516386677158699570e-03
2.527881247753160920e-03
2.539340341867202255e-03
2.550763578244241714e-03
2.562150579262123529e-03
2.573500970924236242e-03
2.584814382867950400e-03
2.596090448356402902e-03
2.607328804282049717e-03
2.618529091171550860e-03
2.629690953177776791e-03
2.640814038086691795e-03
2.651897997310248556e-03
2.662942485890384958e-03
2.673947162502576802e-03
2.684911689448510330e-03
2.695835732663187656e-03
2.706718961708043381e-03
2.717561049773165038e-03
2.728361673683732391e-03
2.739120513890025421e-03
2.749837254476528159e-03
2.760511583153046899e-03
2.771143191259151095e-03
2.781731773768614246e-03
2.792277029281198253e-03
2.802778660029980884e-03
2.813236371873806263e-03
2.823649874301281670e-03
2.834018880435662524e-03
2.844343107024860373e-03
2.854622274451434905e-03
2.864856106723268070e-03
2.875044331478004977e-03
2.885186679987494784e-03
2.895282887150907314e-03
2.905332691494066921e-03
2.915335835179444501e-03
2.925292063991724589e-03
2.935201127352016215e-03
2.945062778308082940e-03
2.954876773535231038e-03
2.964642873344525142e-03
2.974360841669021482e-03
2.984030446081309407e-03
2.993651457775525770e-03
3.003223651577124897e-03
3.012746805945765161e-03
3.022220702963762662e-03
3.031645128352522534e-03
3.041019871455441503e-03
3.050344725246567634e-03
3.059619486335041216e-03
3.068843954951994135e-03
3.078017934967425262e-03
3.087141233874435287e-03
3.096213662795443966e-03
3.105235036489073508e-03
3.114205173334827492e-03
3.123123895352630797e-03
3.131991028183733761e-03
3.140806401099816014e-03
3.149569847008759638e-03
3.158281202438661950e-03
3.166940307558707701e-03
3.175547006159185059e-03
3.184101145660811483e-03
3.192602577120062790e-03
3.201051155214518218e-03
3.209446738261956256e-03
3.217789188202146988e-03
3.226078370603957524e-03
3.234314154673789687e-03
3.242496413237816455e-03
3.250625022762854144e-03
3.258699863337266578e-03
3.266720818680290961e-03
3.274687776145146501e-03
3.282600626708820357e-03
3.290459264986722587e-03
3.298263589215366665e-03
3.306013501263915799e-03
3.313708906634627027e-03
3.321349714452637159e-03
3.328935837482838167e-03
3.336467192111225444e-03
3.343943698355111849e-03
3.351365279866236335e-03
3.358731863919217631e-03
3.366043381426653269e-03
3.373299766924464649e-03
3.380500958578558368e-03
3.387646898190155298e-03
3.394737531182023815e-03
3.401772806616687461e-03
3.408752677179105461e-03
3.415677099183334064e-03
3.422546032580076059e-03
3.429359440940693560e-03
3.436117291477636115e-03
3.442819555024012601e-03
3.449466206042917094e-03
3.456057222634534298e-03
3.462592586519264160e-03
3.469072283058149964e-03
3.475496301232894325e-03
3.481864633656517327e-03
3.488177276577797414e-03
3.494434229866172359e-03
3.500635497030835097e-03
3.506781085203858339e-03
3.512871005147299996e-03
3.518905271256755896e-03
3.524883901553810261e-03
3.530806917694917502e-03
3.536674344960744065e-03
3.542486212262829781e-03
3.548242552145808304e-03
3.553943400780745776e-03
3.559588797972246255e-03
3.565178787150902195e-03
3.570713415375958988e-03
3.576192733342420382e-03
3.581616795369502171e-03
3.586985659411290328e-03
3.592299387046526959e-03
3.597558043484383461e-03
3.602761697568457322e-03
3.607910421767002163e-03
3.613004292183141786e-03
3.618043388544656125e-03
3.623027794210198493e-03
3.627957596171071941e-03
3.632832885045456095e-03
3.637653755085512586e-03
3.642420304167615086e-03
3.647132633799454737e-03
3.651790849121816507e-03
3.656395058901917849e-03
3.660945375539625957e-03
3.665441915061684597e-03
3.669884797124378650e-03
3.674274145017530913e-03
3.678610085656952577e-03
3.682892749591992754e-03
3.687122270998433038e-03
3.691298787680707960e-03
3.695422441079010412e-03
3.699493376256857147e-03
3.703511741913523281e-03
3.707477690372940060e-03
3.711391377589912111e-03
3.715252963151893795e-03
3.719062610272327873e-03
3.722820485799527290e-03
3.726526760206905209e-03
3.730181607596971816e-03
3.733785205706663390e-03
3.737337735899348701e-03
3.740839383171046251e-03
3.744290336144651121e-03
3.747690787072155416e-03
3.751040931839089154e-03
3.754340969957414842e-03
3.757591104573076990e-03
3.760791542457120329e-03
3.763942494010574791e-03
3.767044173268452312e-03
3.770096797893529583e-03
3.773100589175015784e-03
3.776055772038322544e-03
3.778962575030853088e-03
3.781821230339765805e-03
3.784631973773322500e-03
3.787395044771546537e-03
3.790110686407999196e-03
3.792779145379565620e-03
3.795400672021997934e-03
3.797975520293483953e-03
3.800503947781752601e-03
3.802986215710291162e-03
3.805422588924578520e-03
3.807813335909848718e-03
3.810158728771995129e-03
3.812459043249560864e-03
3.814714558713738768e-03
3.816925558159933729e-03
3.819092328221085353e-03
3.821215159153457108e-03
3.823294344843297665e-03
3.825330182812169966e-03
3.827322974203184458e-03
3.829273023799650844e-03
3.831180640005538152e-03
3.833046134857021059e-03
3.834869824023812157e-03
3.836652026798503812e-03
3.838393066113443552e-03
3.840093268521638237e-03
3.841752964207856280e-03
3.843372486991292192e-03
3.844952174313576165e-03
3.846492367255205380e-03
3.847993410519112700e-03
3.849455652438660280e-03
3.850879444982524547e-03
3.852265143740485343e-03
3.853613107942965854e-03
3.854923700441048595e-03
3.856197287717577638e-03
3.857434239889823147e-03
3.858634930697046883e-03
3.859799737517821683e-03
3.860929041353600155e-03
3.862023226835376022e-03
3.863082682229457276e-03
3.864107799424587597e-03
3.865098973947933558e-03
3.866056604949541509e-03
3.866981095209887087e-03
3.867872851144316115e-03
3.868732282790166010e-03
3.869559803824085265e-03
3.870355831544713965e-03
3.871120786882009668e-03
3.871855094399911934e-03
3.872559182284796009e-03
3.873233482362348212e-03
3.873878430080690549e-03
3.874494464517930226e-03
3.875082028387488720e-03
3.875641568024779104e-03
3.876173533404525529e-03
3.876678378123443736e-03
3.877156559409122849e-03
3.877608538123578086e-03
3.878034778751260347e-03
3.878435749415931610e-03
3.878811921863345447e-03
3.879163771470128808e-03
3.879491777246446560e-03
3.879796421828896058e-03
3.880078191486724393e-03
3.880337576116055232e-03
3.880575069242109265e-03
3.880791168024533278e-03
3.880986373248074273e-03
3.881161189331905348e-03
3.881316124321187999e-03
3.881451689889292567e-03
3.881568401345347752e-03
3.881666777623582476e-03
3.881747341291763576e-03
3.881810618543202196e-03
3.881857139201638773e-03
3.881887436724795748e-03
3.881902048195051691e-03
3.881901514330099445e-03
3.881886379472287985e-03
3.881857191593951484e-03
3.881814502301406122e-03
3.881758866826956478e-03
3.881690844036889132e-03
3.881610996422146798e-03
3.881519890104545567e-03
3.881418094839439448e-03
3.881306184008170845e-03
3.881184734625175992e-03
3.881054327331767695e-03
3.880915546397467608e-03
3.880768979727555745e-03
3.880615218851968251e-03
3.880454858934179185e-03
3.880288498764095095e-03
3.880116740761607730e-03
3.879940190979258574e-03
3.879759459096465690e-03
3.879575158426629145e-03
3.879387905908249223e-03
3.879198322108923236e-03
3.879007031232450942e-03
3.878814661105511874e-03
3.878621843190988017e-03
3.878429212576417484e-03
3.878237407978435414e-03
3.878047071749435304e-03
3.877858849866022695e-03
3.877673391939673309e-03
3.877491351206074910e-03
3.877313384532232732e-03
3.877140152418689922e-03
3.876972318992866207e-03
3.876810552009501976e-03
3.876655522859984160e-03
3.876507906557691285e-03
3.876368381751760239e-03
3.876237630719092664e-03
3.876116339363466778e-03
3.876005197225307342e-03
3.875904897465254351e-03
3.875816136885479324e-03
3.875739615908369018e-03
3.875676038588071748e-03
3.875626112613161922e-03
3.875590549294205545e-03
3.875570063581523783e-03
3.875565374047429401e-03
