4.880019770046907901e+00
4.870240759705608546e+00
4.860461746015497297e+00
4.850682725640329984e+00
4.840903695261825845e+00
4.831124651625198219e+00
4.821345591539418329e+00
4.811566511877216179e+00
4.801787409575080545e+00
4.792008281633257205e+00
4.782229125115751600e+00
4.772449937150327948e+00
4.762670696631020384e+00
4.752891377913549320e+00
4.743111982553336325e+00
4.733332512291032579e+00
4.723552968872398061e+00
4.713773354048301556e+00
4.703993669574724201e+00
4.694213917212754161e+00
4.684434098728590179e+00
4.674654215893540687e+00
4.664874270484023810e+00
4.655094264281567362e+00
4.645314199072810624e+00
4.635534076649499013e+00
4.625753898808489417e+00
4.615973667351749299e+00
4.606193384086355813e+00
4.596413050824494917e+00
4.586632669383461369e+00
4.576852241585660508e+00
4.567071769258609137e+00
4.557291254234931088e+00
4.547510698352360770e+00
4.537730103453743169e+00
4.527949471387032965e+00
4.518168804005293637e+00
4.508388103166696581e+00
4.498607370734528210e+00
4.488826608577179300e+00
4.479045818568152981e+00
4.469265002586061186e+00
4.459484162514626426e+00
4.449703300242680015e+00
4.439922417664163845e+00
4.430141516678128610e+00
4.420360599188734696e+00
4.410579667105253066e+00
4.400798722342064373e+00
4.391017766818658075e+00
4.381236802459634205e+00
4.371455831194700714e+00
4.361674854958677017e+00
4.351893875691493996e+00
4.342112895338187784e+00
4.332331915848906867e+00
4.322550939178910312e+00
4.312769967288563322e+00
4.302989002143345232e+00
4.293208045713842402e+00
4.283427099975751773e+00
4.273646166909878197e+00
4.263865248502138883e+00
4.254084346743560729e+00
4.244303463630276774e+00
4.234522601163533295e+00
4.224741761349687152e+00
4.214960946200198677e+00
4.205180157731645885e+00
4.195399397965711152e+00
4.185618668929187436e+00
4.175837972653979158e+00
4.166057311177100431e+00
4.156276686540672394e+00
4.146496100791927653e+00
4.136715555983208503e+00
4.126935054171967820e+00
4.117154597420766393e+00
4.107374187797275589e+00
4.097593827374276465e+00
4.087813518229657994e+00
4.078033262446424168e+00
4.068253062112683338e+00
4.058472919321655326e+00
4.048692836171668752e+00
4.038912814766163706e+00
4.029132857213689078e+00
4.019352965627903451e+00
4.009573142127575984e+00
3.999793388836583752e+00
3.990013707883913519e+00
3.980234101403664404e+00
3.970454571535043442e+00
3.960675120422367357e+00
3.950895750215062119e+00
3.941116463067664277e+00
3.931337261139819628e+00
3.921558146596284544e+00
3.911779121606923759e+00
3.902000188346712584e+00
3.892221348995735131e+00
3.882442605739186536e+00
3.872663960767371183e+00
3.862885416275702699e+00
3.853106974464704404e+00
3.843328637540010195e+00
3.833550407712362329e+00
3.823772287197614084e+00
3.813994278216727984e+00
3.804216375974501574e+00
3.794438556988370070e+00
3.784660819106930418e+00
3.774883162273257931e+00
3.765105586429686735e+00
3.755328091517809330e+00
3.745550677478481472e+00
3.735773344251813288e+00
3.725996091777178609e+00
3.716218919993209191e+00
3.706441828837795160e+00
3.696664818248088569e+00
3.686887888160498505e+00
3.677111038510696872e+00
3.667334269233611277e+00
3.657557580263431252e+00
3.647780971533605587e+00
3.638004442976841446e+00
3.628227994525107025e+00
3.618451626109629338e+00
3.608675337660894655e+00
3.598899129108648953e+00
3.589123000381897910e+00
3.579346951408907351e+00
3.569570982117201474e+00
3.559795092433563291e+00
3.550019282284038624e+00
3.540243551593929006e+00
3.530467900287797889e+00
3.520692328289467543e+00
3.510916835522019497e+00
3.501141421907794982e+00
3.491366087368395821e+00
3.481590831824681320e+00
3.471815655196771822e+00
3.462040557404046037e+00
3.452265538365142827e+00
3.442490597997962976e+00
3.432715736219662084e+00
3.422940952946658566e+00
3.413166248094628319e+00
3.403391621578509163e+00
3.393617073312497290e+00
3.383842603210047706e+00
3.374068211183876453e+00
3.364293897145955725e+00
3.354519661007522302e+00
3.344745502679069116e+00
3.334971422070349245e+00
3.325197419090375028e+00
3.315423493647419395e+00
3.305649645649013202e+00
3.295875875001949229e+00
3.286102181612277295e+00
3.276328565385308256e+00
3.266555026225611336e+00
3.256781564037015908e+00
3.247008178722612382e+00
3.237234870184747759e+00
3.227461638325030524e+00
3.217688483044327974e+00
3.207915404242766666e+00
3.198142401819734637e+00
3.188369475673877407e+00
3.178596625703099754e+00
3.168823851804567049e+00
3.159051153874703921e+00
3.149278531809195592e+00
3.139505985502985208e+00
3.129733514850275622e+00
3.119961119744528943e+00
3.110188800078468319e+00
3.100416555744076597e+00
3.090644386632593665e+00
3.080872292634519560e+00
3.071100273639616685e+00
3.061328329536903592e+00
3.051556460214660760e+00
3.041784665560426149e+00
3.032012945460998754e+00
3.022241299802435943e+00
3.012469728470055674e+00
3.002698231348435609e+00
2.992926808321411336e+00
2.983155459272078591e+00
2.973384184082794590e+00
2.963612982635172699e+00
2.953841854810089096e+00
2.944070800487676998e+00
2.934299819547330213e+00
2.924528911867702252e+00
2.914758077326705443e+00
2.904987315801512704e+00
2.895216627168555323e+00
2.885446010871755007e+00
2.875675456636133553e+00
2.865904960198124130e+00
2.856134521618413746e+00
2.846364140952439836e+00
2.836593818250392918e+00
2.826823553557214375e+00
2.817053346912598677e+00
2.807283198350990272e+00
2.797513107901586693e+00
2.787743075588336339e+00
2.777973101429938918e+00
2.768203185439848557e+00
2.758433327626268472e+00
2.748663527992153632e+00
2.738893786535211206e+00
2.729124103247901001e+00
2.719354478117434581e+00
2.709584911125773932e+00
2.699815402249633234e+00
2.690045951460477980e+00
2.680276558724527192e+00
2.670507224002749869e+00
2.660737947250867652e+00
2.650968728419352605e+00
2.641199567453430319e+00
2.631430464293076366e+00
2.621661418873020732e+00
2.611892431122741609e+00
2.602123500966471603e+00
2.592354628323193744e+00
2.582585813106642814e+00
2.572817055225306682e+00
2.563048354582423638e+00
2.553279711075983727e+00
2.543511124598728745e+00
2.533742595038152690e+00
2.523974122276501753e+00
2.514205706190772993e+00
2.504437346652715224e+00
2.494669043528828567e+00
2.484900796680366231e+00
2.475132605963332733e+00
2.465364471228483900e+00
2.455596392321326427e+00
2.445828369082120979e+00
2.436060401345877313e+00
2.426292488942359604e+00
2.416524631696082892e+00
2.406756829426311306e+00
2.396989081947065170e+00
2.387221389067113009e+00
2.377453750589976877e+00
2.367686166313930585e+00
2.357918636031997472e+00
2.348151159531956189e+00
2.338383736596334028e+00
2.328616367002411813e+00
2.318849050522221233e+00
2.309081786922545287e+00
2.299314575964920948e+00
2.289547417405633833e+00
2.279780310995724424e+00
2.270013256480981845e+00
2.260246253601949196e+00
2.250479302093920442e+00
2.240712401686940858e+00
2.230945552105809249e+00
2.221178753070073952e+00
2.211412004294035949e+00
2.201645305486748416e+00
2.191878656352015398e+00
2.182112056588393578e+00
2.172345505889190509e+00
2.162579003942466827e+00
2.152812550431032701e+00
2.143046145032451832e+00
2.133279787419039231e+00
2.123513477257860771e+00
2.113747214210736303e+00
2.103980997934234765e+00
2.094214828079677737e+00
2.084448704293139887e+00
2.074682626215445413e+00
2.064916593482172047e+00
2.055150605723648827e+00
2.045384662564954770e+00
2.035618763625924199e+00
2.025852908521138751e+00
2.016087096859936256e+00
2.006321328246403191e+00
1.996555602279378228e+00
1.986789918552453127e+00
1.977024276653969626e+00
1.967258676167023212e+00
1.957493116669459354e+00
1.947727597733875271e+00
1.937962118927621713e+00
1.928196679812798964e+00
1.918431279946261059e+00
1.908665918879611567e+00
1.898900596159208254e+00
1.889135311326158417e+00
1.879370063916321998e+00
1.869604853460311578e+00
1.859839679483489272e+00
1.850074541505971615e+00
1.840309439042624673e+00
1.830544371603067155e+00
1.820779338691669746e+00
1.811014339807553997e+00
1.801249374444594320e+00
1.791484442091416218e+00
1.781719542231396280e+00
1.771954674344299097e+00
1.762189839602964936e+00
1.752425039194825285e+00
1.742660272910445229e+00
1.732895540540520418e+00
1.723130841875877950e+00
1.713366176707473709e+00
1.703601544826396363e+00
1.693836946023862700e+00
1.684072380091220733e+00
1.674307846819950152e+00
1.664543346001658986e+00
1.654778877428088046e+00
1.645014440891106933e+00
1.635250036182715361e+00
1.625485663095045386e+00
1.615721321420357848e+00
1.605957010951045039e+00
1.596192731479629368e+00
1.586428482798762696e+00
1.576664264701229667e+00
1.566900076979942824e+00
1.557135919427947268e+00
1.547371791838416666e+00
1.537607694004657244e+00
1.527843625720104459e+00
1.518079586778322998e+00
1.508315576973010774e+00
1.498551596097994043e+00
1.488787643947230510e+00
1.479023720314808221e+00
1.469259824994944452e+00
1.459495957781989262e+00
1.449732118470420827e+00
1.439968306854849667e+00
1.430204522730015748e+00
1.420440765890788937e+00
1.410677036132171214e+00
1.400913333249293125e+00
1.391149657037418219e+00
1.381386007291937723e+00
1.371622383808374090e+00
1.361858786382382114e+00
1.352095214809744039e+00
1.342331668886375784e+00
1.332568148408320940e+00
1.322804653171754774e+00
1.313041182972983556e+00
1.303277737608442344e+00
1.293514316874698977e+00
1.283750920568449416e+00
1.273987548486521737e+00
1.264224200425873690e+00
1.254460876183593365e+00
1.244697575556900304e+00
1.234934298343142611e+00
1.225171044339801840e+00
1.215407813344486776e+00
1.205644605154938098e+00
1.195881419569027937e+00
1.186118256384756986e+00
1.176355115400258056e+00
1.166591996413793186e+00
1.156828899223754981e+00
1.147065823628667713e+00
1.137302769427184446e+00
1.127539736418090355e+00
1.117776724400299848e+00
1.108013733172857673e+00
1.098250762534940472e+00
1.088487812285853673e+00
1.078724882225034598e+00
1.068961972152050022e+00
1.059199081866596615e+00
1.049436211168504052e+00
1.039673359857729240e+00
1.029910527734362535e+00
1.020147714598622635e+00
1.010384920250858576e+00
1.000622144491552179e+00
9.908593871213129400e-01
9.810966479408830265e-01
9.713339267511337249e-01
9.615712233530666619e-01
9.518085375478152477e-01
9.420458691366416781e-01
9.322832179209407100e-01
9.225205837022347755e-01
9.127579662821796447e-01
9.029953654625596515e-01
8.932327810452895811e-01
8.834702128324163350e-01
8.737076606261149347e-01
8.639451242286934063e-01
8.541826034425882286e-01
8.444200980703664428e-01
8.346576079147273175e-01
8.248951327784984633e-01
8.151326724646396071e-01
8.053702267762398170e-01
7.956077955165187232e-01
7.858453784888274063e-01
7.760829754966458438e-01
7.663205863435864629e-01
7.565582108333901434e-01
7.467958487699288828e-01
7.370334999572062396e-01
7.272711641993545584e-01
7.175088413006380783e-01
7.077465310654506014e-01
6.979842332983160480e-01
6.882219478038902327e-01
6.784596743869577562e-01
6.686974128524354466e-01
6.589351630053686959e-01
6.491729246509351237e-01
6.394106975944415794e-01
6.296484816413253638e-01
6.198862765971554500e-01
6.101240822676294862e-01
6.003618984585776808e-01
5.905997249759591394e-01
5.808375616258630858e-01
5.710754082145111932e-01
5.613132645482532546e-01
5.515511304335717346e-01
5.417890056770778839e-01
5.320268900855134042e-01
5.222647834657523358e-01
5.125026856247966167e-01
5.027405963697809677e-01
4.929785155079691172e-01
4.832164428467549677e-01
4.734543781936646489e-01
4.636923213563526880e-01
4.539302721426059506e-01
4.441682303603404769e-01
4.344061958176024807e-01
4.246441683225703478e-01
4.148821476835508615e-01
4.051201337089832544e-01
3.953581262074358227e-01
3.855961249876070362e-01
3.758341298583277035e-01
3.660721406285567525e-01
3.563101571073857832e-01
3.465481791040353476e-01
3.367862064278561718e-01
3.270242388883314311e-01
3.172622762950723097e-01
3.075003184578227189e-01
2.977383651864549119e-01
2.879764162909735914e-01
2.782144715815125791e-01
2.684525308683358147e-01
2.586905939618396322e-01
2.489286606725484019e-01
2.391667308111193324e-01
2.294048041883383071e-01
2.196428806151217439e-01
2.098809599025181494e-01
2.001190418617043165e-01
1.903571263039895989e-01
1.805952130408122469e-01
1.708333018837409623e-01
1.610713926444765076e-01
1.513094851348479319e-01
1.415475791668170114e-01
1.317856745524741968e-01
1.220237711040404738e-01
1.122618686338689442e-01
1.024999669544409409e-01
9.273806587837045423e-02
8.297616521840030235e-02
7.321426478740375443e-02
6.345236439838616849e-02
5.369046386448117492e-02
4.392856299895507577e-02
3.416666161520243161e-02
2.440475952675041568e-02
1.464285654725505995e-02
4.880952490502841502e-03
-4.880952829588216732e-03
-1.464285959896963370e-02
-2.440476800346355613e-02
-3.416667822876113397e-02
-4.392859046042305038e-02
-5.369050488388060760e-02
-6.345242168443143704e-02
-7.321434104724591774e-02
-8.297626315736290892e-02
-9.273818819969080474e-02
-1.025001163590086306e-01
-1.122620478199616995e-01
-1.220239827670681204e-01
-1.317859213847144828e-01
-1.415478638571568415e-01
-1.513098103685219797e-01
-1.610717611028028851e-01
-1.708337162438653689e-01
-1.805956759754437368e-01
-1.903576404811418155e-01
-2.001196099444340071e-01
-2.098815845486610709e-01
-2.196435644770365347e-01
-2.294055499126423647e-01
-2.391675410384301037e-01
-2.489295380372218980e-01
-2.586915410917062230e-01
-2.684535503844441839e-01
-2.782155660978656853e-01
-2.879775884142697917e-01
-2.977396175158263936e-01
-3.075016535845717658e-01
-3.172636968024146742e-01
-3.270257473511327118e-01
-3.367878054123726317e-01
-3.465498711676521792e-01
-3.563119447983550958e-01
-3.660740264857381132e-01
-3.758361164109262353e-01
-3.855982147549142924e-01
-3.953603216985673852e-01
-4.051224374226171654e-01
-4.148845621076680534e-01
-4.246466959341927416e-01
-4.344088390825337487e-01
-4.441709917329039747e-01
-4.539331540653826491e-01
-4.636953262599220471e-01
-4.734575084963424385e-01
-4.832197009543351407e-01
-4.929819038134576337e-01
-5.027441172531400548e-01
-5.125063414526811467e-01
-5.222685765912492561e-01
-5.320308228478830559e-01
-5.417930804014877699e-01
-5.515553494308415017e-01
-5.613176301145904601e-01
-5.710799226312506249e-01
-5.808422271592087460e-01
-5.906045438767175693e-01
-6.003668729619027200e-01
-6.101292145927583732e-01
-6.198915689471481416e-01
-6.296539362028064080e-01
-6.394163165373336621e-01
-6.491787101282033845e-01
-6.589411171527572719e-01
-6.687035377882066811e-01
-6.784659722116337388e-01
-6.882284205999867899e-01
-6.979908831300867256e-01
-7.077533599786229868e-01
-7.175158513221550072e-01
-7.272783573371124355e-01
-7.370408781997909164e-01
-7.468034140863595294e-01
-7.565659651728555701e-01
-7.663285316351856613e-01
-7.760911136491273066e-01
-7.858537113903242277e-01
-7.956163250342929150e-01
-8.053789547564181861e-01
-8.151416007319547408e-01
-8.249042631360276046e-01
-8.346669421436282432e-01
-8.444296379296207800e-01
-8.541923506687381096e-01
-8.639550805355821206e-01
-8.737178277046258046e-01
-8.834805923502083713e-01
-8.932433746465416879e-01
-9.030061747677060602e-01
-9.127689928876514536e-01
-9.225318291801984927e-01
-9.322946838190337981e-01
-9.420575569777172031e-01
-9.518204488296767574e-01
-9.615833595482100593e-01
-9.713462893064852555e-01
-9.811092382775371545e-01
-9.908722066342730006e-01
-1.000635194549468476e+00
-1.010398202195768924e+00
-1.020161229745690568e+00
-1.029924277371615071e+00
-1.039687345245798200e+00
-1.049450433540362937e+00
-1.059213542427303922e+00
-1.068976672078481016e+00
-1.078739822665627734e+00
-1.088502994360345921e+00
-1.098266187334106192e+00
-1.108029401758251042e+00
-1.117792637803988409e+00
-1.127555895642398998e+00
-1.137319175444432506e+00
-1.147082477380907628e+00
-1.156845801622513825e+00
-1.166609148339807334e+00
-1.176372517703216714e+00
-1.186135909883038630e+00
-1.195899325049440298e+00
-1.205662763372458590e+00
-1.215426225021996931e+00
-1.225189710167832180e+00
-1.234953218979608414e+00
-1.244716751626840701e+00
-1.254480308278913991e+00
-1.264243889105078900e+00
-1.274007494274460139e+00
-1.283771123956049864e+00
-1.293534778318710110e+00
-1.303298457531173682e+00
-1.313062161762039715e+00
-1.322825891179779667e+00
-1.332589645952733992e+00
-1.342353426249112358e+00
-1.352117232236994981e+00
-1.361881064084328852e+00
-1.371644921958933061e+00
-1.381408806028496139e+00
-1.391172716460575165e+00
-1.400936652588065767e+00
-1.410700590011763067e+00
-1.420464518269881848e+00
-1.430228438563916793e+00
-1.439992352087701155e+00
-1.449756260027406762e+00
-1.459520163561538908e+00
-1.469284063860944123e+00
-1.479047962088805512e+00
-1.488811859400643645e+00
-1.498575756944316995e+00
-1.508339655860019279e+00
-1.518103557280284788e+00
-1.527867462329983717e+00
-1.537631372126323948e+00
-1.547395287778852380e+00
-1.557159210389449600e+00
-1.566923141052337209e+00
-1.576687080854073386e+00
-1.586451030873553769e+00
-1.596214992182012571e+00
-1.605978965843017914e+00
-1.615742952912479158e+00
-1.625506954438641793e+00
-1.635270971462088996e+00
-1.645035005015742291e+00
-1.654799056124858003e+00
-1.664563125807032806e+00
-1.674327215072199504e+00
-1.684091324922629251e+00
-1.693855456352930888e+00
-1.703619610350048053e+00
-1.713383787893264731e+00
-1.723147989954202375e+00
-1.732912217496819673e+00
-1.742676471477410560e+00
-1.752440752844609095e+00
-1.762205062539386136e+00
-1.771969401495050001e+00
-1.781733770637247138e+00
-1.791498170883959462e+00
-1.801262603145508123e+00
-1.811027068324551736e+00
-1.820791567316086157e+00
-1.830556101007445813e+00
-1.840320670278299042e+00
-1.850085276000655643e+00
-1.859849919038861543e+00
-1.869614600249599690e+00
-1.879379320481892490e+00
-1.889144080577095819e+00
-1.898908881368907009e+00
-1.908673723683359302e+00
-1.918438608338823181e+00
-1.928203536146009034e+00
-1.937968507907960047e+00
-1.947733524420061091e+00
-1.957498586470032942e+00
-1.967263694837934063e+00
-1.977028850296161266e+00
-1.986794053609446609e+00
-1.996559305534861828e+00
-2.006324606821815237e+00
-2.016089958212053279e+00
-2.025855360439659858e+00
-2.035620814231054787e+00
-2.045386320304997341e+00
-2.055151879372583146e+00
-2.064917492137246846e+00
-2.074683159294759882e+00
-2.084448881533227826e+00
-2.094214659533099709e+00
-2.103980493967158250e+00
-2.113746385500524738e+00
-2.123512334790658596e+00
-2.133278342487354262e+00
-2.143044409232746528e+00
-2.152810535661305646e+00
-2.162576722399841334e+00
-2.172342970067500989e+00
-2.182109279275765701e+00
-2.191875650628457350e+00
-2.201642084721735948e+00
-2.211408582144096524e+00
-2.221175143476374014e+00
-2.230941769291738375e+00
-2.240708460155699022e+00
-2.250475216626102171e+00
-2.260242039253131718e+00
-2.270008928579309693e+00
-2.279775885139493585e+00
-2.289542909460880349e+00
-2.299310002063003733e+00
-2.309077163457736059e+00
-2.318844394149284671e+00
-2.328611694634196816e+00
-2.338379065401355650e+00
-2.348146506931983790e+00
-2.357914019699640207e+00
-2.367681604170219334e+00
-2.377449260801956843e+00
-2.387216990045423870e+00
-2.396984792343529236e+00
-2.406752668131520334e+00
-2.416520617836979579e+00
-2.426288641879828401e+00
-2.436056740672326804e+00
-2.445824914619071588e+00
-2.455593164116997240e+00
-2.465361489555373264e+00
-2.475129891315809516e+00
-2.484898369772253091e+00
-2.494666925290986992e+00
-2.504435558230635461e+00
-2.514204268942154652e+00
-2.523973057768841954e+00
-2.533741925046332000e+00
-2.543510871102596216e+00
-2.553279896257944603e+00
-2.563049000825022183e+00
-2.572818185108813438e+00
-2.582587449406640978e+00
-2.592356794008163323e+00
-2.602126219195378010e+00
-2.611895725242617594e+00
-2.621665312416554983e+00
-2.631434980976198990e+00
-2.641204731172897002e+00
-2.650974563250333205e+00
-2.660744477444528133e+00
-2.670514473983842230e+00
-2.680284553088971400e+00
-2.690054714972951011e+00
-2.699824959841152783e+00
-2.709595287891284787e+00
-2.719365699313394558e+00
-2.729136194289866868e+00
-2.738906772995422845e+00
-2.748677435597123520e+00
-2.758448182254363168e+00
-2.768219013118877303e+00
-2.777989928334737790e+00
-2.787760928038354624e+00
-2.797532012358475484e+00
-2.807303181416182181e+00
-2.817074435324898207e+00
-2.826845774190382965e+00
-2.836617198110732652e+00
-2.846388707176384258e+00
-2.856160301470106688e+00
-2.865931981067010081e+00
-2.875703746034542707e+00
-2.885475596432487855e+00
-2.895247532312969163e+00
-2.905019553720444403e+00
-2.914791660691710806e+00
-2.924563853255903734e+00
-2.934336131434494455e+00
-2.944108495241294587e+00
-2.953880944682448106e+00
-2.963653479756441556e+00
-2.973426100454096499e+00
-2.983198806758573518e+00
-2.992971598645367770e+00
-3.002744476082315650e+00
-3.012517439029588129e+00
-3.022290487439695639e+00
-3.032063621257486741e+00
-3.041836840420142352e+00
-3.051610144857187734e+00
-3.061383534490481395e+00
-3.071157009234220858e+00
-3.080930568994942220e+00
-3.090704213671515266e+00
-3.100477943155150573e+00
-3.110251757329395517e+00
-3.120025656070135156e+00
-3.129799639245593124e+00
-3.139573706716326296e+00
-3.149347858335233674e+00
-3.159122093947549725e+00
-3.168896413390847044e+00
-3.178670816495035911e+00
-3.188445303082362514e+00
-3.198219872967412059e+00
-3.207994525957106990e+00
-3.217769261850707441e+00
-3.227544080439811669e+00
-3.237318981508352511e+00
-3.247093964832603596e+00
-3.256869030181174907e+00
-3.266644177315013664e+00
-3.276419405987405664e+00
-3.286194715943971723e+00
-3.295970106922672560e+00
-3.305745578653805694e+00
-3.315521130860006327e+00
-3.325296763256247345e+00
-3.335072475549837989e+00
-3.344848267440425627e+00
-3.354624138619995755e+00
-3.364400088772870667e+00
-3.374176117575712119e+00
-3.383952224697514222e+00
-3.393728409799614543e+00
-3.403504672535685227e+00
-3.413281012551736104e+00
-3.423057429486116465e+00
-3.432833922969508400e+00
-3.442610492624936125e+00
-3.452387138067759320e+00
-3.462163858905676683e+00
-3.471940654738723708e+00
-3.481717525159271354e+00
-3.491494469752030039e+00
-3.501271488094048312e+00
-3.511048579754711074e+00
-3.520825744295741799e+00
-3.530602981271198981e+00
-3.540380290227481463e+00
-3.550157670703324442e+00
-3.559935122229801241e+00
-3.569712644330320650e+00
-3.579490236520631807e+00
-3.589267898308819316e+00
-3.599045629195305906e+00
-3.608823428672853328e+00
-3.618601296226557462e+00
-3.628379231333854094e+00
-3.638157233464517137e+00
-3.647935302080655529e+00
-3.657713436636719440e+00
-3.667491636579491399e+00
-3.677269901348095615e+00
-3.687048230373992652e+00
-3.696826623080979868e+00
-3.706605078885194970e+00
-3.716383597195107136e+00
-3.726162177411528997e+00
-3.735940818927608209e+00
-3.745719521128830110e+00
-3.755498283393019499e+00
-3.765277105090333531e+00
-3.775055985583271934e+00
-3.784834924226670338e+00
-3.794613920367701176e+00
-3.804392973345877227e+00
-3.814172082493043181e+00
-3.823951247133386300e+00
-3.833730466583429308e+00
-3.843509740152033505e+00
-3.853289067140396984e+00
-3.863068446842053749e+00
-3.872847878542878597e+00
-3.882627361521080900e+00
-3.892406895047209936e+00
-3.902186478384151780e+00
-3.911966110787127526e+00
-3.921745791503699063e+00
-3.931525519773764632e+00
-3.941305294829559713e+00
-3.951085115895658362e+00
-3.960864982188969652e+00
-3.970644892918743007e+00
-3.980424847286563317e+00
-3.990204844486354929e+00
-3.999984883704378991e+00
-4.009764964119232111e+00
-4.019545084901849918e+00
-4.029325245215506612e+00
-4.039105444215813634e+00
-4.048885681050719221e+00
-4.058665954860507519e+00
-4.068446264777803023e+00
-4.078226609927566138e+00
-4.088006989427095839e+00
-4.097787402386028788e+00
-4.107567847906335778e+00
-4.117348325082329730e+00
-4.127128833000658581e+00
-4.136909370740307956e+00
-4.146689937372602941e+00
-4.156470531961201864e+00
-4.166251153562103404e+00
-4.176031801223645701e+00
-4.185812473986500137e+00
-4.195593170883680223e+00
-4.205373890940530934e+00
-4.215154633174741150e+00
-4.224935396596332104e+00
-4.234716180207668046e+00
-4.244496983003443802e+00
-4.254277803970697214e+00
-4.264058642088802031e+00
-4.273839496329468801e+00
-4.283620365656747531e+00
-4.293401249027021471e+00
-4.303182145389016888e+00
-4.312963053683793291e+00
-4.322743972844749649e+00
-4.332524901797623507e+00
-4.342305839460485650e+00
-4.352086784743749881e+00
-4.361867736550163244e+00
-4.371648693774812244e+00
-4.381429655305122850e+00
-4.391210620020852495e+00
-4.400991586794101629e+00
-4.410772554489306607e+00
-4.420553521963240584e+00
-4.430334488065017062e+00
-4.440115451636081900e+00
-4.449896411510221306e+00
-4.459677366513561836e+00
-4.469458315464561515e+00
-4.479239257174023159e+00
-4.489020190445078384e+00
-4.498801114073204488e+00
-4.508582026846210233e+00
-4.518362927544246510e+00
-4.528143814939801004e+00
-4.537924687797692869e+00
-4.547705544875086936e+00
-4.557486384921481282e+00
-4.567267206678711666e+00
-4.577048008880955088e+00
-4.586828790254719124e+00
-4.596609549518853477e+00
-4.606390285384544647e+00
-4.616170996555316819e+00
-4.625951681727034526e+00
-4.635732339587892881e+00
-4.645512968818428234e+00
-4.655293568091516399e+00
-4.665074136072368205e+00
-4.674854671418533947e+00
-4.684635172779897161e+00
-4.694415638798684398e+00
-4.704196068109456341e+00
-4.713976459339112246e+00
-4.723756811106889053e+00
-4.733537122024359611e+00
-4.743317390695436231e+00
-4.753097615716368907e+00
-4.762877795675742654e+00
-4.772657929154483725e+00
-4.782438014725850728e+00
-4.792218050955445285e+00
-4.801998036401202263e+00
-4.811777969613398653e+00
-4.821557849134642915e+00
-4.831337673499885632e+00
-4.841117441236413299e+00
-4.850897150863850982e+00
-4.860676800894159655e+00
-4.870456389831638866e+00
-4.880235916172924071e+00
