6.562268141114407705e+00
6.549075460785082292e+00
6.535882777613393202e+00
6.522690088496876371e+00
6.509497390064386657e+00
6.496304678837361735e+00
6.483111951230743131e+00
6.469919203552992215e+00
6.456726432006080429e+00
6.443533632685491952e+00
6.430340801580227250e+00
6.417147934572796864e+00
6.403955003381357258e+00
6.390761973566940313e+00
6.377568846454982676e+00
6.364375623695690543e+00
6.351182307027384510e+00
6.337988898276511129e+00
6.324795399357637571e+00
6.311601812273448964e+00
6.298408139114756388e+00
6.285214382060487104e+00
6.272020543377694324e+00
6.258826625421549217e+00
6.245632630635342686e+00
6.232438561550493361e+00
6.219244420786532501e+00
6.206050211051120868e+00
6.192855935140033630e+00
6.179661595937171015e+00
6.166467196414552987e+00
6.153272739632319244e+00
6.140078228738735433e+00
6.126883666970183384e+00
6.113689057651167325e+00
6.100494404194315656e+00
6.087299710100372074e+00
6.074104978958208889e+00
6.060910214444812816e+00
6.047715420325294744e+00
6.034520600452888850e+00
6.021325758768944603e+00
6.008130899302939198e+00
5.994936026172466903e+00
5.981741143583243492e+00
5.968546255829108027e+00
5.955351367292017528e+00
5.942156482442054966e+00
5.928961605837416826e+00
5.915766742124430877e+00
5.902571896037538401e+00
5.889377072399301305e+00
5.876182276120409220e+00
5.862987512199667073e+00
5.849792785724003963e+00
5.836598101868469612e+00
5.823403465896232589e+00
5.810208883158587412e+00
5.797014359094943003e+00
5.783819899232837791e+00
5.770625509187922830e+00
5.757431194663976903e+00
5.744236961452898527e+00
5.731042815434702398e+00
5.717848762577531829e+00
5.704654808937646315e+00
5.691460960659428636e+00
5.678267223975382194e+00
5.665073605206129237e+00
5.651880110760418852e+00
5.638686747135115418e+00
5.625493520915207490e+00
5.612300438773805134e+00
5.599107507472136369e+00
5.585914733859555170e+00
5.572722124873532579e+00
5.559529687539662923e+00
5.546337428971662042e+00
5.533145356371363732e+00
5.519953477028727740e+00
5.506761798321830881e+00
5.493570327716873258e+00
5.480379072768175597e+00
5.467188041118180131e+00
5.453997240497449717e+00
5.440806678724668721e+00
5.427616363706642133e+00
5.414426303438297339e+00
5.401236497060311059e+00
5.388046914208655558e+00
5.374857554005934013e+00
5.361668419261274465e+00
5.348479512767565502e+00
5.335290837301454481e+00
5.322102395623352855e+00
5.308914190477427297e+00
5.295726224591608577e+00
5.282538500677587123e+00
5.269351021430814797e+00
5.256163789530503117e+00
5.242976807639622372e+00
5.229790078404906062e+00
5.216603604456845567e+00
5.203417388409698141e+00
5.190231432861473593e+00
5.177045740393947604e+00
5.163860313572656402e+00
5.150675154946892320e+00
5.137490267049715342e+00
5.124305652397938893e+00
5.111121313492139606e+00
5.097937252816657328e+00
5.084753472839586230e+00
5.071569976012788139e+00
5.058386764771879207e+00
5.045203841536240574e+00
5.032021208709012150e+00
5.018838868677090836e+00
5.005656823811142075e+00
4.992475076465583861e+00
4.979293628978599173e+00
4.966112483672131539e+00
4.952931642851879701e+00
4.939751108807311830e+00
4.926570883811647761e+00
4.913390970121873202e+00
4.900211369978733522e+00
4.887032085606731968e+00
4.873853119214136775e+00
4.860674472992972284e+00
4.847496149119025155e+00
4.834318149751843485e+00
4.821140477034734140e+00
4.807963133094766306e+00
4.794786120042766164e+00
4.781609439973325770e+00
4.768433094964792396e+00
4.755257087079278300e+00
4.742081418362652734e+00
4.728906090844546384e+00
4.715731106538352257e+00
4.702556467441220356e+00
4.689382175534064778e+00
4.676208232781559282e+00
4.663034641132135505e+00
4.649861402517988296e+00
4.636688518855071273e+00
4.623515992043102152e+00
4.610343823965554755e+00
4.597172016489663449e+00
4.584000571466426699e+00
4.570829490730599076e+00
4.557658776100702802e+00
4.544488429379011762e+00
4.531318452351566606e+00
4.518148846788164086e+00
4.504979614442363278e+00
4.491810757051488245e+00
4.478642276336615602e+00
4.465474174002587837e+00
4.452306451738005322e+00
4.439139111215229860e+00
4.425972154090386468e+00
4.412805582003354488e+00
4.399639396577780026e+00
4.386473599421064407e+00
4.373308192124372162e+00
4.360143176262631926e+00
4.346978553394524880e+00
4.333814325066120077e+00
4.320650507669574480e+00
4.307487115562080859e+00
4.294324148579628186e+00
4.281161606545413889e+00
4.267999489269850066e+00
4.254837796550557272e+00
4.241676528172372507e+00
4.228515683907344780e+00
4.215355263514730666e+00
4.202195266741004076e+00
4.189035693319843823e+00
4.175876542972149608e+00
4.162717815406028699e+00
4.149559510316798594e+00
4.136401627386990576e+00
4.123244166286350598e+00
4.110087126671832181e+00
4.096930508187605291e+00
4.083774310465047463e+00
4.070618533122751792e+00
4.057463175766520713e+00
4.044308237989371335e+00
4.031153719371531885e+00
4.017999619480441709e+00
4.004845937870752159e+00
3.991692674084328374e+00
3.978539827650246163e+00
3.965387398084794235e+00
3.952235384891471970e+00
3.939083787560991201e+00
3.925932605571278433e+00
3.912781838387466848e+00
3.899631485461907854e+00
3.886481546234160422e+00
3.873332020130996423e+00
3.860182906566401506e+00
3.847034204941572888e+00
3.833885914644918014e+00
3.820738035052058112e+00
3.807590565525824644e+00
3.794443505416263740e+00
3.781296854060632651e+00
3.768150610783399745e+00
3.755004774896245401e+00
3.741859345698062445e+00
3.728714322474956600e+00
3.715569704500245596e+00
3.702425491034457394e+00
3.689281681325333739e+00
3.676138274607826606e+00
3.662995270104102641e+00
3.649852667023539166e+00
3.636710464562725509e+00
3.623568661905462118e+00
3.610427258222762781e+00
3.597286252672852847e+00
3.584145644401171449e+00
3.571005432540367064e+00
3.557865616210301507e+00
3.544726194518046825e+00
3.531587166557890178e+00
3.518448531411330737e+00
3.505310288147076569e+00
3.492172435821049969e+00
3.479034973476384351e+00
3.465897900143425581e+00
3.452761214839733306e+00
3.439624916570076962e+00
3.426489004326437549e+00
3.413353477088009846e+00
3.400218333821199757e+00
3.387083573479626963e+00
3.373949195004120494e+00
3.360815197322723158e+00
3.347681579350688885e+00
3.334548339990483612e+00
3.321415478131787502e+00
3.308282992651490506e+00
3.295150882413694138e+00
3.282019146269714582e+00
3.268887783058076923e+00
3.255756791604521361e+00
3.242626170721998324e+00
3.229495919210669364e+00
3.216366035857911143e+00
3.203236519438309671e+00
3.190107368713664293e+00
3.176978582432985920e+00
3.163850159332496137e+00
3.150722098135632976e+00
3.137594397553041148e+00
3.124467056282581368e+00
3.111340073009324581e+00
3.098213446405552407e+00
3.085087175130762915e+00
3.071961257831661296e+00
3.058835693142168299e+00
3.045710479683415350e+00
3.032585616063744549e+00
3.019461100878713555e+00
3.006336932711088039e+00
2.993213110130849675e+00
2.980089631695189034e+00
2.966966495948509142e+00
2.953843701422427248e+00
2.940721246635770392e+00
2.927599130094579394e+00
2.914477350292104862e+00
2.901355905708812521e+00
2.888234794812376993e+00
2.875114016057686239e+00
2.861993567886842005e+00
2.848873448729154934e+00
2.835753657001150341e+00
2.822634191106564217e+00
2.809515049436343670e+00
2.796396230368650926e+00
2.783277732268857552e+00
2.770159553489548454e+00
2.757041692370520103e+00
2.743924147238779643e+00
2.730806916408549778e+00
2.717689998181262112e+00
2.704573390845562031e+00
2.691457092677305596e+00
2.678341101939561320e+00
2.665225416882611498e+00
2.652110035743947769e+00
2.638994956748276000e+00
2.625880178107512286e+00
2.612765698020785621e+00
2.599651514674438335e+00
2.586537626242022103e+00
2.573424030884303715e+00
2.560310726749259302e+00
2.547197711972078782e+00
2.534084984675163188e+00
2.520972542968125119e+00
2.507860384947791399e+00
2.494748508698198197e+00
2.481636912290596797e+00
2.468525593783447381e+00
2.455414551222423025e+00
2.442303782640411036e+00
2.429193286057508505e+00
2.416083059481024975e+00
2.402973100905482440e+00
2.389863408312614013e+00
2.376753979671367034e+00
2.363644812937898632e+00
2.350535906055578828e+00
2.337427256954990096e+00
2.324318863553925141e+00
2.311210723757392227e+00
2.298102835457607629e+00
2.284995196534003625e+00
2.271887804853220949e+00
2.258780658269113228e+00
2.245673754622749207e+00
2.232567091742404752e+00
2.219460667443573065e+00
2.206354479528954915e+00
2.193248525788464853e+00
2.180142803999230328e+00
2.167037311925588572e+00
2.153932047319092380e+00
2.140827007918503000e+00
2.127722191449795464e+00
2.114617595626157698e+00
2.101513218147986528e+00
2.088409056702894784e+00
2.075305108965704637e+00
2.062201372598451599e+00
2.049097845250382743e+00
2.035994524557955820e+00
2.022891408144844139e+00
2.009788493621929462e+00
1.996685778587308224e+00
1.983583260626286648e+00
1.970480937311384295e+00
1.957378806202333399e+00
1.944276864846076425e+00
1.931175110776769843e+00
1.918073541515781022e+00
1.904972154571688447e+00
1.891870947440285500e+00
1.878769917604574458e+00
1.865669062534772271e+00
1.852568379688306122e+00
1.839467866509815197e+00
1.826367520431152913e+00
1.813267338871381362e+00
1.800167319236778862e+00
1.787067458920831964e+00
1.773967755304240113e+00
1.760868205754917204e+00
1.747768807627986032e+00
1.734669558265783840e+00
1.721570454997857880e+00
1.708471495140969632e+00
1.695372675999091028e+00
1.682273994863405564e+00
1.669175449012311185e+00
1.656077036680609460e+00
1.642978779808296874e+00
1.629880687442065268e+00
1.616782758192738534e+00
1.603684990671561117e+00
1.590587383490192686e+00
1.577489935260714127e+00
1.564392644595621995e+00
1.551295510107831621e+00
1.538198530410678444e+00
1.525101704117912904e+00
1.512005029843707327e+00
1.498908506202649038e+00
1.485812131809744807e+00
1.472715905280420845e+00
1.459619825230518586e+00
1.446523890276301572e+00
1.433428099034448788e+00
1.420332450122056667e+00
1.407236942156643300e+00
1.394141573756141783e+00
1.381046343538905763e+00
1.367951250123705442e+00
1.354856292129728912e+00
1.341761468176585037e+00
1.328666776884297462e+00
1.315572216873311495e+00
1.302477786764487888e+00
1.289383485179106392e+00
1.276289310738866423e+00
1.263195262065883284e+00
1.250101337782692834e+00
1.237007536512246375e+00
1.223913856877916873e+00
1.210820297503492515e+00
1.197726857013180268e+00
1.184633534031607427e+00
1.171540327183816288e+00
1.158447235095270811e+00
1.145354256391850400e+00
1.132261389699852572e+00
1.119168633645996058e+00
1.106075986857414595e+00
1.092983447961662247e+00
1.079891015586710301e+00
1.066798688360947267e+00
1.053706464913182650e+00
1.040614343872641179e+00
1.027522323868968579e+00
1.014430403532226244e+00
1.001338581492894786e+00
9.882468563818739282e-01
9.751552268304799487e-01
9.620636914704492337e-01
9.489722489339348366e-01
9.358808978535079204e-01
9.227896368621596457e-01
9.096984645932968405e-01
8.966073796807476626e-01
8.835163807587549378e-01
8.704254664619831550e-01
8.573346354255125812e-01
8.442438862848418157e-01
8.311532176758897883e-01
8.180626282349907630e-01
8.049721165989000005e-01
7.918816814047888730e-01
7.787913212902473070e-01
7.657010348932848931e-01
7.526108208523272225e-01
7.395206778062206610e-01
7.264306043942276858e-01
7.133405992560287734e-01
7.002506610317251745e-01
6.871607883618333634e-01
6.740709798872906999e-01
6.609812342494506554e-01
6.478915500900851443e-01
6.348019260513861894e-01
6.217123607759612591e-01
6.086228529068388182e-01
5.955334010874635542e-01
5.824440039616982645e-01
5.693546601738260771e-01
5.562653683685455652e-01
5.431761271909762989e-01
5.300869352866541817e-01
5.169977913015326720e-01
5.039086938819862249e-01
4.908196416748045743e-01
4.777306333271981731e-01
4.646416674867938079e-01
4.515527428016364864e-01
4.384638579201914355e-01
4.253750114913393277e-01
4.122862021643819430e-01
3.991974285890362850e-01
3.861086894154406313e-01
3.730199832941490379e-01
3.599313088761340595e-01
3.468426648127884704e-01
3.337540497559203789e-01
3.206654623577590568e-01
3.075769012709497208e-01
2.944883651485559195e-01
2.813998526440615877e-01
2.683113624113657725e-01
2.552228931047888505e-01
2.421344433790671991e-01
2.290460118893553332e-01
2.159575972912281816e-01
2.028691982406760352e-01
1.897808133941102371e-01
1.766924414083582140e-01
1.636040809406655583e-01
1.505157306486982760e-01
1.374273891905377631e-01
1.243390552246863290e-01
1.112507274100625471e-01
9.816240440600305928e-02
8.507408487226493510e-02
7.198576746902055068e-02
5.889745085686343834e-02
4.580913369680238156e-02
3.272081465026731306e-02
1.963249237910418693e-02
6.544165545577183482e-03
-6.544167187629867412e-03
-1.963250715741490446e-02
-3.272085570025912160e-02
-4.580921415222476839e-02
-5.889758384895588811e-02
-7.198596612567972897e-02
-8.507436231720104380e-02
-9.816277375791064574e-02
-1.112512017817797183e-01
-1.243396477223612656e-01
-1.374281129127914447e-01
-1.505165986857839588e-01
-1.636051063736385647e-01
-1.766936373082353962e-01
-1.897821928210363385e-01
-2.028707742430865268e-01
-2.159593829050085734e-01
-2.290480201370111712e-01
-2.421366872688834326e-01
-2.552253856299961376e-01
-2.683141165493033720e-01
-2.814028813553366981e-01
-2.944916813762136765e-01
-3.075805179396324252e-01
-3.206693923728726192e-01
-3.337583060027973225e-01
-3.468472601558470481e-01
-3.599362561580481956e-01
-3.730252953350078893e-01
-3.861143790119148100e-01
-3.992035085135408057e-01
-4.122926851642352841e-01
-4.253819102879338732e-01
-4.384711852081523697e-01
-4.515605112479883498e-01
-4.646498897301228892e-01
-4.777393219768141241e-01
-4.908288093099066329e-01
-5.039183530508252185e-01
-5.170079545205763516e-01
-5.300976150397499476e-01
-5.431873359285130931e-01
-5.562771185066195390e-01
-5.693669640934027054e-01
-5.824568740077782358e-01
-5.955468495682448848e-01
-6.086368920928788562e-01
-6.217270028993424624e-01
-6.348171833048782409e-01
-6.479074346263122841e-01
-6.609977581800479118e-01
-6.740881552820745526e-01
-6.871786272479620816e-01
-7.002691753928620422e-01
-7.133598010315093108e-01
-7.264505054782161020e-01
-7.395412900468809614e-01
-7.526321560509824371e-01
-7.657231048035811893e-01
-7.788141376173211006e-01
-7.919052558044232804e-01
-8.049964606766950581e-01
-8.180877535455240990e-01
-8.311791357218799581e-01
-8.442706085163154128e-01
-8.573621732389602457e-01
-8.704538311995312361e-01
-8.835455837073247221e-01
-8.966374320712191537e-01
-9.097293775996763143e-01
-9.228214216007351034e-01
-9.359135653820207512e-01
-9.490058102507390458e-01
-9.620981575136768882e-01
-9.751906084772054006e-01
-9.882831644472722665e-01
-1.001375826729411722e+00
-1.014468596628738339e+00
-1.027561475449948247e+00
-1.040654464497320797e+00
-1.053747565074713677e+00
-1.066840778485569130e+00
-1.079934106032911068e+00
-1.093027549019344624e+00
-1.106121108747058379e+00
-1.119214786517817695e+00
-1.132308583632975152e+00
-1.145402501393463002e+00
-1.158496541099795163e+00
-1.171590704052069443e+00
-1.184684991549960431e+00
-1.197779404892728827e+00
-1.210873945379216332e+00
-1.223968614307845648e+00
-1.237063412976623589e+00
-1.250158342683133750e+00
-1.263253404724545836e+00
-1.276348600397610111e+00
-1.289443930998658727e+00
-1.302539397823606837e+00
-1.315635002167947265e+00
-1.328730745326758944e+00
-1.341826628594700699e+00
-1.354922653266013910e+00
-1.368018820634522070e+00
-1.381115131993627676e+00
-1.394211588636318000e+00
-1.407308191855161317e+00
-1.420404942942309123e+00
-1.433501843189489700e+00
-1.446598893888018100e+00
-1.459696096328789938e+00
-1.472793451802282050e+00
-1.485890961598554938e+00
-1.498988627007245888e+00
-1.512086449317578962e+00
-1.525184429818358334e+00
-1.538282569797969845e+00
-1.551380870544383228e+00
-1.564479333345144774e+00
-1.577577959487387105e+00
-1.590676750257823624e+00
-1.603775706942749180e+00
-1.616874830828041620e+00
-1.629974123199157132e+00
-1.643073585341136900e+00
-1.656173218538603331e+00
-1.669273024075760281e+00
-1.682373003236394382e+00
-1.695473157303870604e+00
-1.708573487561139581e+00
-1.721673995290732062e+00
-1.734774681774761129e+00
-1.747875548294922643e+00
-1.760976596132489913e+00
-1.774077826568322802e+00
-1.787179240882861064e+00
-1.800280840356126788e+00
-1.813382626267724396e+00
-1.826484599896836647e+00
-1.839586762522231966e+00
-1.852689115422259114e+00
-1.865791659874848740e+00
-1.878894397157515161e+00
-1.891997328547349255e+00
-1.905100455321028452e+00
-1.918203778754810962e+00
-1.931307300124535997e+00
-1.944411020705626658e+00
-1.957514941773083050e+00
-1.970619064601491610e+00
-1.983723390465018888e+00
-1.996827920637413989e+00
-2.009932656392007910e+00
-2.023037599001710429e+00
-2.036142749739016544e+00
-2.049248109876002477e+00
-2.062353680684324786e+00
-2.075459463435224805e+00
-2.088565459399521096e+00
-2.101671669847616997e+00
-2.114778096049497069e+00
-2.127884739274728876e+00
-2.140991600792460758e+00
-2.154098681871420506e+00
-2.167205983779921574e+00
-2.180313507785856864e+00
-2.193421255156701832e+00
-2.206529227159514939e+00
-2.219637425060932756e+00
-2.232745850127177079e+00
-2.245854503624050480e+00
-2.258963386816937202e+00
-2.272072500970804931e+00
-2.285181847350198137e+00
-2.298291427219247840e+00
-2.311401226596031311e+00
-2.324511190530975213e+00
-2.337621317943392452e+00
-2.350731613364806627e+00
-2.363842081290575159e+00
-2.376952726179887954e+00
-2.390063552455770068e+00
-2.403174564505077715e+00
-2.416285766678503144e+00
-2.429397163290572426e+00
-2.442508758619645004e+00
-2.455620556907915031e+00
-2.468732562361407368e+00
-2.481844779149983804e+00
-2.494957211407339948e+00
-2.508069863231003449e+00
-2.521182738682338442e+00
-2.534295841786538439e+00
-2.547409176532634767e+00
-2.560522746873491684e+00
-2.573636556725805935e+00
-2.586750609970111636e+00
-2.599864910450770505e+00
-2.612979461975983408e+00
-2.626094268317783254e+00
-2.639209333212036768e+00
-2.652324660358446273e+00
-2.665440253420543470e+00
-2.678556116025697875e+00
-2.691672251765111490e+00
-2.704788664193820580e+00
-2.717905356830696117e+00
-2.731022333158439341e+00
-2.744139596623588861e+00
-2.757257150636515330e+00
-2.770374998571424552e+00
-2.783493143766357036e+00
-2.796611589523181785e+00
-2.809730339107607833e+00
-2.822849395749174928e+00
-2.835968762641257079e+00
-2.849088442941064336e+00
-2.862208439769635682e+00
-2.875328756211847914e+00
-2.888449395316410762e+00
-2.901570360095867773e+00
-2.914691653526597648e+00
-2.927813278548807130e+00
-2.940935238066544333e+00
-2.954057534947686747e+00
-2.967180172023947904e+00
-2.980303152090874708e+00
-2.993426477907844330e+00
-3.006550152198072645e+00
-3.019674177648607571e+00
-3.032798556910329513e+00
-3.045923292597957577e+00
-3.059048387290036253e+00
-3.072173843528950510e+00
-3.085299663820917804e+00
-3.098425850635989409e+00
-3.111552406408048199e+00
-3.124679333534813086e+00
-3.137806634377836801e+00
-3.150934311262505449e+00
-3.164062366478039401e+00
-3.177190802277490622e+00
-3.190319620877748008e+00
-3.203448824459532052e+00
-3.216578415167398841e+00
-3.229708395109738284e+00
-3.242838766358770553e+00
-3.255969530950554081e+00
-3.269100690884978899e+00
-3.282232248125769303e+00
-3.295364204600484737e+00
-3.308496562200514912e+00
-3.321629322781086469e+00
-3.334762488161259864e+00
-3.347896060123927597e+00
-3.361030040415818654e+00
-3.374164430747491394e+00
-3.387299232793342441e+00
-3.400434448191600012e+00
-3.413570078544327036e+00
-3.426706125417421589e+00
-3.439842590340610240e+00
-3.452979474807459148e+00
-3.466116780275366516e+00
-3.479254508165563031e+00
-3.492392659863116311e+00
-3.505531236716922905e+00
-3.518670240039717179e+00
-3.531809671108065984e+00
-3.544949531162370882e+00
-3.558089821406867692e+00
-3.571230543009621616e+00
-3.584371697102536558e+00
-3.597513284781348908e+00
-3.610655307105628875e+00
-3.623797765098781376e+00
-3.636940659748041149e+00
-3.650083992004480749e+00
-3.663227762783006103e+00
-3.676371972962355628e+00
-3.689516623385104666e+00
-3.702661714857656605e+00
-3.715807248150253095e+00
-3.728953223996968713e+00
-3.742099643095712302e+00
-3.755246506108226523e+00
-3.768393813660085190e+00
-3.781541566340698601e+00
-3.794689764703311319e+00
-3.807838409264999946e+00
-3.820987500506677126e+00
-3.834137038873085768e+00
-3.847287024772805264e+00
-3.860437458578248826e+00
-3.873588340625662596e+00
-3.886739671215128755e+00
-3.899891450610557975e+00
-3.913043679039700518e+00
-3.926196356694137801e+00
-3.939349483729285062e+00
-3.952503060264394019e+00
-3.965657086382544438e+00
-3.978811562130654789e+00
-3.991966487519476026e+00
-4.005121862523596477e+00
-4.018277687081427629e+00
-4.031433961095227225e+00
-4.044590684431079275e+00
-4.057747856918905605e+00
-4.070905478352459639e+00
-4.084063548489326401e+00
-4.097222067050931393e+00
-4.110381033722526389e+00
-4.123540448153203641e+00
-4.136700309955886112e+00
-4.149860618707327475e+00
-4.163021373948121884e+00
-4.176182575182691536e+00
-4.189344221879295560e+00
-4.202506313470028232e+00
-4.215668849350810987e+00
-4.228831828881407517e+00
-4.241995251385408672e+00
-4.255159116150244891e+00
-4.268323422427176439e+00
-4.281488169431296065e+00
-4.294653356341536110e+00
-4.307818982300656074e+00
-4.320985046415255937e+00
-4.334151547755765499e+00
-4.347318485356445272e+00
-4.360485858215398025e+00
-4.373653665294552795e+00
-4.386821905519676434e+00
-4.399990577780370060e+00
-4.413159680930062834e+00
-4.426329213786026173e+00
-4.439499175129357766e+00
-4.452669563704994893e+00
-4.465840378221707319e+00
-4.479011617352092856e+00
-4.492183279732592460e+00
-4.505355363963473359e+00
-4.518527868608841480e+00
-4.531700792196635241e+00
-4.544874133218622880e+00
-4.558047890130413116e+00
-4.571222061351442711e+00
-4.584396645264987136e+00
-4.597571640218153455e+00
-4.610747044521880333e+00
-4.623922856450943364e+00
-4.637099074243949737e+00
-4.650275696103345346e+00
-4.663452720195403245e+00
-4.676630144650234300e+00
-4.689807967561780977e+00
-4.702986186987822670e+00
-4.716164800949968594e+00
-4.729343807433667557e+00
-4.742523204388195524e+00
-4.755702989726665386e+00
-4.768883161326026077e+00
-4.782063717027056349e+00
-4.795244654634370107e+00
-4.808425971916417296e+00
-4.821607666605477682e+00
-4.834789736397669735e+00
-4.847972178952941746e+00
-4.861154991895076272e+00
-4.874338172811691905e+00
-4.887521719254238839e+00
-4.900705628738004194e+00
-4.913889898742104911e+00
-4.927074526709493085e+00
-4.940259510046956848e+00
-4.953444846125114154e+00
-4.966630532278421661e+00
-4.979816565805166739e+00
-4.993002943967469243e+00
-5.006189663991286842e+00
-5.019376723066407031e+00
-5.032564118346455118e+00
-5.045751846948888009e+00
-5.058939905954994209e+00
-5.072128292409900929e+00
-5.085317003322565199e+00
-5.098506035665780090e+00
-5.111695386376172934e+00
-5.124885052354199999e+00
-5.138075030464158921e+00
-5.151265317534175381e+00
-5.164455910356211987e+00
-5.177646805686064724e+00
-5.190838000243359396e+00
-5.204029490711562289e+00
-5.217221273737967735e+00
-5.230413345933709657e+00
-5.243605703873750024e+00
-5.256798344096887732e+00
-5.269991263105753276e+00
-5.283184457366814080e+00
-5.296377923310370939e+00
-5.309571657330557137e+00
-5.322765655785338446e+00
-5.335959914996515785e+00
-5.349154431249726116e+00
-5.362349200794437110e+00
-5.375544219843954252e+00
-5.388739484575410188e+00
-5.401934991129775376e+00
-5.415130735611857205e+00
-5.428326714090291105e+00
-5.441522922597551215e+00
-5.454719357129941493e+00
-5.467916013647600160e+00
-5.481112888074503253e+00
-5.494309976298455744e+00
-5.507507274171101308e+00
-5.520704777507912553e+00
-5.533902482088197239e+00
-5.547100383655100941e+00
-5.560298477915596393e+00
-5.573496760540497696e+00
-5.586695227164445221e+00
-5.599893873385918042e+00
-5.613092694767227719e+00
-5.626291686834519190e+00
-5.639490845077774317e+00
-5.652690164950803009e+00
-5.665889641871252103e+00
-5.679089271220604473e+00
-5.692289048344174596e+00
-5.705488968551108542e+00
-5.718689027114390200e+00
-5.731889219270834168e+00
-5.745089540221092861e+00
-5.758289985129648514e+00
-5.771490549124817626e+00
-5.784691227298752736e+00
-5.797892014707437980e+00
-5.811092906370694422e+00
-5.824293897272173837e+00
-5.837494982359361373e+00
-5.850696156543579107e+00
-5.863897414699979826e+00
-5.877098751667553245e+00
-5.890300162249122451e+00
-5.903501641211340356e+00
-5.916703183284696799e+00
-5.929904783163515880e+00
-5.943106435505955965e+00
-5.956308134934008791e+00
-5.969509876033495921e+00
-5.982711653354077619e+00
-5.995913461409246636e+00
-6.009115294676329100e+00
-6.022317147596487175e+00
-6.035519014574712848e+00
-6.048720889979832371e+00
-6.061922768144510698e+00
-6.075124643365241717e+00
-6.088326509902356243e+00
-6.101528361980014914e+00
-6.114730193786216184e+00
-6.127931999472790991e+00
-6.141133773155402764e+00
-6.154335508913552744e+00
-6.167537200790571106e+00
-6.180738842793622290e+00
-6.193940428893710326e+00
-6.207141953025664627e+00
-6.220343409088157749e+00
-6.233544790943686742e+00
-6.246746092418588248e+00
-6.259947307303032282e+00
-6.273148429351020461e+00
-6.286349452280391326e+00
-6.299550369772814129e+00
-6.312751175473791498e+00
-6.325951862992664765e+00
-6.339152425902604193e+00
-6.352352857740617864e+00
-6.365553152007541904e+00
-6.378753302168052031e+00
-6.391953301650654673e+00
-6.405153143847691410e+00
-6.418352822115339862e+00
-6.431552329773603915e+00
-6.444751660106328828e+00
-6.457950806361191454e+00
-6.471149761749702911e+00
-6.484348519447203252e+00
-6.497547072592874784e+00
-6.510745414289726085e+00
-6.523943537604605325e+00
-6.537141435568192271e+00
-6.550339101174997403e+00
-6.563536527383368124e+00
