-6.526270162819280962e-02
-6.526270193878080939e-02
-6.526270375422216219e-02
-6.526270720388094304e-02
-6.526271094618207869e-02
-6.526271248507131695e-02
-6.526270817185819695e-02
-6.526269320521516093e-02
-6.526266163117999675e-02
-6.526260634315383946e-02
-6.526251908190205953e-02
-6.526239043555581709e-02
-6.526220585488973214e-02
-6.526194097864967958e-02
-6.526157236661078720e-02
-6.526107694939198289e-02
-6.526043200680020639e-02
-6.525961516782508021e-02
-6.525860441064534889e-02
-6.525737806262310592e-02
-6.525591480030823455e-02
-6.525419364943663147e-02
-6.525219398492820844e-02
-6.524989553089155514e-02
-6.524727836061838815e-02
-6.524432289658932405e-02
-6.524100991046943854e-02
-6.523732052310893259e-02
-6.523323620454646310e-02
-6.522873877400359177e-02
-6.522381039989011420e-02
-6.521843359980228350e-02
-6.521259124051947964e-02
-6.520626653801020467e-02
-6.519944305742675361e-02
-6.519210471310787902e-02
-6.518423576858034529e-02
-6.517582083655271141e-02
-6.516684487892487887e-02
-6.515729320677721148e-02
-6.514715148037986125e-02
-6.513640570918899364e-02
-6.512504225184345685e-02
-6.511304781617233139e-02
-6.510040945918627031e-02
-6.508711458708571485e-02
-6.507315095525600945e-02
-6.505850666826695772e-02
-6.504317017987637506e-02
-6.502713029302609193e-02
-6.501037615984550655e-02
-6.499289728165025259e-02
-6.497468350893997879e-02
-6.495572504140278980e-02
-6.493601242790991712e-02
-6.491553656652082616e-02
-6.489428870448143982e-02
-6.487226043822102994e-02
-6.484944371335754632e-02
-6.482583082469228764e-02
-6.480141441621478648e-02
-6.477618748110103297e-02
-6.475014336170903384e-02
-6.472327574958858243e-02
-6.469557868546926827e-02
-6.466704655927180134e-02
-6.463767411010112873e-02
-6.460745642624576845e-02
-6.457638894518491490e-02
-6.454446745357844684e-02
-6.451168808727691939e-02
-6.447804733131512478e-02
-6.444354201991231434e-02
-6.440816933647619535e-02
-6.437192681359826807e-02
-6.433481233305715641e-02
-6.429682412581883000e-02
-6.425796077203216328e-02
-6.421822078331773653e-02
-6.417759378974774442e-02
-6.413607683912969648e-02
-6.409367160294210386e-02
-6.405037978498073770e-02
-6.400620312136906520e-02
-6.396114338054759152e-02
-6.391520236328207538e-02
-6.386838190266086457e-02
-6.382068386409089911e-02
-6.377211014530503874e-02
-6.372266267635473547e-02
-6.367234341961669486e-02
-6.362115436978843519e-02
-6.356909755388873151e-02
-6.351617503125894793e-02
-6.346238889356392576e-02
-6.340774126478798678e-02
-6.335223430124026223e-02
-6.329587019154980787e-02
-6.323865115666826853e-02
-6.318057944987098828e-02
-6.312165735675279166e-02
-6.306188719523353470e-02
-6.300127131555122162e-02
-6.293981210026999840e-02
-6.287751196427437961e-02
-6.281437335476969253e-02
-6.275039875128607392e-02
-6.268559066567269689e-02
-6.261995164210332199e-02
-6.255348425707318860e-02
-6.248619111939857085e-02
-6.241807487021899803e-02
-6.234913818299525623e-02
-6.227938376351005445e-02
-6.220881434987002301e-02
-6.213743271250171674e-02
-6.206524165415516769e-02
-6.199224400990099859e-02
-6.191844264713308732e-02
-6.184384046556834491e-02
-6.176844039724271873e-02
-6.169224540651807587e-02
-6.161525849007465361e-02
-6.153748267691727669e-02
-6.145892102837291482e-02
-6.137957663808801811e-02
-6.129945263203451233e-02
-6.121855216850313752e-02
-6.113687843810966527e-02
-6.105443466379067985e-02
-6.097122410080424437e-02
-6.088725003673167713e-02
-6.080251579147466501e-02
-6.071702471725859418e-02
-6.063078019863121781e-02
-6.054378565246087973e-02
-6.045604452793895689e-02
-6.036756030657852712e-02
-6.027833650221436912e-02
-6.018837666100518291e-02
-6.009768436142892689e-02
-6.000626321428903509e-02
-5.991411686270686765e-02
-5.982124898212926034e-02
-5.972766328032474981e-02
-5.963336349738201925e-02
-5.953835340571433932e-02
-5.944263681005335087e-02
-5.934621754745728062e-02
-5.924909948730450182e-02
-5.915128653129397840e-02
-5.905278261344948376e-02
-5.895359170011382766e-02
-5.885371778995440728e-02
-5.875316491396032070e-02
-5.865193713544192278e-02
-5.855003855003215740e-02
-5.844747328568500322e-02
-5.834424550267791609e-02
-5.824035939361071890e-02
-5.813581918340382515e-02
-5.803062912930090356e-02
-5.792479352086599143e-02
-5.781831667998749147e-02
-5.771120296087528523e-02
-5.760345675005962285e-02
-5.749508246639600806e-02
-5.738608456105764866e-02
-5.727646751754411625e-02
-5.716623585167535104e-02
-5.705539411159210594e-02
-5.694394687776016539e-02
-5.683189876296301790e-02
-5.671925441231095988e-02
-5.660601850323432327e-02
-5.649219574548447476e-02
-5.637779088113681336e-02
-5.626280868458666262e-02
-5.614725396255304535e-02
-5.603113155407768442e-02
-5.591444633052233826e-02
-5.579720319557257557e-02
-5.567940708523422266e-02
-5.556106296783680509e-02
-5.544217584403277055e-02
-5.532275074679282589e-02
-5.520279274141492998e-02
-5.508230692551419061e-02
-5.496129842903085816e-02
-5.483977241422755000e-02
-5.471773407568591985e-02
-5.459518864031365215e-02
-5.447214136733646850e-02
-5.434859754830534406e-02
-5.422456250709306591e-02
-5.410004159989190153e-02
-5.397504021521959405e-02
-5.384956377391270088e-02
-5.372361772913236688e-02
-5.359720756636188188e-02
-5.347033880340379408e-02
-5.334301699038634936e-02
-5.321524770975660790e-02
-5.308703657628588424e-02
-5.295838923706808199e-02
-5.282931137151647416e-02
-5.269980869136892121e-02
-5.256988694068331913e-02
-5.243955189584170729e-02
-5.230880936554782590e-02
-5.217766519082578380e-02
-5.204612524502383319e-02
-5.191419543381015078e-02
-5.178188169517716766e-02
-5.164918994174849676e-02
-5.151609219328390221e-02
-5.138256456961798335e-02
-5.124861139845615643e-02
-5.111423696018513319e-02
-5.097944548787780583e-02
-5.084424116728769594e-02
-5.070862813685350634e-02
-5.057261048769778888e-02
-5.043619226362439090e-02
-5.029937746112311814e-02
-5.016217002936451674e-02
-5.002457387020442514e-02
-4.988659283818230872e-02
-4.974823074051903937e-02
-4.960949133712166947e-02
-4.947037834057754768e-02
-4.933089541615964801e-02
-4.919104618182457145e-02
-4.905083420820999240e-02
-4.891026301864020986e-02
-4.876933608911937501e-02
-4.862805684833781950e-02
-4.848642867766894682e-02
-4.834445491116734495e-02
-4.820213883557455947e-02
-4.805948369031198819e-02
-4.791649266748632119e-02
-4.777316891188854164e-02
-4.762951552099037311e-02
-4.748553554495005269e-02
-4.734123198660600274e-02
-4.719660780148227097e-02
-4.705166589778653208e-02
-4.690640913640775622e-02
-4.676084033092098302e-02
-4.661496224758199247e-02
-4.646877760533141277e-02
-4.632228907579449828e-02
-4.617549928327713271e-02
-4.602841080477082514e-02
-4.588102616994893523e-02
-4.573334786116933781e-02
-4.558537831347386771e-02
-4.543711991458521116e-02
-4.528857500491267896e-02
-4.513974587754610024e-02
-4.499063477826037438e-02
-4.484124390551447181e-02
-4.469157541044843640e-02
-4.454163139688827044e-02
-4.439141392134093866e-02
-4.424092499299836501e-02
-4.409016657373643344e-02
-4.393914057811254548e-02
-4.378784887336917286e-02
-4.363629327943074898e-02
-4.348447556890622234e-02
-4.333239746708850149e-02
-4.318006065195156840e-02
-4.302746675415569655e-02
-4.287461735704189980e-02
-4.272151399663615123e-02
-4.256815816164860600e-02
-4.241455129347004860e-02
-4.226069478617777708e-02
-4.210658998652994089e-02
-4.195223819396964871e-02
-4.179764066062396921e-02
-4.164279859130048944e-02
-4.148771314349419814e-02
-4.133238542737960319e-02
-4.117681650581717090e-02
-4.102100739435099452e-02
-4.086495906120579669e-02
-4.070867242729314661e-02
-4.055214836620502084e-02
-4.039538770421879921e-02
-4.023839122029559956e-02
-4.008115964607705806e-02
-3.992369366589199053e-02
-3.976599391674950912e-02
-3.960806098834357414e-02
-3.944989542305255004e-02
-3.929149771593543061e-02
-3.913286831473761218e-02
-3.897400761988523143e-02
-3.881491598448971736e-02
-3.865559371434623692e-02
-3.849604106793069747e-02
-3.833625825640563090e-02
-3.817624544361430949e-02
-3.801600274608485375e-02
-3.785553023302989928e-02
-3.769482792634204493e-02
-3.753389580060129127e-02
-3.737273378306726901e-02
-3.721134175368590036e-02
-3.704971954508617937e-02
-3.688786694257817356e-02
-3.672578368415868599e-02
-3.656346946050459401e-02
-3.640092391497862234e-02
-3.623814664362701166e-02
-3.607513719517652095e-02
-3.591189507104153300e-02
-3.574841972531550560e-02
-3.558471056477829908e-02
-3.542076694889317867e-02
-3.525658818980448306e-02
-3.509217355234262037e-02
-3.492752225401862809e-02
-3.476263346502961316e-02
-3.459750630825553230e-02
-3.443213985925752674e-02
-3.426653314628369529e-02
-3.410068515026187796e-02
-3.393459480480598423e-02
-3.376826099621321742e-02
-3.360168256346163229e-02
-3.343485829821646327e-02
-3.326778694482224186e-02
-3.310046720031034617e-02
-3.293289771439494862e-02
-3.276507708947096198e-02
-3.259700388062075627e-02
-3.242867659560610960e-02
-3.226009369487509160e-02
-3.209125359155884372e-02
-3.192215465146974740e-02
-3.175279519310675314e-02
-3.158317348764883015e-02
-3.141328775896129466e-02
-3.124313618359197964e-02
-3.107271689077056864e-02
-3.090202796241231509e-02
-3.073106743311526667e-02
-3.055983329015965477e-02
-3.038832347351094754e-02
-3.021653587581607514e-02
-3.004446834240714903e-02
-2.987211867129935250e-02
-2.969948461318988597e-02
-2.952656387146140871e-02
-2.935335410217759788e-02
-2.917985291408786708e-02
-2.900605786862431312e-02
-2.883196647990116102e-02
-2.865757621471815009e-02
-2.848288449255592658e-02
-2.830788868558098414e-02
-2.813258611864249970e-02
-2.795697406927166728e-02
-2.778104976768525081e-02
-2.760481039678119863e-02
-2.742825309214241836e-02
-2.725137494203566657e-02
-2.707417298740893985e-02
-2.689664422189613768e-02
-2.671878559181223300e-02
-2.654059399615704695e-02
-2.636206628661452722e-02
-2.618319926754963944e-02
-2.600398969601330768e-02
-2.582443428173752942e-02
-2.564452968713920589e-02
-2.546427252731930935e-02
-2.528365937005977448e-02
-2.510268673582860544e-02
-2.492135109777482427e-02
-2.473964888173241228e-02
-2.455757646621925527e-02
-2.437513018243447904e-02
-2.419230631426300127e-02
-2.400910109827092409e-02
-2.382551072370925338e-02
-2.364153133251295502e-02
-2.345715901929812386e-02
-2.327238983136675765e-02
-2.308721976870198311e-02
-2.290164478397177517e-02
-2.271566078252812426e-02
-2.252926362240437186e-02
-2.234244911431926273e-02
-2.215521302167311468e-02
-2.196755106055103823e-02
-2.177945889972188187e-02
-2.159093216063601162e-02
-2.140196641742930783e-02
-2.121255719691916841e-02
-2.102269997860750639e-02
-2.083239019468058340e-02
-2.064162323000517940e-02
-2.045039442213480996e-02
-2.025869906130367548e-02
-2.006653239043076908e-02
-1.987388960511932146e-02
-1.968076585365319264e-02
-1.948715623700297828e-02
-1.929305580881968130e-02
-1.909845957543959694e-02
-1.890336249588292494e-02
-1.870775948185049442e-02
-1.851164539772998108e-02
-1.831501506058941242e-02
-1.811786324018210825e-02
-1.792018465894534840e-02
-1.772197399199687551e-02
-1.752322586714152863e-02
-1.732393486486433209e-02
-1.712409551833560251e-02
-1.692370231340967202e-02
-1.672274968862136335e-02
-1.652123203519245687e-02
-1.631914369702508472e-02
-1.611647897070656033e-02
-1.591323210550826817e-02
-1.570939730338211104e-02
-1.550496871896689388e-02
-1.529994045958152360e-02
-1.509430658523072677e-02
-1.488806110860269039e-02
-1.468119799506645284e-02
-1.447371116267789914e-02
-1.426559448217282200e-02
-1.405684177697305581e-02
-1.384744682318383990e-02
-1.363740334959120948e-02
-1.342670503766810186e-02
-1.321534552156730657e-02
-1.300331838812776586e-02
-1.279061717687168809e-02
-1.257723538000216079e-02
-1.236316644240917362e-02
-1.214840376166256841e-02
-1.193294068801822871e-02
-1.171677052441552624e-02
-1.149988652647451759e-02
-1.128228190250216145e-02
-1.106394981348537976e-02
-1.084488337309716388e-02
-1.062507564769379909e-02
-1.040451965631247755e-02
-1.018320837067712703e-02
-9.961134715191777289e-03
-9.738291566946347122e-03
-9.514671755714257384e-03
-9.290268063949627675e-03
-9.065073226793562977e-03
-8.839079932066992717e-03
-8.612280820276929649e-03
-8.384668484613833073e-03
-8.156235470948805522e-03
-7.926974277840073690e-03
-7.696877356525522185e-03
-7.465937110929410370e-03
-7.234145897658680879e-03
-7.001496026002043682e-03
-6.767979757933778595e-03
-6.533589308111042993e-03
-6.298316843872955872e-03
-6.062154485244192204e-03
-5.825094304930514277e-03
-5.587132093625032936e-03
-5.348324249659336393e-03
-5.108685905201346134e-03
-4.868208964800044281e-03
-4.626885370478665827e-03
-4.384707101739243607e-03
-4.141666175559950702e-03
-3.897754646394080424e-03
-3.652964606173793316e-03
-3.407288184305495848e-03
-3.160717547674385397e-03
-2.913244900641799584e-03
-2.664862485044203200e-03
-2.415562580196938675e-03
-2.165337502889563143e-03
-1.914179607390459337e-03
-1.662081285444136358e-03
-1.409034966270220068e-03
-1.155033116567212234e-03
-9.000682405080201454e-04
-6.441328797437001485e-04
-3.872196134024046693e-04
-1.293210580868005104e-04
1.295701321212974853e-04
3.894612656663029929e-04
6.503596135134931400e-04
9.122724091517198791e-04
1.175206848595303222e-03
1.439170090378777411e-03
1.704169255563853236e-03
1.970211427732515563e-03
2.237303652990407787e-03
2.505452939968691450e-03
2.774666259818731051e-03
3.044950546219088450e-03
3.316312695368542340e-03
3.588759565989599332e-03
3.862297979330242548e-03
4.136934719158665008e-03
4.412676531770236277e-03
4.689530125980584385e-03
4.967502173129051402e-03
5.246599307080462848e-03
5.526828124219798632e-03
5.808195183459305411e-03
6.090707006231446674e-03
6.374370076492330561e-03
6.659190840723666627e-03
6.945175707927256359e-03
7.232331049632167996e-03
7.520663199887700490e-03
7.810178455266797437e-03
8.100883074867989975e-03
8.392783280309901173e-03
8.685885255738462485e-03
8.980195147819752810e-03
9.275719065743606717e-03
9.572463081225335291e-03
9.870433228500424816e-03
1.016963550433161445e-02
1.047007586800183243e-02
1.077176024131772103e-02
1.107469450861144067e-02
1.137888451673531309e-02
1.168433607506888516e-02
1.199105495551192058e-02
1.229904689248792482e-02
1.260831758294583826e-02
1.291887268635485975e-02
1.323071782471132996e-02
1.354385858253184804e-02
1.385830050685674109e-02
1.417404910725153511e-02
1.449110985580312483e-02
1.480948818712377046e-02
1.512918949834721194e-02
1.545021914913061178e-02
1.577258246165627598e-02
1.609628472062801796e-02
1.642133117327487790e-02
1.674772702934743118e-02
1.707547746111967579e-02
1.740458760339072541e-02
1.773506255348125671e-02
1.806690737123708979e-02
1.840012707902571876e-02
1.873472666173789380e-02
1.907071106678961958e-02
1.940808520411832494e-02
1.974685394618672096e-02
2.008702212797908171e-02
2.042859454700304833e-02
2.077157596329143319e-02
2.111597109939847283e-02
2.146178464040376932e-02
2.180902123390837666e-02
2.215768549003674370e-02
2.250778198143854603e-02
2.285931524328488340e-02
2.321228977327211007e-02
2.356671003161819877e-02
2.392258044106432280e-02
2.427990538687707645e-02
2.463868921684442270e-02
2.499893624127941250e-02
2.536065073301696504e-02
2.572383692741503358e-02
2.608849902235704787e-02
2.645464117824780637e-02
2.682226751801713993e-02
2.719138212711691427e-02
2.756198905352180706e-02
2.793409230773213903e-02
2.830769586276948857e-02
2.868280365418063305e-02
2.905941958003405157e-02
2.943754750092147932e-02
2.981719123995996146e-02
3.019835458278785634e-02
3.058104127756883228e-02
3.096525503498825937e-02
3.135099952825459724e-02
3.173827839310178200e-02
3.212709522778495197e-02
3.251745359308472194e-02
3.290935701230313093e-02
3.330280897126558504e-02
3.369781291832280035e-02
3.409437226434752777e-02
3.449249038273494161e-02
3.489217060940613679e-02
3.529341624280235568e-02
3.569623054389203798e-02
3.610061673616371536e-02
3.650657800562995270e-02
3.691411750082851384e-02
3.732323833281747660e-02
3.773394357518206066e-02
3.814623626402785517e-02
3.856011939798403843e-02
3.897559593820526525e-02
3.939266880836639340e-02
3.981134089466964454e-02
4.023161504583722126e-02
4.065349407311530383e-02
4.107698075027521600e-02
4.150207781360881754e-02
4.192878796193505453e-02
4.235711385659302053e-02
4.278705812144556475e-02
4.321862334288106844e-02
4.365181206980811579e-02
4.408662681366248837e-02
4.452307004840005966e-02
4.496114421050056986e-02
4.540085169896929118e-02
4.584219487533153226e-02
4.628517606363985459e-02
4.672979755046713368e-02
4.717606158490983415e-02
4.762397037859006366e-02
4.807352610565002182e-02
4.852473090275899459e-02
4.897758686910680392e-02
4.943209606640663889e-02
4.988826051889749813e-02
5.034608221333836120e-02
5.080556309901546053e-02
5.126670508773534252e-02
5.172951005382803169e-02
5.219397983414941766e-02
5.266011622807525994e-02
5.312792099750862640e-02
5.359739586687289892e-02
5.406854252311493747e-02
5.454136261570746713e-02
5.501585775664308287e-02
5.549202952044174353e-02
5.596987944414344440e-02
5.644940902731215848e-02
5.693061973203716875e-02
5.741351298292812766e-02
5.789809016712149647e-02
5.838435263427466104e-02
5.887230169656798573e-02
5.936193862870769999e-02
5.985326466792018074e-02
6.034628101395911326e-02
6.084098882909816375e-02
6.133738923813475408e-02
6.183548332839217121e-02
6.233527214971346098e-02
6.283675671446881106e-02
6.333993799754922271e-02
6.384481693636889776e-02
6.435139443086745903e-02
6.485967134350512087e-02
6.536964849926929499e-02
6.588132668566715200e-02
6.639470665272972916e-02
6.690978911301392884e-02
6.742657474159718944e-02
6.794506417608237037e-02
6.846525801659464339e-02
6.898715682578171471e-02
6.951076112881648950e-02
7.003607141339429631e-02
7.056308812973444144e-02
7.109181169057865457e-02
7.162224247119164389e-02
7.215438080936353860e-02
7.268822700540567006e-02
7.322378132215501267e-02
7.376104398496963199e-02
7.430001518173123820e-02
7.484069506284674045e-02
7.538308374124447209e-02
7.592718129237774338e-02
7.647298775422195494e-02
7.702050312727559689e-02
7.756972737456213629e-02
7.812066042162679746e-02
7.867330215654011472e-02
7.922765242989393553e-02
7.978371105480352998e-02
8.034147780690936713e-02
8.090095242437356227e-02
8.146213460788331862e-02
8.202502402064726361e-02
8.258962028839766933e-02
8.315592299939200682e-02
8.372393170440872723e-02
8.429364591675214680e-02
8.486506511224789495e-02
8.543818872924469066e-02
8.601301616861711796e-02
8.658954679376051899e-02
8.716777993059565688e-02
8.774771486756527406e-02
8.832935085563509148e-02
8.891268710829591804e-02
8.949772280156054194e-02
9.008445707396639524e-02
9.067288902657288929e-02
9.126301772296263604e-02
9.185484218924355737e-02
9.244836141404477736e-02
9.304357434852073006e-02
9.364047990634782881e-02
9.423907696372546550e-02
9.483936435937823095e-02
9.544134089455302838e-02
9.604500533301896237e-02
9.665035640107122461e-02
9.725739278752520978e-02
9.786611314372284376e-02
9.847651608352736563e-02
9.908860018332488195e-02
9.970236398202758643e-02
1.003178059810674316e-01
1.009349246444034565e-01
1.015537183985155689e-01
1.021741856324066555e-01
1.027963246976056899e-01
1.034201339081616267e-01
1.040456115406502846e-01
1.046727558341683517e-01
1.053015649903356055e-01
1.059320371732979105e-01
1.065641705097207792e-01
1.071979630887972545e-01
1.078334129622404713e-01
1.084705181442873201e-01
1.091092766117002233e-01
1.097496863037619175e-01
1.103917451222818924e-01
1.110354509315903959e-01
1.116808015585409875e-01
1.123277947925129805e-01
1.129764283854056695e-01
1.136267000516458792e-01
1.142786074681803044e-01
1.149321482744795064e-01
1.155873200725395789e-01
1.162441204268768180e-01
1.169025468645344956e-01
1.175625968750763084e-01
1.182242679105899308e-01
1.188875573856879031e-01
1.195524626775033017e-01
1.202189811256968444e-01
1.208871100324484527e-01
1.215568466624625810e-01
1.222281882429691047e-01
1.229011319637178801e-01
1.235756749769856278e-01
1.242518143975701594e-01
1.249295473027922654e-01
1.256088707324986009e-01
1.262897816890558023e-01
1.269722771373579251e-01
1.276563540048190060e-01
1.283420091813769481e-01
1.290292395194952979e-01
1.297180418341574715e-01
1.304084129028739714e-01
1.311003494656762802e-01
1.317938482251188592e-01
1.324889058462819236e-01
1.331855189567658915e-01
1.338836841466983785e-01
1.345833979687270920e-01
1.352846569380237174e-01
1.359874575322851387e-01
1.366917961917287760e-01
1.373976693190989140e-01
1.381050732796602620e-01
1.388140044012010632e-01
1.395244589740354257e-01
1.402364332509973277e-01
1.409499234474477225e-01
1.416649257412684326e-01
1.423814362728645921e-01
1.430994511451668671e-01
1.438189664236261267e-01
1.445399781362205482e-01
1.452624822734481791e-01
1.459864747883313774e-01
1.467119515964172560e-01
1.474389085757744633e-01
1.481673415669967353e-01
1.488972463731998985e-01
1.496286187600224249e-01
1.503614544556290955e-01
1.510957491507044503e-01
1.518314984984598937e-01
1.525686981146273657e-01
1.533073435774627846e-01
1.540474304277471562e-01
1.547889541687824666e-01
1.555319102663969000e-01
1.562762941489387325e-01
1.570221012072809952e-01
1.577693267948215849e-01
1.585179662274793788e-01
1.592680147836985638e-01
1.600194677044456393e-01
1.607723201932097501e-01
1.615265674160051290e-01
1.622822045013683212e-01
1.630392265403600716e-01
1.637976285865635484e-01
1.645574056560846765e-01
1.653185527275552458e-01
1.660810647421275821e-01
1.668449366034796544e-01
1.676101631778118550e-01
1.683767392938464447e-01
1.691446597428321041e-01
1.699139192785381614e-01
1.706845126172601423e-01
1.714564344378135541e-01
1.722296793815387694e-01
1.730042420523009161e-01
1.737801170164864351e-01
1.745572988030068551e-01
1.753357819032954623e-01
1.761155607713094096e-01
1.768966298235298273e-01
1.776789834389607137e-01
1.784626159591300443e-01
1.792475216880886624e-01
1.800336948924095015e-01
1.808211298011913604e-01
1.816098206060543507e-01
1.823997614611438944e-01
1.831909464831271706e-01
1.839833697511942256e-01
1.847770253070610824e-01
1.855719071549639665e-01
1.863680092616657458e-01
1.871653255564497131e-01
1.879638499311232502e-01
1.887635762400189376e-01
1.895644982999911132e-01
1.903666098904166493e-01
1.911699047531980611e-01
1.919743765927589552e-01
1.927800190760488031e-01
1.935868258325385005e-01
1.943947904542216998e-01
1.952039064956185843e-01
1.960141674737683193e-01
1.968255668682381554e-01
1.976380981211152132e-01
1.984517546370103691e-01
1.992665297830604754e-01
2.000824168889214771e-01
2.008994092467779602e-01
2.017175001113331589e-01
2.025366826998151737e-01
2.033569501919776368e-01
2.041782957300934953e-01
2.050007124189632268e-01
2.058241933259081780e-01
2.066487314807730069e-01
2.074743203212465747e-01
2.083009812928986459e-01
2.091287297251072097e-01
2.099575659363890345e-01
2.107874900789539208e-01
2.116185021387073650e-01
2.124506019352450092e-01
2.132837891218581916e-01
2.141180631855297278e-01
2.149534234469350213e-01
2.157898690604451719e-01
2.166273990141207584e-01
2.174660121297196103e-01
2.183057070626890361e-01
2.191464823021707087e-01
2.199883361710008867e-01
2.208312668257055300e-01
2.216752722565087375e-01
2.225203502873227546e-01
2.233664985757548571e-01
2.242137146131064629e-01
2.250619957243702451e-01
2.259113390682341294e-01
2.267617416370772965e-01
2.276132002569721813e-01
2.284657115876855826e-01
2.293192721226753328e-01
2.301738781890956265e-01
2.310295259477908036e-01
2.318862113932984581e-01
2.327439303538518800e-01
2.336026784913738386e-01
2.344624513014839096e-01
2.353232441134918140e-01
2.361850520904014150e-01
2.370478702289107176e-01
2.379116933594083161e-01
2.387765161459800556e-01
2.396423330864001500e-01
2.405091385121382874e-01
2.413769265883582982e-01
2.422456913139141577e-01
2.431154265213562038e-01
2.439861258769262520e-01
2.448577828805582612e-01
2.457303908658812208e-01
2.466039430002155974e-01
2.474784322845768880e-01
2.483538515536720670e-01
2.492301934759006965e-01
2.501074505533580350e-01
2.509856151218292641e-01
2.518646793507959281e-01
2.527446352434299381e-01
2.536254746365969037e-01
2.545071892008574643e-01
2.553897704404624047e-01
2.562732096933588721e-01
2.571574981311839370e-01
2.580426267592690337e-01
2.589285864166397388e-01
2.598153677760135505e-01
2.607029613438018867e-01
2.615913574601083091e-01
2.624805462987296334e-01
2.633705178671561509e-01
2.642612620065714069e-01
2.651527683918526446e-01
2.660450265315688068e-01
2.669380257679818680e-01
2.678317552770486110e-01
2.687262040684168518e-01
2.696213609854296589e-01
2.705172147051220222e-01
2.714137537382210752e-01
2.723109664291496479e-01
2.732088409560202713e-01
2.741073653306425051e-01
2.750065273985158321e-01
2.759063148388332110e-01
2.768067151644830748e-01
2.777077157220440018e-01
2.786093036917909327e-01
2.795114660876882873e-01
2.804141897573950715e-01
2.813174613822646553e-01
2.822212674773421082e-01
2.831255943913664197e-01
2.840304283067691671e-01
2.849357552396738491e-01
2.858415610398998830e-01
2.867478313909574972e-01
2.876545518100515064e-01
2.885617076480788690e-01
2.894692840896286867e-01
2.903772661529859800e-01
2.912856386901261363e-01
2.921943863867197955e-01
2.931034937621290748e-01
2.940129451694091234e-01
2.949227247953103426e-01
2.958328166602743892e-01
2.967432046184352856e-01
2.976538723576223067e-01
2.985648033993564265e-01
2.994759810988525395e-01
3.003873886450181274e-01
3.012990090604528159e-01
3.022108252014523710e-01
3.031228197580013717e-01
3.040349752537818695e-01
3.049472740461660614e-01
3.058596983262196201e-01
3.067722301187030265e-01
3.076848512820669068e-01
3.085975435084593599e-01
3.095102883237175195e-01
