-6.430992840986138326e-04
-6.430989823714150511e-04
-6.430968678713400166e-04
-6.430911261356975217e-04
-6.430799462976422021e-04
-6.430614077966301245e-04
-6.430331866425498255e-04
-6.429934387299773846e-04
-6.429404302882302247e-04
-6.428724746153635650e-04
-6.427879320779483763e-04
-6.426852101110158699e-04
-6.425627632188346539e-04
-6.424190929735229538e-04
-6.422527480157702584e-04
-6.420623240556144751e-04
-6.418464638709431291e-04
-6.416038573083260310e-04
-6.413332412831818097e-04
-6.410333997790562677e-04
-6.407031638487881153e-04
-6.403414116132322143e-04
-6.399470682617036665e-04
-6.395191060527549709e-04
-6.390565443130102885e-04
-6.385584494377205544e-04
-6.380239348907634778e-04
-6.374521612044214969e-04
-6.368423359802144468e-04
-6.361937138875117803e-04
-6.355055966643097243e-04
-6.347773331178419021e-04
-6.340083191232470661e-04
-6.331979976245127872e-04
-6.323458586340868770e-04
-6.314514392329328984e-04
-6.305143235711407890e-04
-6.295341428667611261e-04
-6.285105754063602390e-04
-6.274433465459083870e-04
-6.263322287090589136e-04
-6.251770413884805144e-04
-6.239776511453021257e-04
-6.227339716090019017e-04
-6.214459634784064157e-04
-6.201127251047044986e-04
-6.187314635204832491e-04
-6.173021677198797796e-04
-6.158250495668649016e-04
-6.143003225204113349e-04
-6.127282016343271742e-04
-6.111089035574224226e-04
-6.094426465337865473e-04
-6.077296504020113233e-04
-6.059701365955239005e-04
-6.041643281432529378e-04
-6.023124496685738904e-04
-6.004147273898641224e-04
-5.984713891205584169e-04
-5.964826642686493763e-04
-5.944487838377976452e-04
-5.923699804260551538e-04
-5.902464882261426737e-04
-5.880785430265600411e-04
-5.858663822100873553e-04
-5.836102447545066241e-04
-5.813103712326572747e-04
-5.789670038119920648e-04
-5.765803862557428161e-04
-5.741507639211440583e-04
-5.716783837604877405e-04
-5.691634943217893650e-04
-5.666063457470671416e-04
-5.640071897736742557e-04
-5.613662797338547783e-04
-5.586838705545216222e-04
-5.559602187582557420e-04
-5.531955824617518225e-04
-5.503902213768729901e-04
-5.475443968108728576e-04
-5.446583716652853013e-04
-5.417324104369236615e-04
-5.387667792174366532e-04
-5.357617456931973443e-04
-5.327175791461358223e-04
-5.296345504525734604e-04
-5.265129320835559845e-04
-5.233529981059081848e-04
-5.201550241806240926e-04
-5.169192875638661810e-04
-5.136460671067988315e-04
-5.103356432551442445e-04
-5.069882980503481740e-04
-5.036043151280256147e-04
-5.001839797188489811e-04
-4.967275786489921963e-04
-4.932354003388539354e-04
-4.897077348041123379e-04
-4.861448736552254068e-04
-4.825471100974310090e-04
-4.789147389316350534e-04
-4.752480565529126899e-04
-4.715473609512577102e-04
-4.678129517123041925e-04
-4.640451300159664783e-04
-4.602441986372718397e-04
-4.564104619461661905e-04
-4.525442259073475526e-04
-4.486457980810432122e-04
-4.447154876218439856e-04
-4.407536052791760639e-04
-4.367604633981059248e-04
-4.327363759179247982e-04
-4.286816583731478669e-04
-4.245966278931534443e-04
-4.204816032020719518e-04
-4.163369046195630752e-04
-4.121628540596222745e-04
-4.079597750311358961e-04
-4.037279926386028173e-04
-3.994678335807744229e-04
-3.951796261515427844e-04
-3.908637002397463700e-04
-3.865203873289202452e-04
-3.821500204982397619e-04
-3.777529344210495132e-04
-3.733294653657237561e-04
-3.688799511961660116e-04
-3.644047313705600644e-04
-3.599041469422581407e-04
-3.553785405595033531e-04
-3.508282564652909219e-04
-3.462536404982008431e-04
-3.416550400910378649e-04
-3.370328042715808881e-04
-3.323872836631935890e-04
-3.277188304834921517e-04
-3.230277985452334466e-04
-3.183145432561207411e-04
-3.135794216185816552e-04
-3.088227922306285844e-04
-3.040450152844986764e-04
-2.992464525673754761e-04
-2.944274674621105703e-04
-2.895884249457247872e-04
-2.847296915904073966e-04
-2.798516355632940655e-04
-2.749546266262725691e-04
-2.700390361367321912e-04
-2.651052370463979901e-04
-2.601536039018859103e-04
-2.551845128454244271e-04
-2.501983416135222793e-04
-2.451954695377872584e-04
-2.401762775448151865e-04
-2.351411481558568495e-04
-2.300904654878033195e-04
-2.250246152517842990e-04
-2.199439847538620096e-04
-2.148489628956973263e-04
-2.097399401732036317e-04
-2.046173086774627503e-04
-1.994814620944751482e-04
-1.943327957049517662e-04
-1.891717063852021985e-04
-1.839985926057746690e-04
-1.788138544321915546e-04
-1.736178935255322520e-04
-1.684111131411564211e-04
-1.631939181295644081e-04
-1.579667149361890788e-04
-1.527299116012015290e-04
-1.474839177603021190e-04
-1.422291446435131057e-04
-1.369660050757753877e-04
-1.316949134775938224e-04
-1.264162858637743470e-04
-1.211305398442497072e-04
-1.158380946238851683e-04
-1.105393710022703480e-04
-1.052331546422050068e-04
-9.991474807272138214e-05
-9.458438095457516459e-05
-8.924267107338762495e-05
-8.389023232762554683e-05
-7.852767472946164951e-05
-7.315560440459417668e-05
-6.777462359199709629e-05
-6.238533064480480950e-05
-5.698832002901110805e-05
-5.158418232409714421e-05
-4.617350422372878960e-05
-4.075686853439661195e-05
-3.533485417633527859e-05
-2.990803618327202151e-05
-2.447698570222020531e-05
-1.904226999436577084e-05
-1.360445243373236551e-05
-8.164092507850946590e-06
-2.721745818421578145e-06
2.722035920016234456e-06
8.166704879250877291e-06
1.361171711734398410e-05
1.905653257935034650e-05
2.450061509615651667e-05
2.994343238558495879e-05
3.538445605195603139e-05
4.082316158563262243e-05
4.625902836415465846e-05
5.169153965109418714e-05
5.712018259653242613e-05
6.254444823748650517e-05
6.796383149679230407e-05
7.337783118423896189e-05
7.878594999610050165e-05
8.418769451470214937e-05
8.958257520954443498e-05
9.497010643615133585e-05
1.003498064365768161e-04
1.057211973397725879e-04
1.110838051605611554e-04
1.164371598006766484e-04
1.217807950483484891e-04
1.271142485778781195e-04
1.324370619507006519e-04
1.377487806143162796e-04
1.430489539027274271e-04
1.483371350368689612e-04
1.536128811234771518e-04
1.588757531562901004e-04
1.641253160154787505e-04
1.693611384672860654e-04
1.745827931651372511e-04
1.797898566484740224e-04
1.849819093432542028e-04
1.901585355623819362e-04
1.953193235045558307e-04
2.004638652554485700e-04
2.055917567872211915e-04
2.107025979580512409e-04
2.157959925133401402e-04
2.208715480844919421e-04
2.259288761893990527e-04
2.309675922329418318e-04
2.359873155057812255e-04
2.409876691855383779e-04
2.459682803363227865e-04
2.509287799083159687e-04
2.558688027388261732e-04
2.607879875512336687e-04
2.656859769553931994e-04
2.705624174481613409e-04
2.754169594121336218e-04
2.802492571168935243e-04
2.850589687185267618e-04
2.898457562591494341e-04
2.946092856680460059e-04
2.993492267605590840e-04
3.040652532385057505e-04
3.087570426906494081e-04
3.134242765916173123e-04
3.180666403028997724e-04
3.226838230725725953e-04
3.272755180346864634e-04
3.318414222105159350e-04
3.363812365073104438e-04
3.408946657189049212e-04
3.453814185259973524e-04
3.498412074951495754e-04
3.542737490798697486e-04
3.586787636201405061e-04
3.630559753420026237e-04
3.674051123586374867e-04
3.717259066693401337e-04
3.760180941598245674e-04
3.802814146027788667e-04
3.845156116567549631e-04
3.887204328671678422e-04
3.928956296659624758e-04
3.970409573711697337e-04
4.011561751879333393e-04
4.052410462074551578e-04
4.092953374074670414e-04
4.133188196525916513e-04
4.173112676933432574e-04
4.212724601670714275e-04
4.252021795977389829e-04
4.291002123952558645e-04
4.329663488568114005e-04
4.368003831655142832e-04
4.406021133910309473e-04
4.443713414900019032e-04
4.481078733048482476e-04
4.518115185649373977e-04
4.554820908861390016e-04
4.591194077703808496e-04
4.627232906067035856e-04
4.662935646702615067e-04
4.698300591227111411e-04
4.733326070125720708e-04
4.768010452742554861e-04
4.802352147290633866e-04
4.836349600848555141e-04
4.870001299355219970e-04
4.903305767620658173e-04
4.936261569315480990e-04
4.968867306976432197e-04
5.001121622008053436e-04
5.033023194674357548e-04
5.064570744107155242e-04
5.095763028305499986e-04
5.126598844127361332e-04
5.157077027302947592e-04
5.187196452421938275e-04
5.216956032940700538e-04
5.246354721182844294e-04
5.275391508333115986e-04
5.304065424442394594e-04
5.332375538429356965e-04
5.360320958071040920e-04
5.387900830017833265e-04
5.415114339779036889e-04
5.441960711730642331e-04
5.468439209115882882e-04
5.494549134038018146e-04
5.520289827469215815e-04
5.545660669246110785e-04
5.570661078066474481e-04
5.595290511499761976e-04
5.619548465975454654e-04
5.643434476788056209e-04
5.666948118101533538e-04
5.690089002937659401e-04
5.712856783189335097e-04
5.735251149612263788e-04
5.757271831823840280e-04
5.778918598312587918e-04
5.800191256428166575e-04
5.821089652384148216e-04
5.841613671265233343e-04
5.861763237011707872e-04
5.881538312436096483e-04
5.900938899214280831e-04
5.919965037882723990e-04
5.938616807850127799e-04
5.956894327384665289e-04
5.974797753621197138e-04
5.992327282561826785e-04
6.009483149068683971e-04
6.026265626872251424e-04
6.042675028568589291e-04
6.058711705613784027e-04
6.074376048335605738e-04
6.089668485922961061e-04
6.104589486429223832e-04
6.119139556776675981e-04
6.133319242746515521e-04
6.147129128989403668e-04
6.160569839021023952e-04
6.173642035215975987e-04
6.186346418823318594e-04
6.198683729950471566e-04
6.210654747569877010e-04
6.222260289524550458e-04
6.233501212514758194e-04
6.244378412110784815e-04
6.254892822747382120e-04
6.265045417720438437e-04
6.274837209196415522e-04
6.284269248203466773e-04
6.293342624634212790e-04
6.302058467250182261e-04
6.310417943671819963e-04
6.318422260388478762e-04
6.326072662754533837e-04
6.333370434986052011e-04
6.340316900169118419e-04
6.346913420250399618e-04
6.353161396043249809e-04
6.359062267228265952e-04
6.364617512345516204e-04
6.369828648803976812e-04
6.374697232878201447e-04
6.379224859702770090e-04
6.383413163283946368e-04
6.387263816488020218e-04
6.390778531047414113e-04
6.393959057562903503e-04
6.396807185494179926e-04
6.399324743169843011e-04
6.401513597783514697e-04
6.403375655389953458e-04
6.404912860913936079e-04
6.406127198143041213e-04
6.407020689728204488e-04
6.407595397189824737e-04
6.407853420907216879e-04
6.407796900128603923e-04
6.407428012967231190e-04
6.406748976396925421e-04
