8.113873624584485356e+00
8.097857605788831847e+00
8.081841570590123425e+00
8.065825503669842078e+00
8.049809390867574521e+00
8.033793218913556800e+00
8.017776975427112873e+00
8.001760648916652841e+00
7.985744228779679155e+00
7.969727705302778631e+00
7.953711069661627775e+00
7.937694313920990119e+00
7.921677439287682532e+00
7.905660456196359931e+00
7.889643366880733311e+00
7.873626173201389022e+00
7.857608876712670387e+00
7.841591478662674142e+00
7.825573979993255769e+00
7.809556381340026832e+00
7.793538683032354086e+00
7.777520885093363034e+00
7.761502987239930818e+00
7.745484988882696875e+00
7.729466889126051399e+00
7.713448686768145990e+00
7.697430380300883890e+00
7.681411967909929750e+00
7.665393447474698974e+00
7.649374816568366597e+00
7.633356072457864627e+00
7.617337212103879374e+00
7.601318232160854116e+00
7.585299128976989103e+00
7.569279898594239775e+00
7.553260536748319431e+00
7.537241038868695675e+00
7.521221400078595742e+00
7.505201615194998510e+00
7.489181678728644265e+00
7.473161584884024933e+00
7.457141327559392074e+00
7.441120900346753331e+00
7.425100296531868871e+00
7.409079509094262050e+00
7.393058530707206089e+00
7.377037353737732950e+00
7.361015970246632456e+00
7.344994371988448734e+00
7.328972550411482878e+00
7.312950496657792954e+00
7.296928201563191330e+00
7.280905655657249120e+00
7.264882849163292633e+00
7.248859771998405144e+00
7.232836413773425122e+00
7.216812763792947116e+00
7.200788811055324423e+00
7.184764544252663754e+00
7.168739951770832342e+00
7.152715021689448172e+00
7.136689741781887975e+00
7.120664099515288115e+00
7.104638082050534820e+00
7.088611676242277504e+00
7.072584868638917222e+00
7.056557645482611107e+00
7.040529992709276819e+00
7.024501895948583652e+00
7.008473340523961426e+00
6.992444311452593375e+00
6.976414793445417928e+00
6.960384770907135810e+00
6.944354227936195834e+00
6.928323148324810887e+00
6.912291515558945498e+00
6.896259312818321163e+00
6.880226522976417236e+00
6.864193128600466487e+00
6.848159111951463096e+00
6.832124454984152884e+00
6.816089160827879745e+00
6.800053239433939467e+00
6.784016670718624908e+00
6.767979434585006615e+00
6.751941511109066596e+00
6.735902880539703652e+00
6.719863523298736041e+00
6.703823419980896148e+00
6.687782551353834926e+00
6.671740898358117455e+00
6.655698442107226498e+00
6.639655163887561606e+00
6.623611045158440014e+00
6.607566067552093081e+00
6.591520212873669848e+00
6.575473463101235261e+00
6.559425800385771943e+00
6.543377207051180200e+00
6.527327665594273576e+00
6.511277158684785071e+00
6.495225669165360927e+00
6.479173180051566838e+00
6.463119674531886183e+00
6.447065135967715577e+00
6.431009547893368428e+00
6.414952894016077600e+00
6.398895158215989198e+00
6.382836324546169671e+00
6.366776377232598705e+00
6.350715300674171893e+00
6.334653079442705170e+00
6.318589698282927714e+00
6.302525142112487266e+00
6.286459396021948365e+00
6.270392445274787896e+00
6.254324275307405756e+00
6.238254871729112416e+00
6.222184220322140469e+00
6.206112307041633969e+00
6.190039118015655539e+00
6.173964639545186373e+00
6.157888858104120011e+00
6.141811760339271231e+00
6.125733333070368936e+00
6.109653563290056155e+00
6.093572438163898042e+00
6.077489945030370322e+00
6.061406071400870843e+00
6.045320804959710692e+00
6.029234133564115972e+00
6.013146045244234905e+00
5.997056528203126291e+00
5.980965570816770160e+00
5.964873161634059784e+00
5.948779289376806112e+00
5.932683942939737776e+00
5.916587111390496645e+00
5.900488783969646711e+00
5.884388950090663428e+00
5.868287599339939042e+00
5.852184721476787033e+00
5.836080306433432341e+00
5.819974344315020254e+00
5.803866825399609297e+00
5.787757740138174789e+00
5.771647079154611504e+00
5.755534833245730120e+00
5.739420993381255443e+00
5.723305550703830846e+00
5.707188496529014721e+00
5.691069822345283136e+00
5.674949519814028953e+00
5.658827580769561827e+00
5.642703997219106427e+00
5.626578761342804214e+00
5.610451865493714330e+00
5.594323302197813597e+00
5.578193064153992076e+00
5.562061144234057508e+00
5.545927535482735315e+00
5.529792231117666823e+00
5.513655224529411036e+00
5.497516509281441088e+00
5.481376079110149568e+00
5.465233927924841417e+00
5.449090049807741920e+00
5.432944439013993154e+00
5.416797089971652213e+00
5.400647997281691204e+00
5.384497155718000805e+00
5.368344560227387596e+00
5.352190205929576727e+00
5.336034088117208363e+00
5.319876202255836795e+00
5.303716543983935772e+00
5.287555109112894947e+00
5.271391893627021652e+00
5.255226893683538236e+00
5.239060105612583840e+00
5.222891525917212618e+00
5.206721151273399073e+00
5.190548978530031832e+00
5.174375004708915426e+00
5.158199227004772958e+00
5.142021642785242541e+00
5.125842248263975165e+00
5.109660928957437065e+00
5.093477619141355106e+00
5.077292328358383955e+00
5.061105066142866704e+00
5.044915842020822438e+00
5.028724665509955116e+00
5.012531546119650017e+00
4.996336493350971963e+00
4.980139516696671542e+00
4.963940625641176219e+00
4.947739829660599220e+00
4.931537138222735095e+00
4.915332560787056160e+00
4.899126106804722269e+00
4.882917785718569270e+00
4.866707606963120547e+00
4.850495579964577253e+00
4.834281714140820974e+00
4.818066018901420833e+00
4.801848503647622834e+00
4.785629177772355192e+00
4.769408050660230991e+00
4.753185131687539311e+00
4.736960430222257656e+00
4.720733955624041300e+00
4.704505717244228613e+00
4.688275724425837510e+00
4.672043986503569890e+00
4.655810512803808088e+00
4.639575312644620197e+00
4.623338395335749418e+00
4.607099770178624709e+00
4.590859446466356353e+00
4.574617433483735951e+00
4.558373740507237315e+00
4.542128376805015577e+00
4.525881351636908079e+00
4.509632674254431706e+00
4.493382353900788218e+00
4.477130399810860695e+00
4.460876821211211762e+00
4.444621627320087143e+00
4.428364827347413879e+00
4.412106430494802112e+00
4.395846445955542414e+00
4.379584882914607569e+00
4.363321750548651679e+00
4.347057058026009280e+00
4.330790814506699782e+00
4.314523029142423916e+00
4.298253711076561068e+00
4.281982869444174611e+00
4.265710513372009238e+00
4.249436651978490964e+00
4.233161294373730676e+00
4.216884449659515255e+00
4.200606126929319117e+00
4.184326335268291785e+00
4.168045083753272095e+00
4.151762381452776651e+00
4.135478237427002490e+00
4.119192660727830635e+00
4.102905660398824317e+00
4.086617245475225424e+00
4.070327424983961606e+00
4.054036207943639170e+00
4.037743603364547518e+00
4.021449620248657375e+00
4.005154267589620787e+00
3.988857554372773340e+00
3.972559489575130165e+00
3.956260082165389047e+00
3.939959341103930424e+00
3.923657275342813833e+00
3.907353893825784574e+00
3.891049205488266161e+00
3.874743219257363869e+00
3.858435944051868738e+00
3.842127388782247799e+00
3.825817562350655621e+00
3.809506473650924097e+00
3.793194131568567329e+00
3.776880544980784737e+00
3.760565722756452622e+00
3.744249673756133490e+00
3.727932406832068502e+00
3.711613930828180585e+00
3.695294254580077542e+00
3.678973386915044497e+00
3.662651336652052336e+00
3.646328112601750160e+00
3.630003723566472384e+00
3.613678178340232527e+00
3.597351485708725871e+00
3.581023654449331683e+00
3.564694693331107889e+00
3.548364611114797729e+00
3.532033416552822658e+00
3.515701118389287227e+00
3.499367725359979531e+00
3.483033246192365873e+00
3.466697689605597876e+00
3.450361064310506709e+00
3.434023379009604859e+00
3.417684642397088801e+00
3.401344863158834553e+00
3.385004049972401674e+00
3.368662211507030602e+00
3.352319356423641761e+00
3.335975493374840894e+00
3.319630631004911958e+00
3.303284777949824669e+00
3.286937942837226512e+00
3.270590134286447626e+00
3.254241360908502134e+00
3.237891631306083262e+00
3.221540954073568219e+00
3.205189337797012872e+00
3.188836791054159292e+00
3.172483322414427320e+00
3.156128940438919006e+00
3.139773653680420828e+00
3.123417470683397923e+00
3.107060399983999854e+00
3.090702450110056176e+00
3.074343629581077320e+00
3.057983946908258588e+00
3.041623410594473054e+00
3.025262029134279995e+00
3.008899811013916459e+00
2.992536764711303032e+00
2.976172898696042513e+00
2.959808221429417685e+00
2.943442741364395321e+00
2.927076466945622624e+00
2.910709406609427230e+00
2.894341568783822094e+00
2.877972961888497494e+00
2.861603594334829914e+00
2.845233474525874495e+00
2.828862610856368143e+00
2.812491011712732192e+00
2.796118685473065746e+00
2.779745640507154114e+00
2.763371885176460374e+00
2.746997427834130701e+00
2.730622276824995254e+00
2.714246440485561962e+00
2.697869927144024071e+00
2.681492745120253929e+00
2.665114902725806534e+00
2.648736408263920428e+00
2.632357270029511920e+00
2.615977496309183525e+00
2.599597095381215528e+00
2.583216075515573529e+00
2.566834444973902674e+00
2.550452212009528541e+00
2.534069384867462915e+00
2.517685971784394017e+00
2.501301980988696716e+00
2.484917420700424540e+00
2.468532299131311891e+00
2.452146624484778936e+00
2.435760404955923164e+00
2.419373648731527826e+00
2.402986363990054830e+00
2.386598558901647849e+00
2.370210241628135428e+00
2.353821420323023883e+00
2.337432103131504846e+00
2.321042298190449493e+00
2.304652013628409879e+00
2.288261257565622930e+00
2.271870038114003787e+00
2.255478363377153350e+00
2.239086241450350734e+00
2.222693680420556817e+00
2.206300688366418239e+00
2.189907273358257633e+00
2.173513443458084726e+00
2.157119206719586568e+00
2.140724571188135972e+00
2.124329544900784850e+00
2.107934135886265992e+00
2.091538352164997505e+00
2.075142201749075266e+00
2.058745692642280467e+00
2.042348832840073847e+00
2.025951630329597020e+00
2.009554093089676474e+00
1.993156229090817577e+00
1.976758046295209459e+00
1.960359552656721682e+00
1.943960756120904909e+00
1.927561664624994231e+00
1.911162286097903173e+00
1.894762628460230136e+00
1.878362699624253063e+00
1.861962507493931440e+00
1.845562059964908963e+00
1.829161364924507760e+00
1.812760430251735499e+00
1.796359263817278062e+00
1.779957873483503983e+00
1.763556267104466002e+00
1.747154452525894408e+00
1.730752437585205472e+00
1.714350230111494344e+00
1.697947837925537717e+00
1.681545268839797158e+00
1.665142530658411779e+00
1.648739631177206677e+00
1.632336578183685383e+00
1.615933379457033636e+00
1.599530042768121385e+00
1.583126575879496567e+00
1.566722986545392660e+00
1.550319282511721575e+00
1.533915471516079876e+00
1.517511561287743893e+00
1.501107559547671055e+00
1.484703474008503665e+00
1.468299312374561794e+00
1.451895082341851495e+00
1.435490791598057037e+00
1.419086447822544894e+00
1.402682058686365973e+00
1.386277645462183683e+00
1.369873258559785478e+00
1.353468899250103830e+00
1.337064564521274868e+00
1.320660251405908259e+00
1.304255956981079212e+00
1.287851678368337582e+00
1.271447412733700322e+00
1.255043157287654587e+00
1.238638909285159961e+00
1.222234666025643568e+00
1.205830424853005178e+00
1.189426183155612771e+00
1.173021938366304306e+00
1.156617687962390395e+00
1.140213429465648298e+00
1.123809160442329036e+00
1.107404878503150503e+00
1.091000581303303685e+00
1.074596266542447554e+00
1.058191931964711063e+00
1.041787575358696039e+00
1.025383194557470734e+00
1.008978787438577385e+00
9.925743519240256552e-01
9.761698859802950823e-01
9.597653876183382948e-01
9.433608548935744631e-01
9.269562859058964044e-01
9.105516787996645878e-01
8.941470317637093546e-01
8.777423430313341379e-01
8.613376108803088016e-01
8.449328336328770783e-01
8.285280096557499085e-01
8.121231373601087711e-01
7.957182152016075705e-01
7.793132416803670859e-01
7.629082153409816325e-01
7.465031347725132882e-01
7.300979986084938922e-01
7.136928055269282645e-01
6.972875542502880997e-01
6.808822435455182953e-01
6.644768722240317338e-01
6.480714391417110587e-01
6.316659431989120055e-01
6.152603833404566291e-01
5.988547585556409647e-01
5.824490678782283659e-01
5.660433103864526139e-01
5.496374852030198044e-01
5.332315914951031299e-01
5.168256284743490969e-01
5.004195953968711974e-01
4.840134915632563484e-01
4.676073163185590076e-01
4.512010690523038381e-01
4.347947491984882618e-01
4.183883562355764085e-01
4.019818896865060553e-01
3.855753491186824089e-01
3.691687341439808256e-01
3.527620444187495874e-01
3.363552796438035730e-01
3.199484395644312529e-01
3.035415239703886381e-01
2.871345326959019451e-01
2.707274656196701490e-01
2.543203226648588222e-01
2.379131037991072395e-01
2.215058090345222719e-01
2.050984384276807737e-01
1.886909920796325801e-01
1.722834701358939846e-01
1.558758727864550941e-01
1.394682002657734454e-01
1.230604528527767250e-01
1.066526308708655169e-01
9.024473468790686348e-02
7.383676471624167625e-02
5.742872141267731101e-02
4.102060527849496485e-02
2.461241685944325075e-02
8.204156745740903700e-03
-8.204174427921318014e-03
-2.461257598238254796e-02
-4.102104719401356014e-02
-5.742958729471409063e-02
-7.383819547191369792e-02
-9.024687086857360874e-02
-1.066556125831794322e-01
-1.230644196697521370e-01
-1.394732911378406270e-01
-1.558822259525237397e-01
-1.722912230344119111e-01
-1.887002812596400292e-01
-2.051093994598782166e-01
-2.215185764223246978e-01
-2.379278108897074639e-01
-2.543371015602862717e-01
-2.707464470878451213e-01
-2.871558460817035252e-01
-3.035652971067088202e-01
-3.199747986832383040e-01
-3.363843492872009011e-01
-3.527939473500298906e-01
-3.692035912586940083e-01
-3.856132793556897864e-01
-4.020230099390438294e-01
-4.184327812623142018e-01
-4.348425915345836001e-01
-4.512524389204697339e-01
-4.676623215401186084e-01
-4.840722374692059127e-01
-5.004821847389390177e-01
-5.168921613360497602e-01
-5.333021652028051562e-01
-5.497121942370004621e-01
-5.661222462919605070e-01
-5.825323191765420239e-01
-5.989424106551259896e-01
-6.153525184476287269e-01
-6.317626402294946875e-01
-6.481727736316980071e-01
-6.645829162407445034e-01
-6.809930655986644599e-01
-6.974032192030235056e-01
-7.138133745069150660e-01
-7.302235289189628054e-01
-7.466336798033216260e-01
-7.630438244796711178e-01
-7.794539602232262165e-01
-7.958640842647294322e-01
-8.122741937904554010e-01
-8.286842859422031138e-01
-8.450943578173066850e-01
-8.615044064686281367e-01
-8.779144289045598404e-01
-8.943244220890252949e-01
-9.107343829414726866e-01
-9.271443083368853255e-01
-9.435541951057748733e-01
-9.599640400341825641e-01
-9.763738398636812033e-01
-9.927835912913682836e-01
-1.009193290969876422e+00
-1.025602935507366142e+00
-1.042012521467527986e+00
-1.058422045369584508e+00
-1.074831503688282064e+00
-1.091240892853902356e+00
-1.107650209252255546e+00
-1.124059449224681373e+00
-1.140468609068050920e+00
-1.156877685034760628e+00
-1.173286673332740948e+00
-1.189695570125451463e+00
-1.206104371531881103e+00
-1.222513073626550373e+00
-1.238921672439504240e+00
-1.255330163956323464e+00
-1.271738544118116154e+00
-1.288146808821520439e+00
-1.304554953918706461e+00
-1.320962975217368385e+00
-1.337370868480735719e+00
-1.353778629427565994e+00
-1.370186253732146975e+00
-1.386593737024297557e+00
-1.403001074889361544e+00
-1.419408262868217419e+00
-1.435815296457272128e+00
-1.452222171108462412e+00
-1.468628882229256583e+00
-1.485035425182647195e+00
-1.501441795287162817e+00
-1.517847987816859145e+00
-1.534253998001322117e+00
-1.550659821025669460e+00
-1.567065452030543149e+00
-1.583470886112120279e+00
-1.599876118322106411e+00
-1.616281143667736675e+00
-1.632685957111777775e+00
-1.649090553572520879e+00
-1.665494927923792723e+00
-1.681899074994947618e+00
-1.698302989570870114e+00
-1.714706666391976109e+00
-1.731110100154206410e+00
-1.747513285509036285e+00
-1.763916217063469905e+00
-1.780318889380042569e+00
-1.796721296976814042e+00
-1.813123434327379657e+00
-1.829525295860862544e+00
-1.845926875961915403e+00
-1.862328168970723397e+00
-1.878729169182995262e+00
-1.895129870849975529e+00
-1.911530268178436298e+00
-1.927930355330680356e+00
-1.944330126424541172e+00
-1.960729575533377345e+00
-1.977128696686082154e+00
-1.993527483867077565e+00
-2.009925931016314671e+00
-2.026324032029277245e+00
-2.042721780756972194e+00
-2.059119171005942661e+00
-2.075516196538259361e+00
-2.091912851071523249e+00
-2.108309128278866851e+00
-2.124705021788946269e+00
-2.141100525185954062e+00
-2.157495632009610365e+00
-2.173890335755164660e+00
-2.190284629873399336e+00
-2.206678507770619468e+00
-2.223071962808667479e+00
-2.239464988304911586e+00
-2.255857577532252023e+00
-2.272249723719118819e+00
-2.288641420049467357e+00
-2.305032659662788586e+00
-2.321423435654100587e+00
-2.337813741073952123e+00
-2.354203568928423085e+00
-2.370592912179118272e+00
-2.386981763743176721e+00
-2.403370116493267261e+00
-2.419757963257586741e+00
-2.436145296819864470e+00
-2.452532109919355108e+00
-2.468918395250846665e+00
-2.485304145464656056e+00
-2.501689353166631324e+00
-2.518074010918149863e+00
-2.534458111236115307e+00
-2.550841646592965528e+00
-2.567224609416666858e+00
-2.583606992090715426e+00
-2.599988786954139375e+00
-2.616369986301490425e+00
-2.632750582382856308e+00
-2.649130567403852332e+00
-2.665509933525623598e+00
-2.681888672864848111e+00
-2.698266777493726121e+00
-2.714644239439995221e+00
-2.731021050686919693e+00
-2.747397203173294056e+00
-2.763772688793444843e+00
-2.780147499397222610e+00
-2.796521626790013482e+00
-2.812895062732730711e+00
-2.829267798941819123e+00
-2.845639827089253338e+00
-2.862011138802533772e+00
-2.878381725664695523e+00
-2.894751579214301707e+00
-2.911120690945447453e+00
-2.927489052307751471e+00
-2.943856654706368481e+00
-2.960223489501981220e+00
-2.976589548010802666e+00
-2.992954821504576035e+00
-3.009319301210569897e+00
-3.025682978311588833e+00
-3.042045843945964112e+00
-3.058407889207557240e+00
-3.074769105145761738e+00
-3.091129482765495595e+00
-3.107489013027211922e+00
-3.123847686846890959e+00
-3.140205495096044519e+00
-3.156562428601714654e+00
-3.172918478146468768e+00
-3.189273634468408503e+00
-3.205627888261164404e+00
-3.221981230173897259e+00
-3.238333650811298092e+00
-3.254685140733583282e+00
-3.271035690456504330e+00
-3.287385290451340758e+00
-3.303733931144901881e+00
-3.320081602919529473e+00
-3.336428296113087555e+00
-3.352774001018978378e+00
-3.369118707886129549e+00
-3.385462406919000244e+00
-3.401805088277580769e+00
-3.418146742077385447e+00
-3.434487358389464617e+00
-3.450826927240396191e+00
-3.467165438612287431e+00
-3.483502882442778947e+00
-3.499839248625033594e+00
-3.516174527007751127e+00
-3.532508707395158432e+00
-3.548841779547013076e+00
-3.565173733178603754e+00
-3.581504557960743185e+00
-3.597834243519779651e+00
-3.614162779437590345e+00
-3.630490155251580919e+00
-3.646816360454689931e+00
-3.663141384495379516e+00
-3.679465216777646930e+00
-3.695787846661018339e+00
-3.712109263460549258e+00
-3.728429456446826773e+00
-3.744748414845962881e+00
-3.761066127839603368e+00
-3.777382584564924706e+00
-3.793697774114630494e+00
-3.810011685536957238e+00
-3.826324307835666794e+00
-3.842635629970053923e+00
-3.858945640854944070e+00
-3.875254329360692029e+00
-3.891561684313178837e+00
-3.907867694493819322e+00
-3.924172348639557661e+00
-3.940475635442866942e+00
-3.956777508323696679e+00
-3.973077813891795262e+00
-3.989376532219925942e+00
-4.005673659401169040e+00
-4.021969191619394479e+00
-4.038263125149264887e+00
-4.054555456356228937e+00
-4.070846181696532895e+00
-4.087135297717208182e+00
-4.103422801056082037e+00
-4.119708688441770406e+00
-4.135992956693677058e+00
-4.152275602722000691e+00
-4.168556623527731375e+00
-4.184836016202647002e+00
-4.201113777929320392e+00
-4.217389905981108633e+00
-4.233664397722166406e+00
-4.249937250607436212e+00
-4.266208462182651928e+00
-4.282478030084340581e+00
-4.298745952039814355e+00
-4.315012225867181250e+00
-4.331276849475338864e+00
-4.347539820863976168e+00
-4.363801138123574397e+00
-4.380060799435399943e+00
-4.396318803071515013e+00
-4.412575147394774078e+00
-4.428829830858817651e+00
-4.445082852008082952e+00
-4.461334209477790580e+00
-4.477583901993958726e+00
-4.493831928373393403e+00
-4.510078287523691998e+00
-4.526322978443245937e+00
-4.542566000221230027e+00
-4.558807352037616667e+00
-4.575047033163167853e+00
-4.591285042959434293e+00
-4.607521380878760731e+00
-4.623756046464279734e+00
-4.639989039349915245e+00
-4.656220359260385244e+00
-4.672450006011194645e+00
-4.688677979508643290e+00
-4.704904279749817064e+00
-4.721128906822596782e+00
-4.737351860905651968e+00
-4.753573142268443519e+00
-4.769792751271227260e+00
-4.786010688365040622e+00
-4.802226954091721289e+00
-4.818441549083892106e+00
-4.834654474064969953e+00
-4.850865729849163088e+00
-4.867075317341465812e+00
-4.883283237537668242e+00
-4.899489491524349205e+00
-4.915694080478878902e+00
-4.931897005669421574e+00
-4.948098268454924842e+00
-4.964297870285133918e+00
-4.980495812700581837e+00
-4.996692097332596560e+00
-5.012886725903289431e+00
-5.029079700225569383e+00
-5.045271022203133171e+00
-5.061460693830469815e+00
-5.077648717192860595e+00
-5.093835094466372837e+00
-5.110019827917867907e+00
-5.126202919904999433e+00
-5.142384372876209753e+00
-5.158564189370734354e+00
-5.174742372018594772e+00
-5.190918923540608354e+00
-5.207093846748382937e+00
-5.223267144544314178e+00
-5.239438819921594437e+00
-5.255608875964197679e+00
-5.271777315846896350e+00
-5.287944142835252492e+00
-5.304109360285617747e+00
-5.320272971645136906e+00
-5.336434980451739918e+00
-5.352595390334154324e+00
-5.368754205011895486e+00
-5.384911428295270142e+00
-5.401067064085376401e+00
-5.417221116374101086e+00
-5.433373589244124169e+00
-5.449524486868916995e+00
-5.465673813512738732e+00
-5.481821573530646141e+00
-5.497967771368475809e+00
-5.514112411562865468e+00
-5.530255498741238895e+00
-5.546397037621812132e+00
-5.562537033013593479e+00
-5.578675489816378175e+00
-5.594812413020754605e+00
-5.610947807708102530e+00
-5.627081679050593088e+00
-5.643214032311189676e+00
-5.659344872843639074e+00
-5.675474206092487428e+00
-5.691602037593067820e+00
-5.707728372971505593e+00
-5.723853217944718352e+00
-5.739976578320408862e+00
-5.756098459997076588e+00
-5.772218868964010596e+00
-5.788337811301289548e+00
-5.804455293179785258e+00
-5.820571320861155584e+00
-5.836685900697855089e+00
-5.852799039133126158e+00
-5.868910742701002548e+00
-5.885021018026312056e+00
-5.901129871824664974e+00
-5.917237310902470959e+00
-5.933343342156927491e+00
-5.949447972576025201e+00
-5.965551209238538988e+00
-5.981653059314040455e+00
-5.997753530062892580e+00
-6.013852628836246161e+00
-6.029950363076046926e+00
-6.046046740315023982e+00
-6.062141768176704915e+00
-6.078235454375405133e+00
-6.094327806716230533e+00
-6.110418833095081936e+00
-6.126508541498643545e+00
-6.142596940004396266e+00
-6.158684036780611493e+00
-6.174769840086348438e+00
-6.190854358271462132e+00
-6.206937599776592762e+00
-6.223019573133174553e+00
-6.239100286963433106e+00
-6.255179749980384507e+00
-6.271257970987836217e+00
-6.287334958880382629e+00
-6.303410722643414843e+00
-6.319485271353110889e+00
-6.335558614176441061e+00
-6.351630760371169693e+00
-6.367701719285844497e+00
-6.383771500359809892e+00
-6.399840113123200780e+00
-6.415907567196940775e+00
-6.431973872292748418e+00
-6.448039038213126517e+00
-6.464103074851373698e+00
-6.480165992191579072e+00
-6.496227800308622236e+00
-6.512288509368174161e+00
-6.528348129626694529e+00
-6.544406671431435285e+00
-6.560464145220439747e+00
-6.576520561522541719e+00
-6.592575930957369046e+00
-6.608630264235332952e+00
-6.624683572157642253e+00
-6.640735865616293587e+00
-6.656787155594075855e+00
-6.672837453164571109e+00
-6.688886769492144779e+00
-6.704935115831960779e+00
-6.720982503529970842e+00
-6.737028944022917187e+00
-6.753074448838336963e+00
-6.769119029594550696e+00
-6.785162698000675618e+00
-6.801205465856618559e+00
-6.817247345053076835e+00
-6.833288347571541799e+00
-6.849328485484287299e+00
-6.865367770954387439e+00
-6.881406216235702367e+00
-6.897443833672884494e+00
-6.913480635701377608e+00
-6.929516634847413314e+00
-6.945551843728018149e+00
-6.961586275051006467e+00
-6.977619941614986665e+00
-6.993652856309356736e+00
-7.009685032114302494e+00
-7.025716482100804683e+00
-7.041747219430632754e+00
-7.057777257356351086e+00
-7.073806609221307440e+00
-7.089835288459647167e+00
-7.105863308596303440e+00
-7.121890683247000808e+00
-7.137917426118257858e+00
-7.153943551007376556e+00
-7.169969071802457350e+00
-7.185994002482387621e+00
-7.202018357116847902e+00
-7.218042149866309209e+00
-7.234065394982029495e+00
-7.250088106806062527e+00
-7.266110299771251668e+00
-7.282131988401229883e+00
-7.298153187310425061e+00
-7.314173911204048473e+00
-7.330194174878108093e+00
-7.346213993219403271e+00
-7.362233381205521177e+00
-7.378252353904842131e+00
-7.394270926476534278e+00
-7.410289114170560687e+00
-7.426306932327672250e+00
-7.442324396379412121e+00
-7.458341521848116606e+00
-7.474358324346907168e+00
-7.490374819579701082e+00
-7.506391023341203450e+00
-7.522406951516914297e+00
-7.538422620083122361e+00
-7.554438045106903310e+00
-7.570453242746129519e+00
-7.586468229249462958e+00
-7.602483020956354309e+00
-7.618497634297049181e+00
-7.634512085792578340e+00
-7.650526392054766589e+00
-7.666540569786231885e+00
-7.682554635780379115e+00
-7.698568606921408097e+00
-7.714582500184303804e+00
-7.730596332634847911e+00
-7.746610121429609919e+00
-7.762623883815951586e+00
-7.778637637132026050e+00
-7.794651398806772491e+00
-7.810665186359928569e+00
-7.826679017402016214e+00
-7.842692909634354059e+00
-7.858706880849047671e+00
-7.874720948928993103e+00
-7.890735131847880446e+00
-7.906749447670187614e+00
-7.922763914551185671e+00
-7.938778550736937945e+00
-7.954793374564292918e+00
-7.970808404460894891e+00
-7.986823658945176874e+00
-8.002839156626368577e+00
-8.018854916204478656e+00
-8.034870956470316017e+00
-8.050887296305480945e+00
-8.066903954682357991e+00
-8.082920950664131965e+00
-8.098938303404766614e+00
-8.114956032149025944e+00
