4.997670080076269672e-01
4.987660070114843802e-01
4.977650060439735569e-01
4.967640051315049265e-01
4.957630042981256979e-01
4.947620035661676186e-01
4.937610029562504166e-01
4.927600024872820783e-01
4.917590021764586816e-01
4.907580020392644515e-01
4.897570020894718157e-01
4.887560023391412378e-01
4.877550026908740177e-01
4.867540030029874898e-01
4.857530032837418799e-01
4.847520035428763974e-01
4.837510037905831672e-01
4.827500040375076185e-01
4.817490042947485396e-01
4.807480045738576901e-01
4.797470048868403558e-01
4.787460052461547932e-01
4.777450056647125076e-01
4.767440061558784192e-01
4.757430067334703638e-01
4.747420074117596478e-01
4.737410082054707150e-01
4.727400091297812024e-01
4.717390102003220509e-01
4.707380114331771725e-01
4.697370128448840609e-01
4.687360144524331251e-01
4.677350162732681893e-01
4.667340183252862151e-01
4.657330206268373018e-01
4.647320231967250193e-01
4.637310260542058526e-01
4.627300292189897024e-01
4.617290327112395509e-01
4.607280365515718512e-01
4.597270407610560272e-01
4.587260453612146960e-01
4.577250503740238896e-01
4.567240558219127777e-01
4.557230617277637230e-01
4.547220681149123367e-01
4.537210750071473120e-01
4.527200824287108682e-01
4.517190904042981403e-01
4.507180989590576781e-01
4.497171081185911135e-01
4.487161179089533269e-01
4.477151283566525031e-01
4.467141394886499639e-01
4.457131513323603911e-01
4.447121639156514372e-01
4.437111772668440590e-01
4.427101914147126283e-01
4.417092063884844877e-01
4.407082222178403952e-01
4.397072389329141906e-01
4.387062565642929068e-01
4.377052751430169364e-01
4.367042947005797537e-01
4.357033152689281930e-01
4.347023368804622256e-01
4.337013595680349609e-01
4.327003833649529230e-01
4.316994083049756070e-01
4.306984344223160344e-01
4.296974617516401973e-01
4.286964903280673367e-01
4.276955201871699974e-01
4.266945513649739175e-01
4.256935838979580833e-01
4.246926178230546745e-01
4.236916531776488970e-01
4.226906899995795941e-01
4.216897283271383579e-01
4.206887681990704730e-01
4.196878096545740289e-01
4.186868527333005296e-01
4.176858974753547282e-01
4.166849439212945150e-01
4.156839921121310288e-01
4.146830420893286573e-01
4.136820938948048698e-01
4.126811475709306065e-01
4.116802031605297230e-01
4.106792607068796563e-01
4.096783202537107038e-01
4.086773818452064666e-01
4.076764455260040165e-01
4.066755113411933964e-01
4.056745793363179531e-01
4.046736495573741710e-01
4.036727220508118386e-01
4.026717968635338818e-01
4.016708740428966973e-01
4.006699536367095416e-01
3.996690356932350863e-01
3.986681202611891406e-01
3.976672073897408732e-01
3.966662971285125905e-01
3.956653895275797916e-01
3.946644846374711690e-01
3.936635825091687191e-01
3.926626831941075202e-01
3.916617867441761214e-01
3.906608932117160982e-01
3.896600026495221636e-01
3.886591151108812481e-01
3.876582309604419407e-01
3.866573505081525863e-01
3.856564737463030745e-01
3.846556006671580374e-01
3.836547312629569606e-01
3.826538655259137389e-01
3.816530034482172873e-01
3.806521450220312075e-01
3.796512902394935107e-01
3.786504390927174502e-01
3.776495915737905218e-01
3.766487476747752416e-01
3.756479073877087016e-01
3.746470707046027915e-01
3.736462376174440880e-01
3.726454081181938549e-01
3.716445821987882092e-01
3.706437598511378440e-01
3.696429410671281945e-01
3.686421258386194943e-01
3.676413141574466636e-01
3.666405060154194206e-01
3.656397014043220040e-01
3.646389003159135056e-01
3.636381027419278156e-01
3.626373086740733442e-01
3.616365181040334664e-01
3.606357310234661329e-01
3.596349474240039257e-01
3.586341672972543360e-01
3.576333906347995972e-01
3.566326174281964634e-01
3.556318476689765418e-01
3.546310813486460156e-01
3.536303184586860882e-01
3.526295589905525385e-01
3.516288029356756661e-01
3.506280502854607906e-01
3.496273010312877516e-01
3.486265551645112426e-01
3.476258126764606438e-01
3.466250735584399667e-01
3.456243378017280765e-01
3.446236053975784697e-01
3.436228763372193296e-01
3.426221506118538040e-01
3.416214282126595059e-01
3.406207091307887902e-01
3.396199933573688101e-01
3.386192808835014612e-01
3.376185717002633813e-01
3.366178657987057843e-01
3.356171631698547375e-01
3.346164638047109952e-01
3.336157676942499428e-01
3.326150748294219306e-01
3.316143852011518289e-01
3.306136988003391952e-01
3.296130156178584403e-01
3.286123356445586063e-01
3.276116588712636446e-01
3.266109852887719156e-01
3.256103148878567999e-01
3.246096476592660873e-01
3.236089835937226433e-01
3.226083226819238536e-01
3.216076649145418465e-01
3.206070102822234924e-01
3.196063587755902380e-01
3.186057103852385497e-01
3.176050651017394699e-01
3.166044229156386725e-01
3.156037838174566290e-01
3.146031477976885538e-01
3.136025148468043477e-01
3.126018849552487100e-01
3.116012581134409709e-01
3.106006343117750923e-01
3.096000135406201115e-01
3.085993957903193086e-01
3.075987810511911502e-01
3.065981693135285124e-01
3.055975605675990692e-01
3.045969548036452923e-01
3.035963520118842296e-01
3.025957521825078933e-01
3.015951553056827050e-01
3.005945613715500508e-01
2.995939703702260037e-01
2.985933822918011571e-01
2.975927971263411798e-01
2.965922148638862055e-01
2.955916354944509994e-01
2.945910590080253466e-01
2.935904853945736637e-01
2.925899146440349430e-01
2.915893467463229749e-01
2.905887816913262922e-01
2.895882194689081701e-01
2.885876600689066263e-01
2.875871034811342541e-01
2.865865496953785563e-01
2.855859987014016110e-01
2.845854504889402947e-01
2.835849050477062816e-01
2.825843623673857663e-01
2.815838224376397969e-01
2.805832852481041084e-01
2.795827507883891783e-01
2.785822190480803373e-01
2.775816900167373258e-01
2.765811636838948484e-01
2.755806400390622413e-01
2.745801190717236384e-01
2.735796007713378053e-01
2.725790851273383608e-01
2.715785721291334442e-01
2.705780617661059928e-01
2.695775540276137416e-01
2.685770489029892238e-01
2.675765463815395484e-01
2.665760464525464557e-01
2.655755491052665396e-01
2.645750543289311918e-01
2.635745621127464355e-01
2.625740724458929809e-01
2.615735853175263359e-01
2.605731007167766400e-01
2.595726186327487750e-01
2.585721390545225873e-01
2.575716619711522215e-01
2.565711873716668978e-01
2.555707152450703012e-01
2.545702455803409703e-01
2.535697783664322968e-01
2.525693135922721932e-01
2.515688512467632032e-01
2.505683913187830014e-01
2.495679337971834777e-01
2.485674786707916528e-01
2.475670259284090957e-01
2.465665755588120067e-01
2.455661275507515506e-01
2.445656818929533571e-01
2.435652385741179926e-01
2.425647975829206271e-01
2.415643589080111175e-01
2.405639225380142021e-01
2.395634884615291393e-01
2.385630566671301245e-01
2.375626271433659009e-01
2.365621998787599267e-01
2.355617748618105967e-01
2.345613520809907426e-01
2.335609315247481887e-01
2.325605131815053073e-01
2.315600970396591574e-01
2.305596830875817072e-01
2.295592713136194452e-01
2.285588617060937966e-01
2.275584542533007071e-01
2.265580489435108924e-01
2.255576457649699218e-01
2.245572447058979126e-01
2.235568457544898358e-01
2.225564488989152656e-01
2.215560541273186579e-01
2.205556614278190442e-01
2.195552707885101984e-01
2.185548821974606926e-01
2.175544956427137300e-01
2.165541111122873674e-01
2.155537285941742653e-01
2.145533480763417433e-01
2.135529695467320854e-01
2.125525929932620406e-01
2.115522184038232945e-01
2.105518457662821086e-01
2.095514750684794314e-01
2.085511062982311481e-01
2.075507394433276087e-01
2.065503744915341000e-01
2.055500114305905401e-01
2.045496502482114509e-01
2.035492909320863464e-01
2.025489334698791777e-01
2.015485778492288604e-01
2.005482240577488862e-01
1.995478720830274333e-01
1.985475219126275892e-01
1.975471735340869617e-01
1.965468269349180397e-01
1.955464821026078603e-01
1.945461390246183975e-01
1.935457976883862008e-01
1.925454580813225069e-01
1.915451201908134338e-01
1.905447840042196472e-01
1.895444495088767223e-01
1.885441166920948097e-01
1.875437855411587473e-01
1.865434560433283095e-01
1.855431281858377357e-01
1.845428019558962018e-01
1.835424773406874877e-01
1.825421543273700598e-01
1.815418329030772659e-01
1.805415130549169744e-01
1.795411947699720179e-01
1.785408780352996938e-01
1.775405628379321532e-01
1.765402491648763172e-01
1.755399370031137107e-01
1.745396263396006842e-01
1.735393171612682750e-01
1.725390094550221520e-01
1.715387032077428653e-01
1.705383984062855685e-01
1.695380950374802131e-01
1.685377930881314379e-01
1.675374925450185404e-01
1.665371933948956995e-01
1.655368956244916145e-01
1.645365992205099215e-01
1.635363041696288322e-01
1.625360104585012455e-01
1.615357180737549692e-01
1.605354270019923313e-01
1.595351372297905412e-01
1.585348487437013842e-01
1.575345615302515268e-01
1.565342755759422666e-01
1.555339908672495053e-01
1.545337073906241643e-01
1.535334251324916022e-01
1.525331440792520865e-01
1.515328642172804885e-01
1.505325855329264217e-01
1.495323080125143533e-01
1.485320316423432152e-01
1.475317564086869593e-01
1.465314822977940579e-01
1.455312092958876979e-01
1.445309373891659477e-01
1.435306665638014234e-01
1.425303968059416226e-01
1.415301281017086465e-01
1.405298604371992832e-01
1.395295937984852574e-01
1.385293281716127312e-01
1.375290635426028862e-01
1.365287998974513695e-01
1.355285372221286255e-01
1.345282755025799526e-01
1.335280147247251692e-01
1.325277548744590028e-01
1.315274959376507014e-01
1.305272379001445049e-01
1.295269807477591184e-01
1.285267244662880171e-01
1.275264690414995850e-01
1.265262144591366711e-01
1.255259607049170612e-01
1.245257077645331584e-01
1.235254556236520251e-01
1.225252042679156328e-01
1.215249536829404453e-01
1.205247038543179050e-01
1.195244547676139607e-01
1.185242064083693175e-01
1.175239587620995479e-01
1.165237118142947448e-01
1.155234655504199515e-01
1.145232199559147179e-01
1.135229750161933782e-01
1.125227307166451196e-01
1.115224870426336362e-01
1.105222439794975586e-01
1.095220015125500795e-01
1.085217596270791340e-01
1.075215183083475246e-01
1.065212775415925461e-01
1.055210373120264444e-01
1.045207976110918840e-01
1.035205588858175013e-01
1.025203214076684799e-01
1.015200851618098671e-01
1.005198501334380323e-01
9.951961630778029255e-02
9.851938367009509256e-02
9.751915220567215770e-02
9.651892189983213299e-02
9.551869273792697179e-02
9.451846470533953326e-02
9.351823778748405425e-02
9.251801196980566355e-02
9.151778723778067337e-02
9.051756357691663479e-02
8.951734097275201862e-02
8.851711941085661783e-02
8.751689887683122837e-02
8.651667935630769080e-02
8.551646083494919559e-02
8.451624329844979744e-02
8.351602673253491482e-02
8.251581112296088594e-02
8.151559645551521849e-02
8.051538271601665908e-02
7.951516989031487403e-02
7.851495796429086571e-02
7.751474692385659782e-02
7.651453675495516193e-02
7.551432744356088855e-02
7.451411897567906950e-02
7.351391133734630490e-02
7.251370451463014233e-02
7.151349849362925726e-02
7.051329326047361956e-02
6.951308880132409107e-02
6.851288510237288354e-02
6.751268214984307292e-02
6.651247992998912673e-02
6.551227842909641830e-02
6.451207763348147661e-02
6.351187752949211118e-02
6.251167810350700960e-02
6.151147934193620243e-02
6.051128123122070934e-02
5.951108375783262933e-02
5.851088690827536271e-02
5.751069066908321564e-02
5.651049502682181647e-02
5.551029996808777567e-02
5.451010547950878998e-02
5.350991154774386444e-02
5.250971815948289600e-02
5.150952530144712466e-02
5.050933296038874476e-02
4.950914112309106468e-02
4.850894977636868721e-02
4.750875890706710014e-02
4.650856850206314119e-02
4.550837854826461637e-02
4.450818903261041792e-02
4.350799994207075333e-02
4.250781126364671508e-02
4.150762298437073866e-02
4.050743509130622089e-02
3.950724757154765870e-02
3.850706041222085735e-02
3.750687360048250707e-02
3.650668712352064110e-02
3.550650096855425403e-02
3.450631512283345442e-02
3.350612957363962446e-02
3.250594430828507297e-02
3.150575931411342401e-02
3.050557457849921439e-02
2.950539008884831699e-02
2.850520583259755561e-02
2.750502179721487847e-02
2.650483797019951779e-02
2.550465433908160814e-02
2.450447089142262017e-02
2.350428761481497889e-02
2.250410449688223027e-02
2.150392152527920778e-02
2.050373868769163679e-02
1.950355597183659265e-02
1.850337336546209813e-02
1.750319085634730043e-02
1.650300843230262382e-02
1.550282608116940533e-02
1.450264379082030937e-02
1.350246154915896168e-02
1.250227934412010376e-02
1.150209716366976630e-02
1.050191499580487714e-02
9.501732828553703658e-03
8.501550649975469359e-03
7.501368448160516955e-03
6.501186211230474028e-03
5.501003927337865321e-03
4.500821584666561161e-03
3.500639171431325133e-03
2.500456675878265974e-03
1.500274086284443791e-03
5.000913909580391968e-04
-5.000914217615367533e-04
-1.500274363503752931e-03
-2.500457445867070028e-03
-3.500640680418772282e-03
-4.500824078695025814e-03
-5.501007652200986392e-03
-6.501191412410357515e-03
-7.501375370766056976e-03
-8.501559538679771474e-03
-9.501743927532065037e-03
-1.050192854867249698e-02
-1.150211341341917173e-02
-1.250229853305940934e-02
-1.350248391884929441e-02
-1.450266958201379582e-02
-1.550285553374687077e-02
-1.650304178521102769e-02
-1.750322834753798365e-02
-1.850341523182823245e-02
-1.950360244915113478e-02
-2.050379001054505532e-02
-2.150397792701690125e-02
-2.250416620954279190e-02
-2.350435486906761809e-02
-2.450454391650514971e-02
-2.550473336273814673e-02
-2.650492321861791511e-02
-2.750511349496498337e-02
-2.850530420256863762e-02
-2.950549535218705000e-02
-3.050568695454738272e-02
-3.150587902034534399e-02
-3.250607156024586109e-02
-3.350626458488261544e-02
-3.450645810485819531e-02
-3.550665213074415127e-02
-3.650684667308060072e-02
-3.750704174237686622e-02
-3.850723734911103840e-02
-3.950743350373008694e-02
-4.050763021664999242e-02
-4.150782749825524670e-02
-4.250802535889958850e-02
-4.350822380890551067e-02
-4.450842285856438513e-02
-4.550862251813657389e-02
-4.650882279785099882e-02
-4.750902370790578005e-02
-4.850922525846781963e-02
-4.950942745967298886e-02
-5.050963032162573974e-02
-5.150983385439970863e-02
-5.251003806803732077e-02
-5.351024297254986656e-02
-5.451044857791763343e-02
-5.551065489408945480e-02
-5.651086193098338317e-02
-5.751106969848623907e-02
-5.851127820645371513e-02
-5.951148746471050799e-02
-6.051169748304983942e-02
-6.151190827123417110e-02
-6.251211983899472580e-02
-6.351233219603158453e-02
-6.451254535201385309e-02
-6.551275931657916940e-02
-6.651297409933437654e-02
-6.751318970985509260e-02
-6.851340615768582165e-02
-6.951362345234006479e-02
-7.051384160329984829e-02
-7.151406062001641750e-02
-7.251428051190982049e-02
-7.351450128836893583e-02
-7.451472295875165297e-02
-7.551494553238442820e-02
-7.651516901856290909e-02
-7.751539342655151821e-02
-7.851561876558356412e-02
-7.951584504486132465e-02
-8.051607227355564445e-02
-8.151630046080658720e-02
-8.251652961572296385e-02
-8.351675974738249908e-02
-8.451699086483187295e-02
-8.551722297708633236e-02
-8.651745609313031549e-02
-8.751769022191707714e-02
-8.851792537236870262e-02
-8.951816155337628811e-02
-9.051839877379948274e-02
-9.151863704246714082e-02
-9.251887636817689164e-02
-9.351911675969523663e-02
-9.451935822575768809e-02
-9.551960077506826963e-02
-9.651984441630023781e-02
-9.752008915809563805e-02
-9.852033500906536012e-02
-9.952058197778931858e-02
-1.005208300728159532e-01
-1.015210793026629227e-01
-1.025213296758166470e-01
-1.035215812007324460e-01
-1.045218338858346224e-01
-1.055220877395160045e-01
-1.065223427701386671e-01
-1.075225989860334463e-01
-1.085228563955001335e-01
-1.095231150068071285e-01
-1.105233748281919948e-01
-1.115236358678610984e-01
-1.125238981339896499e-01
-1.135241616347218707e-01
-1.145244263781705490e-01
-1.155246923724176644e-01
-1.165249596255139575e-01
-1.175252281454790548e-01
-1.185254979403015940e-01
-1.195257690179387516e-01
-1.205260413863168817e-01
-1.215263150533311687e-01
-1.225265900268456137e-01
-1.235268663146932705e-01
-1.245271439246757039e-01
-1.255274228645636980e-01
-1.265277031420967702e-01
-1.275279847649834208e-01
-1.285282677409010088e-01
-1.295285520774955568e-01
-1.305288377823822510e-01
-1.315291248631449972e-01
-1.325294133273366703e-01
-1.335297031824790870e-01
-1.345299944360626443e-01
-1.355302870955468753e-01
-1.365305811683601711e-01
-1.375308766618997813e-01
-1.385311735835318969e-01
-1.395314719405913451e-01
-1.405317717403820610e-01
-1.415320729901768104e-01
-1.425323756972172451e-01
-1.435326798687140137e-01
-1.445329855118462625e-01
-1.455332926337623844e-01
-1.465336012415795197e-01
-1.475339113423837778e-01
-1.485342229432300987e-01
-1.495345360511421140e-01
-1.505348506731126190e-01
-1.515351668161031284e-01
-1.525354844870441262e-01
-1.535358036928350378e-01
-1.545361244403438139e-01
-1.555364467364076797e-01
-1.565367705878325799e-01
-1.575370960013933452e-01
-1.585374229838338034e-01
-1.595377515418663628e-01
-1.605380816821726231e-01
-1.615384134114029036e-01
-1.625387467361764648e-01
-1.635390816630815369e-01
-1.645394181986749305e-01
-1.655397563494826196e-01
-1.665400961219993536e-01
-1.675404375226887954e-01
-1.685407805579835494e-01
-1.695411252342848285e-01
-1.705414715579630369e-01
-1.715418195353572983e-01
-1.725421691727757056e-01
-1.735425204764952656e-01
-1.745428734527615378e-01
-1.755432281077893841e-01
-1.765435844477623029e-01
-1.775439424788329001e-01
-1.785443022071222241e-01
-1.795446636387206529e-01
-1.805450267796872565e-01
-1.815453916360499909e-01
-1.825457582138058088e-01
-1.835461265189202162e-01
-1.845464965573279381e-01
-1.855468683349324743e-01
-1.865472418576061830e-01
-1.875476171311904194e-01
-1.885479941614950916e-01
-1.895483729542992990e-01
-1.905487535153509715e-01
-1.915491358503668418e-01
-1.925495199650326950e-01
-1.935499058650028414e-01
-1.945502935559007829e-01
-1.955506830433187959e-01
-1.965510743328180987e-01
-1.975514674299288231e-01
-1.985518623401496541e-01
-1.995522590689485787e-01
-2.005526576217622203e-01
-2.015530580039961717e-01
-2.025534602210250223e-01
-2.035538642781918595e-01
-2.045542701808090169e-01
-2.055546779341575758e-01
-2.065550875434875033e-01
-2.075554990140177913e-01
-2.085559123509359014e-01
-2.095563275593986252e-01
-2.105567446445313906e-01
-2.115571636114286225e-01
-2.125575844651536317e-01
-2.135580072107383931e-01
-2.145584318531839896e-01
-2.155588583974603345e-01
-2.165592868485061995e-01
-2.175597172112293531e-01
-2.185601494905060893e-01
-2.195605836911819486e-01
-2.205610198180712467e-01
-2.215614578759571018e-01
-2.225618978695917682e-01
-2.235623398036958864e-01
-2.245627836829593993e-01
-2.255632295120410247e-01
-2.265636772955683387e-01
-2.275641270381378867e-01
-2.285645787443148225e-01
-2.295650324186334357e-01
-2.305654880655968186e-01
-2.315659456896770052e-01
-2.325664052953149152e-01
-2.335668668869200770e-01
-2.345673304688712379e-01
-2.355677960455158926e-01
-2.365682636211705048e-01
-2.375687332001201468e-01
-2.385692047866190546e-01
-2.395696783848902389e-01
-2.405701539991255966e-01
-2.415706316334860493e-01
-2.425711112921010160e-01
-2.435715929790691625e-01
-2.445720766984579020e-01
-2.455725624543035057e-01
-2.465730502506113253e-01
-2.475735400913551543e-01
-2.485740319804780885e-01
-2.495745259218919154e-01
-2.505750219194773365e-01
-2.515755199770840500e-01
-2.525760200985303072e-01
-2.535765222876035785e-01
-2.545770265480600814e-01
-2.555775328836248916e-01
-2.565780412979921099e-01
-2.575785517948243619e-01
-2.585790643777535758e-01
-2.595795790503803158e-01
-2.605800958162741154e-01
-2.615806146789734776e-01
-2.625811356419853748e-01
-2.635816587087861929e-01
-2.645821838828208428e-01
-2.655827111675032604e-01
-2.665832405662163507e-01
-2.675837720823115440e-01
-2.685843057191095729e-01
-2.695848414798997505e-01
-2.705853793679404706e-01
-2.715859193864589849e-01
-2.725864615386511813e-01
-2.735870058276820838e-01
-2.745875522566855742e-01
-2.755881008287642819e-01
-2.765886515469899165e-01
-2.775892044144027682e-01
-2.785897594340123185e-01
-2.795903166087967406e-01
-2.805908759417031773e-01
-2.815914374356476846e-01
-2.825920010935150106e-01
-2.835925669181588726e-01
-2.845931349124020127e-01
-2.855937050790359200e-01
-2.865942774208211086e-01
-2.875948519404865622e-01
-2.885954286407305669e-01
-2.895960075242202114e-01
-2.905965885935913873e-01
-2.915971718514489552e-01
-2.925977573003664123e-01
-2.935983449428863912e-01
-2.945989347815203274e-01
-2.955995268187485703e-01
-2.966001210570203828e-01
-2.976007174987536086e-01
-2.986013161463353938e-01
-2.996019170021214650e-01
-3.006025200684366294e-01
-3.016031253475744967e-01
-3.026037328417974237e-01
-3.036043425533367923e-01
-3.046049544843928980e-01
-3.056055686371349500e-01
-3.066061850137006828e-01
-3.076068036161971331e-01
-3.086074244467000849e-01
-3.096080475072540694e-01
-3.106086727998728092e-01
-3.116093003265384409e-01
-3.126099300892023480e-01
-3.136105620897847168e-01
-3.146111963301745362e-01
-3.156118328122298755e-01
-3.166124715377773291e-01
-3.176131125086126272e-01
-3.186137557265004139e-01
-3.196144011931740248e-01
-3.206150489103359313e-01
-3.216156988796571858e-01
-3.226163511027778652e-01
-3.236170055813069601e-01
-3.246176623168223752e-01
-3.256183213108708729e-01
-3.266189825649678524e-01
-3.276196460805979038e-01
-3.286203118592144201e-01
-3.296209799022395970e-01
-3.306216502110647104e-01
-3.316223227870494505e-01
-3.326229976315229209e-01
-3.336236747457828611e-01
-3.346243541310958691e-01
-3.356250357886976232e-01
-3.366257197197922157e-01
-3.376264059255531524e-01
-3.386270944071225752e-01
-3.396277851656114843e-01
-3.406284782020999047e-01
-3.416291735176364974e-01
-3.426298711132390040e-01
-3.436305709898939686e-01
-3.446312731485568492e-01
-3.456319775901521285e-01
-3.466326843155727588e-01
-3.476333933256809394e-01
-3.486341046213076167e-01
-3.496348182032526508e-01
-3.506355340722848712e-01
-3.516362522291416881e-01
-3.526369726745296473e-01
-3.536376954091242086e-01
-3.546384204335695234e-01
-3.556391477484788788e-01
-3.566398773544340872e-01
-3.576406092519860414e-01
-3.586413434416546586e-01
-3.596420799239284372e-01
-3.606428186992651219e-01
-3.616435597680908720e-01
-3.626443031308010378e-01
-3.636450487877598836e-01
-3.646457967393004762e-01
-3.656465469857246298e-01
-3.666472995273031277e-01
-3.676480543642757781e-01
-3.686488114968510810e-01
-3.696495709252066719e-01
-3.706503326494886008e-01
-3.716510966698121643e-01
-3.726518629862615173e-01
-3.736526315988896174e-01
-3.746534025077183916e-01
-3.756541757127384029e-01
-3.766549512139092948e-01
-3.776557290111596799e-01
-3.786565091043868070e-01
-3.796572914934571163e-01
-3.806580761782055178e-01
-3.816588631584361124e-01
-3.826596524339218042e-01
-3.836604440044043551e-01
-3.846612378695945522e-01
-3.856620340291716520e-01
-3.866628324827842689e-01
-3.876636332300496535e-01
-3.886644362705539146e-01
-3.896652416038523525e-01
-3.906660492294685705e-01
-3.916668591468955851e-01
-3.926676713555949938e-01
-3.936684858549974741e-01
-3.946693026445025065e-01
-3.956701217234782075e-01
-3.966709430912619960e-01
-3.976717667471599271e-01
-3.986725926904469142e-01
-3.996734209203670063e-01
-4.006742514361327223e-01
-4.016750842369257168e-01
-4.026759193218965027e-01
-4.036767566901645621e-01
-4.046775963408181243e-01
-4.056784382729142213e-01
-4.066792824854789101e-01
-4.076801289775071613e-01
-4.086809777479626371e-01
-4.096818287957782467e-01
-4.106826821198552024e-01
-4.116835377190640743e-01
-4.126843955922441798e-01
-4.136852557382036943e-01
-4.146861181557197629e-01
-4.156869828435381109e-01
-4.166878498003737108e-01
-4.176887190249102266e-01
-4.186895905158002917e-01
-4.196904642716653977e-01
-4.206913402910956723e-01
-4.216922185726505456e-01
-4.226930991148580286e-01
-4.236939819162151566e-01
-4.246948669751878791e-01
-4.256957542902107261e-01
-4.266966438596874189e-01
-4.276975356819904817e-01
-4.286984297554612966e-01
-4.296993260784102708e-01
-4.307002246491162256e-01
-4.317011254658273955e-01
-4.327020285267606514e-01
-4.337029338301018888e-01
-4.347038413740055285e-01
-4.357047511565952380e-01
-4.367056631759635432e-01
-4.377065774301716061e-01
-4.387074939172497801e-01
-4.397084126351969435e-01
-4.407093335819811109e-01
-4.417102567555391546e-01
-4.427111821537767500e-01
-4.437121097745685416e-01
-4.447130396157579213e-01
-4.457139716751571945e-01
-4.467149059505476916e-01
-4.477158424396794900e-01
-4.487167811402716922e-01
-4.497177220500119255e-01
-4.507186651665570642e-01
-4.517196104875327300e-01
-4.527205580105335136e-01
-4.537215077331227531e-01
-4.547224596528326446e-01
-4.557234137671644092e-01
-4.567243700735880707e-01
-4.577253285695425111e-01
-4.587262892524356372e-01
-4.597272521196439921e-01
-4.607282171685130878e-01
-4.617291843963574616e-01
-4.627301538004604531e-01
-4.637311253780742604e-01
-4.647320991264197731e-01
-4.657330750426871280e-01
-4.667340531240350421e-01
-4.677350333675913130e-01
-4.687360157704526520e-01
-4.697370003296842400e-01
-4.707379870423206158e-01
-4.717389759053649545e-01
-4.727399669019352046e-01
-4.737409589065376680e-01
-4.747419511976884166e-01
-4.757429437626004565e-01
-4.767439365886325664e-01
-4.777449296632890197e-01
-4.787459229742199729e-01
-4.797469165092207999e-01
-4.807479102562330353e-01
-4.817489042033437086e-01
-4.827498983387853992e-01
-4.837508926509365703e-01
-4.847518871283210684e-01
-4.857528817596086790e-01
-4.867538765336146822e-01
-4.877548714393001861e-01
-4.887558664657718488e-01
-4.897568616022818788e-01
-4.907578568382284234e-01
-4.917588521631550691e-01
-4.927598475667513411e-01
-4.937608430388519820e-01
-4.947618385694378396e-01
-4.957628341486352008e-01
-4.967638297667160696e-01
-4.977648254140982775e-01
-4.987658210813449844e-01
-4.997668167591652333e-01
