-2.988332448532426966e-02
-2.988332531118231827e-02
-2.988333068331616715e-02
-2.988334358075572794e-02
-2.988336530648583178e-02
-2.988339584758525902e-02
-2.988343387732550482e-02
-2.988347675516456192e-02
-2.988352052675669057e-02
-2.988355992394042815e-02
-2.988358836475057956e-02
-2.988359795341288816e-02
-2.988357516716888540e-02
-2.988349527021716412e-02
-2.988333418845723344e-02
-2.988306827804176891e-02
-2.988267430313085171e-02
-2.988212943588575143e-02
-2.988141125647869600e-02
-2.988049775308265765e-02
-2.987936732188201105e-02
-2.987799876706720426e-02
-2.987637130083120596e-02
-2.987446454337661095e-02
-2.987225852290897876e-02
-2.986973367564349502e-02
-2.986687084580141871e-02
-2.986365128560608539e-02
-2.986005665529356534e-02
-2.985606902309889676e-02
-2.985167086526896441e-02
-2.984684506605628229e-02
-2.984157491771632920e-02
-2.983584412051465407e-02
-2.982963678271843833e-02
-2.982293742060582176e-02
-2.981573095846101751e-02
-2.980800272856942712e-02
-2.979973847122918684e-02
-2.979092433473784496e-02
-2.978154687540479628e-02
-2.977159305754595309e-02
-2.976105025347797195e-02
-2.974990624352980007e-02
-2.973814921603024075e-02
-2.972576776732038795e-02
-2.971275090174652078e-02
-2.969908803165743905e-02
-2.968476897741290088e-02
-2.966978396737296464e-02
-2.965412363790997929e-02
-2.963777903340192310e-02
-2.962074160622707453e-02
-2.960300321677866719e-02
-2.958455613344668222e-02
-2.956539303263516771e-02
-2.954550699875291286e-02
-2.952489152420989527e-02
-2.950354050943015949e-02
-2.948144826283538578e-02
-2.945860950086087726e-02
-2.943501934794623409e-02
-2.941067333653268889e-02
-2.938556740707509718e-02
-2.935969790802772650e-02
-2.933306159585580275e-02
-2.930565563503106929e-02
-2.927747759802512562e-02
-2.924852546532452635e-02
-2.921879762541479408e-02
-2.918829287479240975e-02
-2.915701041795992765e-02
-2.912494986742109049e-02
-2.909211124369281976e-02
-2.905849497529189307e-02
-2.902410189874649049e-02
-2.898893325859042136e-02
-2.895297757542891759e-02
-2.891622239469704425e-02
-2.887867320577575114e-02
-2.884033559120524615e-02
-2.880121516866074316e-02
-2.876131759095201801e-02
-2.872064854603451067e-02
-2.867921375699333808e-02
-2.863701898205928131e-02
-2.859407001459901565e-02
-2.855037268311244603e-02
-2.850593285124558562e-02
-2.846075641777501275e-02
-2.841484931662163760e-02
-2.836821751684315274e-02
-2.832086702263092448e-02
-2.827280387331843059e-02
-2.822403414337948391e-02
-2.817456394241979467e-02
-2.812439941518984909e-02
-2.807354674157158669e-02
-2.802201213658994661e-02
-2.796980185040887079e-02
-2.791692216832464268e-02
-2.786337941077876579e-02
-2.780917993334419691e-02
-2.775433012673644839e-02
-2.769883641681003539e-02
-2.764270526455225863e-02
-2.758594316609519481e-02
-2.752855665270237395e-02
-2.747055229077988159e-02
-2.741193668187369425e-02
-2.735271646266212997e-02
-2.729289830496650637e-02
-2.723248891574270303e-02
-2.717149503708693459e-02
-2.710992344623575079e-02
-2.704778095555759876e-02
-2.698507441256614570e-02
-2.692181069990695619e-02
-2.685799673536726218e-02
-2.679363947187418660e-02
-2.672874589748763796e-02
-2.666332303541052440e-02
-2.659737794398076005e-02
-2.653091771667615006e-02
-2.646394948211350240e-02
-2.639648040404374285e-02
-2.632851768136124093e-02
-2.626006854809403990e-02
-2.619114027341140627e-02
-2.612174016162027712e-02
-2.605187555216259554e-02
-2.598155381962330424e-02
-2.591078237372101967e-02
-2.583956865931602565e-02
-2.576792015640627653e-02
-2.569584438012384453e-02
-2.562334888074513373e-02
-2.555044124367933378e-02
-2.547712908947685762e-02
-2.540342007382712097e-02
-2.532932188755276925e-02
-2.525484225662122384e-02
-2.517998894213135941e-02
-2.510476974032549435e-02
-2.502919248258272944e-02
-2.495326503541805963e-02
-2.487699530048814722e-02
-2.480039121458288420e-02
-2.472346074963605034e-02
-2.464621191271731959e-02
-2.456865274603181604e-02
-2.449079132692766336e-02
-2.441263576788488265e-02
-2.433419421652827097e-02
-2.425547485561851957e-02
-2.417648590305132572e-02
-2.409723561186538632e-02
-2.401773227023218382e-02
-2.393798420146575623e-02
-2.385799976401914435e-02
-2.377778735147773048e-02
-2.369735539257122880e-02
-2.361671235116258316e-02
-2.353586672625596066e-02
-2.345482705199497531e-02
-2.337360189765602669e-02
-2.329219986765984629e-02
-2.321062960155950705e-02
-2.312889977405019337e-02
-2.304701909496653656e-02
-2.296499630927550939e-02
-2.288284019708886063e-02
-2.280055957364979236e-02
-2.271816328934495033e-02
-2.263566022969865088e-02
-2.255305931536977226e-02
-2.247036950216019235e-02
-2.238759978100457460e-02
-2.230475917797924978e-02
-2.222185675430043972e-02
-2.213890160631670767e-02
-2.205590286552094881e-02
-2.197286969853884386e-02
-2.188981130713774093e-02
-2.180673692822399090e-02
-2.172365583383717436e-02
-2.164057733116120374e-02
-2.155751076251233300e-02
-2.147446550534803933e-02
-2.139145097226657910e-02
-2.130847661099721790e-02
-2.122555190441621775e-02
-2.114268637052818534e-02
-2.105988956248339150e-02
-2.097717106856933356e-02
-2.089454051220762665e-02
-2.081200755196377372e-02
-2.072958188153428694e-02
-2.064727322975912216e-02
-2.056509136061812626e-02
-2.048304607322171123e-02
-2.040114720182772956e-02
-2.031940461582193436e-02
-2.023782821973707513e-02
-2.015642795324135150e-02
-2.007521379113841320e-02
-1.999419574337446548e-02
-1.991338385502783304e-02
-1.983275851074939311e-02
-1.975225806008773510e-02
-1.967188429801924876e-02
-1.959164168709781606e-02
-1.951153461946431023e-02
-1.943156741685658773e-02
-1.935174433060704580e-02
-1.927206954163507291e-02
-1.919254716045792897e-02
-1.911318122718674850e-02
-1.903397571152143364e-02
-1.895493451276064611e-02
-1.887606145978959482e-02
-1.879736031109180416e-02
-1.871883475474378500e-02
-1.864048840841081578e-02
-1.856232481935760070e-02
-1.848434746443494703e-02
-1.840655975009219958e-02
-1.832896501237146758e-02
-1.825156651690384990e-02
-1.817436745891964911e-02
-1.809737096323549288e-02
-1.802058008426610236e-02
-1.794399780601962924e-02
-1.786762704209277075e-02
-1.779147063568142784e-02
-1.771553135956827063e-02
-1.763981191613339661e-02
-1.756431493735055582e-02
-1.748904298478248798e-02
-1.741399854959069238e-02
-1.733918405252321548e-02
-1.726460184392619723e-02
-1.719025420373920809e-02
-1.711614334149036409e-02
-1.704227139630698495e-02
-1.696864043690293755e-02
-1.689525246158996019e-02
-1.682210939827322171e-02
-1.674921310444732470e-02
-1.667656536720341087e-02
-1.660416790322294389e-02
-1.653202235878259430e-02
-1.646013030975357339e-02
-1.638849326159519393e-02
-1.631711264936552830e-02
-1.624598983771141647e-02
-1.617512612087468327e-02
-1.610452272269258245e-02
-1.603418079659046924e-02
-1.596410142559179235e-02
-1.589428562230876807e-02
-1.582473432894948573e-02
-1.575544841731679746e-02
-1.568642868880143482e-02
-1.561767587439266691e-02
-1.554919063466875251e-02
-1.548097355980315726e-02
-1.541302516956433166e-02
-1.534534591330904973e-02
-1.527793616999262305e-02
-1.521079624815779852e-02
-1.514392638594452833e-02
-1.507732675108708342e-02
-1.501099744090761412e-02
-1.494493848232725242e-02
-1.487914983185456563e-02
-1.481363137559510434e-02
-1.474838292924895988e-02
-1.468340423810365891e-02
-1.461869497704593179e-02
-1.455425475055061035e-02
-1.449008309268906558e-02
-1.442617946712654309e-02
-1.436254326711594587e-02
-1.429917381551071287e-02
-1.423607036475083021e-02
-1.417323209687326724e-02
-1.411065812350931203e-02
-1.404834748587724391e-02
-1.398629915479654429e-02
-1.392451203067235355e-02
-1.386298494350790556e-02
-1.380171665289964267e-02
-1.374070584803210870e-02
-1.367995114769016141e-02
-1.361945110024476158e-02
-1.355920418366474145e-02
-1.349920880551258584e-02
-1.343946330293821489e-02
-1.337996594269186268e-02
-1.332071492111097655e-02
-1.326170836412954301e-02
-1.320294432727564526e-02
-1.314442079566546795e-02
-1.308613568401484351e-02
-1.302808683662592948e-02
-1.297027202739964302e-02
-1.291268895982944365e-02
-1.285533526699689233e-02
-1.279820851158386397e-02
-1.274130618585789243e-02
-1.268462571168593733e-02
-1.262816444052683451e-02
-1.257191965342818740e-02
-1.251588856103724723e-02
-1.246006830358781237e-02
-1.240445595091155262e-02
-1.234904850243401242e-02
-1.229384288716772744e-02
-1.223883596372643545e-02
-1.218402452030886707e-02
-1.212940527471273455e-02
-1.207497487432918071e-02
-1.202072989613678367e-02
-1.196666684671443548e-02
-1.191278216222713127e-02
-1.185907220843795962e-02
-1.180553328070388375e-02
-1.175216160396908016e-02
-1.169895333277826133e-02
-1.164590455126179869e-02
-1.159301127314882329e-02
-1.154026944176234082e-02
-1.148767493001123796e-02
-1.143522354040649169e-02
-1.138291100504451592e-02
-1.133073298561981801e-02
-1.127868507342077997e-02
-1.122676278932233096e-02
-1.117496158380126836e-02
-1.112327683691938240e-02
-1.107170385833788906e-02
-1.102023788730854825e-02
-1.096887409267455205e-02
-1.091760757287740802e-02
-1.086643335594406068e-02
-1.081534639950154641e-02
-1.076434159076855579e-02
-1.071341374655276901e-02
-1.066255761325995977e-02
-1.061176786688800000e-02
-1.056103911302441745e-02
-1.051036588685549944e-02
-1.045974265315419149e-02
-1.040916380629264282e-02
-1.035862367023365760e-02
-1.030811649853147216e-02
-1.025763647433675096e-02
-1.020717771038925914e-02
-1.015673424902630018e-02
-1.010630006217672072e-02
-1.005586905135991138e-02
-1.000543504769280112e-02
-9.954991811880753438e-03
-9.904533034226448152e-03
-9.854052334624774367e-03
-9.803543262560610039e-03
-9.752999297116815569e-03
-9.702413846964574873e-03
-9.651780250371277958e-03
-9.601091775198633549e-03
-9.550341618896895923e-03
-9.499522908514523856e-03
-9.448628700688410653e-03
-9.397651981651655717e-03
-9.346585667231788186e-03
-9.295422602844660709e-03
-9.244155563504441453e-03
-9.192777253813733118e-03
-9.141280307971344499e-03
-9.089657289770403104e-03
-9.037900692592693019e-03
-8.986002939417869761e-03
-8.933956382814245423e-03
-8.881753304946449212e-03
-8.829385917573318032e-03
-8.776846362042234340e-03
-8.724126709298563043e-03
-8.671218959876436649e-03
-8.618116573237410982e-03
-8.564839392220191527e-03
-8.511389966704308030e-03
-8.457760475857667437e-03
-8.403943102634925388e-03
-8.349930033786034933e-03
-8.295713459853915062e-03
-8.241285575168788569e-03
-8.186638577858396104e-03
-8.131764669837004966e-03
-8.076656056814512930e-03
-8.021304948293672687e-03
-7.965703557564540738e-03
-7.909844101714469389e-03
-7.853718801617892709e-03
-7.797319881944320130e-03
-7.740639571156560095e-03
-7.683670101503836669e-03
-7.626403709033890976e-03
-7.568832633580768743e-03
-7.510949118773813105e-03
-7.452745412035888251e-03
-7.394213764575607861e-03
-7.335346431400879830e-03
-7.276135671305361541e-03
-7.216573746878340856e-03
-7.156652924502515667e-03
-7.096365474346222335e-03
-7.035703670377091434e-03
-6.974659790348836097e-03
-6.913226115810466865e-03
-6.851394932104293289e-03
-6.789158528358707478e-03
-6.726509197501284731e-03
-6.663439236245349839e-03
-6.599940945099525003e-03
-6.536006628366286542e-03
-6.471628594133638224e-03
-6.406799154289044562e-03
-6.341510624505553029e-03
-6.275755324251897083e-03
-6.209525576790109191e-03
-6.142813709168026826e-03
-6.075612052233336779e-03
-6.007912940617810005e-03
-5.939708712751012865e-03
-5.870991710854533974e-03
-5.801754280936044506e-03
-5.731988772802953935e-03
-5.661687540046922429e-03
-5.590842940057294541e-03
-5.519447334015437079e-03
-5.447493086888965941e-03
-5.374972567444902261e-03
-5.301878148234906440e-03
-5.228202205608156738e-03
-5.153937119705631620e-03
-5.079075274454947220e-03
-5.003609057582958375e-03
-4.927530860600937146e-03
-4.850833078818006516e-03
-4.773508111335034165e-03
-4.695548361039303398e-03
-4.616946234617558265e-03
-4.537694142540904529e-03
-4.457784499078243368e-03
-4.377209722290276162e-03
-4.295962234024119919e-03
-4.214034459926296883e-03
-4.131418829427802031e-03
-4.048107775757314730e-03
-3.964093735935314555e-03
-3.879369150768752217e-03
-3.793926464863983661e-03
-3.707758126611809812e-03
-3.620856588200632720e-03
-3.533214305610959949e-03
-3.444823738609353869e-03
-3.355677350762087396e-03
-3.265767609419767403e-03
-3.175086985731045974e-03
-3.083627954634959867e-03
-2.991382994859154154e-03
-2.898344588927792564e-03
-2.804505223155839833e-03
-2.709857387647174320e-03
-2.614393576302220801e-03
-2.518106286808430294e-03
-2.420988020649744721e-03
-2.323031283100962519e-03
-2.224228583225823508e-03
-2.124572433884586165e-03
-2.024055351724368679e-03
-1.922669857189071574e-03
-1.820408474513271480e-03
-1.717263731720500286e-03
-1.613228160630780783e-03
-1.508294296851217520e-03
-1.402454679785378189e-03
-1.295701852627728634e-03
-1.188028362361537305e-03
-1.079426759766757837e-03
-9.698895994102105234e-04
-8.594094396553383919e-04
-7.479788426563716008e-04
-6.355903743564608743e-04
-5.222366044953102859e-04
-4.079101065999728160e-04
-2.926034579925629320e-04
-1.763092397882651263e-04
-5.902003688966483974e-05
5.927156200334973701e-05
1.785729644050160214e-04
2.988915740322964365e-04
4.202347908105578955e-04
5.426100108777767717e-04
6.660246265731140092e-04
7.904860264521390567e-04
9.160015952716024645e-04
1.042578713997051321e-03
1.170224759806673398e-03
1.298947106079778591e-03
1.428753122412140808e-03
1.559650174600704653e-03
1.691645624651169633e-03
1.824746830781931450e-03
1.958961147412494053e-03
2.094295925178776829e-03
2.230758510917932314e-03
2.368356247675895698e-03
2.507096474711117962e-03
2.646986527483408125e-03
2.788033737668810241e-03
2.930245433144684775e-03
3.073628937997119337e-03
3.218191572524786714e-03
3.363940653227648347e-03
3.510883492821997853e-03
3.659027400225278726e-03
3.808379680563800385e-03
3.958947635176485180e-03
4.110738561603405339e-03
4.263759753601020774e-03
4.418018501127052300e-03
4.573522090347947877e-03
4.730277803642740642e-03
4.888292919591780139e-03
5.047574712991748092e-03
5.208130454840365076e-03
5.369967412344411883e-03
5.533092848923115703e-03
5.697514024196936866e-03
5.863238194002751147e-03
6.030272610378528686e-03
6.198624521571161061e-03
6.368301172040125024e-03
6.539309802445991693e-03
6.711657649665858649e-03
6.885351946777973353e-03
7.060399923069227146e-03
7.236808804038596943e-03
7.414585811389207137e-03
7.593738163035934630e-03
7.774273073097914821e-03
7.956197751902427395e-03
8.139519405988615564e-03
8.324245238099492461e-03
8.510382447190434352e-03
8.697938228420742934e-03
8.886919773157753166e-03
9.077334268980719045e-03
9.269188899673153070e-03
9.462490845230320247e-03
9.657247281851799592e-03
9.853465381945092361e-03
1.005115231412972987e-02
1.025031524322933540e-02
1.045096133027928476e-02
1.065309773251937875e-02
1.085673160339745147e-02
1.106187009257308951e-02
1.126852034591002694e-02
1.147668950548391686e-02
1.168638470957483744e-02
1.189761309267078904e-02
1.211038178547119148e-02
1.232469791488044475e-02
1.254056860401420170e-02
1.275800097219248475e-02
1.297700213494368260e-02
1.319757920400765894e-02
1.341973928732853594e-02
1.364348948906257686e-02
1.386883690956974835e-02
1.409578864541849441e-02
1.432435178938906706e-02
1.455453343046575476e-02
1.478634065384487606e-02
1.501978054092678594e-02
1.525486016931998368e-02
1.549158661284488758e-02
1.572996694152606345e-02
1.597000822159988509e-02
1.621171751550698481e-02
1.645510188189602818e-02
1.670016837562771084e-02
1.694692404776654282e-02
1.719537594558928628e-02
1.744553111257662881e-02
1.769739658841762431e-02
1.795097940901291267e-02
1.820628660646728125e-02
1.846332520909776953e-02
1.872210224142512036e-02
1.898262472417866498e-02
1.924489967429898751e-02
1.950893410493304003e-02
1.977473502543314332e-02
2.004230944136475845e-02
2.031166435449527352e-02
2.058280676280777044e-02
2.085574366048681405e-02
2.113048203792577961e-02
2.140702888173073859e-02
2.168539117470869027e-02
2.196557589588332693e-02
2.224759002047915768e-02
2.253144051992983510e-02
2.281713436188148592e-02
2.310467851018138674e-02
2.339407992489339616e-02
2.368534556228230059e-02
2.397848237482180789e-02
2.427349731119821108e-02
2.457039731629917512e-02
2.486918933122850284e-02
2.516988029329125798e-02
2.547247713600131469e-02
2.577698678908535435e-02
2.608341617847087512e-02
2.639177222630206820e-02
2.670206185092416362e-02
2.701429196689120182e-02
2.732846948497003048e-02
2.764460131212842509e-02
2.796269435155063210e-02
2.828275550262215887e-02
2.860479166093732317e-02
2.892880971830269488e-02
2.925481656272688191e-02
2.958281907843385294e-02
2.991282414584928162e-02
3.024483864160787405e-02
3.057886943855658846e-02
3.091492340574364395e-02
3.125300740843373060e-02
3.159312830809268835e-02
3.193529296239483450e-02
3.227950822522807073e-02
3.262578094668022732e-02
3.297411797305616066e-02
3.332452614686243209e-02
3.367701230681330316e-02
3.403158328783617570e-02
3.438824592106026756e-02
3.474700703383004630e-02
3.510787344969146240e-02
3.547085215754419707e-02
3.583600205080439416e-02
3.620336777476440560e-02
3.657295100971658108e-02
3.694475339012170956e-02
3.731877650461701279e-02
3.769502189601880993e-02
3.807349106131274752e-02
3.845418545166734425e-02
3.883710647241911396e-02
3.922225548308189147e-02
3.960963379734772083e-02
3.999924268307819553e-02
4.039108336231778118e-02
4.078515701127960469e-02
4.118146476035300374e-02
4.158000769410619135e-02
4.198078685127692999e-02
4.238380322478585427e-02
4.278905776172159392e-02
4.319655136334987766e-02
4.360628488511442136e-02
4.401825913663071077e-02
4.443247488169377313e-02
4.484893283826885124e-02
4.526763367849762076e-02
4.568857802869974449e-02
4.611176646936709922e-02
4.653719953517021501e-02
4.696487771495072572e-02
4.739480145172625392e-02
4.782697114269307548e-02
4.826138713921812595e-02
4.869804974684854848e-02
4.913695922530236793e-02
4.957811578847248768e-02
5.002151960443135259e-02
5.046717079542251128e-02
5.091506943786860973e-02
5.136521556236384178e-02
5.181760915367705778e-02
5.227225015075731562e-02
5.272913844672344474e-02
5.318827388887470420e-02
5.364965627868101272e-02
5.411328537178738962e-02
5.457916087801861771e-02
5.504728246137036152e-02
5.551764974001693886e-02
5.599026228630488156e-02
5.646511962675537788e-02
5.694222124206893554e-02
5.742156656711738805e-02
5.790315499095100016e-02
5.838698585679247266e-02
5.887305846203894077e-02
5.936137205826708119e-02
5.985192585122467435e-02
6.034471900083815399e-02
6.083975062120594579e-02
6.133701978060157600e-02
6.183652550147766824e-02
6.233826676045772786e-02
6.284224248834457960e-02
6.334845157011259609e-02
6.385689284491169460e-02
6.436756510606977955e-02
6.488046710108696935e-02
6.539559753164225775e-02
6.591295505358574225e-02
6.643253827694328706e-02
6.695434576591940967e-02
6.747837603889084157e-02
6.800462756840897072e-02
6.853309878120406040e-02
6.906378805817658950e-02
6.959669373440680040e-02
7.013181409914803766e-02
7.066914739582741412e-02
7.120869182205136205e-02
7.175044552959519706e-02
7.229440662441821708e-02
7.284057316664727111e-02
7.338894317058608507e-02
7.393951460471703818e-02
7.449228539169183705e-02
7.504725340834572656e-02
7.560441648568128059e-02
7.616377240887861610e-02
7.672531891729605924e-02
7.728905370446148559e-02
7.785497441808608698e-02
7.842307866004838424e-02
7.899336398640421919e-02
7.956582790738897515e-02
8.014046788740580851e-02
8.071728134504163599e-02
8.129626565305203556e-02
8.187741813836812987e-02
8.246073608210169326e-02
8.304621671953160700e-02
8.363385724012095679e-02
8.422365478750171164e-02
8.481560645948049704e-02
8.540970930804525629e-02
8.600596033935126172e-02
8.660435651373732391e-02
8.720489474571158084e-02
8.780757190395682699e-02
8.841238481133673055e-02
8.901933024488273283e-02
8.962840493580981338e-02
9.023960556950205714e-02
9.085292878551820550e-02
9.146837117759831770e-02
9.208592929364933788e-02
9.270559963576285867e-02
9.332737866019846784e-02
9.395126277739129783e-02
9.457724835195735480e-02
9.520533170268019596e-02
9.583550910252602861e-02
9.646777677863194178e-02
9.710213091230857074e-02
9.773856763904764655e-02
9.837708304850889540e-02
9.901767318453535971e-02
9.966033404513874316e-02
1.003050615825069602e-01
1.009518517030072449e-01
1.016007002671754922e-01
1.022516030897309136e-01
1.029045559395609377e-01
1.035595545397298700e-01
1.042165945674806693e-01
1.048756716542249556e-01
1.055367813855589976e-01
1.061999193012459486e-01
1.068650808952253950e-01
1.075322616156171307e-01
1.082014568647087227e-01
1.088726619989719424e-01
1.095458723290465564e-01
1.102210831197476537e-01
1.108982895900718635e-01
1.115774869131820335e-01
1.122586702164265482e-01
1.129418345813208990e-01
1.136269750435563441e-01
1.143140865930045713e-01
1.150031641737074839e-01
1.156942026838856385e-01
1.163871969759329161e-01
1.170821418564158556e-01
1.177790320860827578e-01
1.184778623798510289e-01
1.191786274068178386e-01
1.198813217902516826e-01
1.205859401075972670e-01
1.212924768904768413e-01
1.220009266246853130e-01
1.227112837501955767e-01
1.234235426611522968e-01
1.241376977058750164e-01
1.248537431868639302e-01
1.255716733607887825e-01
1.262914824384986368e-01
1.270131645850143265e-01
1.277367139195315637e-01
1.284621245154262681e-01
1.291893904002447968e-01
1.299185055557114943e-01
1.306494639177233630e-01
1.313822593763531721e-01
1.321168857758521220e-01
1.328533369146418508e-01
1.335916065453242041e-01
1.343316883746714652e-01
1.350735760636321281e-01
1.358172632273335623e-01
1.365627434350744629e-01
1.373100102103319564e-01
1.380590570307540510e-01
1.388098773281658538e-01
1.395624644885704591e-01
1.403168118521427310e-01
1.410729127132355210e-01
1.418307603203734502e-01
1.425903478762573506e-01
1.433516685377664857e-01
1.441147154159518884e-01
1.448794815760412469e-01
1.456459600374375718e-01
1.464141437737156437e-01
1.471840257126317830e-01
1.479555987361118596e-01
1.487288556802615069e-01
1.495037893353585723e-01
1.502803924458544493e-01
1.510586577103807393e-01
1.518385777817399251e-01
1.526201452669138092e-01
1.534033527270555197e-01
1.541881926774930633e-01
1.549746575877342103e-01
1.557627398814589448e-01
1.565524319365199091e-01
1.573437260849517294e-01
1.581366146129559169e-01
1.589310897609181872e-01
1.597271437233924729e-01
1.605247686491089176e-01
1.613239566409769843e-01
1.621246997560752412e-01
1.629269900056642406e-01
1.637308193551754165e-01
1.645361797242137492e-01
1.653430629865657586e-01
1.661514609701852940e-01
1.669613654572099648e-01
1.677727681839455975e-01
1.685856608408742296e-01
1.694000350726585502e-01
1.702158824781281332e-01
1.710331946102967571e-01
1.718519629763459733e-01
1.726721790376348764e-01
1.734938342097009922e-01
1.743169198622505078e-01
1.751414273191729265e-01
1.759673478585264128e-01
1.767946727125453421e-01
1.776233930676438533e-01
1.784535000644038583e-01
1.792849847975914734e-01
1.801178383161405883e-01
1.809520516231613030e-01
1.817876156759439255e-01
1.826245213859469807e-01
1.834627596188118659e-01
1.843023211943486395e-01
1.851431968865435707e-01
1.859853774235635804e-01
1.868288534877424745e-01
1.876736157155978191e-01
1.885196546978158416e-01
1.893669609792594244e-01
1.902155250589703250e-01
1.910653373901589624e-01
1.919163883802195159e-01
1.927686683907134935e-01
1.936221677373795025e-01
1.944768766901368018e-01
1.953327854730706470e-01
1.961898842644509422e-01
1.970481631967171410e-01
1.979076123564822431e-01
1.987682217845416766e-01
1.996299814758573099e-01
2.004928813795747722e-01
2.013569113990092418e-01
2.022220613916503318e-01
2.030883211691691947e-01
2.039556804974038684e-01
2.048241290963757066e-01
2.056936566402765010e-01
2.065642527574715892e-01
2.074359070305082930e-01
2.083086089961003751e-01
2.091823481451458022e-01
2.100571139227120909e-01
2.109328957280403039e-01
2.118096829145539317e-01
2.126874647898433501e-01
2.135662306156822510e-01
2.144459696080134314e-01
2.153266709369558995e-01
2.162083237268062064e-01
2.170909170560340051e-01
2.179744399572869362e-01
2.188588814173848540e-01
2.197442303773220473e-01
2.206304757322721244e-01
2.215176063315786870e-01
2.224056109787682090e-01
2.232944784315349374e-01
2.241841974017497741e-01
2.250747565554611640e-01
2.259661445128910984e-01
2.268583498484395555e-01
2.277513610906782837e-01
2.286451667223539097e-01
2.295397551803914915e-01
2.304351148558878570e-01
2.313312340941200418e-01
2.322281011945355189e-01
2.331257044107561960e-01
2.340240319505846323e-01
2.349230719759924924e-01
2.358228126031338689e-01
2.367232419023310719e-01
2.376243478980835100e-01
2.385261185690681351e-01
2.394285418481336691e-01
2.403316056223103736e-01
2.412352977327962833e-01
2.421396059749669760e-01
2.430445180983751285e-01
2.439500218067460757e-01
2.448561047579853600e-01
2.457627545641676292e-01
2.466699587915437419e-01
2.475777049605443203e-01
2.484859805457690918e-01
2.493947729759997678e-01
2.503040696341871651e-01
2.512138578574583114e-01
2.521241249371195536e-01
2.530348581186472323e-01
2.539460446016992279e-01
2.548576715401016379e-01
2.557697260418581031e-01
2.566821951691506953e-01
2.575950659383319241e-01
2.585083253199353948e-01
2.594219602386642620e-01
2.603359575733970033e-01
2.612503041571923035e-01
2.621649867772806175e-01
2.630799921750659465e-01
2.639953070461329432e-01
2.649109180402344776e-01
2.658268117613049597e-01
2.667429747674514573e-01
2.676593935709532524e-01
2.685760546382716107e-01
2.694929443900346833e-01
2.704100492010548251e-01
2.713273554003126087e-01
2.722448492709657053e-01
2.731625170503493294e-01
2.740803449299691330e-01
2.749983190555127521e-01
2.759164255268373722e-01
