-2.399281193270486057e-02
-2.399281289110266613e-02
-2.399281917904083627e-02
-2.399283451350919805e-02
-2.399286088696328534e-02
-2.399289893755174319e-02
-2.399294795127415725e-02
-2.399300586196817520e-02
-2.399306925132771440e-02
-2.399313334888608651e-02
-2.399319203202887607e-02
-2.399323782598905552e-02
-2.399325777847893804e-02
-2.399322749724586146e-02
-2.399312281880749964e-02
-2.399292001937025631e-02
-2.399259579497758921e-02
-2.399212726150201647e-02
-2.399149195465799522e-02
-2.399066782998993119e-02
-2.398963326288150455e-02
-2.398836704855167312e-02
-2.398684840205156377e-02
-2.398505695827202189e-02
-2.398297277193428556e-02
-2.398057631759886732e-02
-2.397784848966244553e-02
-2.397477060235164714e-02
-2.397132438973592627e-02
-2.396749200571246519e-02
-2.396325602401905286e-02
-2.395859943823008820e-02
-2.395350566174769824e-02
-2.394795852781905765e-02
-2.394194228951862513e-02
-2.393544161976102203e-02
-2.392844161129659142e-02
-2.392092777670606907e-02
-2.391288604841301790e-02
-2.390430277866784081e-02
-2.389516473956332376e-02
-2.388545912302664220e-02
-2.387517354081492016e-02
-2.386429602452944110e-02
-2.385281502559655209e-02
-2.384071941528675964e-02
-2.382799848470451565e-02
-2.381464194478377649e-02
-2.380063992630176983e-02
-2.378598297986300736e-02
-2.377066207591438385e-02
-2.375466860473718356e-02
-2.373799437644219523e-02
-2.372063162098481115e-02
-2.370257298814548719e-02
-2.368381154754839457e-02
-2.366434078865164992e-02
-2.364415462074331842e-02
-2.362324737295518062e-02
-2.360161379424541295e-02
-2.357924905341413080e-02
-2.355614873909761542e-02
-2.353230885975987619e-02
-2.350772584370997009e-02
-2.348239653908335001e-02
-2.345631821385740778e-02
-2.342948855584436885e-02
-2.340190567268640720e-02
-2.337356809186852402e-02
-2.334447476070389271e-02
-2.331462504634584931e-02
-2.328401873578478387e-02
-2.325265603583881457e-02
-2.322053757317066314e-02
-2.318766439426989123e-02
-2.315403796546799953e-02
-2.311965819816919065e-02
-2.308449654109123728e-02
-2.304854867111938432e-02
-2.301182202598006654e-02
-2.297432406194133137e-02
-2.293606225380706576e-02
-2.289704409490678216e-02
-2.285727709711515843e-02
-2.281676879083205378e-02
-2.277552672499805198e-02
-2.273355846708913219e-02
-2.269087160310823137e-02
-2.264747373760211957e-02
-2.260337249364319234e-02
-2.255857551284545792e-02
-2.251309045535743181e-02
-2.246692499985369906e-02
-2.242008684355267789e-02
-2.237258370220507331e-02
-2.232442331009121261e-02
-2.227561342003481215e-02
-2.222616180338388148e-02
-2.217607625002759875e-02
-2.212536456839142573e-02
-2.207403458542644969e-02
-2.202209414662981146e-02
-2.196955111602250099e-02
-2.191641337616667684e-02
-2.186268882815856074e-02
-2.180838539162532896e-02
-2.175351100473310595e-02
-2.169807362417763841e-02
-2.164208122519317712e-02
-2.158554180154892421e-02
-2.152846336554459228e-02
-2.147085394801839797e-02
-2.141272159833995659e-02
-2.135407438441472294e-02
-2.129492039268576775e-02
-2.123526772812445174e-02
-2.117512451424330422e-02
-2.111449889308225636e-02
-2.105339902522151974e-02
-2.099183308977581319e-02
-2.092980928438947785e-02
-2.086733582524713526e-02
-2.080442094706214107e-02
-2.074107290308724316e-02
-2.067729996510925261e-02
-2.061311042344549094e-02
-2.054851258695356009e-02
-2.048351478301935202e-02
-2.041812535756815095e-02
-2.035235267505930423e-02
-2.028620511848311381e-02
-2.021969108936971793e-02
-2.015281900777754487e-02
-2.008559731230397105e-02
-2.001803446008265652e-02
-1.995013892677510725e-02
-1.988191920658444189e-02
-1.981338381224206913e-02
-1.974454127501834577e-02
-1.967540014471858001e-02
-1.960596898967770230e-02
-1.953625639677181169e-02
-1.946627097140352092e-02
-1.939602133751705537e-02
-1.932551613759025955e-02
-1.925476403263060021e-02
-1.918377370218671274e-02
-1.911255384433419025e-02
-1.904111317568935036e-02
-1.896946043140346205e-02
-1.889760436515608433e-02
-1.882555374916883295e-02
-1.875331737418983735e-02
-1.868090404950795147e-02
-1.860832260294742468e-02
-1.853558188086035230e-02
-1.846269074814044231e-02
-1.838965808820969272e-02
-1.831649280302860561e-02
-1.824320381309441075e-02
-1.816980005743173976e-02
-1.809629049360772513e-02
-1.802268409771556890e-02
-1.794898986439008581e-02
-1.787521680679970970e-02
-1.780137395664294075e-02
-1.772747036415855959e-02
-1.765351509811319275e-02
-1.757951724581419128e-02
-1.750548591310252533e-02
-1.743143022434923139e-02
-1.735735932246562641e-02
-1.728328236889131730e-02
-1.720920854360619145e-02
-1.713514704512419939e-02
-1.706110709048846985e-02
-1.698709791528374424e-02
-1.691312877362172173e-02
-1.683920893815482600e-02
-1.676534770006954389e-02
-1.669155436908287271e-02
-1.661783827345075792e-02
-1.654420875995876727e-02
-1.647067519393097257e-02
-1.639724695922861741e-02
-1.632393345823679454e-02
-1.625074411188887069e-02
-1.617768835964072949e-02
-1.610477565948986722e-02
-1.603201548796917564e-02
-1.595941734013894830e-02
-1.588699072960242376e-02
-1.581474518848891009e-02
-1.574269026746932809e-02
-1.567083553574866173e-02
-1.559919058105974088e-02
-1.552776500967922857e-02
-1.545656844640763694e-02
-1.538561053459019945e-02
-1.531490093610354819e-02
-1.524444933135349345e-02
-1.517426541928923456e-02
-1.510435891738470815e-02
-1.503473956165679581e-02
-1.496541710665511005e-02
-1.489640132545844153e-02
-1.482770200968763774e-02
-1.475932896949094797e-02
-1.469129203355645785e-02
-1.462359315102101931e-02
-1.455619617406345156e-02
-1.448909683795207570e-02
-1.442229698756403167e-02
-1.435579841407896851e-02
-1.428960285497460347e-02
-1.422371199401872843e-02
-1.415812746128253252e-02
-1.409285083313527309e-02
-1.402788363223717027e-02
-1.396322732755450602e-02
-1.389888333434186052e-02
-1.383485301415632307e-02
-1.377113767485349527e-02
-1.370773857058127376e-02
-1.364465690179095247e-02
-1.358189381522389994e-02
-1.351945040392443786e-02
-1.345732770723406801e-02
-1.339552671078703128e-02
-1.333404834652140991e-02
-1.327289349266536078e-02
-1.321206297374866168e-02
-1.315155756060049086e-02
-1.309137797034054529e-02
-1.303152486639369556e-02
-1.297199885847488687e-02
-1.291280050260024126e-02
-1.285393030108483714e-02
-1.279538870253560390e-02
-1.273717610186420046e-02
-1.267929284027058401e-02
-1.262173920525855308e-02
-1.256451543062953036e-02
-1.250762169647678945e-02
-1.245105812919788946e-02
-1.239482480148001997e-02
-1.233892173231332379e-02
-1.228334888698512373e-02
-1.222810617707636993e-02
-1.217319346046918938e-02
-1.211861054133933635e-02
-1.206435717016196563e-02
-1.201043304371207654e-02
-1.195683780505563121e-02
-1.190357104356243312e-02
-1.185063229489391468e-02
-1.179802104101224103e-02
-1.174573671017853371e-02
-1.169377867694554318e-02
-1.164214626216941717e-02
-1.159083873299793233e-02
-1.153985530288004213e-02
-1.148919513156299033e-02
-1.143885732508609365e-02
-1.138884093579206613e-02
-1.133914496231502866e-02
-1.128976834959050102e-02
-1.124070998885229322e-02
-1.119196871762606627e-02
-1.114354331974087842e-02
-1.109543252531763891e-02
-1.104763501077821175e-02
-1.100014939884252918e-02
-1.095297425852348461e-02
-1.090610810513603646e-02
-1.085954940028743820e-02
-1.081329655188634220e-02
-1.076734791413969106e-02
-1.072170178754494607e-02
-1.067635641890563036e-02
-1.063131000131489756e-02
-1.058656067416730018e-02
-1.054210652315701324e-02
-1.049794558026717617e-02
-1.045407582378832245e-02
-1.041049517829950588e-02
-1.036720151468251139e-02
-1.032419265011741416e-02
-1.028146634807458604e-02
-1.023902031833001658e-02
-1.019685221695021404e-02
-1.015495964630264147e-02
-1.011334015505416239e-02
-1.007199123816171493e-02
-1.003091033688763289e-02
-9.990094838784768783e-03
-9.949542077707373977e-03
-9.909249333808434201e-03
-9.869213833531453872e-03
-9.829432749625555132e-03
-9.789903201129934729e-03
-9.750622253384966243e-03
-9.711586918030645776e-03
-9.672794152996377903e-03
-9.634240862518517190e-03
-9.595923897121494406e-03
-9.557840053633359645e-03
-9.519986075180009166e-03
-9.482358651177635878e-03
-9.444954417348938591e-03
-9.407769955704470277e-03
-9.370801794559291409e-03
-9.334046408525420446e-03
-9.297500218505616587e-03
-9.261159591708922889e-03
-9.225020841632902702e-03
-9.189080228078294610e-03
-9.153333957144349498e-03
-9.117778181219726719e-03
-9.082408999000257666e-03
-9.047222455469627889e-03
-9.012214541915586352e-03
-8.977381195923284096e-03
-8.942718301368390854e-03
-8.908221688432860219e-03
-8.873887133586944032e-03
-8.839710359604735501e-03
-8.805687035558174003e-03
-8.771812776809273515e-03
-8.738083145026109833e-03
-8.704493648165945174e-03
-8.671039740488994951e-03
-8.637716822553764828e-03
-8.604520241208613029e-03
-8.571445289608403684e-03
-8.538487207196743256e-03
-8.505641179720191403e-03
-8.472902339223820078e-03
-8.440265764042331753e-03
-8.407726478817378890e-03
-8.375279454478468111e-03
-8.342919608259835584e-03
-8.310641803691121154e-03
-8.278440850595147893e-03
-8.246311505099246375e-03
-8.214248469619711557e-03
-8.182246392877345897e-03
-8.150299869887689397e-03
-8.118403441960575506e-03
-8.086551596707902689e-03
-8.054738768037861263e-03
-8.022959336151824772e-03
-7.991207627554564041e-03
-7.959477915041590634e-03
-7.927764417711591349e-03
-7.896061300959100748e-03
-7.864362676472058666e-03
-7.832662602241580174e-03
-7.800955082549965169e-03
-7.769234067982022651e-03
-7.737493455418853472e-03
-7.705727088035185801e-03
-7.673928755308034866e-03
-7.642092193006710943e-03
-7.610211083202145232e-03
-7.578279054262226921e-03
-7.546289680847362291e-03
-7.514236483922243082e-03
-7.482112930741857681e-03
-7.449912434863481536e-03
-7.417628356141792167e-03
-7.385254000724206236e-03
-7.352782621060871548e-03
-7.320207415894008918e-03
-7.287521530266793945e-03
-7.254718055520914533e-03
-7.221790029289798518e-03
-7.188730435510382044e-03
-7.155532204411341191e-03
-7.122188212522195805e-03
-7.088691282670978033e-03
-7.055035296383627141e-03
-7.021232902546303833e-03
-6.987283871622174125e-03
-6.953180518529222809e-03
-6.918915164477068558e-03
-6.884480136959414409e-03
-6.849867769765927150e-03
-6.815070402970579977e-03
-6.780080382940645300e-03
-6.744890062334696346e-03
-6.709491800095723768e-03
-6.673877961462459929e-03
-6.638040917958054621e-03
-6.601973047398845829e-03
-6.565666733892583373e-03
-6.529114367831545529e-03
-6.492308345903308187e-03
-6.455241071080308757e-03
-6.417904952628061821e-03
-6.380292406103382774e-03
-6.342395853347726487e-03
-6.304207722497734423e-03
-6.265720447975131613e-03
-6.226926470494387189e-03
-6.187818237062159277e-03
-6.148388200967302986e-03
-6.108628821797412733e-03
-6.068532565422501968e-03
-6.028091904006327439e-03
-5.987299316004723870e-03
-5.946147286155611944e-03
-5.904628305495651652e-03
-5.862734871344144061e-03
-5.820459487313911495e-03
-5.777794663309965273e-03
-5.734732915519291652e-03
-5.691266766427838242e-03
-5.647388744803749638e-03
-5.603091385709357830e-03
-5.558367230498517664e-03
-5.513208826807614038e-03
-5.467608728571549115e-03
-5.421559496007422041e-03
-5.375053695627074468e-03
-5.328083900233204773e-03
-5.280642688911596494e-03
-5.232722647045884301e-03
-5.184316366303010071e-03
-5.135416444643214895e-03
-5.086015486318706813e-03
-5.036106101864223916e-03
-4.985680908113243603e-03
-4.934732528180219013e-03
-4.883253591476122146e-03
-4.831236733701671504e-03
-4.778674596840670752e-03
-4.725559829175995930e-03
-4.671885085271110238e-03
-4.617643025985940231e-03
-4.562826318470658560e-03
-4.507427636158023443e-03
-4.451439658780087516e-03
-4.394855072349324043e-03
-4.337666569175058218e-03
-4.279866847856306222e-03
-4.221448613275280426e-03
-4.162404576612821483e-03
-4.102727455330856809e-03
-4.042409973187666150e-03
-3.981444860231442284e-03
-3.919824852793518666e-03
-3.857542693503912545e-03
-3.794591131273616913e-03
-3.730962921310143621e-03
-3.666650825110751022e-03
-3.601647610455893656e-03
-3.535946051424765368e-03
-3.469538928377535747e-03
-3.402419027970726706e-03
-3.334579143150828706e-03
-3.266012073147472883e-03
-3.196710623488863146e-03
-3.126667605984401188e-03
-3.055875838739730010e-03
-2.984328146150461158e-03
-2.912017358895346852e-03
-2.838936313951767598e-03
-2.765077854578190664e-03
-2.690434830329935245e-03
-2.615000097050373951e-03
-2.538766516868656842e-03
-2.461726958209176086e-03
-2.383874295784849107e-03
-2.305201410594731604e-03
-2.225701189933176893e-03
-2.145366527378456123e-03
-2.064190322804165811e-03
-1.982165482372205689e-03
-1.899284918530891320e-03
-1.815541550023669348e-03
-1.730928301877959763e-03
-1.645438105416452412e-03
-1.559063898250251379e-03
-1.471798624276779432e-03
-1.383635233688590427e-03
-1.294566682962294824e-03
-1.204585934869634167e-03
-1.113685958470944648e-03
-1.021859729112700732e-03
-9.291002284366606245e-04
-8.354004443685142389e-04
-7.407533711292144107e-04
-6.451520092281698426e-04
-5.485893654610038417e-04
-4.510584529186165148e-04
-3.525522909762872359e-04
-2.530639053027507190e-04
-1.525863278578933058e-04
-5.111259688604739143e-05
5.136424307233648789e-05
1.548511411941563137e-04
2.593550403602110088e-04
3.648828771619268274e-04
4.714415819062761637e-04
5.790380786023438531e-04
6.876792849792104367e-04
7.973721124681087957e-04
9.081234662113302214e-04
1.019940245066700002e-03
1.132829341594171479e-03
1.246797642073693702e-03
1.361852026487378464e-03
1.477999368528340463e-03
1.595246535605304716e-03
1.713600388829061849e-03
1.833067783030439823e-03
1.953655566742457106e-03
2.075370582208996284e-03
2.198219665389716804e-03
2.322209645946260448e-03
2.447347347260347972e-03
2.573639586415737979e-03
2.701093174207330749e-03
2.829714915145553622e-03
2.959511607442982806e-03
3.090490043032106948e-03
3.222657007547646835e-03
3.356019280335326149e-03
3.490583634456423390e-03
3.626356836674393680e-03
3.763345647472604583e-03
3.901556821036600287e-03
4.040997105263011147e-03
4.181673241763939064e-03
4.323591965853690322e-03
4.466760006566594665e-03
4.611184086638964175e-03
4.756870922518363631e-03
4.903827224367662829e-03
5.052059696052213500e-03
5.201575035156946747e-03
5.352379932969220100e-03
5.504481074487366232e-03
5.657885138425244875e-03
5.812598797198975653e-03
5.968628716944368584e-03
6.125981557499660113e-03
6.284663972414061828e-03
6.444682608951368685e-03
6.606044108081188249e-03
6.768755104487655938e-03
6.932822226560719781e-03
7.098252096400359257e-03
7.265051329821359261e-03
7.433226536344095248e-03
7.602784319203637065e-03
7.773731275340700630e-03
7.946073995406310875e-03
8.119819063765909561e-03
8.294973058490862083e-03
8.471542551367061691e-03
8.649534107886103218e-03
8.828954287249834998e-03
9.009809642374633221e-03
9.192106719882575661e-03
9.375852060110601016e-03
9.561052197101127526e-03
9.747713658606826925e-03
9.935842966094954321e-03
1.012544663473857742e-02
1.031653117342523629e-02
1.050910308474828359e-02
1.070316886501132547e-02
1.089873500423255148e-02
1.109580798613574171e-02
1.129439428815948165e-02
1.149450038144783637e-02
1.169613273085534644e-02
1.189929779495102480e-02
1.210400202600947495e-02
1.231025187002010579e-02
1.251805376667813885e-02
1.272741414938871607e-02
1.293833944527167379e-02
1.315083607515277198e-02
1.336491045357202090e-02
1.358056898877546548e-02
1.379781808271929311e-02
1.401666413107416354e-02
1.423711352321666013e-02
1.445917264223783860e-02
1.468284786493434524e-02
1.490814556181319084e-02
1.513507209709608059e-02
1.536363382871042127e-02
1.559383710829809200e-02
1.582568828120678450e-02
1.605919368649422196e-02
1.629435965693304400e-02
1.653119251900125874e-02
1.676969859289190179e-02
1.700988419250337724e-02
1.725175562544445373e-02
1.749531919303837224e-02
1.774058119031596270e-02
1.798754790601575504e-02
1.823622562259230584e-02
1.848662061620265362e-02
1.873873915672352730e-02
1.899258750773402671e-02
1.924817192652428233e-02
1.950549866409989619e-02
1.976457396516861920e-02
2.002540406815811469e-02
2.028799520519841693e-02
2.055235360213036877e-02
2.081848547851050668e-02
2.108639704759740496e-02
2.135609451636966138e-02
2.162758408550813360e-02
2.190087194940448789e-02
2.217596429616619513e-02
2.245286730760276406e-02
2.273158715924361584e-02
2.301213002032032051e-02
2.329450205377558980e-02
2.357870941626760697e-02
2.386475825815681517e-02
2.415265472352334797e-02
2.444240495014993186e-02
2.473401506953010198e-02
2.502749120687264295e-02
2.532283948108915439e-02
2.562006600481048224e-02
2.591917688437028744e-02
2.622017821981281749e-02
2.652307610489779144e-02
2.682787662708752130e-02
2.713458586756445357e-02
2.744320990121229542e-02
2.775375479662622880e-02
2.806622661611735126e-02
2.838063141569868719e-02
2.869697524510272935e-02
2.901526414776500751e-02
2.933550416083119394e-02
2.965770131516354269e-02
2.998186163532512438e-02
3.030799113960069846e-02
3.063609583997539687e-02
3.096618174214649244e-02
3.129825484552650749e-02
3.163232114323011324e-02
3.196838662209189330e-02
3.230645726264858020e-02
3.264653903914838118e-02
3.298863791955453095e-02
3.333275986553241310e-02
3.367891083246754569e-02
3.402709676944781769e-02
3.437732361927170466e-02
3.472959731845381981e-02
3.508392379721025911e-02
3.544030897947725300e-02
3.579875878289384694e-02
3.615927911880922885e-02
3.652187589228872433e-02
3.688655500209936378e-02
3.725332234072875615e-02
3.762218379436577109e-02
3.799314524291141915e-02
3.836621255998129421e-02
3.874139161289380517e-02
3.911868826268682930e-02
3.949810836410061476e-02
3.987965776558688447e-02
4.026334230931105651e-02
4.064916783114513876e-02
4.103714016067527837e-02
4.142726512119354609e-02
4.181954852970215519e-02
4.221399619691790228e-02
4.261061392726328556e-02
4.300940751887538660e-02
4.341038276359743264e-02
4.381354544698190523e-02
4.421890134829720154e-02
4.462645624051608806e-02
4.503621589032680284e-02
4.544818605812306345e-02
4.586237249800895199e-02
4.627878095780291190e-02
4.669741717902908817e-02
4.711828689692665328e-02
4.754139584043981515e-02
4.796674973222359029e-02
4.839435428864757860e-02
4.882421521978641543e-02
4.925633822943020768e-02
4.969072901507454176e-02
5.012739326792470251e-02
5.056633667290100220e-02
5.100756490862967674e-02
5.145108364745132334e-02
5.189689855541201879e-02
5.234501529226842642e-02
5.279543951149179293e-02
5.324817686025862251e-02
5.370323297946089092e-02
5.416061350369538729e-02
5.462032406126970940e-02
5.508237027420581633e-02
5.554675775823114670e-02
5.601349212278861067e-02
5.648257897102570979e-02
5.695402389980097624e-02
5.742783249968730352e-02
5.790401035496306470e-02
5.838256304362143823e-02
5.886349613736174824e-02
5.934681520159279522e-02
5.983252579543840710e-02
6.032063347172789136e-02
6.081114377700536089e-02
6.130406225152063016e-02
6.179939442923365611e-02
6.229714583781897907e-02
6.279732199865906139e-02
6.329992842684295518e-02
6.380497063117718248e-02
6.431245411416997015e-02
6.482238437204812520e-02
6.533477083397598584e-02
6.584962986039610833e-02
6.636695868327069370e-02
6.688675274332456233e-02
6.740900745023026275e-02
6.793371818258964190e-02
6.846088028794405922e-02
6.899048908277793934e-02
6.952253985250544943e-02
7.005702785148848477e-02
7.059394830301890522e-02
7.113329639932741699e-02
7.167506730158779149e-02
7.221925613990443082e-02
7.276585801332813297e-02
7.331486798984077069e-02
7.386628110636261901e-02
7.442009236875724021e-02
7.497629675181771702e-02
7.553488919928552647e-02
7.609586462383144401e-02
7.665921790706553551e-02
7.722494389954071004e-02
7.779303742074028527e-02
7.836349325909486296e-02
7.893630617196478738e-02
7.951147088564969323e-02
8.008898209539250246e-02
8.066883446536543545e-02
8.125102262868910685e-02
8.183554118741342975e-02
8.242238471252738563e-02
8.301154774396390934e-02
8.360302479058479008e-02
8.419681033019976724e-02
8.479289880954832270e-02
8.539128464430989496e-02
8.599196221910609950e-02
8.659492588748829434e-02
8.720016997195623176e-02
8.780768876393940658e-02
8.841747652380593792e-02
8.902952748086745416e-02
8.964383583336488215e-02
9.026039574848798708e-02
9.087920136235494439e-02
9.150024678002388612e-02
9.212352607549600947e-02
9.274903329170225419e-02
9.337676244052062202e-02
9.400670750276063359e-02
9.463886242816910155e-02
9.527322113543723603e-02
9.590977751218465741e-02
9.654852541498026852e-02
9.718945866932227062e-02
9.783257106964704519e-02
9.847785637933537117e-02
9.912530833069732594e-02
9.977492062499049297e-02
1.004266869324030864e-01
1.010806008920606125e-01
1.017366561120338631e-01
1.023948461693224843e-01
1.030551646098736285e-01
1.037176049485646345e-01
1.043821606692114656e-01
1.050488252245740384e-01
1.057175920363411237e-01
1.063884544951503308e-01
1.070614059605676793e-01
1.077364397611000335e-01
1.084135491941942142e-01
1.090927275262330021e-01
1.097739679925395784e-01
1.104572637973713078e-01
1.111426081139241795e-01
1.118299940843350271e-01
1.125194148196757560e-01
1.132108633999591163e-01
1.139043328741329297e-01
1.145998162600814219e-01
1.152973065446318834e-01
1.159967966835457887e-01
1.166982796015254564e-01
1.174017481922078332e-01
1.181071953181671574e-01
1.188146138109207328e-01
1.195239964709182701e-01
1.202353360675529892e-01
1.209486253391505173e-01
1.216638569929755498e-01
1.223810237052345151e-01
1.231001181210666928e-01
1.238211328545548717e-01
1.245440604887142477e-01
1.252688935754990851e-01
1.259956246358053811e-01
1.267242461594619840e-01
1.274547506052421397e-01
1.281871304008497248e-01
1.289213779429290163e-01
1.296574855970646922e-01
1.303954456977765020e-01
1.311352505485254838e-01
1.318768924217073035e-01
1.326203635586540308e-01
1.333656561696412446e-01
1.341127624338773749e-01
1.348616744995134731e-01
1.356123844836343295e-01
1.363648844722624709e-01
1.371191665203621568e-01
1.378752226518318302e-01
1.386330448595125553e-01
1.393926251051782472e-01
1.401539553195405574e-01
1.409170274022542024e-01
1.416818332219067500e-01
1.424483646160288330e-01
1.432166133910834915e-01
1.439865713224732779e-01
1.447582301545411454e-01
1.455315816005655627e-01
1.463066173427653993e-01
1.470833290322945963e-01
1.478617082892439427e-01
1.486417467026468486e-01
1.494234358304726840e-01
1.502067671996254461e-01
1.509917323059526417e-01
1.517783226142332964e-01
1.525665295581926095e-01
1.533563445404864112e-01
1.541477589327091557e-01
1.549407640753992510e-01
1.557353512780235150e-01
1.565315118189980481e-01
1.573292369456678053e-01
1.581285178743168096e-01
1.589293457901725937e-01
1.597317118473924324e-01
1.605356071690815511e-01
1.613410228472744734e-01
1.621479499429452353e-01
1.629563794860104942e-01
1.637663024753175378e-01
1.645777098786602721e-01
1.653905926327636777e-01
1.662049416432913596e-01
1.670207477848490996e-01
1.678380019009737545e-01
1.686566948041496872e-01
1.694768172757905589e-01
1.702983600662495434e-01
1.711213138948224355e-01
1.719456694497361049e-01
1.727714173881631510e-01
1.735985483362081361e-01
1.744270528889133587e-01
1.752569216102641825e-01
1.760881450331766018e-01
1.769207136595136731e-01
1.777546179600690834e-01
1.785898483745742560e-01
1.794263953117050114e-01
1.802642491490664689e-01
1.811034002332116977e-01
1.819438388796230655e-01
1.827855553727228965e-01
1.836285399658752482e-01
1.844727828813756965e-01
1.853182743104664354e-01
1.861650044133198456e-01
1.870129633190473761e-01
1.878621411257030971e-01
1.887125279002717093e-01
1.895641136786854197e-01
1.904168884658061778e-01
1.912708422354341131e-01
1.921259649303150852e-01
1.929822464621215872e-01
1.938396767114753949e-01
1.946982455279284707e-01
1.955579427299709572e-01
1.964187581050369502e-01
1.972806814094898442e-01
1.981437023686409837e-01
1.990078106767310118e-01
1.998729959969405279e-01
2.007392479613923086e-01
2.016065561711402054e-01
2.024749101961846875e-01
2.033442995754564109e-01
2.042147138168250997e-01
2.050861423971035435e-01
2.059585747620347185e-01
2.068320003263086626e-01
2.077064084735460447e-01
2.085817885563061580e-01
2.094581298960904725e-01
2.103354217833333095e-01
2.112136534774129437e-01
2.120928142066400568e-01
2.129728931682630666e-01
2.138538795284734562e-01
2.147357624223955597e-01
2.156185309540963324e-01
2.165021741965764690e-01
2.173866811917739561e-01
2.182720409505698456e-01
2.191582424527780404e-01
2.200452746471555088e-01
2.209331264513916260e-01
2.218217867521152797e-01
2.227112444048957585e-01
2.236014882342374221e-01
2.244925070335859196e-01
2.253842895653215272e-01
2.262768245607613693e-01
2.271701007201656353e-01
2.280641067127273658e-01
2.289588311765822226e-01
2.298542627187996068e-01
2.307503899153866556e-01
2.316472013112926831e-01
2.325446854204007430e-01
2.334428307255360657e-01
2.343416256784576213e-01
2.352410586998621156e-01
2.361411181793884317e-01
2.370417924756091921e-01
2.379430699160391960e-01
2.388449387971265381e-01
2.397473873842583814e-01
2.406504039117627336e-01
2.415539765829017860e-01
2.424580935698799067e-01
2.433627430138356473e-01
2.442679130248439634e-01
2.451735916819242078e-01
2.460797670330272524e-01
2.469864270950470342e-01
2.478935598538121177e-01
2.488011532640870271e-01
2.497091952495797962e-01
2.506176737029317536e-01
2.515265764857268493e-01
2.524358914284818844e-01
2.533456063306522843e-01
2.542557089606352072e-01
2.551661870557628831e-01
2.560770283223039456e-01
2.569882204354700939e-01
2.578997510394045456e-01
2.588116077471935839e-01
2.597237781408603396e-01
2.606362497713616833e-01
2.615490101585993266e-01
2.624620467914051680e-01
2.633753471275581681e-01
2.642888985937679180e-01
2.652026885856817451e-01
2.661167044678913740e-01
2.670309335739178280e-01
2.679453632062296364e-01
2.688599806362259592e-01
