2.202992695357646635e+00
2.198578024064126168e+00
2.194163351523281680e+00
2.189748676574720943e+00
2.185333998151666179e+00
2.180919315267891179e+00
2.176504627017644911e+00
2.172089932575652416e+00
2.167675231197114805e+00
2.163260522217707482e+00
2.158845805053582811e+00
2.154431079201367893e+00
2.150016340420167538e+00
2.145601583778962151e+00
2.141186810157111875e+00
2.136772020463979516e+00
2.132357215600886313e+00
2.127942396461114605e+00
2.123527563929903383e+00
2.119112718884453184e+00
2.114697862193922528e+00
2.110282994719429261e+00
2.105868117314050103e+00
2.101453230822821538e+00
2.097038336082738930e+00
2.092623433922756959e+00
2.088208525163789187e+00
2.083793610618708936e+00
2.079378691092347964e+00
2.074963767381497348e+00
2.070548840274907931e+00
2.066133910553288988e+00
2.061718978989310003e+00
2.057304046347598003e+00
2.052889113384741115e+00
2.048474180849285009e+00
2.044059249481735119e+00
2.039644320014556644e+00
2.035229393172173218e+00
2.030814469670967348e+00
2.026399550219282197e+00
2.021984635517418472e+00
2.017569726257637086e+00
2.013154823124157833e+00
2.008739926793158936e+00
2.004325037932779274e+00
1.999910157203115491e+00
1.995495285256224660e+00
1.991080422736121625e+00
1.986665570278781878e+00
1.982250728512139348e+00
1.977835898056086394e+00
1.973421079522476251e+00
1.969006273515119476e+00
1.964591480629787945e+00
1.960176701454210413e+00
1.955761936568076065e+00
1.951347186543033851e+00
1.946932451942690045e+00
1.942517733322612239e+00
1.938103031230325346e+00
1.933688346205314490e+00
1.929273678779024115e+00
1.924859029474856653e+00
1.920444398808175412e+00
1.916029787286301467e+00
1.911615195408515655e+00
1.907200623666058137e+00
1.902786072542127505e+00
1.898371542511882781e+00
1.893957034042440757e+00
1.889542547592878652e+00
1.885128083614231675e+00
1.880713642549495246e+00
1.876299224833623658e+00
1.871884830893529861e+00
1.867470461148086347e+00
1.863056116008125374e+00
1.858641795876437186e+00
1.854227501147772239e+00
1.849813232208839642e+00
1.845398989438307380e+00
1.840984773206803649e+00
1.836570583876915075e+00
1.832156421803187163e+00
1.827742287332125626e+00
1.823328180802194165e+00
1.818914102543816469e+00
1.814500052879375325e+00
1.810086032123212174e+00
1.805672040581628446e+00
1.801258078552883779e+00
1.796844146327197578e+00
1.792430244186749011e+00
1.788016372405675014e+00
1.783602531250072731e+00
1.779188720977997962e+00
1.774774941839466269e+00
1.770361194076451650e+00
1.765947477922888087e+00
1.761533793604668219e+00
1.757120141339643338e+00
1.752706521337625167e+00
1.748292933800383864e+00
1.743879378921648904e+00
1.739465856887108419e+00
1.735052367874410750e+00
1.730638912053162670e+00
1.726225489584930051e+00
1.721812100623238750e+00
1.717398745313572617e+00
1.712985423793014883e+00
1.708572133193392517e+00
1.704158870754045596e+00
1.699745636572026708e+00
1.695332430741516960e+00
1.690919253353827534e+00
1.686506104497395908e+00
1.682092984257790302e+00
1.677679892717706123e+00
1.673266829956967294e+00
1.668853796052527594e+00
1.664440791078467541e+00
1.660027815105997506e+00
1.655614868203456380e+00
1.651201950436310462e+00
1.646789061867156123e+00
1.642376202555716924e+00
1.637963372558846498e+00
1.633550571930525441e+00
1.629137800721863538e+00
1.624725058981099757e+00
1.620312346753600474e+00
1.615899664081861919e+00
1.611487011005507508e+00
1.607074387561290063e+00
1.602661793783091149e+00
1.598249229701919738e+00
1.593836695345915100e+00
1.589424190740343246e+00
1.585011715907599816e+00
1.580599270867208750e+00
1.576186855635822726e+00
1.571774470227222942e+00
1.567362114652318450e+00
1.562949788919147931e+00
1.558537493032877475e+00
1.554125226995803022e+00
1.549712990807348367e+00
1.545300784464065602e+00
1.540888607959635559e+00
1.536476461284867812e+00
1.532064344427700897e+00
1.527652257373200539e+00
1.523240200103562536e+00
1.518828172598110537e+00
1.514416174833296269e+00
1.510004206782701308e+00
1.505592268417034418e+00
1.501180359704133993e+00
1.496768480608965834e+00
1.492356631093625152e+00
1.487944811117336341e+00
1.483533020636450761e+00
1.479121259604449401e+00
1.474709527971940659e+00
1.470297825686663229e+00
1.465886152693483657e+00
1.461474508934396344e+00
1.457062894348524873e+00
1.452651308872120683e+00
1.448239752438564842e+00
1.443828224978366936e+00
1.439416726419163961e+00
1.435005256685722541e+00
1.430593815699936933e+00
1.426182403380830799e+00
1.421771019644555878e+00
1.417359664404393094e+00
1.412948337570750557e+00
1.408537039051166229e+00
1.404125768750306591e+00
1.399714526569965756e+00
1.395303312409067464e+00
1.390892126163662645e+00
1.386480967726932301e+00
1.382069836989185063e+00
1.377658733837858307e+00
1.373247658157518369e+00
1.368836609829858775e+00
1.364425588733704009e+00
1.360014594745004413e+00
1.355603627736840844e+00
1.351192687579422236e+00
1.346781774140085153e+00
1.342370887283296232e+00
1.337960026870649077e+00
1.333549192760867141e+00
1.329138384809802176e+00
1.324727602870433341e+00
1.320316846792870091e+00
1.315906116424349070e+00
1.311495411609236550e+00
1.307084732189026433e+00
1.302674078002341140e+00
1.298263448884932725e+00
1.293852844669680868e+00
1.289442265186594216e+00
1.285031710262809490e+00
1.280621179722592373e+00
1.276210673387337069e+00
1.271800191075566522e+00
1.267389732602931751e+00
1.262979297782212518e+00
1.258568886423317101e+00
1.254158498333282301e+00
1.249748133316274101e+00
1.245337791173586339e+00
1.240927471703641372e+00
1.236517174701990518e+00
1.232106899961313173e+00
1.227696647271417918e+00
1.223286416419241629e+00
1.218876207188849037e+00
1.214466019361434723e+00
1.210055852715320457e+00
1.205645707025958080e+00
1.201235582065926399e+00
1.196825477604933852e+00
1.192415393409817170e+00
1.188005329244540942e+00
1.183595284870200270e+00
1.179185260045016115e+00
1.174775254524340395e+00
1.170365268060651331e+00
1.165955300403557882e+00
1.161545351299796636e+00
1.157135420493232258e+00
1.152725507724858600e+00
1.148315612732797364e+00
1.143905735252299660e+00
1.139495875015745341e+00
1.135086031752641444e+00
1.130676205189625083e+00
1.126266395050460334e+00
1.121856601056041125e+00
1.117446822924390126e+00
1.113037060370657416e+00
1.108627313107122037e+00
1.104217580843191993e+00
1.099807863285403364e+00
1.095398160137421195e+00
1.090988471100038826e+00
1.086578795871178116e+00
1.082169134145889666e+00
1.077759485616352597e+00
1.073349849971874326e+00
1.068940226898891233e+00
1.064530616080967551e+00
1.060121017198797144e+00
1.055711431178295356e+00
1.051301864729281776e+00
1.046892318849154790e+00
1.042482793477701453e+00
1.038073288554192342e+00
1.033663804017379562e+00
1.029254339805496743e+00
1.024844895856260152e+00
1.020435472106867136e+00
1.016026068493998791e+00
1.011616684953815959e+00
1.007207321421963897e+00
1.002797977833568277e+00
9.983886541232368517e-01
9.939793502250604540e-01
9.895700660726105546e-01
9.851608015989420375e-01
9.807515567365906461e-01
9.763423314175748713e-01
9.719331255733950625e-01
9.675239391350329843e-01
9.631147720329537032e-01
9.587056241971029236e-01
9.542964955569094299e-01
9.498873860412836434e-01
9.454782955786172893e-01
9.410692240967857281e-01
9.366601715231448466e-01
9.322511377845333902e-01
9.278421228072717408e-01
9.234331265171622505e-01
9.190241488394897962e-01
9.146151896990205588e-01
9.102062490200036882e-01
9.057973267261694161e-01
9.013884227407302774e-01
8.969795369863812207e-01
8.925706693852986096e-01
8.881618198591416657e-01
8.837529883290506927e-01
8.793441747156485189e-01
8.749353789390400538e-01
8.705266009188118437e-01
8.661178405740330710e-01
8.617090978232539999e-01
8.573003725845083078e-01
8.528916647753104208e-01
8.484829743126570678e-01
8.440743011130276141e-01
8.396656450923825066e-01
8.352570061661653833e-01
8.308483842493009641e-01
8.264397792561959388e-01
8.220311911007398553e-01
8.176226196963032322e-01
8.132140649557398904e-01
8.088055267913845103e-01
8.043970051150539646e-01
7.999884998380479839e-01
7.955800108711473806e-01
7.911715381246157142e-01
7.867630815081980700e-01
7.823546409311211702e-01
7.779462163020951504e-01
7.735378075293107836e-01
7.691294145204417010e-01
7.647210371826430597e-01
7.603126754225520978e-01
7.559043291462885783e-01
7.514959982594533461e-01
7.470876826671305482e-01
7.426793822738853024e-01
7.382710969837649184e-01
7.338628267002993422e-01
7.294545713264994902e-01
7.250463307648595812e-01
7.206381049173549158e-01
7.162298936854428755e-01
7.118216969700634777e-01
7.074135146716379330e-01
7.030053466900703096e-01
6.985971929247458689e-01
6.941890532745329523e-01
6.897809276377808718e-01
6.853728159123213537e-01
6.809647179954684271e-01
6.765566337840173139e-01
6.721485631742467604e-01
6.677405060619161503e-01
6.633324623422670596e-01
6.589244319100239222e-01
6.545164146593921428e-01
6.501084104840602063e-01
6.457004192771976792e-01
6.412924409314566532e-01
6.368844753389713009e-01
6.324765223913573209e-01
6.280685819797132696e-01
6.236606539946187855e-01
6.192527383261359208e-01
6.148448348638092531e-01
6.104369434966645525e-01
6.060290641132102252e-01
6.016211966014364254e-01
5.972133408488151662e-01
5.928054967423009858e-01
5.883976641683296149e-01
5.839898430128200868e-01
5.795820331611720722e-01
5.751742344982685440e-01
5.707664469084733350e-01
5.663586702756326918e-01
5.619509044830757194e-01
5.575431494136121602e-01
5.531354049495348368e-01
5.487276709726182089e-01
5.443199473641184838e-01
5.399122340047745050e-01
5.355045307748064198e-01
5.310968375539173447e-01
5.266891542212914779e-01
5.222814806555954315e-01
5.178738167349780097e-01
5.134661623370694317e-01
5.090585173389831075e-01
5.046508816173134182e-01
5.002432550481366036e-01
4.958356375070121502e-01
4.914280288689801823e-01
4.870204290085640708e-01
4.826128377997683794e-01
4.782052551160796416e-01
4.737976808304672494e-01
4.693901148153815650e-01
4.649825569427559757e-01
4.605750070840052279e-01
4.561674651100260380e-01
4.517599308911978140e-01
4.473524042973809900e-01
4.429448851979191915e-01
4.385373734616372365e-01
4.341298689568418023e-01
4.297223715513225906e-01
4.253148811123501627e-01
4.209073975066782158e-01
4.164999206005413623e-01
4.120924502596572392e-01
4.076849863492248427e-01
4.032775287339251946e-01
3.988700772779219528e-01
3.944626318448599123e-01
3.900551922978668928e-01
3.856477584995519625e-01
3.812403303120062148e-01
3.768329075968034902e-01
3.724254902149986557e-01
3.680180780271296581e-01
3.636106708932156928e-01
3.592032686727579804e-01
3.547958712247403223e-01
3.503884784076279901e-01
3.459810900793688360e-01
3.415737060973920713e-01
3.371663263186092663e-01
3.327589505994143493e-01
3.283515787956824417e-01
3.239442107627717449e-01
3.195368463555215977e-01
3.151294854282534197e-01
3.107221278347714888e-01
3.063147734283610535e-01
3.019074220617902760e-01
2.975000735873084556e-01
2.930927278566479721e-01
2.886853847210222868e-01
2.842780440311269974e-01
2.798707056371405599e-01
2.754633693887222345e-01
2.710560351350145836e-01
2.666487027246411956e-01
2.622413720057077957e-01
2.578340428258029116e-01
2.534267150319959860e-01
2.490193884708395422e-01
2.446120629883674069e-01
2.402047384300953770e-01
2.357974146410220795e-01
2.313900914656271401e-01
2.269827687478731815e-01
2.225754463312040743e-01
2.181681240585458259e-01
2.137608017723071352e-01
2.093534793143776995e-01
2.049461565261302409e-01
2.005388332484188962e-01
1.961315093215796335e-01
1.917241845854313065e-01
1.873168588792737677e-01
1.829095320418898107e-01
1.785022039115436998e-01
1.740948743259815301e-01
1.696875431224322273e-01
1.652802101376057986e-01
1.608728752076951929e-01
1.564655381683746904e-01
1.520581964591101176e-01
1.476508451048630655e-01
1.432434841203353293e-01
1.388361136764034165e-01
1.344287339423327898e-01
1.300213450857797826e-01
1.256139472727900164e-01
1.212065406677989288e-01
1.167991254336326612e-01
1.123917017315063244e-01
1.079842697210258856e-01
1.035768295601865591e-01
9.916938140537344404e-02
9.476192541136231606e-02
9.035446173131790604e-02
8.594699051679582924e-02
8.153951191774090612e-02
7.713202608248789782e-02
7.272453315776218619e-02
6.831703328867815006e-02
6.390952661874102492e-02
5.950201328984529303e-02
5.509449344227530798e-02
5.068696721470612038e-02
4.627943474420171538e-02
4.187189616621696947e-02
3.746435161459599206e-02
3.305680122157277773e-02
2.864924511777200769e-02
2.424168343220729424e-02
1.983411629228316181e-02
1.542654382379308152e-02
1.101896615092143317e-02
6.611383396241786101e-03
2.203795680717635617e-03
-2.203796876297106980e-03
-6.611394157058602707e-03
-1.101899604543357669e-02
-1.542660242689858179e-02
-1.983421318854024576e-02
-2.424182821905575963e-02
-2.864944740875091309e-02
-3.305707064954304525e-02
-3.746469783495909311e-02
-4.187232886013602523e-02
-4.627996362182141415e-02
-5.068760201837142071e-02
-5.509524394975374995e-02
-5.950288931754569438e-02
-6.391053802493459890e-02
-6.831818997671841587e-02
-7.272584507930365816e-02
-7.713350324070841757e-02
-8.154116437056030398e-02
-8.594882838009711146e-02
-9.035649518216708198e-02
-9.476416469122712904e-02
-9.917183682334571038e-02
-1.035795114962008434e-01
-1.079871886290805910e-01
-1.123948681428836582e-01
-1.168025499601172967e-01
-1.212102340049003163e-01
-1.256179202029610864e-01
-1.300256084816381053e-01
-1.344332987698803883e-01
-1.388409909982455948e-01
-1.432486850989028171e-01
-1.476563810056308879e-01
-1.520640786538186573e-01
-1.564717779804654929e-01
-1.608794789241793366e-01
-1.652871814251798133e-01
-1.696948854252960659e-01
-1.741025908679671996e-01
-1.785102976982430312e-01
-1.829180058627819516e-01
-1.873257153098538685e-01
-1.917334259893382353e-01
-1.961411378527246341e-01
-2.005488508531132197e-01
-2.049565649452127214e-01
-2.093642800853434127e-01
-2.137719962314351407e-01
-2.181797133430283808e-01
-2.225874313812720995e-01
-2.269951503089269185e-01
-2.314028700903629499e-01
-2.358105906915604622e-01
-2.402183120801102412e-01
-2.446260342252117304e-01
-2.490337570976757509e-01
-2.534414806699229472e-01
-2.578492049159838428e-01
-2.622569298114996172e-01
-2.666646553337200798e-01
-2.710723814615064176e-01
-2.754801081753296965e-01
-2.798878354572707505e-01
-2.842955632910211805e-01
-2.887032916618811340e-01
-2.931110205567621918e-01
-2.975187499641856470e-01
-3.019264798742828382e-01
-3.063342102787957599e-01
-3.107419411710747870e-01
-3.151496725460819492e-01
-3.195574044003889891e-01
-3.239651367321776387e-01
-3.283728695412399534e-01
-3.327806028289769791e-01
-3.371883365984010283e-01
-3.415960708541341817e-01
-3.460038056024084541e-01
-3.504115408510664609e-01
-3.548192766095595307e-01
-3.592270128889503700e-01
-3.636347497019113417e-01
-3.680424870627248546e-01
-3.724502249872839732e-01
-3.768579634930903088e-01
-3.812657025992569060e-01
-3.856734423265066325e-01
-3.900811826971721796e-01
-3.944889237351970057e-01
-3.988966654661330602e-01
-4.033044079171437812e-01
-4.077121511170023194e-01
-4.121198950960918705e-01
-4.165276398864061203e-01
-4.209353855215474671e-01
-4.253431320367297430e-01
-4.297508794687764921e-01
-4.341586278561211376e-01
-4.385663772388078141e-01
-4.429741276584893139e-01
-4.473818791584298071e-01
-4.517896317835031206e-01
-4.561973855801932376e-01
-4.606051405965945755e-01
-4.650128968824102094e-01
-4.694206544889548138e-01
-4.738284134691524985e-01
-4.782361738775380289e-01
-4.826439357702548838e-01
-4.870516992050578642e-01
-4.914594642413114833e-01
-4.958672309399903555e-01
-5.002749993636795844e-01
-5.046827695765729871e-01
-5.090905416444757581e-01
-5.134983156348027489e-01
-5.179060916165789674e-01
-5.223138696604398001e-01
-5.267216498386294576e-01
-5.311294322250035282e-01
-5.355372168950272016e-01
-5.399450039257759348e-01
-5.443527933959355636e-01
-5.487605853858004146e-01
-5.531683799772766363e-01
-5.575761772538797567e-01
-5.619839773007354600e-01
-5.663917802045801420e-01
-5.707995860537583566e-01
-5.752073949382265905e-01
-5.796152069495509318e-01
-5.840230221809072919e-01
-5.884308407270822938e-01
-5.928386626844713847e-01
-5.972464881510808343e-01
-6.016543172265274020e-01
-6.060621500120372263e-01
-6.104699866104473793e-01
-6.148778271262035355e-01
-6.192856716653626359e-01
-6.236935203355915558e-01
-6.281013732461671051e-01
-6.325092305079762500e-01
-6.369170922335153362e-01
-6.413249585368916428e-01
-6.457328295338222723e-01
-6.501407053416344839e-01
-6.545485860792659150e-01
-6.589564718672628052e-01
-6.633643628277829940e-01
-6.677722590845940331e-01
-6.721801607630732978e-01
-6.765880679902090966e-01
-6.809959808945978965e-01
-6.854038996064479861e-01
-6.898118242575771442e-01
-6.942197549814133062e-01
-6.986276919129947860e-01
-7.030356351889688327e-01
-7.074435849475938509e-01
-7.118515413287380689e-01
-7.162595044738798711e-01
-7.206674745261077986e-01
-7.250754516301194386e-01
-7.294834359322237560e-01
-7.338914275803394283e-01
-7.382994267239947339e-01
-7.427074335143288852e-01
-7.471154481040899187e-01
-7.515234706476371374e-01
-7.559315013009392237e-01
-7.603395402215752386e-01
-7.647475875687349545e-01
-7.691556435032161909e-01
-7.735637081874288112e-01
-7.779717817853920581e-01
-7.823798644627358856e-01
-7.867879563866985171e-01
-7.911960577261301086e-01
-7.956041686514900846e-01
-8.000122893348482478e-01
-8.044204199498846686e-01
-8.088285606718883525e-01
-8.132367116777594607e-01
-8.176448731460079777e-01
-8.220530452567539337e-01
-8.264612281917278480e-01
-8.308694221342690645e-01
-8.352776272693280823e-01
-8.396858437834653355e-01
-8.440940718648514141e-01
-8.485023117032667317e-01
-8.529105634901013033e-01
-8.573188274183559665e-01
-8.617271036826414932e-01
-8.661353924791785897e-01
-8.705436940057986739e-01
-8.749520084619415439e-01
-8.793603360486587084e-01
-8.837686769686111665e-01
-8.881770314260700738e-01
-8.925853996269170754e-01
-8.969937817786424183e-01
-9.014021780903480607e-01
-9.058105887727452288e-01
-9.102190140381556382e-01
-9.146274541005110503e-01
-9.190359082641172961e-01
-9.234443743537873450e-01
-9.278528525855889164e-01
-9.322613433112801884e-01
-9.366698468795839894e-01
-9.410783636361852444e-01
-9.454868939237347503e-01
-9.498954380818463994e-01
-9.543039964470981795e-01
-9.587125693530323955e-01
-9.631211571301542262e-01
-9.675297601059339447e-01
-9.719383786048052531e-01
-9.763470129481659487e-01
-9.807556634543784790e-01
-9.851643304387672773e-01
-9.895730142136226481e-01
-9.939817150881982144e-01
-9.983904333687113608e-01
-1.002799169358344233e+00
-1.007207923357241297e+00
-1.011616695662512777e+00
-1.016025486568231440e+00
-1.020434296365435145e+00
-1.024843125342125738e+00
-1.029251973783267049e+00
-1.033660841970789113e+00
-1.038069730183585060e+00
-1.042478638697512672e+00
-1.046887567785392159e+00
-1.051296517717008383e+00
-1.055705488759111299e+00
-1.060114481175413070e+00
-1.064523495226591621e+00
-1.068932531170286859e+00
-1.073341589261103790e+00
-1.077750669750611623e+00
-1.082159772887342664e+00
-1.086568898916794534e+00
-1.090978048081426621e+00
-1.095387220620664515e+00
-1.099796416770896457e+00
-1.104205636765474896e+00
-1.108614880834717376e+00
-1.113024149205902535e+00
-1.117433442103276109e+00
-1.121842759748046037e+00
-1.126252102358384910e+00
-1.130661470149429526e+00
-1.135070863333278668e+00
-1.139480282118997767e+00
-1.143889726712614463e+00
-1.148299197317121267e+00
-1.152708694132474454e+00
-1.157118217355593170e+00
-1.161527767180362103e+00
-1.165937343797628811e+00
-1.170346947395205950e+00
-1.174756578157869047e+00
-1.179166236267357393e+00
-1.183575921902375594e+00
-1.187985635238590465e+00
-1.192395376448634803e+00
-1.196805145702104056e+00
-1.201214943165557214e+00
-1.205624769002518137e+00
-1.210034623373474449e+00
-1.214444506435877980e+00
-1.218854418344143875e+00
-1.223264359249651489e+00
-1.227674329300743938e+00
-1.232084328642729210e+00
-1.236494357417878165e+00
-1.240904415765426538e+00
-1.245314503821572938e+00
-1.249724621719480622e+00
-1.254134769589277054e+00
-1.258544947558052796e+00
-1.262955155749863945e+00
-1.267365394285728364e+00
-1.271775663283629232e+00
-1.276185962858513934e+00
-1.280596293122292728e+00
-1.285006654183841412e+00
-1.289417046148997770e+00
-1.293827469120564899e+00
-1.298237923198309440e+00
-1.302648408478962017e+00
-1.307058925056218124e+00
-1.311469473020735244e+00
-1.315880052460135952e+00
-1.320290663459007252e+00
-1.324701306098899245e+00
-1.329111980458327125e+00
-1.333522686612768071e+00
-1.337933424634665025e+00
-1.342344194593424245e+00
-1.346754996555416417e+00
-1.351165830583974881e+00
-1.355576696739397846e+00
-1.359987595078948175e+00
-1.364398525656851158e+00
-1.368809488524298068e+00
-1.373220483729441499e+00
-1.377631511317399582e+00
-1.382042571330254876e+00
-1.386453663807052816e+00
-1.390864788783803929e+00
-1.395275946293480951e+00
-1.399687136366021933e+00
-1.404098359028328913e+00
-1.408509614304267243e+00
-1.412920902214667151e+00
-1.417332222777321293e+00
-1.421743576006987420e+00
-1.426154961915387265e+00
-1.430566380511206104e+00
-1.434977831800094084e+00
-1.439389315784663115e+00
-1.443800832464491757e+00
-1.448212381836120555e+00
-1.452623963893055148e+00
-1.457035578625765160e+00
-1.461447226021682422e+00
-1.465858906065204970e+00
-1.470270618737693713e+00
-1.474682364017473768e+00
-1.479094141879834234e+00
-1.483505952297027308e+00
-1.487917795238270724e+00
-1.492329670669744646e+00
-1.496741578554594554e+00
-1.501153518852929469e+00
-1.505565491521820620e+00
-1.509977496515306106e+00
-1.514389533784385566e+00
-1.518801603277024626e+00
-1.523213704938151558e+00
-1.527625838709658401e+00
-1.532038004530401842e+00
-1.536450202336202109e+00
-1.540862432059844078e+00
-1.545274693631076168e+00
-1.549686986976610115e+00
-1.554099312020122303e+00
-1.558511668682253326e+00
-1.562924056880607093e+00
-1.567336476529752165e+00
-1.571748927541219754e+00
-1.576161409823506387e+00
-1.580573923282072357e+00
-1.584986467819341271e+00
-1.589399043334701611e+00
-1.593811649724504509e+00
-1.598224286882065970e+00
-1.602636954697665983e+00
-1.607049653058548966e+00
-1.611462381848921099e+00
-1.615875140949955213e+00
-1.620287930239786345e+00
-1.624700749593514626e+00
-1.629113598883203728e+00
-1.633526477977880420e+00
-1.637939386743536563e+00
-1.642352325043127337e+00
-1.646765292736572350e+00
-1.651178289680755418e+00
-1.655591315729523005e+00
-1.660004370733686452e+00
-1.664417454541021524e+00
-1.668830566996267084e+00
-1.673243707941126424e+00
-1.677656877214266373e+00
-1.682070074651317748e+00
-1.686483300084876236e+00
-1.690896553344499953e+00
-1.695309834256713222e+00
-1.699723142645001461e+00
-1.704136478329815851e+00
-1.708549841128571556e+00
-1.712963230855646835e+00
-1.717376647322385486e+00
-1.721790090337092849e+00
-1.726203559705040025e+00
-1.730617055228461654e+00
-1.735030576706556138e+00
-1.739444123935486974e+00
-1.743857696708378979e+00
-1.748271294815323396e+00
-1.752684918043374562e+00
-1.757098566176550802e+00
-1.761512238995834867e+00
-1.765925936279171937e+00
-1.770339657801472955e+00
-1.774753403334611956e+00
-1.779167172647426742e+00
-1.783580965505720428e+00
-1.787994781672257671e+00
-1.792408620906769112e+00
-1.796822482965948709e+00
-1.801236367603454402e+00
-1.805650274569908342e+00
-1.810064203612895550e+00
-1.814478154476966365e+00
-1.818892126903633999e+00
-1.823306120631376981e+00
-1.827720135395637158e+00
-1.832134170928818584e+00
-1.836548226960292185e+00
-1.840962303216390872e+00
-1.845376399420412428e+00
-1.849790515292618620e+00
-1.854204650550233868e+00
-1.858618804907448574e+00
-1.863032978075415125e+00
-1.867447169762251447e+00
-1.871861379673038783e+00
-1.876275607509822141e+00
-1.880689852971610510e+00
-1.885104115754377085e+00
-1.889518395551059049e+00
-1.893932692051557565e+00
-1.898347004942737337e+00
-1.902761333908427055e+00
-1.907175678629420279e+00
-1.911590038783473888e+00
-1.916004414045307858e+00
-1.920418804086607478e+00
-1.924833208576021359e+00
-1.929247627179162539e+00
-1.933662059558607815e+00
-1.938076505373896641e+00
-1.942490964281534449e+00
-1.946905435934989548e+00
-1.951319919984694673e+00
-1.955734416078046545e+00
-1.960148923859404313e+00
-1.964563442970093554e+00
-1.968977973048401831e+00
-1.973392513729581799e+00
-1.977807064645849877e+00
-1.982221625426385803e+00
-1.986636195697333518e+00
-1.991050775081801616e+00
-1.995465363199862230e+00
-1.999879959668551477e+00
-2.004294564101868126e+00
-2.008709176110777594e+00
-2.013123795303207064e+00
-2.017538421284048589e+00
-2.021953053655157984e+00
-2.026367692015353938e+00
-2.030782335960422014e+00
-2.035196985083108867e+00
-2.039611638973126251e+00
-2.044026297217150123e+00
-2.048440959398818872e+00
-2.052855625098736869e+00
-2.057270293894471802e+00
-2.061684965360555122e+00
-2.066099639068482041e+00
-2.070514314586711091e+00
-2.074928991480666340e+00
-2.079343669312735177e+00
-2.083758347642268749e+00
-2.088173026025581969e+00
-2.092587704015953953e+00
-2.097002381163627582e+00
-2.101417057015810830e+00
-2.105831731116673655e+00
-2.110246403007352001e+00
-2.114661072225943794e+00
-2.119075738307512502e+00
-2.123490400784084464e+00
-2.127905059184651559e+00
-2.132319713035167208e+00
-2.136734361858550812e+00
-2.141149005174685094e+00
-2.145563642500416535e+00
-2.149978273349555380e+00
-2.154392897232876969e+00
-2.158807513658119070e+00
-2.163222122129984548e+00
-2.167636722150139583e+00
-2.172051313217215451e+00
-2.176465894826804526e+00
-2.180880466471466494e+00
-2.185295027640723475e+00
-2.189709577821061792e+00
-2.194124116495931087e+00
-2.198538643145745652e+00
-2.202953157247883986e+00
