4.121266816123506094e-01
4.113008560463343732e-01
4.104750320068398239e-01
4.096492109911059054e-01
4.088233944598898550e-01
4.079975837889680546e-01
4.071717802688524790e-01
4.063459851047912519e-01
4.055201994167685897e-01
4.046944242395043578e-01
4.038686605224546255e-01
4.030429091298112221e-01
4.022171696695667764e-01
4.013914406105847377e-01
4.005657216530238984e-01
3.997400125119896508e-01
3.989143129077122318e-01
3.980886225655471677e-01
3.972629412159751072e-01
3.964372685946017105e-01
3.956116044421578715e-01
3.947859485044996619e-01
3.939603005326081098e-01
3.931346602825894765e-01
3.923090275156750351e-01
3.914834019982213476e-01
3.906577835017098765e-01
3.898321718027475402e-01
3.890065666830659907e-01
3.881809679295222248e-01
3.873553753340984174e-01
3.865297886939016436e-01
3.857042078111643235e-01
3.848786324932437775e-01
3.840530625526226705e-01
3.832274978069087346e-01
3.824019380788347133e-01
3.815763831962585284e-01
3.807508329921632795e-01
3.799252873046570778e-01
3.790997459769733235e-01
3.782742088574703176e-01
3.774486757996317055e-01
3.766231466620660884e-01
3.757976213085072459e-01
3.749720996078141355e-01
3.741465814339707263e-01
3.733210666660862764e-01
3.724955551883949445e-01
3.716700468902561783e-01
3.708445416661545480e-01
3.700190394156995244e-01
3.691935400436260895e-01
3.683680434597939035e-01
3.675425495791881936e-01
3.667170583219189761e-01
3.658915696132213902e-01
3.650660833834560304e-01
3.642405995681082254e-01
3.634151181077885928e-01
3.625896389482330395e-01
3.617641620403022062e-01
3.609386873399822449e-01
3.601132148083841522e-01
3.592877444117442143e-01
3.584622761214237840e-01
3.576368099139092260e-01
3.568113457708122493e-01
3.559858836788694636e-01
3.551604236299428230e-01
3.543349656210191823e-01
3.535095096542106297e-01
3.526840557367544315e-01
3.518586038810128658e-01
3.510331541044733883e-01
3.502077064297485776e-01
3.493822608845760236e-01
3.485568175018187165e-01
3.477313763194644358e-01
3.469059373806263058e-01
3.460805007335424621e-01
3.452550664315762186e-01
3.444296345332160114e-01
3.436042051020753441e-01
3.427787782068928979e-01
3.419533539215324769e-01
3.411279323249829520e-01
3.403025135013584279e-01
3.394770975398979651e-01
3.386516845349659133e-01
3.378262745860516336e-01
3.370008677977695544e-01
3.361754642798594483e-01
3.353500641471860444e-01
3.345246675197391939e-01
3.336992745226338708e-01
3.328738852861103381e-01
3.320484999455336483e-01
3.312231186413942541e-01
3.303977415193077860e-01
3.295723687300146643e-01
3.287470004293807091e-01
3.279216367783966968e-01
3.270962779431788037e-01
3.262709240949679401e-01
3.254455754101303611e-01
3.246202320701575550e-01
3.237948942616657444e-01
3.229695621763967739e-01
3.221442350875437510e-01
3.213189116604927564e-01
3.204935918642472514e-01
3.196682756821632165e-01
3.188429630976286622e-01
3.180176540940629626e-01
3.171923486549174109e-01
3.163670467636751082e-01
3.155417484038505194e-01
3.147164535589902501e-01
3.138911622126723810e-01
3.130658743485066342e-01
3.122405899501347615e-01
3.114153090012298786e-01
3.105900314854970201e-01
3.097647573866729731e-01
3.089394866885260549e-01
3.081142193748565017e-01
3.072889554294961356e-01
3.064636948363085311e-01
3.056384375791890151e-01
3.048131836420645002e-01
3.039879330088938181e-01
3.031626856636673306e-01
3.023374415904073187e-01
3.015122007731675380e-01
3.006869631960336076e-01
2.998617288431229544e-01
2.990364976985844248e-01
2.982112697465989504e-01
2.973860449713789378e-01
2.965608233571684349e-01
2.957356048882434640e-01
2.949103895489116889e-01
2.940851773235123034e-01
2.932599681964164762e-01
2.924347621520268503e-01
2.916095591747779880e-01
2.907843592491361484e-01
2.899591623595990653e-01
2.891339684906965579e-01
2.883087776269898650e-01
2.874835897530720885e-01
2.866584048535680274e-01
2.858332229131341773e-01
2.850080439164587309e-01
2.841828678482616333e-01
2.833576946932944707e-01
2.825325244363408039e-01
2.817073570622155021e-01
2.808821925557654642e-01
2.800570309018692305e-01
2.792318720854369829e-01
2.784067160914106553e-01
2.775815629047640454e-01
2.767564125105024253e-01
2.759312648936629309e-01
2.751061200393143391e-01
2.742809779325572905e-01
2.734558385585239559e-01
2.726307019023783140e-01
2.718055679493160404e-01
2.709804366845645629e-01
2.701553080933830620e-01
2.693301821610622482e-01
2.685050588729248067e-01
2.676799382143248973e-01
2.668548201706485434e-01
2.660297047273135762e-01
2.652045918697692461e-01
2.643794815834967782e-01
2.635543738540089831e-01
2.627292686668504795e-01
2.619041660075975830e-01
2.610790658618582505e-01
2.602539682152721356e-01
2.594288730535108112e-01
2.586037803622773801e-01
2.577786901273066977e-01
2.569536023343654274e-01
2.561285169692518182e-01
2.553034340177959272e-01
2.544783534658594526e-01
2.536532752993359008e-01
2.528281995041504193e-01
2.520031260662599082e-01
2.511780549716530198e-01
2.503529862063499922e-01
2.495279197564029550e-01
2.487028556078956509e-01
2.478777937469434922e-01
2.470527341596937820e-01
2.462276768323253262e-01
2.454026217510488217e-01
2.445775689021066346e-01
2.437525182717727168e-01
2.429274698463529392e-01
2.421024236121848416e-01
2.412773795556375778e-01
2.404523376631120257e-01
2.396272979210408716e-01
2.388022603158884982e-01
2.379772248341510410e-01
2.371521914623562488e-01
2.363271601870635952e-01
2.355021309948643060e-01
2.346771038723813596e-01
2.338520788062694866e-01
2.330270557832150036e-01
2.322020347899360349e-01
2.313770158131823185e-01
2.305519988397354836e-01
2.297269838564087729e-01
2.289019708500470984e-01
2.280769598075272353e-01
2.272519507157574337e-01
2.264269435616779180e-01
2.256019383322605820e-01
2.247769350145088496e-01
2.239519335954580637e-01
2.231269340621751529e-01
2.223019364017588539e-01
2.214769406013396558e-01
2.206519466480796055e-01
2.198269545291725857e-01
2.190019642318440929e-01
2.181769757433515144e-01
2.173519890509838515e-01
2.165270041420618019e-01
2.157020210039378161e-01
2.148770396239959579e-01
2.140520599896521547e-01
2.132270820883540585e-01
2.124021059075809625e-01
2.115771314348438570e-01
2.107521586576854011e-01
2.099271875636801454e-01
2.091022181404342817e-01
2.082772503755856708e-01
2.074522842568038428e-01
2.066273197717902743e-01
2.058023569082778892e-01
2.049773956540315023e-01
2.041524359968475699e-01
2.033274779245542452e-01
2.025025214250114891e-01
2.016775664861108763e-01
2.008526130957758449e-01
2.000276612419613909e-01
1.992027109126542350e-01
1.983777620958729615e-01
1.975528147796677403e-01
1.967278689521204937e-01
1.959029246013449244e-01
1.950779817154862650e-01
1.942530402827217506e-01
1.934281002912600356e-01
1.926031617293417209e-01
1.917782245852390210e-01
1.909532888472558199e-01
1.901283545037278921e-01
1.893034215430224876e-01
1.884784899535388303e-01
1.876535597237076469e-01
1.868286308419914443e-01
1.860037032968845649e-01
1.851787770769128816e-01
1.843538521706341859e-01
1.835289285666377446e-01
1.827040062535447706e-01
1.818790852200080355e-01
1.810541654547120904e-01
1.802292469463732671e-01
1.794043296837394552e-01
1.785794136555904355e-01
1.777544988507376023e-01
1.769295852580240191e-01
1.761046728663246130e-01
1.752797616645458967e-01
1.744548514007336626e-01
1.736299418202948697e-01
1.728050329233681015e-01
1.719801247100948283e-01
1.711552171805928169e-01
1.703303103349563530e-01
1.695054041732561301e-01
1.686804986955391106e-01
1.678555939018289700e-01
1.670306897921255418e-01
1.662057863664052615e-01
1.653808836246209724e-01
1.645559815667017589e-01
1.637310801925534187e-01
1.629061795020579351e-01
1.620812794950738933e-01
1.612563801714361200e-01
1.604314815309560438e-01
1.596065835734215010e-01
1.587816862985965416e-01
1.579567897062219561e-01
1.571318937960147211e-01
1.563069985676683593e-01
1.554821040208527738e-01
1.546572101552142753e-01
1.538323169703757209e-01
1.530074244659361538e-01
1.521825326414713853e-01
1.513576414965333294e-01
1.505327510306504191e-01
1.497078612433276612e-01
1.488829721340463041e-01
1.480580837022641705e-01
1.472331959474154073e-01
1.464083088689105694e-01
1.455834224661367027e-01
1.447585367384573163e-01
1.439336516852122161e-01
1.431087673057178100e-01
1.422838835992666917e-01
1.414590005651281401e-01
1.406341182025476755e-01
1.398092365107473367e-01
1.389843554889255706e-01
1.381594751362571760e-01
1.373345954518935541e-01
1.365097164349622916e-01
1.356848380845676605e-01
1.348599603997901464e-01
1.340350833796867258e-01
1.332102070232908941e-01
1.323853313296124434e-01
1.315604562976376846e-01
1.307355819263292807e-01
1.299107082146264136e-01
1.290858351614445620e-01
1.282609627656756957e-01
1.274360910261883306e-01
1.266112199418271966e-01
1.257863495114135977e-01
1.249614797337452177e-01
1.241366106075960929e-01
1.233117421317168616e-01
1.224868743048343894e-01
1.216620071256521440e-01
1.208371405928499176e-01
1.200122747050839100e-01
1.191874094609868262e-01
1.183625448591677232e-01
1.175376808982121768e-01
1.167128175766821152e-01
1.158879548931158326e-01
1.150630928460282254e-01
1.142382314339104310e-01
1.134133706552302029e-01
1.125885105084315357e-01
1.117636509919349291e-01
1.109387921041373737e-01
1.101139338434121290e-01
1.092890762081090705e-01
1.084642191965543290e-01
1.076393628070506231e-01
1.068145070378769407e-01
1.059896518872887466e-01
1.051647973535180386e-01
1.043399434347730553e-01
1.035150901292386516e-01
1.026902374350759928e-01
1.018653853504226242e-01
1.010405338733926656e-01
1.002156830020765332e-01
9.939083273454119016e-02
9.856598306882990990e-02
9.774113400296240151e-02
9.691628553493493448e-02
9.609143766271999176e-02
9.526659038426670001e-02
9.444174369750046871e-02
9.361689760032315677e-02
9.279205209061310022e-02
9.196720716622498737e-02
9.114236282499003916e-02
9.031751906471581492e-02
8.949267588318624012e-02
8.866783327816186999e-02
8.784299124737947329e-02
8.701814978855243465e-02
8.619330889937037998e-02
8.536846857749945394e-02
8.454362882058227835e-02
8.371878962623777176e-02
8.289395099206142703e-02
8.206911291562507538e-02
8.124427539447688640e-02
8.041943842614168725e-02
7.959460200812050468e-02
7.876976613789099524e-02
7.794493081290700121e-02
7.712009603059902241e-02
7.629526178837388317e-02
7.547042808361473232e-02
7.464559491368137623e-02
7.382076227590982087e-02
7.299593016761271591e-02
7.217109858607891060e-02
7.134626752857380072e-02
7.052143699233927310e-02
6.969660697459345577e-02
6.887177747253112048e-02
6.804694848332329404e-02
6.722212000411748045e-02
6.639729203203766084e-02
6.557246456418415470e-02
6.474763759763381421e-02
6.392281112943985766e-02
6.309798515663184171e-02
6.227315967621593895e-02
6.144833468517457015e-02
6.062351018046674422e-02
5.979868615902776685e-02
5.897386261776936534e-02
5.814903955357983434e-02
5.732421696332371669e-02
5.649939484384215033e-02
5.567457319195253523e-02
5.484975200444886650e-02
5.402493127810142903e-02
5.320011100965694323e-02
5.237529119583867604e-02
5.155047183334617034e-02
5.072565291885552247e-02
4.990083444901918103e-02
4.907601642046598156e-02
4.825119882980133390e-02
4.742638167360688217e-02
4.660156494844089337e-02
4.577674865083791733e-02
4.495193277730892556e-02
4.412711732434146383e-02
4.330230228839931222e-02
4.247748766592286673e-02
4.165267345332879928e-02
4.082785964701021730e-02
4.000304624333679560e-02
3.917823323865445018e-02
3.835342062928569912e-02
3.752860841152935722e-02
3.670379658166066095e-02
3.587898513593140715e-02
3.505417407056964085e-02
3.422936338178002996e-02
3.340455306574349748e-02
3.257974311861741579e-02
3.175493353653573159e-02
3.093012431560860503e-02
3.010531545192281916e-02
2.928050694154146066e-02
2.845569878050402055e-02
2.763089096482656409e-02
2.680608349050139089e-02
2.598127635349743031e-02
2.515646954975982522e-02
2.433166307521035521e-02
2.350685692574706540e-02
2.268205109724445029e-02
2.185724558555354746e-02
2.103244038650165654e-02
2.020763549589266184e-02
1.938283090950676177e-02
1.855802662310056597e-02
1.773322263240725144e-02
1.690841893313623986e-02
1.608361552097355499e-02
1.525881239158152422e-02
1.443400954059888622e-02
1.360920696364095218e-02
1.278440465629926762e-02
1.195960261414200088e-02
1.113480083271359451e-02
1.030999930753492659e-02
9.485198034103435594e-03
8.660397007892802965e-03
7.835596224353320871e-03
7.010795678911567810e-03
6.185995366970552592e-03
5.361195283909843574e-03
4.536395425085253813e-03
3.711595785829204484e-03
2.886796361450362329e-03
2.061997147234000474e-03
1.237198138441683148e-03
4.123993303113992516e-04
-4.123992819423439086e-04
-1.237197703128612835e-03
-2.061995938080140103e-03
-2.886793991653184392e-03
-3.711591868727581386e-03
-4.536389574206828833e-03
-5.361187113017725284e-03
-6.185984490110918270e-03
-7.010781710460537407e-03
-7.835578779064284599e-03
-8.660375700943525115e-03
-9.485172481142934570e-03
-1.030996912473102281e-02
-1.113476563679978784e-02
-1.195956202246480429e-02
-1.278435828686531016e-02
-1.360915443516384077e-02
-1.443395047254677870e-02
-1.525874640422399640e-02
-1.608354223542893258e-02
-1.690833797141869446e-02
-1.773313361747368491e-02
-1.855792917889816096e-02
-1.938272466101985739e-02
-2.020752006919008734e-02
-2.103231540878382558e-02
-2.185711068519934422e-02
-2.268190590385877128e-02
-2.350670107020770908e-02
-2.433149618971533826e-02
-2.515629126787450112e-02
-2.598108631020134424e-02
-2.680588132223585968e-02
-2.763067630954152420e-02
-2.845547127770538254e-02
-2.928026623233815143e-02
-3.010506117907384149e-02
-3.092985612357031580e-02
-3.175465107150891864e-02
-3.257944602859456917e-02
-3.340424100055584822e-02
-3.422903599314463391e-02
-3.505383101213666724e-02
-3.587862606333114962e-02
-3.670342115255087467e-02
-3.752821628564229767e-02
-3.835301146847516079e-02
-3.917780670694307604e-02
-4.000260200696310886e-02
-4.082739737447602796e-02
-4.165219281544586122e-02
-4.247698833586050632e-02
-4.330178394173134909e-02
-4.412657963909333986e-02
-4.495137543400509056e-02
-4.577617133254852089e-02
-4.660096734082938563e-02
-4.742576346497694162e-02
-4.825055971114401016e-02
-4.907535608550707418e-02
-4.990015259426591049e-02
-5.072494924364415875e-02
-5.154974603988894677e-02
-5.237454298927093910e-02
-5.319934009808450354e-02
-5.402413737264730176e-02
-5.484893481930083053e-02
-5.567373244441006785e-02
-5.649853025436357701e-02
-5.732332825557358291e-02
-5.814812645447561129e-02
-5.897292485752902991e-02
-5.979772347121668774e-02
-6.062252230204501907e-02
-6.144732135654412675e-02
-6.227212064126737973e-02
-6.309692016279203064e-02
-6.392171992771882028e-02
-6.474651994267199839e-02
-6.557132021429958046e-02
-6.639612074927279950e-02
-6.722092155428677218e-02
-6.804572263606008253e-02
-6.887052400133490682e-02
-6.969532565687706904e-02
-7.052012760947572179e-02
-7.134492986594379027e-02
-7.216973243311779196e-02
-7.299453531785773941e-02
-7.381933852704733456e-02
-7.464414206759356629e-02
-7.546894594642730714e-02
-7.629375017050285535e-02
-7.711855474679815692e-02
-7.794335968231473621e-02
-7.876816498407750167e-02
-7.959297065913513436e-02
-8.041777671455986598e-02
-8.124258315744743719e-02
-8.206738999491733355e-02
-8.289219723411223040e-02
-8.371700488219877001e-02
-8.454181294636699262e-02
-8.536662143383054457e-02
-8.619143035182673385e-02
-8.701623970761618310e-02
-8.784104950848331539e-02
-8.866585976173610439e-02
-8.949067047470612990e-02
-9.031548165474830026e-02
-9.114029330924135197e-02
-9.196510544558755829e-02
-9.278991807121268753e-02
-9.361473119356621131e-02
-9.443954482012092977e-02
-9.526435895837344348e-02
-9.608917361584386196e-02
-9.691398880007584538e-02
-9.773880451863674323e-02
-9.856362077911721975e-02
-9.938843758913173954e-02
-1.002132549563182623e-01
-1.010380728883383677e-01
-1.018628913928772417e-01
-1.026877104776433985e-01
-1.035125301503691947e-01
-1.043373504188104817e-01
-1.051621712907466477e-01
-1.059869927739808121e-01
-1.068118148763393116e-01
-1.076366376056724083e-01
-1.084614609698537763e-01
-1.092862849767807371e-01
-1.101111096343742185e-01
-1.109359349505784770e-01
-1.117607609333615831e-01
-1.125855875907151582e-01
-1.134104149306543324e-01
-1.142352429612178977e-01
-1.150600716904680160e-01
-1.158849011264906359e-01
-1.167097312773952011e-01
-1.175345621513147198e-01
-1.183593937564058896e-01
-1.191842261008487225e-01
-1.200090591928470313e-01
-1.208338930406281098e-01
-1.216587276524428995e-01
-1.224835630365659067e-01
-1.233083992012950214e-01
-1.241332361549519203e-01
-1.249580739058818168e-01
-1.257829124624534611e-01
-1.266077518330592511e-01
-1.274325920261149547e-01
-1.282574330500600990e-01
-1.290822749133578029e-01
-1.299071176244946391e-01
-1.307319611919809388e-01
-1.315568056243502371e-01
-1.323816509301600219e-01
-1.332064971179912349e-01
-1.340313441964483543e-01
-1.348561921741595060e-01
-1.356810410597762140e-01
-1.365058908619737610e-01
-1.373307415894509109e-01
-1.381555932509301032e-01
-1.389804458551572863e-01
-1.398052994109018343e-01
-1.406301539269569634e-01
-1.414550094121392598e-01
-1.422798658752890133e-01
-1.431047233252701334e-01
-1.439295817709697611e-01
-1.447544412212990184e-01
-1.455793016851923694e-01
-1.464041631716080372e-01
-1.472290256895275873e-01
-1.480538892479562330e-01
-1.488787538559228907e-01
-1.497036195224799582e-01
-1.505284862567034532e-01
-1.513533540676927913e-01
-1.521782229645711471e-01
-1.530030929564852316e-01
-1.538279640526053482e-01
-1.546528362621253927e-01
-1.554777095942625753e-01
-1.563025840582580595e-01
-1.571274596633763232e-01
-1.579523364189055479e-01
-1.587772143341575626e-01
-1.596020934184674278e-01
-1.604269736811941016e-01
-1.612518551317200510e-01
-1.620767377794512243e-01
-1.629016216338173839e-01
-1.637265067042713851e-01
-1.645513930002901470e-01
-1.653762805313739315e-01
-1.662011693070466478e-01
-1.670260593368557700e-01
-1.678509506303722254e-01
-1.686758431971906447e-01
-1.695007370469291952e-01
-1.703256321892296921e-01
-1.711505286337574594e-01
-1.719754263902012748e-01
-1.728003254682736745e-01
-1.736252258777106761e-01
-1.744501276282719171e-01
-1.752750307297407106e-01
-1.760999351919235734e-01
-1.769248410246509751e-01
-1.777497482377768112e-01
-1.785746568411785695e-01
-1.793995668447574132e-01
-1.802244782584377647e-01
-1.810493910921679162e-01
-1.818743053559197242e-01
-1.826992210596884436e-01
-1.835241382134931432e-01
-1.843490568273761232e-01
-1.851739769114035816e-01
-1.859988984756651142e-01
-1.868238215302740202e-01
-1.876487460853671074e-01
-1.884736721511046376e-01
-1.892985997376705476e-01
-1.901235288552724501e-01
-1.909484595141414109e-01
-1.917733917245321440e-01
-1.925983254967227609e-01
-1.934232608410151599e-01
-1.942481977677346927e-01
-1.950731362872304697e-01
-1.958980764098747773e-01
-1.967230181460638272e-01
-1.975479615062173677e-01
-1.983729065007785453e-01
-1.991978531402143759e-01
-2.000228014350150518e-01
-2.008477513956946348e-01
-2.016727030327906678e-01
-2.024976563568643140e-01
-2.033226113785003009e-01
-2.041475681083067817e-01
-2.049725265569156685e-01
-2.057974867349823545e-01
-2.066224486531858806e-01
-2.074474123222289079e-01
-2.082723777528373565e-01
-2.090973449557610719e-01
-2.099223139417732975e-01
-2.107472847216709244e-01
-2.115722573062744916e-01
-2.123972317064278248e-01
-2.132222079329985642e-01
-2.140471859968779422e-01
-2.148721659089806169e-01
-2.156971476802450327e-01
-2.165221313216328380e-01
-2.173471168441296342e-01
-2.181721042587444204e-01
-2.189970935765098159e-01
-2.198220848084820600e-01
-2.206470779657407622e-01
-2.214720730593892906e-01
-2.222970701005545502e-01
-2.231220691003870660e-01
-2.239470700700608996e-01
-2.247720730207735107e-01
-2.255970779637462287e-01
-2.264220849102237532e-01
-2.272470938714744593e-01
-2.280721048587903421e-01
-2.288971178834867115e-01
-2.297221329569027748e-01
-2.305471500904010540e-01
-2.313721692953678299e-01
-2.321971905832129757e-01
-2.330222139653696234e-01
-2.338472394532948584e-01
-2.346722670584691639e-01
-2.354972967923965876e-01
-2.363223286666049083e-01
-2.371473626926451084e-01
-2.379723988820921510e-01
-2.387974372465443973e-01
-2.396224777976237730e-01
-2.404475205469758792e-01
-2.412725655062696872e-01
-2.420976126871978995e-01
-2.429226621014767551e-01
-2.437477137608461408e-01
-2.445727676770694248e-01
-2.453978238619334840e-01
-2.462228823272489542e-01
-2.470479430848498692e-01
-2.478730061465939660e-01
-2.486980715243625739e-01
-2.495231392300603646e-01
-2.503482092756158517e-01
-2.511732816729809747e-01
-2.519983564341313764e-01
-2.528234335710660696e-01
-2.536485130958077705e-01
-2.544735950204027319e-01
-2.552986793569209101e-01
-2.561237661174557978e-01
-2.569488553141241471e-01
-2.577739469590666355e-01
-2.585990410644475324e-01
-2.594241376424543666e-01
-2.602492367052985922e-01
-2.610743382652149780e-01
-2.618994423344619404e-01
-2.627245489253215438e-01
-2.635496580500993336e-01
-2.643747697211246694e-01
-2.651998839507500039e-01
-2.660250007513517700e-01
-2.668501201353298824e-01
-2.676752421151077366e-01
-2.685003667031325425e-01
-2.693254939118746027e-01
-2.701506237538283672e-01
-2.709757562415113785e-01
-2.718008913874650490e-01
-2.726260292042544386e-01
-2.734511697044677558e-01
-2.742763129007171341e-01
-2.751014588056382992e-01
-2.759266074318902917e-01
-2.767517587921561328e-01
-2.775769128991418810e-01
-2.784020697655775201e-01
-2.792272294042166814e-01
-2.800523918278363111e-01
-2.808775570492371143e-01
-2.817027250812432215e-01
-2.825278959367024667e-01
-2.833530696284861650e-01
-2.841782461694893347e-01
-2.850034255726304755e-01
-2.858286078508516237e-01
-2.866537930171183524e-01
-2.874789810844200488e-01
-2.883041720657694151e-01
-2.891293659742029676e-01
-2.899545628227804817e-01
-2.907797626245856026e-01
-2.916049653927252905e-01
-2.924301711403303194e-01
-2.932553798805550560e-01
-2.940805916265770148e-01
-2.949058063915978023e-01
-2.957310241888423952e-01
-2.965562450315591958e-01
-2.973814689330205874e-01
-2.982066959065219347e-01
-2.990319259653826389e-01
-2.998571591229455824e-01
-3.006823953925771842e-01
-3.015076347876672891e-01
-3.023328773216296117e-01
-3.031581230079011813e-01
-3.039833718599427304e-01
-3.048086238912386392e-01
-3.056338791152966028e-01
-3.064591375456480749e-01
-3.072843991958481014e-01
-3.081096640794752650e-01
-3.089349322101318518e-01
-3.097602036014432403e-01
-3.105854782670590120e-01
-3.114107562206519519e-01
-3.122360374759184376e-01
-3.130613220465786051e-01
-3.138866099463760162e-01
-3.147119011890777140e-01
-3.155371957884746115e-01
-3.163624937583808805e-01
-3.171877951126345629e-01
-3.180130998650969598e-01
-3.188384080296531864e-01
-3.196637196202117837e-01
-3.204890346507049959e-01
-3.213143531350887150e-01
-3.221396750873420367e-01
-3.229650005214679820e-01
-3.237903294514929420e-01
-3.246156618914670111e-01
-3.254409978554639316e-01
-3.262663373575807602e-01
-3.270916804119382570e-01
-3.279170270326808301e-01
-3.287423772339763683e-01
-3.295677310300165197e-01
-3.303930884350161357e-01
-3.312184494632139375e-01
-3.320438141288721834e-01
-3.328691824462766125e-01
-3.336945544297366117e-01
-3.345199300935851605e-01
-3.353453094521786082e-01
-3.361706925198971740e-01
-3.369960793111445030e-01
-3.378214698403479432e-01
-3.386468641219580467e-01
-3.394722621704493459e-01
-3.402976641729794083e-01
-3.411230738645122385e-01
-3.419484923597228554e-01
-3.427739191423959109e-01
-3.435993537110683116e-01
-3.444247955790288307e-01
-3.452502442743179412e-01
-3.460756993397283154e-01
-3.469011603328041038e-01
-3.477266268258416004e-01
-3.485520984058889660e-01
-3.493775746747461719e-01
-3.502030552489652782e-01
-3.510285397598497670e-01
-3.518540278534554866e-01
-3.526795191905899851e-01
-3.535050134468125660e-01
-3.543305103124347322e-01
-3.551560094925195199e-01
-3.559815107068819984e-01
-3.568070136900892142e-01
-3.576325181914601359e-01
-3.584580239750651542e-01
-3.592835308197271371e-01
-3.601090385190204857e-01
-3.609345468812716895e-01
-3.617600557295589936e-01
-3.625855649017123983e-01
-3.634110742503140479e-01
-3.642365836426978976e-01
-3.650620929609496024e-01
-3.658876021019070723e-01
-3.667131109771596953e-01
-3.675386195130489475e-01
-3.683641276506682272e-01
-3.691896353458626878e-01
-3.700151425692295715e-01
-3.708406493061177089e-01
-3.716661555566279640e-01
-3.724916613356131778e-01
-3.733171666726780025e-01
-3.741426716121790119e-01
-3.749681762132244800e-01
-3.757936805496747135e-01
-3.766191847101419410e-01
-3.774446887979901466e-01
-3.782701929313355138e-01
-3.790956972430455374e-01
-3.799212018807400781e-01
-3.807467070067907522e-01
-3.815722127983209866e-01
-3.823977194472062968e-01
-3.832232271600737317e-01
-3.840487361583024284e-01
-3.848742466780235572e-01
-3.856997589701198770e-01
-3.865252733002262908e-01
-3.873507899487294015e-01
-3.881763092107676227e-01
-3.890018313962315677e-01
-3.898273568297635494e-01
-3.906528858507577473e-01
-3.914784188133601517e-01
-3.923039560864687858e-01
-3.931294980537335393e-01
-3.939550451135561127e-01
-3.947805976790902394e-01
-3.956061561782411862e-01
-3.964317210536665859e-01
-3.972572927627754935e-01
-3.980828717777292192e-01
-3.989084585854408282e-01
-3.997340536875750860e-01
-4.005596576005488463e-01
-4.013852708555308846e-01
-4.022108939984417320e-01
-4.030365275899538968e-01
-4.038621722054916430e-01
-4.046878284352311561e-01
-4.055134968841007104e-01
-4.063391781717801687e-01
-4.071648729327014271e-01
-4.079905818160483033e-01
-4.088163054857563705e-01
-4.096420446205131793e-01
-4.104677999137582578e-01
-4.112935720736826672e-01
-4.121193618232297795e-01
