-4.984752187748231478e-02
-4.984752237130818386e-02
-4.984752545083948050e-02
-4.984753225498383955e-02
-4.984754237545541145e-02
-4.984755418968411789e-02
-4.984756486275543352e-02
-4.984757034740638915e-02
-4.984756538403134485e-02
-4.984754350067799322e-02
-4.984749701304957981e-02
-4.984741702450534717e-02
-4.984728918505876294e-02
-4.984708875861265653e-02
-4.984679202137876075e-02
-4.984637564514704522e-02
-4.984581667412957273e-02
-4.984509252495827880e-02
-4.984418098668808028e-02
-4.984306022079598719e-02
-4.984170876118021454e-02
-4.984010551416284684e-02
-4.983822975848584136e-02
-4.983606114531458076e-02
-4.983357969823476452e-02
-4.983076581325551757e-02
-4.982760025880983434e-02
-4.982406417574702928e-02
-4.982013907734472724e-02
-4.981580684929820535e-02
-4.981104974972616617e-02
-4.980585040917118178e-02
-4.980019183059392063e-02
-4.979405738938069703e-02
-4.978743083333680985e-02
-4.978029628269142748e-02
-4.977263823009714372e-02
-4.976444154062331648e-02
-4.975569145176850228e-02
-4.974637357344624533e-02
-4.973647388799595781e-02
-4.972597875018047731e-02
-4.971487488717962755e-02
-4.970314939860021042e-02
-4.969078975646734619e-02
-4.967778380523046877e-02
-4.966411976176110521e-02
-4.964978621535065528e-02
-4.963477212771483238e-02
-4.961906683298855647e-02
-4.960266003773194932e-02
-4.958554182092633766e-02
-4.956770263397203280e-02
-4.954913330069632416e-02
-4.952982501734370935e-02
-4.950976935258299960e-02
-4.948895824750687567e-02
-4.946738401562544851e-02
-4.944503934287536318e-02
-4.942191728761113900e-02
-4.939801128061249713e-02
-4.937331512508102982e-02
-4.934782299663709182e-02
-4.932152944332801603e-02
-4.929442938561701126e-02
-4.926651811639470857e-02
-4.923779130097249990e-02
-4.920824497708053968e-02
-4.917787555487618256e-02
-4.914667981693265908e-02
-4.911465491825039997e-02
-4.908179838625126301e-02
-4.904810812077453619e-02
-4.901358239408803996e-02
-4.897821985087524865e-02
-4.894201950824594860e-02
-4.890498075573201930e-02
-4.886710335528365867e-02
-4.882838022671531775e-02
-4.878880309645472479e-02
-4.874837469533166434e-02
-4.870709786536697727e-02
-4.866497548825887698e-02
-4.862201048539072090e-02
-4.857820581782323899e-02
-4.853356448630119502e-02
-4.848808953125027799e-02
-4.844178403277421552e-02
-4.839465111066232339e-02
-4.834669392437995761e-02
-4.829791567307761824e-02
-4.824831959558628647e-02
-4.819790897041564826e-02
-4.814668711575809112e-02
-4.809465738948870417e-02
-4.804182318915972694e-02
-4.798818795200898712e-02
-4.793375515495035266e-02
-4.787852831458305758e-02
-4.782251098718681703e-02
-4.776570676871894072e-02
-4.770811929482343672e-02
-4.764975224081968719e-02
-4.759060932171110814e-02
-4.753069429218359510e-02
-4.747001094660063814e-02
-4.740856311900953912e-02
-4.734635468313652673e-02
-4.728338955239075325e-02
-4.721967167986251823e-02
-4.715520505832104803e-02
-4.708999372021915875e-02
-4.702404173768837126e-02
-4.695735322254313004e-02
-4.688993232627924890e-02
-4.682178324007102432e-02
-4.675291019477745280e-02
-4.668331746093445922e-02
-4.661300934876222435e-02
-4.654199020816229826e-02
-4.647026442871404761e-02
-4.639783643968198312e-02
-4.632471071000709983e-02
-4.625089174831553684e-02
-4.617638410291369233e-02
-4.610119236178622515e-02
-4.602532115260316026e-02
-4.594877514271211716e-02
-4.587155903914252875e-02
-4.579367758860719562e-02
-4.571513557749695700e-02
-4.563593783188579778e-02
-4.555608921752685170e-02
-4.547559463985617612e-02
-4.539445904399097564e-02
-4.531268741472760375e-02
-4.523028477654555957e-02
-4.514725619360349107e-02
-4.506360676974252577e-02
-4.497934164848538252e-02
-4.489446601303370699e-02
-4.480898508627317867e-02
-4.472290413076596138e-02
-4.463622844876025120e-02
-4.454896338218361507e-02
-4.446111431264321290e-02
-4.437268666142979434e-02
-4.428368588951125950e-02
-4.419411749754087460e-02
-4.410398702585216490e-02
-4.401330005445647231e-02
-4.392206220305117093e-02
-4.383027913100945305e-02
-4.373795653738898892e-02
-4.364510016092948419e-02
-4.355171578004801702e-02
-4.345780921284592146e-02
-4.336338631710301428e-02
-4.326845299028247993e-02
-4.317301516952842810e-02
-4.307707883166367324e-02
-4.298064999319572976e-02
-4.288373471030859641e-02
-4.278633907887141596e-02
-4.268846923443359032e-02
-4.259013135222367019e-02
-4.249133164715424016e-02
-4.239207637381436911e-02
-4.229237182647915816e-02
-4.219222433910352343e-02
-4.209164028532041968e-02
-4.199062607844861184e-02
-4.188918817148268303e-02
-4.178733305710213841e-02
-4.168506726766807446e-02
-4.158239737521918222e-02
-4.147932999147863065e-02
-4.137587176784718324e-02
-4.127202939540963733e-02
-4.116780960493193753e-02
-4.106321916685851114e-02
-4.095826489131781933e-02
-4.085295362811613984e-02
-4.074729226674378424e-02
-4.064128773637176728e-02
-4.053494700584958643e-02
-4.042827708371210527e-02
-4.032128501817000554e-02
-4.021397789711933513e-02
-4.010636284813684505e-02
-3.999844703847688088e-02
-3.989023767508004248e-02
-3.978174200456185972e-02
-3.967296731322456083e-02
-3.956392092704996699e-02
-3.945461021169749394e-02
-3.934504257251303372e-02
-3.923522545451874066e-02
-3.912516634242035884e-02
-3.901487276060611187e-02
-3.890435227314115174e-02
-3.879361248377621862e-02
-3.868266103593875904e-02
-3.857150561274047540e-02
-3.846015393697443940e-02
-3.834861377111153935e-02
-3.823689291730714146e-02
-3.812499921739487263e-02
-3.801294055289172746e-02
-3.790072484499606986e-02
-3.778836005458385827e-02
-3.767581353978566305e-02
-3.756304791274178712e-02
-3.745006851462728825e-02
-3.733688063850837402e-02
-3.722348951529563799e-02
-3.710990031375294151e-02
-3.699611814049164060e-02
-3.688214803996947566e-02
-3.676799499449678876e-02
-3.665366392422764186e-02
-3.653915968716825446e-02
-3.642448707917367301e-02
-3.630965083394421811e-02
-3.619465562303325612e-02
-3.607950605583853942e-02
-3.596420667960820161e-02
-3.584876197944142362e-02
-3.573317637828110627e-02
-3.561745423692364021e-02
-3.550159985400980212e-02
-3.538561746603119396e-02
-3.526951124732935483e-02
-3.515328531009065394e-02
-3.503694370435450622e-02
-3.492049041800426856e-02
-3.480392937677545540e-02
-3.468726444425174193e-02
-3.457049942186318781e-02
-3.445363804889201020e-02
-3.433668400246459029e-02
-3.421964089755924476e-02
-3.410251228700311721e-02
-3.398530166146929155e-02
-3.386801244948256517e-02
-3.375064801741278764e-02
-3.363321166948129992e-02
-3.351570664775849195e-02
-3.339813613215958377e-02
-3.328050324045284114e-02
-3.316281102825202609e-02
-3.304506248902039367e-02
-3.292726055407158015e-02
-3.280940809256471802e-02
-3.269150791151020918e-02
-3.257356275576461790e-02
-3.245557530803533375e-02
-3.233754818887812910e-02
-3.221948395669560483e-02
-3.210138510774118714e-02
-3.198325407611424254e-02
-3.186509323376540692e-02
-3.174690489049347697e-02
-3.162869129394363377e-02
-3.151045462961321597e-02
-3.139219702084394825e-02
-3.127392052882949081e-02
-3.115562715261255278e-02
-3.103731882908022932e-02
-3.091899743297343850e-02
-3.080066477687715132e-02
-3.068232261122760818e-02
-3.056397262431032047e-02
-3.044561644225662889e-02
-3.032725562904925454e-02
-3.020889168651696988e-02
-3.009052605433881755e-02
-2.997216011004355529e-02
-2.985379516900454888e-02
-2.973543248444887599e-02
-2.961707324744755621e-02
-2.949871858692298954e-02
-2.938036956964695801e-02
-2.926202720023585169e-02
-2.914369242115966152e-02
-2.902536611273254241e-02
-2.890704909312002968e-02
-2.878874211833692964e-02
-2.867044588224243462e-02
-2.855216101654967087e-02
-2.843388809081626167e-02
-2.831562761245010051e-02
-2.819738002670924004e-02
-2.807914571669656301e-02
-2.796092500336744280e-02
-2.784271814552252700e-02
-2.772452533981328848e-02
-2.760634672074069318e-02
-2.748818236065009302e-02
-2.737003226974066283e-02
-2.725189639605596348e-02
-2.713377462549004804e-02
-2.701566678178712877e-02
-2.689757262653591496e-02
-2.677949185917860575e-02
-2.666142411700078707e-02
-2.654336897514086857e-02
-2.642532594658564271e-02
-2.630729448216651001e-02
-2.618927397056902695e-02
-2.607126373832191479e-02
-2.595326304980649645e-02
-2.583527110725247766e-02
-2.571728705073461629e-02
-2.559930995818116006e-02
-2.548133884536418758e-02
-2.536337266590771300e-02
-2.524541031128468838e-02
-2.512745061081322895e-02
-2.500949233166405161e-02
-2.489153417885237030e-02
-2.477357479524566752e-02
-2.465561276155969761e-02
-2.453764659635515599e-02
-2.441967475604656101e-02
-2.430169563489192885e-02
-2.418370756500143326e-02
-2.406570881633407488e-02
-2.394769759669401754e-02
-2.382967205173813774e-02
-2.371163026496780901e-02
-2.359357025773645145e-02
-2.347548998924586794e-02
-2.335738735654291354e-02
-2.323926019452826619e-02
-2.312110627594587964e-02
-2.300292331139208724e-02
-2.288470894931216026e-02
-2.276646077599564499e-02
-2.264817631558646571e-02
-2.252985303007137841e-02
-2.241148831929040686e-02
-2.229307952093073641e-02
-2.217462391052593684e-02
-2.205611870146251263e-02
-2.193756104497046611e-02
-2.181894803013262329e-02
-2.170027668387952691e-02
-2.158154397098754895e-02
-2.146274679408533004e-02
-2.134388199364900540e-02
-2.122494634800109470e-02
-2.110593657331638617e-02
-2.098684932361472022e-02
-2.086768119076698458e-02
-2.074842870449278287e-02
-2.062908833235810313e-02
-2.050965647977986972e-02
-2.039012949002128039e-02
-2.027050364419680228e-02
-2.015077516126861923e-02
-2.003094019804541048e-02
-1.991099484918790186e-02
-1.979093514720209335e-02
-1.967075706244514333e-02
-1.955045650312248195e-02
-1.943002931528603483e-02
-1.930947128283944103e-02
-1.918877812753161383e-02
-1.906794550896262486e-02
-1.894696902458126164e-02
-1.882584420968247407e-02
-1.870456653741281450e-02
-1.858313141876433150e-02
-1.846153420257989897e-02
-1.833977017555177280e-02
-1.821783456221748310e-02
-1.809572252496693956e-02
-1.797342916403510404e-02
-1.785094951750798575e-02
-1.772827856132064284e-02
-1.760541120925396275e-02
-1.748234231294076846e-02
-1.735906666185893510e-02
-1.723557898333771821e-02
-1.711187394255525573e-02
-1.698794614253512636e-02
-1.686379012415334389e-02
-1.673940036613125182e-02
-1.661477128504051937e-02
-1.648989723530258633e-02
-1.636477250918427773e-02
-1.623939133680440960e-02
-1.611374788612718323e-02
-1.598783626296773619e-02
-1.586165051099025503e-02
-1.573518461170475558e-02
-1.560843248447296716e-02
-1.548138798650233738e-02
-1.535404491285080608e-02
-1.522639699642580613e-02
-1.509843790798026664e-02
-1.497016125611888571e-02
-1.484156058729235728e-02
-1.471262938580153445e-02
-1.458336107379709645e-02
-1.445374901127444156e-02
-1.432378649608195831e-02
-1.419346676391308737e-02
-1.406278298831176166e-02
-1.393172828067168467e-02
-1.380029569023122349e-02
-1.366847820408206848e-02
-1.353626874716046258e-02
-1.340366018225347400e-02
-1.327064530999777503e-02
-1.313721686887486806e-02
-1.300336753521946775e-02
-1.286908992321067480e-02
-1.273437658487880375e-02
-1.259922001010366222e-02
-1.246361262660949931e-02
-1.232754679997427605e-02
-1.219101483362006189e-02
-1.205400896882025119e-02
-1.191652138469762034e-02
-1.177854419821955378e-02
-1.164006946420692579e-02
-1.150108917532505215e-02
-1.136159526209018500e-02
-1.122157959286818052e-02
-1.108103397386966948e-02
-1.093996015142323364e-02
-1.079847021207386293e-02
-1.065658893088367032e-02
-1.051430524541785427e-02
-1.037160813248605429e-02
-1.022848660815045552e-02
-1.008492972771646290e-02
-9.940926585740972321e-03
-9.796466316028984433e-03
-9.651538091629718874e-03
-9.506131124844940938e-03
-9.360234667220024285e-03
-9.213838009551444941e-03
-9.066930481883811455e-03
-8.919501453506062383e-03
-8.771540332959820718e-03
-8.623036568029901483e-03
-8.473979645752638401e-03
-8.324359092412331185e-03
-8.174164473537498532e-03
-8.023385393909621133e-03
-7.872011497553094150e-03
-7.720032467743942473e-03
-7.567438027006212486e-03
-7.414217937108141809e-03
-7.260361999070846784e-03
-7.105860053158413736e-03
-6.950701978886586474e-03
-6.794877695019102548e-03
-6.638377159563862984e-03
-6.481190369781675287e-03
-6.323307362176400215e-03
-6.164718212503444983e-03
-6.005413035766182794e-03
-5.845381986212233594e-03
-5.684615257342179317e-03
-5.523103081899460864e-03
-5.360835731879454169e-03
-5.197803518524501953e-03
-5.033996792322761871e-03
-4.869405943013077609e-03
-4.704021399581662100e-03
-4.537833630260598716e-03
-4.370833142532962179e-03
-4.203010483126518038e-03
-4.034356238019842777e-03
-3.864861032438854371e-03
-3.694515530855368990e-03
-3.523310436992069250e-03
-3.351236493816453499e-03
-3.178284483546803263e-03
-3.004445227648741557e-03
-2.829709586833720203e-03
-2.654068461064182372e-03
-2.477512789547262062e-03
-2.300033550741001354e-03
-2.121621762350651974e-03
-1.942268481327412422e-03
-1.761964803873389274e-03
-1.580701865435421571e-03
-1.398470840711242558e-03
-1.215262943645795124e-03
-1.031069427429972402e-03
-8.458815845055825400e-04
-6.596907465593968706e-04
-4.724882845281094812e-04
-2.842656085970899499e-04
-9.501416819668751651e-05
9.527454799136345076e-05
2.866090120413177650e-04
4.789976567760520498e-04
6.724488757707588332e-04
8.669710233556310319e-04
1.062572414608529275e-03
1.259261325364708500e-03
1.457045992207139928e-03
1.655934612471300638e-03
1.855935344247695851e-03
2.057056306374489829e-03
2.259305578447251550e-03
2.462691200809261072e-03
2.667221174556290431e-03
2.872903461539164094e-03
3.079745984356327404e-03
3.287756626363699808e-03
3.496943231664800811e-03
3.707313605115752919e-03
3.918875512327682498e-03
4.131636679659350664e-03
4.345604794226937129e-03
4.560787503894325745e-03
4.777192417277906222e-03
4.994827103749141517e-03
5.213699093427073827e-03
5.433815877188177823e-03
5.655184906656673949e-03
5.877813594209260750e-03
6.101709312977654509e-03
6.326879396841289527e-03
6.553331140436852165e-03
6.781071799148913337e-03
7.010108589114494304e-03
7.240448687225620183e-03
7.472099231121936969e-03
7.705067319200592513e-03
7.939360010606383300e-03
8.174984325236611671e-03
8.411947243743556069e-03
8.650255707527337856e-03
8.889916618745330457e-03
9.130936840302528168e-03
9.373323195856653189e-03
9.617082469820376067e-03
9.862221407353960467e-03
1.010874671437506089e-02
1.035666505754917477e-02
1.060598306429419435e-02
1.085670732278259942e-02
1.110884438193643353e-02
1.136240075143227224e-02
1.161738290169631038e-02
1.187379726390680457e-02
1.213165022999648790e-02
1.239094815264774052e-02
1.265169734529747458e-02
1.291390408213216601e-02
1.317757459809032472e-02
1.344271508886513145e-02
1.370933171089910863e-02
1.397743058138956052e-02
1.424701777828324412e-02
1.451809934027897819e-02
1.479068126683025231e-02
1.506476951813989773e-02
1.534037001516552756e-02
1.561748863961420764e-02
1.589613123394506555e-02
1.617630360137184420e-02
1.645801150585785022e-02
1.674126067212072799e-02
1.702605678562801872e-02
1.731240549259915884e-02
1.760031240000820008e-02
1.788978307557864689e-02
1.818082304778861902e-02
1.847343780586585549e-02
1.876763279979010157e-02
1.906341344029571783e-02
1.936078509886651755e-02
1.965975310774104035e-02
1.996032275990711202e-02
2.026249930910495323e-02
2.056628796982917784e-02
2.087169391732390800e-02
2.117872228758788111e-02
2.148737817736945388e-02
2.179766664416898925e-02
2.210959270624140993e-02
2.242316134259125793e-02
2.273837749297746846e-02
2.305524605790876258e-02
2.337377189864575655e-02
2.369395983720373744e-02
2.401581465634744506e-02
2.433934109959629000e-02
2.466454387121913561e-02
2.499142763623696251e-02
2.531999702042547762e-02
2.565025661030956305e-02
2.598221095316893825e-02
2.631586455703288641e-02
2.665122189068269698e-02
2.698828738365421920e-02
2.732706542623380974e-02
2.766756036945844377e-02
2.800977652512071092e-02
2.835371816576071069e-02
2.869938952467593341e-02
2.904679479591176783e-02
2.939593813426599755e-02
2.974682365529124350e-02
3.009945543528824707e-02
3.045383751131475192e-02
3.080997388117617808e-02
3.116786850343078452e-02
3.152752529739172305e-02
3.188894814311982184e-02
3.225214088143280033e-02
3.261710731389710904e-02
3.298385120283087169e-02
3.335237627130738236e-02
3.372268620314788912e-02
3.409478464293103084e-02
3.446867519598262319e-02
3.484436142838165384e-02
3.522184686696161471e-02
3.560113499930417369e-02
3.598222927374783442e-02
3.636513309937938754e-02
3.674984984603746341e-02
3.713638284431641789e-02
3.752473538555778365e-02
3.791491072186059519e-02
3.830691206607195198e-02
3.870074259179079323e-02
3.909640543337156160e-02
3.949390368591643163e-02
3.989324040528463566e-02
4.029441860808324893e-02
4.069744127167185255e-02
4.110231133416542004e-02
4.150903169442587970e-02
4.191760521207310575e-02
4.232803470747448227e-02
4.274032296175001022e-02
4.315447271677430585e-02
4.357048667517038343e-02
4.398836750031809295e-02
4.440811781634512734e-02
4.482974020813168536e-02
4.525323722131302517e-02
4.567861136227235885e-02
4.610586509814940115e-02
4.653500085683270893e-02
4.696602102696256775e-02
4.739892795793454461e-02
4.783372395989193837e-02
4.827041130373543876e-02
4.870899222111313431e-02
4.914946890442606353e-02
4.959184350682999121e-02
5.003611814222841403e-02
5.048229488528244158e-02
5.093037577140047123e-02
5.138036279674385032e-02
5.183225791822865247e-02
5.228606305351868322e-02
5.274178008103513893e-02
5.319941083994716990e-02
5.365895713017609925e-02
5.412042071239830943e-02
5.458380330803791480e-02
5.504910659927675365e-02
5.551633222904373000e-02
5.598548180102069782e-02
5.645655687964423741e-02
5.692955899009977117e-02
5.740448961832800290e-02
5.788135021101892264e-02
5.836014217561458217e-02
5.884086688031153756e-02
5.932352565405596412e-02
5.980811978654865246e-02
6.029465052823990145e-02
6.078311909033196070e-02
6.127352664478213917e-02
6.176587432429647695e-02
6.226016322233607347e-02
6.275639439311186951e-02
6.325456885158609044e-02
6.375468757347646509e-02
6.425675149524945340e-02
6.476076151412646364e-02
6.526671848807830134e-02
6.577462323582816683e-02
6.628447653685354268e-02
6.679627913138141970e-02
6.731003172039351501e-02
6.782573496562105397e-02
6.834338948954721271e-02
6.886299587541022671e-02
6.938455466719706255e-02
6.990806636964963516e-02
7.043353144826003387e-02
7.096095032927129953e-02
7.149032339968175442e-02
7.202165100723922908e-02
7.255493346044583625e-02
7.309017102855341896e-02
7.362736394156577102e-02
7.416651239024185660e-02
7.470761652608925996e-02
7.525067646137029165e-02
7.579569226909776969e-02
7.634266398303535262e-02
7.689159159770209140e-02
7.744247506836621220e-02
7.799531431105066748e-02
7.855010920252769591e-02
7.910685958032193099e-02
7.966556524271262152e-02
8.022622594872808044e-02
8.078884141815168007e-02
8.135341133151607895e-02
8.191993533010621942e-02
8.248841301596143705e-02
8.305884395187146385e-02
8.363122766137709441e-02
8.420556362877418266e-02
8.478185129910675855e-02
8.536009007817513261e-02
8.594027933252867957e-02
8.652241838946850283e-02
8.710650653705132029e-02
8.769254302408091561e-02
8.828052706011813022e-02
8.887045781547286971e-02
8.946233442120643531e-02
9.005615596913518761e-02
9.065192151182399627e-02
9.124963006259390053e-02
9.184928059551467072e-02
9.245087204540836101e-02
9.305440330785175185e-02
9.365987323916913354e-02
9.426728065644307542e-02
9.487662433750299051e-02
9.548790302093124183e-02
9.610111540606469660e-02
9.671626015298850909e-02
9.733333588254544644e-02
9.795234117632478643e-02
9.857327457666920090e-02
9.919613458667675410e-02
9.982091967019202094e-02
1.004476282518180774e-01
1.010762587169051763e-01
1.017068094115556320e-01
1.023392786426282619e-01
1.029736646777279496e-01
1.036099657452176359e-01
1.042481800342076603e-01
1.048883056945619785e-01
1.055303408368981621e-01
1.061742835325822920e-01
1.068200725325183509e-01
1.074675926982913143e-01
1.081168406710659724e-01
1.087678158778284665e-01
1.094205176867484308e-01
1.100749454071892064e-01
1.107310982896965168e-01
1.113889755260053516e-01
1.120485762490410764e-01
1.127098995329123277e-01
1.133729443929212266e-01
1.140377097855527211e-01
1.147041946084805808e-01
1.153723977005693957e-01
1.160423178418670265e-01
1.167139537536137084e-01
1.173873040982347238e-01
1.180623674793421785e-01
1.187391424417394425e-01
1.194176274714138231e-01
1.200978209955445575e-01
1.207797213824952642e-01
1.214633269418181616e-01
1.221486359242547337e-01
1.228356465217317339e-01
1.235243568673674019e-01
1.242147650354643584e-01
1.249068690415136018e-01
1.256006668421960626e-01
1.262961563353768302e-01
1.269933353601144788e-01
1.276922016966492990e-01
1.283927530664117356e-01
1.290949871320219433e-01
1.297989014972840138e-01
1.305044937071948574e-01
1.312117612479348772e-01
1.319207015468726318e-01
1.326313119725679446e-01
1.333435898347641313e-01
1.340575323843957722e-01
1.347731368135838270e-01
1.354904002556349685e-01
1.362093197850477999e-01
1.369298924175057497e-01
1.376521151098819562e-01
1.383759847602354931e-01
1.391014982078133677e-01
1.398286522330525194e-01
1.405574435575753789e-01
1.412878688441943087e-01
1.420199246969076068e-01
1.427536076609008386e-01
1.434889142225503900e-01
1.442258408094168054e-01
1.449643837902527821e-01
1.457045394749947320e-01
1.464463041147676670e-01
1.471896739018867528e-01
1.479346449698515364e-01
1.486812133933541613e-01
1.494293751882693755e-01
1.501791263116614150e-01
1.509304626617848921e-01
1.516833800780785779e-01
1.524378743411720638e-01
1.531939411728810985e-01
1.539515762362080320e-01
1.547107751353458127e-01
1.554715334156735462e-01
1.562338465637591600e-01
1.569977100073571830e-01
1.577631191154094115e-01
1.585300691980477961e-01
1.592985555065902226e-01
1.600685732335438427e-01
1.608401175126021876e-01
1.616131834186458338e-01
1.623877659677464003e-01
1.631638601171596648e-01
1.639414607653331135e-01
1.647205627518981697e-01
1.655011608576753002e-01
1.662832498046744600e-01
1.670668242560908734e-01
1.678518788163108066e-01
1.686384080309051292e-01
1.694264063866326442e-01
1.702158683114427529e-01
1.710067881744701257e-01
1.717991602860389211e-01
1.725929788976598989e-01
1.733882382020308643e-01
1.741849323330399990e-01
1.749830553657614196e-01
1.757826013164565104e-01
1.765835641425772540e-01
1.773859377427593476e-01
1.781897159568308631e-01
1.789948925658042533e-01
1.798014612918799049e-01
1.806094157984490245e-01
1.814187496900858676e-01
1.822294565125586185e-01
1.830415297528178442e-01
1.838549628390031554e-01
1.846697491404447611e-01
1.854858819676559190e-01
1.863033545723440376e-01
1.871221601473982421e-01
1.879422918268975895e-01
1.887637426861112910e-01
1.895865057414918287e-01
1.904105739506845030e-01
1.912359402125192176e-01
1.920625973670126996e-01
1.928905381953733844e-01
1.937197554199932004e-01
1.945502417044564503e-01
1.953819896535311518e-01
1.962149918131745885e-01
1.970492406705328658e-01
1.978847286539375805e-01
1.987214481329118154e-01
1.995593914181630346e-01
2.003985507615868578e-01
2.012389183562692807e-01
2.020804863364797921e-01
2.029232467776815874e-01
2.037671916965204666e-01
2.046123130508312737e-01
2.054586027396390069e-01
2.063060526031523789e-01
2.071546544227733655e-01
2.080043999210869909e-01
2.088552807618664353e-01
2.097072885500768091e-01
2.105604148318653834e-01
2.114146510945722479e-01
2.122699887667229834e-01
2.131264192180293282e-01
2.139839337593942847e-01
2.148425236429054586e-01
2.157021800618419416e-01
2.165628941506672067e-01
2.174246569850328825e-01
2.182874595817809737e-01
2.191512928989378661e-01
2.200161478357216538e-01
2.208820152325350339e-01
2.217488858709686372e-01
2.226167504738034708e-01
2.234855997050044785e-01
2.243554241697298668e-01
2.252262144143202249e-01
2.260979609263056300e-01
2.269706541344060913e-01
2.278442844085257768e-01
2.287188420597614513e-01
2.295943173403929283e-01
2.304707004438895090e-01
2.313479815049104271e-01
2.322261505992984087e-01
2.331051977440887768e-01
2.339851128975019012e-01
2.348658859589447534e-01
2.357475067690151249e-01
2.366299651094969647e-01
2.375132507033630436e-01
2.383973532147722896e-01
2.392822622490717865e-01
2.401679673527981063e-01
2.410544580136737558e-01
2.419417236606109523e-01
2.428297536637076259e-01
2.437185373342496408e-01
2.446080639247127930e-01
2.454983226287581477e-01
2.463893025812378124e-01
2.472809928581880534e-01
2.481733824768341812e-01
2.490664603955905498e-01
2.499602155140578930e-01
2.508546366730264321e-01
2.517497126544721020e-01
2.526454321815589932e-01
2.535417839186409061e-01
2.544387564712562444e-01
2.553363383861366742e-01
2.562345181511951342e-01
2.571332841955351611e-01
2.580326248894500019e-01
2.589325285444172842e-01
2.598329834131059002e-01
2.607339776893700112e-01
2.616354995082512680e-01
2.625375369459819197e-01
2.634400780199785963e-01
2.643431106888496362e-01
2.652466228523875369e-01
2.661506023515733954e-01
2.670550369685780190e-01
2.679599144267581501e-01
2.688652223906597971e-01
2.697709484660153478e-01
2.706770801997446796e-01
2.715836050799578238e-01
2.724905105359498592e-01
2.733977839382066843e-01
2.743054125983992453e-01
2.752133837693864216e-01
2.761216846452172469e-01
2.770303023611255799e-01
2.779392239935374320e-01
2.788484365600618631e-01
2.797579270194967549e-01
2.806676822718303654e-01
2.815776891582366659e-01
2.824879344610771170e-01
2.833984049039033337e-01
2.843090871514513118e-01
2.852199678096483115e-01
2.861310334256073062e-01
2.870422704876283149e-01
2.879536654252021766e-01
2.888652046090038894e-01
2.897768743509001599e-01
2.906886609039425196e-01
2.916005504623702116e-01
2.925125291616130774e-01
2.934245830782851172e-01
2.943366982301920398e-01
2.952488605763243790e-01
