-2.193360057178228573e-02
-2.193360158468493637e-02
-2.193360824936352316e-02
-2.193362458688064009e-02
-2.193365287433568511e-02
-2.193369401912725891e-02
-2.193374756113453117e-02
-2.193381167270658239e-02
-2.193388315868283200e-02
-2.193395745636816940e-02
-2.193402863555515836e-02
-2.193408939851337891e-02
-2.193412709196618238e-02
-2.193411755538754448e-02
-2.193403659630188685e-02
-2.193386046487511010e-02
-2.193356583560923667e-02
-2.193312980734329898e-02
-2.193252990325689211e-02
-2.193174407086750932e-02
-2.193075068203231837e-02
-2.192952853294816151e-02
-2.192805684414533829e-02
-2.192631526050181634e-02
-2.192428385122280332e-02
-2.192194310986295136e-02
-2.191927395431036985e-02
-2.191625772679195450e-02
-2.191287619387427554e-02
-2.190911154646002501e-02
-2.190494639979601033e-02
-2.190036379346516071e-02
-2.189534719138386265e-02
-2.188988048181528256e-02
-2.188394797735782049e-02
-2.187753441494688644e-02
-2.187062495586200583e-02
-2.186320518571172045e-02
-2.185526111445668107e-02
-2.184677917638122580e-02
-2.183774623012002536e-02
-2.182814955864431639e-02
-2.181797686925657231e-02
-2.180721629360959923e-02
-2.179585638768255507e-02
-2.178388613180359812e-02
-2.177129493063656440e-02
-2.175807261317919128e-02
-2.174420943277555196e-02
-2.172969606710051238e-02
-2.171452361817394205e-02
-2.169868361235405274e-02
-2.168216800033162528e-02
-2.166496915714510862e-02
-2.164707988216107992e-02
-2.162849339909422852e-02
-2.160920335599625375e-02
-2.158920382525142401e-02
-2.156848930359078764e-02
-2.154705471207618572e-02
-2.152489539611446290e-02
-2.150200712545080606e-02
-2.147838609416341527e-02
-2.145402892067638234e-02
-2.142893264774592410e-02
-2.140309474247059640e-02
-2.137651309629129415e-02
-2.134918602497792861e-02
-2.132111226864985554e-02
-2.129229099175411477e-02
-2.126272178308585836e-02
-2.123240465577769243e-02
-2.120134004729345989e-02
-2.116952881944511589e-02
-2.113697225837540827e-02
-2.110367207457075622e-02
-2.106962517559507475e-02
-2.103479467684943316e-02
-2.099917988194999197e-02
-2.096278931717199256e-02
-2.092563151510962172e-02
-2.088771501467112657e-02
-2.084904836106904469e-02
-2.080964010583796764e-02
-2.076949880681500105e-02
-2.072863302815841635e-02
-2.068705134033699267e-02
-2.064476232012646406e-02
-2.060177455062373042e-02
-2.055809662122998205e-02
-2.051373712766224600e-02
-2.046870467195560650e-02
-2.042300786244588551e-02
-2.037665531379051487e-02
-2.032965564695876637e-02
-2.028201748922686676e-02
-2.023374947419087633e-02
-2.018486024175158988e-02
-2.013535843812697124e-02
-2.008525271584993277e-02
-2.003455173375856546e-02
-1.998326415701123793e-02
-1.993139865707194147e-02
-1.987896391172006005e-02
-1.982596860505170255e-02
-1.977242142746638009e-02
-1.971833107568610188e-02
-1.966370625273583528e-02
-1.960855566795904892e-02
-1.955288803701327183e-02
-1.949671208186121163e-02
-1.944003653078585359e-02
-1.938287011837624974e-02
-1.932522158553773295e-02
-1.926709967948925240e-02
-1.920851315375715629e-02
-1.914947076818629412e-02
-1.908998128892802626e-02
-1.903005348844999389e-02
-1.896969614553434269e-02
-1.890891804526928510e-02
-1.884772797906197894e-02
-1.878613474462653699e-02
-1.872414714599335284e-02
-1.866177399350599231e-02
-1.859902410381630844e-02
-1.853590629989243510e-02
-1.847242941101212566e-02
-1.840860227276674976e-02
-1.834443372706440201e-02
-1.827993262211702330e-02
-1.821510781245772037e-02
-1.814996815892389037e-02
-1.808452252867187582e-02
-1.801877979517030326e-02
-1.795274883819475420e-02
-1.788643854383975551e-02
-1.781985780450634493e-02
-1.775301551891228513e-02
-1.768592059208851097e-02
-1.761858193537380046e-02
-1.755100846642498880e-02
-1.748320910920497795e-02
-1.741519279399383890e-02
-1.734696845738570303e-02
-1.727854504228121257e-02
-1.720993149790039922e-02
-1.714113677976625283e-02
-1.707216984972470541e-02
-1.700303967592997623e-02
-1.693375523284590400e-02
-1.686432550125394059e-02
-1.679475946824160459e-02
-1.672506612721491592e-02
-1.665525447789217850e-02
-1.658533352629865121e-02
-1.651531228477853830e-02
-1.644519977198211080e-02
-1.637500501287769694e-02
-1.630473703874502078e-02
-1.623440488717298180e-02
-1.616401760206809257e-02
-1.609358423364248836e-02
-1.602311383842680570e-02
-1.595261547926440926e-02
-1.588209822530561866e-02
-1.581157115201836660e-02
-1.574104334117976123e-02
-1.567052388088008286e-02
-1.560002186552766901e-02
-1.552954639583248309e-02
-1.545910657882831885e-02
-1.538871152785104002e-02
-1.531837036255678797e-02
-1.524809220891309991e-02
-1.517788619919535620e-02
-1.510776147199743846e-02
-1.503772717221885102e-02
-1.496779245107759948e-02
-1.489796646610397346e-02
-1.482825838113566164e-02
-1.475867736632885396e-02
-1.468923259814580717e-02
-1.461993325936683519e-02
-1.455078853908498004e-02
-1.448180763269846238e-02
-1.441299974192844502e-02
-1.434437407479771664e-02
-1.427593984564978769e-02
-1.420770627514045259e-02
-1.413968259022979623e-02
-1.407187802420173384e-02
-1.400430181664180651e-02
-1.393696321345494482e-02
-1.386987146685969563e-02
-1.380303583537978440e-02
-1.373646558386010241e-02
-1.367016998344805501e-02
-1.360415831161265743e-02
-1.353843985213432077e-02
-1.347302389509863474e-02
-1.340791973691279892e-02
-1.334313668028830335e-02
-1.327868403425558341e-02
-1.321457111415647034e-02
-1.315080724164108261e-02
-1.308740174467581951e-02
-1.302436395753803211e-02
-1.296170322081779958e-02
-1.289942888142192601e-02
-1.283754916426760317e-02
-1.277604150080202672e-02
-1.271489439839212920e-02
-1.265410870369532148e-02
-1.259368521458048562e-02
-1.253362468012264586e-02
-1.247392780061451489e-02
-1.241459522756072076e-02
-1.235562756367292181e-02
-1.229702536288179715e-02
-1.223878913032194760e-02
-1.218091932234610653e-02
-1.212341634651892264e-02
-1.206628056161207496e-02
-1.200951227761537510e-02
-1.195311175572477680e-02
-1.189707920835170185e-02
-1.184141479912081962e-02
-1.178611864286382982e-02
-1.173119080563100880e-02
-1.167663130467699872e-02
-1.162244010847413023e-02
-1.156861713670709335e-02
-1.151516226026627621e-02
-1.146207530126330809e-02
-1.140935603301107548e-02
-1.135700418004281786e-02
-1.130501941810324595e-02
-1.125340137414276853e-02
-1.120214962633170330e-02
-1.115126370404473377e-02
-1.110074308787378783e-02
-1.105058720962315277e-02
-1.100079545230325806e-02
-1.095136715014533024e-02
-1.090230158858318532e-02
-1.085359800426788368e-02
-1.080525558506506556e-02
-1.075727347004473700e-02
-1.070965074949681295e-02
-1.066238646491557418e-02
-1.061547960901298993e-02
-1.056892912571383292e-02
-1.052273391014768578e-02
-1.047689280866492822e-02
-1.043140461881986170e-02
-1.038626808938358792e-02
-1.034148192034045621e-02
-1.029704476288184622e-02
-1.025295521941593790e-02
-1.020921184355794153e-02
-1.016581314013897952e-02
-1.012275756520297776e-02
-1.008004352600089248e-02
-1.003766938100136841e-02
-9.995633439879192395e-03
-9.953933963525507522e-03
-9.912569164044260361e-03
-9.871537204745983729e-03
-9.830836200158898919e-03
-9.790464216018701649e-03
-9.750419269275445444e-03
-9.710699328093541638e-03
-9.671302311843099631e-03
-9.632226091112805477e-03
-9.593468487697709435e-03
-9.555027274607663657e-03
-9.516900176067544237e-03
-9.479084867506371026e-03
-9.441578975573294841e-03
-9.404380078123386610e-03
-9.367485704226075072e-03
-9.330893334166923125e-03
-9.294600399433416982e-03
-9.258604282736282443e-03
-9.222902317988834753e-03
-9.187491790322077634e-03
-9.152369936079818302e-03
-9.117533942810673864e-03
-9.082980949284280570e-03
-9.048708045474640471e-03
-9.014712272572333873e-03
-8.980990622980744575e-03
-8.947540040308954445e-03
-8.914357419385954273e-03
-8.881439606246210872e-03
-8.848783398139659084e-03
-8.816385543529925428e-03
-8.784242742085890399e-03
-8.752351644696343413e-03
-8.720708853455771958e-03
-8.689310921673243371e-03
-8.658154353873737108e-03
-8.627235605784600025e-03
-8.596551084356196526e-03
-8.566097147740370232e-03
-8.535870105308651645e-03
-8.505866217644264538e-03
-8.476081696535464616e-03
-8.446512704991748777e-03
-8.417155357225203360e-03
-8.388005718667379540e-03
-8.359059805960855627e-03
-8.330313586954352090e-03
-8.301762980716720364e-03
-8.273403857520511551e-03
-8.245232038856853407e-03
-8.217243297428344917e-03
-8.189433357143283132e-03
-8.161797893130762205e-03
-8.134332531722909820e-03
-8.107032850470652363e-03
-8.079894378137275623e-03
-8.052912594689987102e-03
-8.026082931318567759e-03
-7.999400770414499817e-03
-7.972861445588952378e-03
-7.946460241664565771e-03
-7.920192394669234304e-03
-7.894053091852093473e-03
-7.868037471664646176e-03
-7.842140623777860142e-03
-7.816357589074174328e-03
-7.790683359641725758e-03
-7.765112878789004469e-03
-7.739641041027978119e-03
-7.714262692089191020e-03
-7.688972628915324847e-03
-7.663765599653871163e-03
-7.638636303673562722e-03
-7.613579391545943764e-03
-7.588589465062023365e-03
-7.563661077223393647e-03
-7.538788732238010937e-03
-7.513966885535072748e-03
-7.489189943745255817e-03
-7.464452264719811936e-03
-7.439748157519909810e-03
-7.415071882413748483e-03
-7.390417650888103651e-03
-7.365779625639667927e-03
-7.341151920573718570e-03
-7.316528600812777228e-03
-7.291903682685951793e-03
-7.267271133738928413e-03
-7.242624872728642416e-03
-7.217958769620613779e-03
-7.193266645596496645e-03
-7.168542273045641622e-03
-7.143779375573977575e-03
-7.118971627998238461e-03
-7.094112656342632661e-03
-7.069196037850833392e-03
-7.044215300970435578e-03
-7.019163925367832846e-03
-6.994035341919557780e-03
-6.968822932709839435e-03
-6.943520031041927609e-03
-6.918119921424104035e-03
-6.892615839581006654e-03
-6.867000972450520990e-03
-6.841268458176896772e-03
-6.815411386122294246e-03
-6.789422796855459907e-03
-6.763295682160830324e-03
-6.737022985035867606e-03
-6.710597599685064196e-03
-6.684012371530378971e-03
-6.657260097200801141e-03
-6.630333524539899770e-03
-6.603222051346113730e-03
-6.575897281217324419e-03
-6.548349063007163906e-03
-6.520571161306554231e-03
-6.492557337410276297e-03
-6.464301349316858847e-03
-6.435796951719030545e-03
-6.407037896016931633e-03
-6.378017930306012495e-03
-6.348730799386248513e-03
-6.319170244760030641e-03
-6.289330004624726911e-03
-6.259203813885561019e-03
-6.228785404141956583e-03
-6.198068503698750398e-03
-6.167046837562861761e-03
-6.135714127436409093e-03
-6.104064091728700348e-03
-6.072090445544353621e-03
-6.039786900692178939e-03
-6.007147165684068035e-03
-5.974164945726556653e-03
-5.940833942733592110e-03
-5.907147855314098805e-03
-5.873100378781859199e-03
-5.838685205153626434e-03
-5.803896023139021310e-03
-5.768726518157962779e-03
-5.733170372323570518e-03
-5.697221264454155332e-03
-5.660872870070998708e-03
-5.624118861388360813e-03
-5.586952907330688944e-03
-5.549368673515742145e-03
-5.511359822266359565e-03
-5.472920012608240015e-03
-5.434042900260505071e-03
-5.394722137651908334e-03
-5.354951373904848211e-03
-5.314724254846692197e-03
-5.274034423007889494e-03
-5.232875517611867977e-03
-5.191241174592242658e-03
-5.149125026575829267e-03
-5.106520702894523644e-03
-5.063421829583414358e-03
-5.019822029370457628e-03
-4.975714921693796811e-03
-4.931094122684887004e-03
-4.885953245180152393e-03
-4.840285898719209889e-03
-4.794085689534655081e-03
-4.747346220569825803e-03
-4.700061091458818119e-03
-4.652223898544805003e-03
-4.603828234870821490e-03
-4.554867690174435602e-03
-4.505335850903069428e-03
-4.455226300196124534e-03
-4.404532617900636104e-03
-4.353248380564611608e-03
-4.301367161430036390e-03
-4.248882530449138439e-03
-4.195788054265514599e-03
-4.142077296231005956e-03
-4.087743816398203833e-03
-4.032781171513455387e-03
-3.977182915033738997e-03
-3.920942597107235361e-03
-3.864053764590147377e-03
-3.806509961039816758e-03
-3.748304726707119006e-03
-3.689431598553671865e-03
-3.629884110232073358e-03
-3.569655792103221259e-03
-3.508740171228930116e-03
-3.447130771364770307e-03
-3.384821112976721391e-03
-3.321804713222187289e-03
-3.258075085966427586e-03
-3.193625741776007221e-03
-3.128450187910858382e-03
-3.062541928341766528e-03
-2.995894463730497392e-03
-2.928501291447005439e-03
-2.860355905562383949e-03
-2.791451796841204480e-03
-2.721782452758614301e-03
-2.651341357481074024e-03
-2.580121991883621568e-03
-2.508117833540435271e-03
-2.435322356722113835e-03
-2.361729032405973649e-03
-2.287331328268776831e-03
-2.212122708684483019e-03
-2.136096634733575250e-03
-2.059246564191291595e-03
-1.981565951539560055e-03
-1.903048247959726602e-03
-1.823686901330195953e-03
-1.743475356236146023e-03
-1.662407053957315473e-03
-1.580475432480216158e-03
-1.497673926490750151e-03
-1.413995967371933782e-03
-1.329434983213473309e-03
-1.243984398799691249e-03
-1.157637635621641681e-03
-1.070388111869824410e-03
-9.822292424318257442e-04
-8.931544389018941654e-04
-8.031571095689499229e-04
-7.122306594285754411e-04
-6.203684901758890757e-04
-5.275640002030054787e-04
-4.338105846087500495e-04
-3.391016351870848600e-04
-2.434305404367537173e-04
-1.467906855588431425e-04
-4.917545244956678802e-05
4.942178028718817451e-05
1.490076373543355870e-04
2.495887467471348542e-04
3.511717397604099955e-04
4.537632509938466230e-04
5.573699183375677157e-04
6.619983829913439477e-04
7.676552894453902987e-04
8.743472854899764224e-04
9.820810222201936668e-04
1.090863154021612380e-03
1.200700338589447136e-03
1.311599236909335997e-03
1.423566513266971700e-03
1.536608835252875616e-03
1.650732873748089746e-03
1.765945302943161543e-03
1.882252800319283992e-03
1.999662046657496584e-03
2.118179726043833977e-03
2.237812525854643297e-03
2.358567136776068551e-03
2.480450252784593967e-03
2.603468571156758449e-03
2.727628792473985042e-03
2.852937620608120284e-03
2.979401762740668813e-03
3.107027929343586514e-03
3.235822834188856190e-03
3.365793194353317030e-03
3.496945730204259473e-03
3.629287165418548788e-03
3.762824226963668028e-03
3.897563645107016139e-03
4.033512153420737434e-03
4.170676488767788292e-03
4.309063391320311354e-03
4.448679604541150301e-03
4.589531875193286758e-03
4.731626953344336695e-03
4.874971592352506100e-03
5.019572548885464780e-03
5.165436582901528073e-03
5.312570457658982725e-03
5.460980939720971872e-03
5.610674798941173158e-03
5.761658808482617022e-03
5.913939744799090459e-03
6.067524387644296358e-03
6.222419520075850308e-03
6.378631928445566146e-03
6.536168402409392453e-03
6.695035734917254011e-03
6.855240722218380878e-03
7.016790163865749275e-03
7.179690862706644694e-03
7.343949624892487371e-03
7.509573259868507211e-03
7.676568580379461437e-03
7.844942402473686904e-03
8.014701545494218315e-03
8.185852832087281428e-03
8.358403088194243935e-03
8.532359143054724093e-03
8.707727829212918991e-03
8.884515982506835385e-03
9.062730442078725801e-03
9.242378050364874476e-03
9.423465653100704387e-03
9.606000099325440189e-03
9.789988241372893363e-03
9.975436934880343998e-03
1.016235303877988105e-02
1.035074341530217712e-02
1.054061492998215055e-02
1.073197445164864039e-02
1.092482885243495350e-02
1.111918500776776231e-02
1.131504979637398822e-02
1.151243010028324409e-02
1.171133280482050676e-02
1.191176479861377757e-02
1.211373297358597778e-02
1.231724422495883431e-02
1.252230545125776473e-02
1.272892355430299549e-02
1.293710543921811063e-02
1.314685801442105895e-02
1.335818819162937210e-02
1.357110288586382829e-02
1.378560901544012562e-02
1.400171350197698672e-02
1.421942327038838716e-02
1.443874524888677513e-02
1.465968636898873356e-02
1.488225356550476608e-02
1.510645377654984411e-02
1.533229394353263775e-02
1.555978101116151091e-02
1.578892192744807410e-02
1.601972364369885771e-02
1.625219311452363868e-02
1.648633729782722490e-02
1.672216315481256377e-02
1.695967764998762561e-02
1.719888775115530066e-02
1.743980042941584152e-02
1.768242265917463474e-02
1.792676141812787893e-02
1.817282368728090347e-02
1.842061645093018285e-02
1.867014669667166338e-02
1.892142141540653633e-02
1.917444760132613890e-02
1.942923225193160519e-02
1.968578236801432624e-02
1.994410495366616409e-02
2.020420701628333759e-02
2.046609556655321072e-02
2.072977761847161204e-02
2.099526018932573734e-02
2.126255029970303134e-02
2.153165497349496249e-02
2.180258123788392233e-02
2.207533612336187723e-02
2.234992666371149461e-02
2.262635989601480269e-02
2.290464286065940769e-02
2.318478260132295077e-02
2.346678616499309200e-02
2.375066060194730433e-02
2.403641296576375375e-02
2.432405031332485201e-02
2.461357970480415602e-02
2.490500820368435342e-02
2.519834287673838880e-02
2.549359079404034389e-02
2.579075902896765804e-02
2.608985465818935978e-02
2.639088476168360842e-02
2.669385642271882020e-02
2.699877672786432647e-02
2.730565276699326027e-02
2.761449163326989975e-02
2.792530042316787586e-02
2.823808623645152061e-02
2.855285617618452676e-02
2.886961734873660923e-02
2.918837686376662965e-02
2.950914183424413473e-02
2.983191937642848401e-02
3.015671660987928604e-02
3.048354065746106123e-02
3.081239864532880901e-02
3.114329770294710364e-02
3.147624496307077635e-02
3.181124756175512935e-02
3.214831263835971065e-02
3.248744733553521336e-02
3.282865879924123931e-02
3.317195417872853547e-02
3.351734062654765367e-02
3.386482529855361356e-02
3.421441535389235789e-02
3.456611795501940421e-02
3.491994026768074910e-02
3.527588946092174993e-02
3.563397270709378617e-02
3.599419718183782813e-02
3.635657345365794768e-02
3.672119758798064737e-02
3.708811265692224524e-02
3.745732117897682123e-02
3.782882561713574177e-02
3.820262837890808783e-02
3.857873181629978276e-02
3.895713822582558272e-02
3.933784984850996480e-02
3.972086886988024368e-02
4.010619741997412113e-02
4.049383757333147038e-02
4.088379134899877698e-02
4.127606071053291359e-02
4.167064756599359043e-02
4.206755376795046075e-02
4.246678111347623741e-02
4.286833134414846924e-02
4.327220614605775673e-02
4.367840714979487338e-02
4.408693593046231207e-02
4.449779400766495918e-02
4.491098284551253705e-02
4.532650385262781967e-02
4.574435838213375405e-02
4.616454773166567271e-02
4.658707314335974736e-02
4.701193580385898407e-02
4.743913684431744215e-02
4.786867734039113031e-02
4.830055831224711049e-02
4.873478072455372789e-02
4.917134548648660619e-02
4.961025345173197820e-02
5.005150541847802614e-02
5.049510212942398546e-02
5.094104427177081895e-02
5.138933247722610176e-02
5.183996732200801816e-02
5.229294932683736796e-02
5.274827895694556013e-02
5.320595662206595300e-02
5.366598267643785114e-02
5.412835741881272256e-02
5.459308109244243035e-02
5.506015388509144515e-02
5.552957592902485473e-02
5.600134730101458125e-02
5.647546802234404417e-02
5.695193805879772420e-02
5.743075732067182138e-02
5.791192566276404108e-02
5.839544288437870101e-02
5.888130872933072801e-02
5.936952288593810856e-02
5.986008498702810599e-02
6.035299460993126530e-02
6.084825127648385568e-02
6.134585445303342155e-02
6.184580355043167721e-02
6.234809792403250839e-02
6.285273687370507290e-02
6.335971964381514887e-02
6.386904542324289835e-02
6.438071334537198709e-02
6.489472248808914046e-02
6.541107187379480159e-02
6.592976046938714418e-02
6.645078718628028014e-02
6.697415088038871644e-02
6.749985035213068585e-02
6.802788434644080340e-02
6.855825155274741789e-02
6.909095060499970131e-02
6.962598008164100349e-02
7.016333850562439522e-02
7.070302434441444461e-02
7.124503600997478259e-02
7.178937185878320193e-02
7.233603019181833460e-02
7.288500925456409263e-02
7.343630723701810581e-02
7.398992227367529040e-02
7.454585244354650087e-02
7.510409577014165450e-02
7.566465022147816910e-02
7.622751371008451571e-02
7.679268409298867226e-02
7.736015917173411083e-02
7.792993669236247811e-02
7.850201434542336543e-02
7.907638976597830549e-02
7.965306053358611749e-02
8.023202417232333516e-02
8.081327815076377874e-02
8.139681988198965712e-02
8.198264672359378835e-02
8.257075597766760922e-02
8.316114489082115924e-02
8.375381065415909987e-02
8.434875040329581353e-02
8.494596121835673586e-02
8.554544012396680941e-02
8.614718408926558268e-02
8.675119002789211109e-02
8.735745479799250646e-02
8.796597520222482203e-02
8.857674798774528568e-02
8.918976984622561943e-02
8.980503741383882854e-02
9.042254727126142200e-02
9.104229594368495881e-02
9.166427990079650812e-02
9.228849555680262995e-02
9.291493927040539447e-02
9.354360734481570461e-02
9.417449602775596063e-02
9.480760151144718151e-02
9.544291993262632445e-02
9.608044737252896539e-02
9.672017985689773667e-02
9.736211335598765615e-02
9.800624378455147223e-02
9.865256700185875971e-02
9.930107881167726802e-02
9.995177496228224712e-02
1.006046511464600002e-01
1.012597030014963373e-01
1.019169261091934509e-01
1.025763159958499315e-01
1.032378681322740910e-01
1.039015779337848500e-01
1.045674407602001921e-01
1.052354519158531510e-01
1.059056066495767112e-01
1.065779001547095817e-01
1.072523275691037448e-01
1.079288839751098017e-01
1.086075643995934037e-01
1.092883638139179325e-01
1.099712771339564910e-01
1.106562992200910145e-01
1.113434248772069424e-01
1.120326488546994348e-01
1.127239658464662675e-01
1.134173704909118285e-01
1.141128573709502270e-01
1.148104210139999637e-01
1.155100558919874842e-01
1.162117564213436260e-01
1.169155169630040625e-01
1.176213318224172966e-01
1.183291952495304500e-01
1.190391014388056945e-01
1.197510445292042647e-01
1.204650186041944515e-01
1.211810176917564874e-01
1.218990357643714439e-01
1.226190667390318900e-01
1.233411044772321219e-01
1.240651427849730482e-01
1.247911754127661865e-01
1.255191960556256703e-01
1.262491983530753537e-01
1.269811758891430387e-01
1.277151221923609192e-01
1.284510307357735748e-01
1.291888949369259798e-01
1.299287081578763825e-01
1.306704637051829820e-01
1.314141548299110340e-01
1.321597747276368473e-01
1.329073165384393462e-01
1.336567733469058439e-01
1.344081381821298216e-01
1.351614040177069320e-01
1.359165637717469899e-01
1.366736103068593167e-01
1.374325364301669516e-01
1.381933348932915528e-01
1.389559983923631670e-01
1.397205195680237821e-01
1.404868910054148934e-01
1.412551052341908253e-01
1.420251547285067417e-01
1.427970319070248628e-01
1.435707291329180180e-01
1.443462387138625402e-01
1.451235529020422632e-01
1.459026638941463005e-01
1.466835638313681578e-01
1.474662447994141701e-01
1.482506988284923999e-01
1.490369178933157457e-01
1.498248939131103796e-01
1.506146187515997603e-01
1.514060842170232846e-01
1.521992820621207443e-01
1.529942039841376555e-01
1.537908416248314758e-01
1.545891865704582813e-01
1.553892303517909745e-01
1.561909644441001888e-01
1.569943802671640576e-01
1.577994691852722120e-01
1.586062225072129017e-01
1.594146314862920910e-01
1.602246873203116984e-01
1.610363811515820309e-01
1.618497040669257814e-01
1.626646470976638170e-01
1.634812012196320552e-01
1.642993573531672524e-01
1.651191063631105571e-01
1.659404390588177236e-01
1.667633461941404605e-01
1.675878184674495230e-01
1.684138465216107328e-01
1.692414209439996320e-01
1.700705322665032604e-01
1.709011709655063882e-01
1.717333274619106120e-01
1.725669921211157032e-01
1.734021552530284893e-01
1.742388071120686277e-01
1.750769378971530621e-01
1.759165377517151185e-01
1.767575967636871859e-01
1.776001049655091535e-01
1.784440523341310758e-01
1.792894287910034024e-01
1.801362242020925208e-01
1.809844283778616614e-01
1.818340310732828868e-01
1.826850219878393133e-01
1.835373907655140080e-01
1.843911269948033116e-01
1.852462202087052923e-01
1.861026598847232982e-01
1.869604354448726191e-01
1.878195362556676073e-01
1.886799516281398859e-01
1.895416708178165877e-01
1.904046830247341227e-01
1.912689773934408421e-01
1.921345430129832721e-01
1.930013689169238766e-01
1.938694440833232946e-01
1.947387574347505534e-01
1.956092978382852898e-01
1.964810541055066473e-01
1.973540149925083753e-01
1.982281691998859507e-01
1.991035053727374660e-01
1.999800121006778397e-01
2.008576779178157246e-01
2.017364913027797080e-01
2.026164406786947758e-01
2.034975144131934144e-01
2.043797008184209396e-01
2.052629881510208421e-01
2.061473646121512182e-01
2.070328183474710038e-01
2.079193374471448585e-01
2.088069099458484956e-01
2.096955238227606877e-01
2.105851670015699284e-01
2.114758273504668828e-01
2.123674926821497166e-01
2.132601507538263164e-01
2.141537892672062959e-01
2.150483958685125430e-01
2.159439581484665638e-01
2.168404636422986975e-01
2.177378998297494483e-01
2.186362541350610478e-01
2.195355139269867806e-01
2.204356665187834352e-01
2.213366991682108598e-01
2.222385990775439524e-01
2.231413533935557858e-01
2.240449492075331506e-01
2.249493735552627882e-01
2.258546134170393849e-01
2.267606557176682358e-01
2.276674873264554755e-01
2.285750950572200679e-01
2.294834656682809282e-01
2.303925858624649159e-01
2.313024422871094998e-01
2.322130215340543202e-01
2.331243101396482942e-01
2.340362945847447307e-01
2.349489612947013306e-01
2.358622966393877363e-01
2.367762869331775377e-01
2.376909184349500492e-01
2.386061773480916415e-01
2.395220498204917448e-01
2.404385219445543953e-01
2.413555797571813599e-01
2.422732092397881232e-01
2.431913963182910088e-01
2.441101268631133969e-01
2.450293866891888328e-01
2.459491615559539213e-01
2.468694371673554322e-01
2.477901991718423069e-01
2.487114331623696550e-01
2.496331246764031953e-01
2.505552591959134823e-01
2.514778221473772390e-01
2.524007989017764686e-01
2.533241747745984540e-01
2.542479350258424198e-01
2.551720648600102059e-01
2.560965494261080444e-01
2.570213738176545526e-01
2.579465230726678548e-01
2.588719821736784610e-01
2.597977360477212727e-01
2.607237695663346955e-01
2.616500675455695202e-01
2.625766147459751565e-01
2.635033958726165082e-01
2.644303955750597623e-01
2.653575984473741656e-01
2.662849890281444587e-01
2.672125518004504485e-01
2.681402711918927650e-01
2.690681315745662161e-01
