1.716410775802449606e+00
1.712971438881738084e+00
1.709532101092169798e+00
1.706092761632363342e+00
1.702653419773468180e+00
1.699214074847664513e+00
1.695774726248094444e+00
1.692335373428861756e+00
1.688896015905033687e+00
1.685456653252639159e+00
1.682017285108669880e+00
1.678577911171078796e+00
1.675138529759532036e+00
1.671699139073601792e+00
1.668259739583222601e+00
1.664820331771242667e+00
1.661380916118824658e+00
1.657941493105445030e+00
1.654502063208897589e+00
1.651062626905289488e+00
1.647623184669043228e+00
1.644183736972897103e+00
1.640744284287903199e+00
1.637304827083429393e+00
1.633865365827158911e+00
1.630425900985089660e+00
1.626986433021534006e+00
1.623546962399120108e+00
1.620107489578791249e+00
1.616668015019804949e+00
1.613228539179734300e+00
1.609789062514467517e+00
1.606349585478207942e+00
1.602910108523473376e+00
1.599470632101096967e+00
1.596031156660227435e+00
1.592591682648326845e+00
1.589152210511175056e+00
1.585712740692864164e+00
1.582273273635802946e+00
1.578833809780715081e+00
1.575394349566638486e+00
1.571954893430926870e+00
1.568515441809248845e+00
1.565075995135587705e+00
1.561636553842242092e+00
1.558197118359825550e+00
1.554757689117266972e+00
1.551318266541809487e+00
1.547878851059012462e+00
1.544439443092749498e+00
1.541000043065208658e+00
1.537560651396894684e+00
1.534121268506625890e+00
1.530681894811536159e+00
1.527242530727074943e+00
1.523803176667005710e+00
1.520363833043407276e+00
1.516924500266674025e+00
1.513485178745515247e+00
1.510045868886954468e+00
1.506606571096331004e+00
1.503167285777299522e+00
1.499728013331828036e+00
1.496288754160202128e+00
1.492849508661020508e+00
1.489410277231197011e+00
1.485971060265961929e+00
1.482531858158858906e+00
1.479092671301747597e+00
1.475653500084802561e+00
1.472214344896513039e+00
1.468775206123683619e+00
1.465336084151433793e+00
1.461896979363198845e+00
1.458457892140727408e+00
1.455018822864084571e+00
1.451579771911650107e+00
1.448140739660118692e+00
1.444701726484499904e+00
1.441262732758119114e+00
1.437823758852615263e+00
1.434384805137943975e+00
1.430945871982374884e+00
1.427506959752493199e+00
1.424068068813198362e+00
1.420629199527705611e+00
1.417190352257545527e+00
1.413751527362562044e+00
1.410312725200916661e+00
1.406873946129083786e+00
1.403435190501853169e+00
1.399996458672330801e+00
1.396557750991936908e+00
1.393119067810406397e+00
1.389680409475789968e+00
1.386241776334452780e+00
1.382803168731074894e+00
1.379364587008652610e+00
1.375926031508495795e+00
1.372487502570230111e+00
1.369049000531795901e+00
1.365610525729449076e+00
1.362172078497760008e+00
1.358733659169614638e+00
1.355295268076213144e+00
1.351856905547071719e+00
1.348418571910021013e+00
1.344980267491207027e+00
1.341541992615089995e+00
1.338103747604446170e+00
1.334665532779911956e+00
1.331227344624886344e+00
1.327789179530991959e+00
1.324351037436823475e+00
1.320912918281218706e+00
1.317474822003259272e+00
1.314036748542269928e+00
1.310598697837819016e+00
1.307160669829718236e+00
1.303722664458022207e+00
1.300284681663029351e+00
1.296846721385281453e+00
1.293408783565564102e+00
1.289970868144904914e+00
1.286532975064576423e+00
1.283095104266093855e+00
1.279657255691215578e+00
1.276219429281943762e+00
1.272781624980523940e+00
1.269343842729444560e+00
1.265906082471438099e+00
1.262468344149480171e+00
1.259030627706789751e+00
1.255592933086828511e+00
1.252155260233303036e+00
1.248717609090161940e+00
1.245279979601597420e+00
1.241842371712046367e+00
1.238404785366187033e+00
1.234967220508941921e+00
1.231529677085477781e+00
1.228092155041203837e+00
1.224654654321772451e+00
1.221217174873080014e+00
1.217779716641266052e+00
1.214342279572713013e+00
1.210904863614048255e+00
1.207467468712140723e+00
1.204030094814103169e+00
1.200592741867292590e+00
1.197155409819308458e+00
1.193718098617994272e+00
1.190280808211436669e+00
1.186843538547965426e+00
1.183406289576153458e+00
1.179969061244818151e+00
1.176531853503019587e+00
1.173094666300060762e+00
1.169657499585489147e+00
1.166220353309094460e+00
1.162783227420910448e+00
1.159346121871214441e+00
1.155909036610526686e+00
1.152471971589610789e+00
1.149034926759474162e+00
1.145597902071367136e+00
1.142160897476784065e+00
1.138723912927461557e+00
1.135286948375381133e+00
1.131850003772766122e+00
1.128413079072084102e+00
1.124976174226046455e+00
1.121539289187607258e+00
1.118102423909963505e+00
1.114665578346556662e+00
1.111228752451071111e+00
1.107791946177434372e+00
1.104355159479817994e+00
1.100918392312635996e+00
1.097481644630546649e+00
1.094044916388450917e+00
1.090608207541493790e+00
1.087171518045062957e+00
1.083734847854790129e+00
1.080298196926550380e+00
1.076861565216460814e+00
1.073424952680884337e+00
1.069988359276425216e+00
1.066551784959931304e+00
1.063115229688495367e+00
1.059678693419451978e+00
1.056242176110379516e+00
1.052805677719100164e+00
1.049369198203678799e+00
1.045932737522424105e+00
1.042496295633888348e+00
1.039059872496867154e+00
1.035623468070398401e+00
1.032187082313764881e+00
1.028750715186492304e+00
1.025314366648348852e+00
1.021878036659347622e+00
1.018441725179743962e+00
1.015005432170036581e+00
1.011569157590968437e+00
1.008132901403525628e+00
1.004696663568936499e+00
1.001260444048674314e+00
9.978242428044545864e-01
9.943880597982368563e-01
9.909518949922240250e-01
9.875157483488623544e-01
9.840796198308408016e-01
9.806435094010924614e-01
9.772074170227937895e-01
9.737713426593643806e-01
9.703352862744671903e-01
9.668992478320088679e-01
9.634632272961385357e-01
9.600272246312501201e-01
9.565912398019797980e-01
9.531552727732077734e-01
9.497193235100571673e-01
9.462833919778945724e-01
9.428474781423301643e-01
9.394115819692177016e-01
9.359757034246537488e-01
9.325398424749786752e-01
9.291039990867758780e-01
9.256681729926855562e-01
9.222323612680871641e-01
9.187965629993152250e-01
9.153607781282762090e-01
9.119250065967726693e-01
9.084892483465033530e-01
9.050535033190625356e-01
9.016177714559402423e-01
8.981820526985223596e-01
8.947463469880907461e-01
8.913106542658232323e-01
8.878749744727935100e-01
8.844393075499707990e-01
8.810036534382205131e-01
8.775680120783034832e-01
8.741323834108768454e-01
8.706967673764937077e-01
8.672611639156027064e-01
8.638255729685480055e-01
8.603899944755705187e-01
8.569544283768061321e-01
8.535188746122873704e-01
8.500833331219419531e-01
8.466478038455935717e-01
8.432122867229623342e-01
8.397767816936635432e-01
8.363412886972086957e-01
8.329058076730050386e-01
8.294703385603555690e-01
8.260348812984594780e-01
8.225994358264113737e-01
8.191640020832023916e-01
8.157285800077186400e-01
8.122931695387425322e-01
8.088577706149527868e-01
8.054223831749228735e-01
8.019870071571233439e-01
7.985516424999199447e-01
7.951162891415739509e-01
7.916809470202433863e-01
7.882456160739812479e-01
7.848102962407372818e-01
7.813749874583562072e-01
7.779396896645790482e-01
7.745044027970429124e-01
7.710691267932801019e-01
7.676338615907194463e-01
7.641986071266850811e-01
7.607633633383977800e-01
7.573281301629731788e-01
7.538929075374231070e-01
7.504576953986561438e-01
7.470224936834750640e-01
7.435873023285800576e-01
7.401521212705663988e-01
7.367169504459248897e-01
7.332817897910433036e-01
7.298466392422041649e-01
7.264114987355865249e-01
7.229763682072648523e-01
7.195412475932098095e-01
7.161061368292879203e-01
7.126710358512611254e-01
7.092359445947877816e-01
7.058008629954217739e-01
7.023657909886127371e-01
6.989307285097067224e-01
6.954956754939448649e-01
6.920606318764649378e-01
6.886255975923000205e-01
6.851905725763789423e-01
6.817555567635270597e-01
6.783205500884649242e-01
6.748855524858095034e-01
6.714505638900729600e-01
6.680155842356639839e-01
6.645806134568866819e-01
6.611456514879409108e-01
6.577106982629231657e-01
6.542757537158245817e-01
6.508408177805335981e-01
6.474058903908332940e-01
6.439709714804027207e-01
6.405360609828179008e-01
6.371011588315491636e-01
6.336662649599640318e-01
6.302313793013251120e-01
6.267965017887907608e-01
6.233616323554160843e-01
6.199267709341509391e-01
6.164919174578418204e-01
6.130570718592308621e-01
6.096222340709557264e-01
6.061874040255504914e-01
6.027525816554446525e-01
5.993177668929638990e-01
5.958829596703294484e-01
5.924481599196583792e-01
5.890133675729641860e-01
5.855785825621553364e-01
5.821438048190371584e-01
5.787090342753099526e-01
5.752742708625701029e-01
5.718395145123104095e-01
5.684047651559186454e-01
5.649700227246792217e-01
5.615352871497720777e-01
5.581005583622725696e-01
5.546658362931528030e-01
5.512311208732800782e-01
5.477964120334178899e-01
5.443617097042253716e-01
5.409270138162576291e-01
5.374923242999655182e-01
5.340576410856958667e-01
5.306229641036913636e-01
5.271882932840902258e-01
5.237536285569275307e-01
5.203189698521327733e-01
5.168843170995320868e-01
5.134496702288479097e-01
5.100150291696974314e-01
5.065803938515947014e-01
5.031457642039490752e-01
4.997111401560658805e-01
4.962765216371463617e-01
4.928419085762874574e-01
4.894073009024824117e-01
4.859726985446197189e-01
4.825381014314839567e-01
4.791035094917559523e-01
4.756689226540116167e-01
4.722343408467235548e-01
4.687997639982597331e-01
4.653651920368838124e-01
4.619306248907558698e-01
4.584960624879312885e-01
4.550615047563619231e-01
4.516269516238946014e-01
4.481924030182730112e-01
4.447578588671360911e-01
4.413233190980183629e-01
4.378887836383511534e-01
4.344542524154606511e-01
4.310197253565696829e-01
4.275852023887964370e-01
4.241506834391549075e-01
4.207161684345556152e-01
4.172816573018039432e-01
4.138471499676020793e-01
4.104126463585475171e-01
4.069781464011335004e-01
4.035436500217496891e-01
4.001091571466809937e-01
3.966746677021088519e-01
3.932401816141098960e-01
3.898056988086567309e-01
3.863712192116183775e-01
3.829367427487588849e-01
3.795022693457389407e-01
3.760677989281146494e-01
3.726333314213378101e-01
3.691988667507566380e-01
3.657644048416146543e-01
3.623299456190517409e-01
3.588954890081031412e-01
3.554610349337001263e-01
3.520265833206701611e-01
3.485921340937359614e-01
3.451576871775167143e-01
3.417232424965270798e-01
3.382887999751774677e-01
3.348543595377746485e-01
3.314199211085205876e-01
3.279854846115139444e-01
3.245510499707482399e-01
3.211166171101138000e-01
3.176821859533962567e-01
3.142477564242768806e-01
3.108133284463335810e-01
3.073789019430393510e-01
3.039444768377637107e-01
3.005100530537713754e-01
2.970756305142232545e-01
2.936412091421762849e-01
2.902067888605828205e-01
2.867723695922916871e-01
2.833379512600469052e-01
2.799035337864885231e-01
2.764691170941530052e-01
2.730347011054717332e-01
2.696002857427728938e-01
2.661658709282799240e-01
2.627314565841120109e-01
2.592970426322848132e-01
2.558626289947092958e-01
2.524282155931927285e-01
2.489938023494377706e-01
2.455593891850430532e-01
2.421249760215034852e-01
2.386905627802091701e-01
2.352561493824467942e-01
2.318217357493981001e-01
2.283873218021415241e-01
2.249529074616507529e-01
2.215184926487952788e-01
2.180840772843411213e-01
2.146496612889493283e-01
2.112152445831775860e-01
2.077808270874788033e-01
2.043464087222019165e-01
2.009119894075920565e-01
1.974775692383013426e-01
1.940431496383155929e-01
1.906087309442301703e-01
1.871743131631194990e-01
1.837398963017499443e-01
1.803054803665785077e-01
1.768710653637543262e-01
1.734366512991173670e-01
1.700022381781989833e-01
1.665678260062224969e-01
1.631334147881018104e-01
1.596990045284430171e-01
1.562645952315430686e-01
1.528301869013901915e-01
1.493957795416646639e-01
1.459613731557373451e-01
1.425269677466712848e-01
1.390925633172203357e-01
1.356581598698296809e-01
1.322237574066365551e-01
1.287893559294687185e-01
1.253549554398462051e-01
1.219205559389797411e-01
1.184861574277715074e-01
1.150517599068156538e-01
1.116173633763969109e-01
1.081829678364921998e-01
1.047485732867690367e-01
1.013141797265871141e-01
9.787978715499691396e-02
9.444539557074033143e-02
9.101100497225120267e-02
8.757661535765400018e-02
8.414222672476534548e-02
8.070783907109266297e-02
7.727345239383479059e-02
7.383906668988249322e-02
7.040468195581719990e-02
6.697029818791246092e-02
6.353591538213264334e-02
6.010153353413350691e-02
5.666715263926279389e-02
5.323277269255883432e-02
4.979839368875214195e-02
4.636401562226401263e-02
4.292963848720715569e-02
3.949526227738624218e-02
3.606088698629653783e-02
3.262651260712549905e-02
2.919213913275137129e-02
2.575776655574379265e-02
2.232339486836437334e-02
1.888902406256532870e-02
1.545465412999104046e-02
1.202028506197651281e-02
8.585916849548893767e-03
5.151549483426154201e-03
1.717182954017650075e-03
-1.717182748575494166e-03
-5.151547634560765289e-03
-8.585911714454644642e-03
-1.202027499908203158e-02
-1.545463749957644121e-02
-1.888899922738038195e-02
-2.232336019424382978e-02
-2.575772041222651118e-02
-2.919207989369639739e-02
-3.262643865133005305e-02
-3.606079669811305261e-02
-3.949515404733843632e-02
-4.292951071260898283e-02
-4.636386670783572417e-02
-4.979822204723829970e-02
-5.323257674534533773e-02
-5.666693081699292200e-02
-6.010128427732691625e-02
-6.353563714180140987e-02
-6.696998942617908568e-02
-7.040434114653164321e-02
-7.383869231923823051e-02
-7.727304296098776171e-02
-8.070739308877739049e-02
-8.414174271991287091e-02
-8.757609187200895984e-02
-9.101044056298784879e-02
-9.444478881108153701e-02
-9.787913663483022164e-02
-1.013134840530827280e-01
-1.047478310849968702e-01
-1.081821777500378973e-01
-1.116165240679808657e-01
-1.150508700589090438e-01
-1.184852157432143144e-01
-1.219195611415975350e-01
-1.253539062750670396e-01
-1.287882511649409423e-01
-1.322225958328455686e-01
-1.356569403007158447e-01
-1.390912845907956996e-01
-1.425256287256365662e-01
-1.459599727280995463e-01
-1.493943166213540785e-01
-1.528286604288781325e-01
-1.562630041744587361e-01
-1.596973478821903103e-01
-1.631316915764770836e-01
-1.665660352820314827e-01
-1.700003790238750201e-01
-1.734347228273365182e-01
-1.768690667180546905e-01
-1.803034107219764481e-01
-1.837377548653572890e-01
-1.871720991747616580e-01
-1.906064436770615877e-01
-1.940407883994387794e-01
-1.974751333693832434e-01
-2.009094786146934652e-01
-2.043438241634770169e-01
-2.077781700441489743e-01
-2.112125162854341653e-01
-2.146468629163655051e-01
-2.180812099662846615e-01
-2.215155574648422776e-01
-2.249499054419964450e-01
-2.283842539280150075e-01
-2.318186029534740067e-01
-2.352529525492581541e-01
-2.386873027465611918e-01
-2.421216535768841716e-01
-2.455560050720380638e-01
-2.489903572641420093e-01
-2.524247101856237352e-01
-2.558590638692200270e-01
-2.592934183479749799e-01
-2.627277736552427467e-01
-2.661621298246854006e-01
-2.695964868902738232e-01
-2.730308448862877047e-01
-2.764652038473144335e-01
-2.798995638082509840e-01
-2.833339248043026948e-01
-2.867682868709833244e-01
-2.902026500441157730e-01
-2.936370143598304172e-01
-2.970713798545673301e-01
-3.005057465650748383e-01
-3.039401145284098549e-01
-3.073744837819382680e-01
-3.108088543633336087e-01
-3.142432263105788826e-01
-3.176775996619655151e-01
-3.211119744560935740e-01
-3.245463507318719354e-01
-3.279807285285171181e-01
-3.314151078855552823e-01
-3.348494888428209526e-01
-3.382838714404571290e-01
-3.417182557189158976e-01
-3.451526417189567097e-01
-3.485870294816489356e-01
-3.520214190483699213e-01
-3.554558104608059876e-01
-3.588902037609520423e-01
-3.623245989911108023e-01
-3.657589961938945144e-01
-3.691933954122238459e-01
-3.726277966893282723e-01
-3.760622000687448563e-01
-3.794966055943203020e-01
-3.829310133102097335e-01
-3.863654232608766392e-01
-3.897998354910938157e-01
-3.932342500459412027e-01
-3.966686669708087143e-01
-4.001030863113944069e-01
-4.035375081137049791e-01
-4.069719324240559932e-01
-4.104063592890708212e-01
-4.138407887556821430e-01
-4.172752208711312805e-01
-4.207096556829678091e-01
-4.241440932390506124e-01
-4.275785335875457727e-01
-4.310129767769293463e-01
-4.344474228559854767e-01
-4.378818718738070048e-01
-4.413163238797956911e-01
-4.447507789236608833e-01
-4.481852370554215148e-01
-4.516196983254048836e-01
-4.550541627842468184e-01
-4.584886304828922898e-01
-4.619231014725934670e-01
-4.653575758049125488e-01
-4.687920535317197657e-01
-4.722265347051942119e-01
-4.756610193778235685e-01
-4.790955076024034365e-01
-4.825299994320388364e-01
-4.859644949201432640e-01
-4.893989941204385796e-01
-4.928334970869557852e-01
-4.962680038740333588e-01
-4.997025145363195309e-01
-5.031370291287707852e-01
-5.065715477066520256e-01
-5.100060703255373529e-01
-5.134405970413083997e-01
-5.168751279101561069e-01
-5.203096629885803903e-01
-5.237442023333891417e-01
-5.271787460016994498e-01
-5.306132940509359353e-01
-5.340478465388329710e-01
-5.374824035234329056e-01
-5.409169650630871740e-01
-5.443515312164558528e-01
-5.477861020425065508e-01
-5.512206776005166287e-01
-5.546552579500717561e-01
-5.580898431510660229e-01
-5.615244332637029379e-01
-5.649590283484928754e-01
-5.683936284662566285e-01
-5.718282336781225217e-01
-5.752628440455281877e-01
-5.786974596302195684e-01
-5.821320804942506921e-01
-5.855667066999847847e-01
-5.890013383100939359e-01
-5.924359753875583223e-01
-5.958706179956672067e-01
-5.993052661980176055e-01
-6.027399200585158434e-01
-6.061745796413768872e-01
-6.096092450111245675e-01
-6.130439162325900249e-01
-6.164785933709143739e-01
-6.199132764915468163e-01
-6.233479656602451957e-01
-6.267826609430764417e-01
-6.302173624064147939e-01
-6.336520701169442438e-01
-6.370867841416573141e-01
-6.405215045478549474e-01
-6.439562314031468393e-01
-6.473909647754504393e-01
-6.508257047329930600e-01
-6.542604513443097680e-01
-6.576952046782449379e-01
-6.611299648039511423e-01
-6.645647317908891516e-01
-6.679995057088290444e-01
-6.714342866278490973e-01
-6.748690746183365619e-01
-6.783038697509874426e-01
-6.817386720968051650e-01
-6.851734817271031286e-01
-6.886082987135025979e-01
-6.920431231279339235e-01
-6.954779550426360979e-01
-6.989127945301556455e-01
-7.023476416633488428e-01
-7.057824965153804975e-01
-7.092173591597235038e-01
-7.126522296701600645e-01
-7.160871081207800248e-01
-7.195219945859825383e-01
-7.229568891404752895e-01
-7.263917918592743828e-01
-7.298267028177053417e-01
-7.332616220914005556e-01
-7.366965497563026100e-01
-7.401314858886621773e-01
-7.435664305650384609e-01
-7.470013838622998614e-01
-7.504363458576220891e-01
-7.538713166284904954e-01
-7.573062962526989628e-01
-7.607412848083499046e-01
-7.641762823738545984e-01
-7.676112890279317424e-01
-7.710463048496101202e-01
-7.744813299182261579e-01
-7.779163643134257011e-01
-7.813514081151629043e-01
-7.847864614036996755e-01
-7.882215242596076754e-01
-7.916565967637667622e-01
-7.950916789973652143e-01
-7.985267710419009513e-01
-8.019618729791783140e-01
-8.053969848913123952e-01
-8.088321068607260411e-01
-8.122672389701511841e-01
-8.157023813026270664e-01
-8.191375339415029044e-01
-8.225726969704360014e-01
-8.260078704733924138e-01
-8.294430545346471728e-01
-8.328782489003309086e-01
-8.363134491732020503e-01
-8.397486542635191897e-01
-8.431838645373601615e-01
-8.466190803573991897e-01
-8.500543020829042229e-01
-8.534895300697408205e-01
-8.569247646703690435e-01
-8.603600062338450094e-01
-8.637952551058207806e-01
-8.672305116285428106e-01
-8.706657761408542751e-01
-8.741010489781938508e-01
-8.775363304725956048e-01
-8.809716209526895492e-01
-8.844069207437006419e-01
-8.878422301674498973e-01
-8.912775495423541638e-01
-8.947128791834256800e-01
-8.981482194022726295e-01
-9.015835705070979200e-01
-9.050189328027008484e-01
-9.084543065904764347e-01
-9.118896921684148671e-01
-9.153250898311025008e-01
-9.187604998697204151e-01
-9.221959225720460784e-01
-9.256313582224524605e-01
-9.290668071019081431e-01
-9.325022694879775420e-01
-9.359377456548195751e-01
-9.393732358731902155e-01
-9.428087404104402713e-01
-9.462442595305166071e-01
-9.496797934939615882e-01
-9.531153425579126370e-01
-9.565509069761034544e-01
-9.599864869988633531e-01
-9.634220828731167030e-01
-9.668576948423848183e-01
-9.702933231467825159e-01
-9.737289680230220013e-01
-9.771646297044105367e-01
-9.806003084208511078e-01
-9.840360043988423122e-01
-9.874717178614778046e-01
-9.909074490284475178e-01
-9.943431981160371080e-01
-9.977789653371273992e-01
-1.001214750901195494e+00
-1.004650555014312774e+00
-1.008086377879147788e+00
-1.011522219694963587e+00
-1.014958080657619721e+00
-1.018393960959571354e+00
-1.021829860789867706e+00
-1.025265780334155385e+00
-1.028701719774676393e+00
-1.032137679290267451e+00
-1.035573659056362006e+00
-1.039009659244988226e+00
-1.042445680024769894e+00
-1.045881721560927069e+00
-1.049317784015276089e+00
-1.052753867546226463e+00
-1.056189972308785530e+00
-1.059626098454555576e+00
-1.063062246131734279e+00
-1.066498415485115814e+00
-1.069934606656088638e+00
-1.073370819782637264e+00
-1.076807054999342705e+00
-1.080243312437380920e+00
-1.083679592224523924e+00
-1.087115894485137790e+00
-1.090552219340186424e+00
-1.093988566907227789e+00
-1.097424937300416348e+00
-1.100861330630502177e+00
-1.104297747004830077e+00
-1.107734186527341125e+00
-1.111170649298572233e+00
-1.114607135415655481e+00
-1.118043644972319228e+00
-1.121480178058886334e+00
-1.124916734762276160e+00
-1.128353315166003457e+00
-1.131789919350179030e+00
-1.135226547391508634e+00
-1.138663199363293632e+00
-1.142099875335431447e+00
-1.145536575374415111e+00
-1.148973299543333049e+00
-1.152410047901869738e+00
-1.155846820506304606e+00
-1.159283617409512690e+00
-1.162720438660965749e+00
-1.166157284306730046e+00
-1.169594154389468121e+00
-1.173031048948437238e+00
-1.176467968019491828e+00
-1.179904911635080156e+00
-1.183341879824247433e+00
-1.186778872612634483e+00
-1.190215890022476408e+00
-1.193652932072605255e+00
-1.197089998778448683e+00
-1.200527090152028853e+00
-1.203964206201965315e+00
-1.207401346933471453e+00
-1.210838512348356710e+00
-1.214275702445027250e+00
-1.217712917218483959e+00
-1.221150156660323338e+00
-1.224587420758737499e+00
-1.228024709498514611e+00
-1.231462022861038008e+00
-1.234899360824286862e+00
-1.238336723362836622e+00
-1.241774110447856572e+00
-1.245211522047113162e+00
-1.248648958124968233e+00
-1.252086418642379462e+00
-1.255523903556898579e+00
-1.258961412822674930e+00
-1.262398946390452581e+00
-1.265836504207570989e+00
-1.269274086217966557e+00
-1.272711692362169078e+00
-1.276149322577305512e+00
-1.279586976797098652e+00
-1.283024654951865795e+00
-1.286462356968521181e+00
-1.289900082770573109e+00
-1.293337832278126820e+00
-1.296775605407882725e+00
-1.300213402073136848e+00
-1.303651222183781044e+00
-1.307089065646301895e+00
-1.310526932363782704e+00
-1.313964822235902385e+00
-1.317402735158934357e+00
-1.320840671025749424e+00
-1.324278629725812007e+00
-1.327716611145183245e+00
-1.331154615166520339e+00
-1.334592641669074986e+00
-1.338030690528695832e+00
-1.341468761617825578e+00
-1.344906854805503871e+00
-1.348344969957365080e+00
-1.351783106935640300e+00
-1.355221265599155123e+00
-1.358659445803330978e+00
-1.362097647400185352e+00
-1.365535870238331562e+00
-1.368974114162977429e+00
-1.372412379015927941e+00
-1.375850664635582143e+00
-1.379288970856935581e+00
-1.382727297511579190e+00
-1.386165644427700183e+00
-1.389604011430080721e+00
-1.393042398340098131e+00
-1.396480804975726464e+00
-1.399919231151534493e+00
-1.403357676678687271e+00
-1.406796141364945685e+00
-1.410234625014664678e+00
-1.413673127428796361e+00
-1.417111648404888458e+00
-1.420550187737083414e+00
-1.423988745216120178e+00
-1.427427320629332419e+00
-1.430865913760650088e+00
-1.434304524390598523e+00
-1.437743152296299121e+00
-1.441181797251468444e+00
-1.444620459026418224e+00
-1.448059137388056916e+00
-1.451497832099887697e+00
-1.454936542922010023e+00
-1.458375269611118963e+00
-1.461814011920504308e+00
-1.465252769600052352e+00
-1.468691542396244776e+00
-1.472130330052158653e+00
-1.475569132307467557e+00
-1.479007948898438896e+00
-1.482446779557937910e+00
-1.485885624015423678e+00
-1.489324481996952221e+00
-1.492763353225174283e+00
-1.496202237419336001e+00
-1.499641134295280231e+00
-1.503080043565445001e+00
-1.506518964938863947e+00
-1.509957898121165432e+00
-1.513396842814574983e+00
-1.516835798717912631e+00
-1.520274765526594685e+00
-1.523713742932632842e+00
-1.527152730624633747e+00
-1.530591728287800990e+00
-1.534030735603932882e+00
-1.537469752251423571e+00
-1.540908777905263261e+00
-1.544347812237036655e+00
-1.547786854914925181e+00
-1.551225905603705213e+00
-1.554664963964749624e+00
-1.558104029656026235e+00
-1.561543102332097810e+00
-1.564982181644124060e+00
-1.568421267239859862e+00
-1.571860358763655263e+00
-1.575299455856457476e+00
-1.578738558155806437e+00
-1.582177665295840141e+00
-1.585616776907291969e+00
-1.589055892617489807e+00
-1.592495012050358705e+00
-1.595934134826417550e+00
-1.599373260562781729e+00
-1.602812388873162908e+00
-1.606251519367867475e+00
-1.609690651653797877e+00
-1.613129785334451727e+00
-1.616568920009922694e+00
-1.620008055276899839e+00
-1.623447190728667833e+00
-1.626886325955108070e+00
-1.630325460542695559e+00
-1.633764594074502030e+00
-1.637203726130195269e+00
-1.640642856286037565e+00
-1.644081984114888373e+00
-1.647521109186200983e+00
-1.650960231066025630e+00
-1.654399349317007495e+00
-1.657838463498387815e+00
-1.661277573166003441e+00
-1.664716677872286166e+00
-1.668155777166264064e+00
-1.671594870593561044e+00
-1.675033957696395737e+00
-1.678473038013583496e+00
-1.681912111080534400e+00
-1.685351176429254361e+00
-1.688790233588345346e+00
-1.692229282083004938e+00
-1.695668321435025216e+00
-1.699107351162794988e+00
-1.702546370781298890e+00
-1.705985379802116286e+00
-1.709424377733423039e+00
-1.712863364079989958e+00
-1.716302338343183242e+00
