-2.702108912556067111e-03
-2.702108831040828107e-03
-2.702108266825042904e-03
-2.702106761363953780e-03
-2.702103881962347742e-03
-2.702099216431275153e-03
-2.702092373059628017e-03
-2.702082980606146378e-03
-2.702070688308744195e-03
-2.702055165876515730e-03
-2.702036103495952801e-03
-2.702013211829168426e-03
-2.701986642681841744e-03
-2.701956821500761663e-03
-2.701923646604598162e-03
-2.701887008658587774e-03
-2.701846794479934033e-03
-2.701802887034254752e-03
-2.701755165439134743e-03
-2.701703504962793545e-03
-2.701647777022753161e-03
-2.701587849191167123e-03
-2.701523585186826892e-03
-2.701454844881379103e-03
-2.701381484296216939e-03
-2.701303355603368317e-03
-2.701220307128604503e-03
-2.701132183343446513e-03
-2.701038824874935074e-03
-2.700940068497192925e-03
-2.700835747135865716e-03
-2.700725689871230628e-03
-2.700609721927982321e-03
-2.700487664686779254e-03
-2.700359335675805994e-03
-2.700224548574325922e-03
-2.700083113216678043e-03
-2.699934835580730663e-03
-2.699779517802092244e-03
-2.699616958160344637e-03
-2.699446951091033498e-03
-2.699269287180783294e-03
-2.699083753161968247e-03
-2.698890131923370461e-03
-2.698688202498633615e-03
-2.698477740076921094e-03
-2.698258515998919194e-03
-2.698030297749731687e-03
-2.697792848973090685e-03
-2.697545929455813507e-03
-2.697289295141125365e-03
-2.697022698122886197e-03
-2.696745886640705692e-03
-2.696458605091489602e-03
-2.696160594016117074e-03
-2.695851590110986962e-03
-2.695531326224465118e-03
-2.695199531349778965e-03
-2.694855930637007901e-03
-2.694500245381536985e-03
-2.694132193033382805e-03
-2.693751487193640770e-03
-2.693357837610488303e-03
-2.692950950187178449e-03
-2.692530526973158089e-03
-2.692096266172061547e-03
-2.691647862138601965e-03
-2.691185005375018591e-03
-2.690707382537738113e-03
-2.690214676430713325e-03
-2.689706566010308109e-03
-2.689182726386185607e-03
-2.688642828813314622e-03
-2.688086540702627758e-03
-2.687513525611251453e-03
-2.686923443249611410e-03
-2.686315949480988508e-03
-2.685690696314413373e-03
-2.685047331913992252e-03
-2.684385500590913409e-03
-2.683704842809664370e-03
-2.683004995187143749e-03
-2.682285590485555815e-03
-2.681546257623512730e-03
-2.680786621665376401e-03
-2.680006303829252090e-03
-2.679204921486544322e-03
-2.678382088152186924e-03
-2.677537413499742058e-03
-2.676670503346301189e-03
-2.675780959664919578e-03
-2.674868380578843130e-03
-2.673932360358843852e-03
-2.672972489429437104e-03
-2.671988354366217067e-03
-2.670979537891415845e-03
-2.669945618884117522e-03
-2.668886172368267751e-03
-2.667800769521999626e-03
-2.666688977674969152e-03
-2.665550360303026167e-03
-2.664384477038872490e-03
-2.663190883660515595e-03
-2.661969132100150404e-03
-2.660718770440162473e-03
-2.659439342911795734e-03
-2.658130389899593382e-03
-2.656791447936068806e-03
-2.655422049707034660e-03
-2.654021724049826503e-03
-2.652589995947529644e-03
-2.651126386233215726e-03
-2.649627952410860132e-03
-2.648092169967863896e-03
-2.646519020925275356e-03
-2.644908488458330709e-03
-2.643260556904003522e-03
-2.641575211752567043e-03
-2.639852439655587801e-03
-2.638092228421484720e-03
-2.636294567013308665e-03
-2.634459445554959700e-03
-2.632586855325858011e-03
-2.630676788764052532e-03
-2.628729239466665035e-03
-2.626744202183228794e-03
-2.624721672827234897e-03
-2.622661648464141848e-03
-2.620564127320701431e-03
-2.618429108780961911e-03
-2.616256593383159412e-03
-2.614046582827711518e-03
-2.611799079968335491e-03
-2.609514088819597788e-03
-2.607191614552917258e-03
-2.604831663494788785e-03
-2.602434243132556446e-03
-2.599999362108640355e-03
-2.597527030224089373e-03
-2.595017258439469288e-03
-2.592470058868201477e-03
-2.589885444785888780e-03
-2.587263430621433713e-03
-2.584604031965476167e-03
-2.581907265565064336e-03
-2.579173149321434266e-03
-2.576401702298447560e-03
-2.573592944712377317e-03
-2.570746897941678100e-03
-2.567863584521212772e-03
-2.564943028140476144e-03
-2.561985253650256311e-03
-2.558990287054641044e-03
-2.555958155520343666e-03
-2.552888887369597626e-03
-2.549782512078824226e-03
-2.546639060288402590e-03
-2.543458563789346982e-03
-2.540241055535297221e-03
-2.536986569637189604e-03
-2.533695141359260106e-03
-2.530366807128814344e-03
-2.527001604524681255e-03
-2.523599572289203508e-03
-2.520160750320687981e-03
-2.516685179670741235e-03
-2.513172902554483557e-03
-2.509623962338780601e-03
-2.506038403553345617e-03
-2.502416271883856069e-03
-2.498757614170843411e-03
-2.495062478416576468e-03
-2.491330913775735567e-03
-2.487562970565182496e-03
-2.483758700259297569e-03
-2.479918155485538733e-03
-2.476041390034433576e-03
-2.472128458848255050e-03
-2.468179418031679617e-03
-2.464194324846458173e-03
-2.460173237708307425e-03
-2.456116216195125546e-03
-2.452023321037222203e-03
-2.447894614126644441e-03
-2.443730158513623962e-03
-2.439530018400581923e-03
-2.435294259153897301e-03
-2.431022947291250347e-03
-2.426716150492724822e-03
-2.422373937596145055e-03
-2.417996378591746875e-03
-2.413583544633279843e-03
-2.409135508026905015e-03
-2.404652342239854690e-03
-2.400134121897767869e-03
-2.395580922778695054e-03
-2.390992821824644565e-03
-2.386369897128481909e-03
-2.381712227946142235e-03
-2.377019894690191038e-03
-2.372292978927381668e-03
-2.367531563386426896e-03
-2.362735731948673035e-03
-2.357905569657425815e-03
-2.353041162713287449e-03
-2.348142598470603915e-03
-2.343209965445458565e-03
-2.338243353307456474e-03
-2.333242852887718044e-03
-2.328208556174216071e-03
-2.323140556309111204e-03
-2.318038947596523514e-03
-2.312903825493428656e-03
-2.307735286618761705e-03
-2.302533428748532174e-03
-2.297298350812271295e-03
-2.292030152900581541e-03
-2.286728936262694134e-03
-2.281394803300473839e-03
-2.276027857579521196e-03
-2.270628203816960067e-03
-2.265195947891207595e-03
-2.259731196839087630e-03
-2.254234058850501654e-03
-2.248704643278420789e-03
-2.243143060628227659e-03
-2.237549422565487944e-03
-2.231923841915062212e-03
-2.226266432654444571e-03
-2.220577309924864906e-03
-2.214856590018632332e-03
-2.209104390389571293e-03
-2.203320829650357027e-03
-2.197506027566076270e-03
-2.191660105065329489e-03
-2.185783184228906606e-03
-2.179875388298002648e-03
-2.173936841672663434e-03
-2.167967669906456507e-03
-2.161967999715352917e-03
-2.155937958967735213e-03
-2.149877676692835138e-03
-2.143787283078291139e-03
-2.137666909465263387e-03
-2.131516688357759648e-03
-2.125336753411755097e-03
-2.119127239444074107e-03
-2.112888282430613884e-03
-2.106620019500349272e-03
-2.100322588943548396e-03
-2.093996130205333372e-03
-2.087640783890343243e-03
-2.081256691761401711e-03
-2.074843996735742380e-03
-2.068402842891448046e-03
-2.061933375461233453e-03
-2.055435740837108227e-03
-2.048910086570376876e-03
-2.042356561365421541e-03
-2.035775315088361737e-03
-2.029166498759504833e-03
-2.022530264558675128e-03
-2.015866765824991802e-03
-2.009176157050429623e-03
-2.002458593888700733e-03
-1.995714233148371264e-03
-1.988943232796858140e-03
-1.982145751960651126e-03
-1.975321950919761704e-03
-1.968471991115716691e-03
-1.961596035144452799e-03
-1.954694246761423670e-03
-1.947766790880711696e-03
-1.940813833570365077e-03
-1.933835542059281210e-03
-1.926832084731433525e-03
-1.919803631129868293e-03
-1.912750351956926664e-03
-1.905672419067139245e-03
-1.898570005478328326e-03
-1.891443285361837923e-03
-1.884292434048306930e-03
-1.877117628027669127e-03
-1.869919044942935926e-03
-1.862696863599078156e-03
-1.855451263955254504e-03
-1.848182427129918537e-03
-1.840890535400818706e-03
-1.833575772198559051e-03
-1.826238322115925072e-03
-1.818878370899890129e-03
-1.811496105456500416e-03
-1.804091713851319057e-03
-1.796665385302542717e-03
-1.789217310190993615e-03
-1.781747680051237737e-03
-1.774256687577357994e-03
-1.766744526622066047e-03
-1.759211392191817325e-03
-1.751657480454804627e-03
-1.744082988733630657e-03
-1.736488115509748908e-03
-1.728873060424129804e-03
-1.721238024270599354e-03
-1.713583209005831165e-03
-1.705908817738466254e-03
-1.698215054739105057e-03
-1.690502125436532666e-03
-1.682770236411501585e-03
-1.675019595408944184e-03
-1.667250411325316151e-03
-1.659462894218810547e-03
-1.651657255305583050e-03
-1.643833706954866969e-03
-1.635992462698965255e-03
-1.628133737221704180e-03
-1.620257746369757612e-03
-1.612364707146651810e-03
-1.604454837709212711e-03
-1.596528357377557938e-03
-1.588585486623550480e-03
-1.580626447081012742e-03
-1.572651461541951790e-03
-1.564660753950342098e-03
-1.556654549414560051e-03
-1.548633074193617176e-03
-1.540596555709816684e-03
-1.532545222542092134e-03
-1.524479304422898807e-03
-1.516399032247761625e-03
-1.508304638063950875e-03
-1.500196355080918309e-03
-1.492074319531910831e-03
-1.483938534684425825e-03
-1.475789078039024815e-03
-1.467626027803148325e-03
-1.459449462224982064e-03
-1.451259459589127054e-03
-1.443056098211825677e-03
-1.434839456451952877e-03
-1.426609612698359619e-03
-1.418366645381197166e-03
-1.410110632966143918e-03
-1.401841653951740874e-03
-1.393559786878606488e-03
-1.385265110317113191e-03
-1.376957702879488821e-03
-1.368637643212711197e-03
-1.360305009997397896e-03
-1.351959881954467591e-03
-1.343602337840033023e-03
-1.335232456443846694e-03
-1.326850316596406287e-03
-1.318455997159739823e-03
-1.310049577036509483e-03
-1.301631135164682540e-03
-1.293200750515866027e-03
-1.284758502101968070e-03
-1.276304468966982242e-03
-1.267838730195425256e-03
-1.259361364906674829e-03
-1.250872452254303546e-03
-1.242372071431963043e-03
-1.233860301665390402e-03
-1.225337222220512778e-03
-1.216802912399006509e-03
-1.208257451535743598e-03
-1.199700919006341238e-03
-1.191133394218502062e-03
-1.182554956619008557e-03
-1.173965685692057725e-03
-1.165365660954265081e-03
-1.156754961962658257e-03
-1.148133668306794419e-03
-1.139501859615310586e-03
-1.130859615554036246e-03
-1.122207015821330423e-03
-1.113544140155964257e-03
-1.104871068329349448e-03
-1.096187880151644478e-03
-1.087494655470533367e-03
-1.078791474166118647e-03
-1.070078416158914969e-03
-1.061355561402077541e-03
-1.052622989887508353e-03
-1.043880781644745959e-03
-1.035129016735303331e-03
-1.026367775261771698e-03
-1.017597137358827730e-03
-1.008817183200338974e-03
-1.000027992997254422e-03
-9.912296469931636267e-04
-9.824222254721792780e-04
-9.736058087508325798e-04
-9.647804771846235639e-04
-9.559463111663557555e-04
-9.471033911213622147e-04
-9.382517975153881196e-04
-9.293916108468192050e-04
-9.205229116527879896e-04
-9.116457805079525301e-04
-9.027602980192783733e-04
-8.938665448342542064e-04
-8.849646016331202958e-04
-8.760545491346416469e-04
-8.671364680955528925e-04
-8.582104393036749101e-04
-8.492765435891280745e-04
-8.403348618135630943e-04
-8.313854748774884840e-04
-8.224284637194934078e-04
-8.134639093089202078e-04
-8.044918926579658347e-04
-7.955124948095804172e-04
-7.865257968464600680e-04
-7.775318798886043936e-04
-7.685308250872102676e-04
-7.595227136361071274e-04
-7.505076267602661666e-04
-7.414856457238494514e-04
-7.324568518287111196e-04
-7.234213264077915539e-04
-7.143791508366637011e-04
-7.053304065219867525e-04
-6.962751749096662834e-04
-6.872135374833554522e-04
-6.781455757577381505e-04
-6.690713712901308341e-04
-6.599910056688251814e-04
-6.509045605215812991e-04
-6.418121175137403434e-04
-6.327137583416742039e-04
-6.236095647448869350e-04
-6.144996184923590121e-04
-6.053840013945932519e-04
-5.962627952983412527e-04
-5.871360820817739246e-04
-5.780039436659722973e-04
-5.688664620017713780e-04
-5.597237190814174923e-04
-5.505757969334057478e-04
-5.414227776175950524e-04
-5.322647432368654563e-04
-5.231017759237399645e-04
-5.139339578522639229e-04
-5.047613712326204372e-04
-4.955840983064119243e-04
-4.864022213582619436e-04
-4.772158227025480315e-04
-4.680249846948369985e-04
-4.588297897271664816e-04
-4.496303202229379181e-04
-4.404266586484628654e-04
-4.312188874998623689e-04
-4.220070893144467483e-04
-4.127913466659416386e-04
-4.035717421595474974e-04
-3.943483584433193911e-04
-3.851212781950663633e-04
-3.758905841338699982e-04
-3.666563590152827068e-04
-3.574186856260819223e-04
-3.481776467961494870e-04
-3.389333253850379535e-04
-3.296858042935724153e-04
-3.204351664589932813e-04
-3.111814948499047606e-04
-3.019248724778766935e-04
-2.926653823841773860e-04
-2.834031076517640191e-04
-2.741381313985935542e-04
-2.648705367759851548e-04
-2.556004069756145913e-04
-2.463278252244627264e-04
-2.370528747832612027e-04
-2.277756389530150027e-04
-2.184962010667867993e-04
-2.092146444979958719e-04
-1.999310526553943479e-04
-1.906455089813879900e-04
-1.813580969587808012e-04
-1.720689001023650855e-04
-1.627780019672758760e-04
-1.534854861440226870e-04
-1.441914362567409125e-04
-1.348959359699919425e-04
-1.255990689802977123e-04
-1.163009190245228863e-04
-1.070015698749343658e-04
-9.770110533741105385e-05
-8.839960925824397187e-05
-7.909716551568468645e-05
-6.979385802837606567e-05
-6.048977075027994754e-05
-5.118498766905343889e-05
-4.187959281269637568e-05
-3.257367024155771729e-05
-2.326730405500729293e-05
-1.396057838975138521e-05
-4.653577414855808447e-06
4.653614659608229509e-06
1.396091359254746089e-05
2.326823510185628552e-05
3.257549486941971328e-05
4.188260854476669182e-05
5.118949173508330341e-05
6.049606001853197190e-05
6.980222893094439884e-05
7.910791397245514611e-05
8.841303061085659110e-05
9.771749427159304169e-05
1.070212203510972904e-04
1.163241242034401823e-04
1.256261211470266481e-04
1.349271264679124949e-04
1.442270554098123991e-04
1.535258231873809498e-04
1.628233449729871163e-04
1.721195359032784422e-04
1.814143110825672256e-04
1.907075855728246339e-04
1.999992744070033801e-04
2.092892925756595357e-04
2.185775550337665241e-04
2.278639767038792563e-04
2.371484724662253907e-04
2.464309571720002534e-04
2.557113456300441623e-04
2.649895526135870316e-04
2.742654928634125078e-04
2.835390810780047399e-04
2.928102319268710563e-04
3.020788600371082655e-04
3.113448800001472616e-04
3.206082063751114486e-04
3.298687536786859553e-04
3.391264363986346009e-04
3.483811689803384404e-04
3.576328658334848587e-04
3.668814413354259951e-04
3.761268098211589805e-04
3.853688855966763693e-04
3.946075829256434631e-04
4.038428160359486263e-04
4.130744991232560004e-04
4.223025463407914515e-04
4.315268718128595360e-04
4.407473896213542908e-04
4.499640138124205713e-04
4.591766583992851203e-04
4.683852373554842075e-04
4.775896646215804786e-04
4.867898540982795730e-04
4.959857196501493704e-04
5.051771751086175932e-04
5.143641342655325133e-04
5.235465108795467337e-04
5.327242186697889181e-04
5.418971713190279260e-04
5.510652824769479707e-04
5.602284657535983037e-04
5.693866347259990413e-04
5.785397029315353379e-04
5.876875838711215216e-04
5.968301910128648302e-04
6.059674377849599836e-04
6.150992375826835890e-04
6.242255037617328028e-04
6.333461496412784442e-04
6.424610885075732192e-04
6.515702336072348722e-04
6.606734981537409901e-04
6.697707953209897092e-04
6.788620382464638503e-04
6.879471400347281218e-04
6.970260137505457365e-04
7.060985724257062834e-04
7.151647290524199008e-04
7.242243965863703892e-04
7.332774879503789478e-04
7.423239160274652804e-04
7.513635936677309779e-04
7.603964336815871583e-04
7.694223488430296243e-04
7.784412518930805547e-04
7.874530555330716552e-04
7.964576724313054967e-04
8.054550152164496879e-04
8.144449964808675446e-04
8.234275287837267143e-04
8.324025246446709048e-04
8.413698965503701999e-04
8.503295569475266547e-04
8.592814182468710982e-04
8.682253928259386910e-04
8.771613930224075872e-04
8.860893311413153839e-04
8.950091194477316492e-04
9.039206701705326807e-04
9.128238955053991077e-04
9.217187076085986419e-04
9.306050186030923044e-04
9.394827405723171765e-04
9.483517855635170690e-04
9.572120655906291020e-04
9.660634926292877012e-04
9.749059786169356201e-04
9.837394354592632340e-04
9.925637750196614206e-04
1.001378909132322192e-03
1.010184749589249087e-03
1.018981208146696460e-03
1.027768196528722200e-03
1.036545626416862653e-03
1.045313409463677345e-03
1.054071457279426305e-03
1.062819681438731401e-03
1.071557993483573945e-03
1.080286304913968820e-03
1.089004527200621020e-03
1.097712571772269108e-03
1.106410350021458378e-03
1.115097773308759699e-03
1.123774752952333422e-03
1.132441200241252055e-03
1.141097026422177585e-03
1.149742142706244863e-03
1.158376460272170227e-03
1.166999890256370520e-03
1.175612343766063717e-03
1.184213731866390340e-03
1.192803965586630710e-03
1.201382955923757656e-03
1.209950613832444510e-03
1.218506850238165740e-03
1.227051576024429380e-03
1.235584702038661220e-03
1.244106139096090580e-03
1.252615797969647282e-03
1.261113589403284330e-03
1.269599424098322160e-03
1.278073212720776120e-03
1.286534865904132019e-03
1.294984294239576172e-03
1.303421408289096028e-03
1.311846118572601583e-03
1.320258335574142627e-03
1.328657969745461465e-03
1.337044931496111921e-03
1.345419131206337937e-03
1.353780479214194976e-03
1.362128885821989321e-03
1.370464261299941811e-03
1.378786515875640717e-03
1.387095559747697493e-03
1.395391303072313072e-03
1.403673655970383294e-03
1.411942528529941399e-03
1.420197830797054195e-03
1.428439472788589626e-03
1.436667364479005116e-03
1.444881415807452996e-03
1.453081536680222996e-03
1.461267636961638416e-03
1.469439626486823691e-03
1.477597415048492735e-03
1.485740912404054370e-03
1.493870028278054818e-03
1.501984672353184891e-03
1.510084754282603470e-03
1.518170183677503005e-03
1.526240870113548809e-03
1.534296723133321549e-03
1.542337652237879553e-03
1.550363566898749212e-03
1.558375417970214727e-03
1.566378967976067571e-03
1.574374750236362530e-03
1.582362332470221844e-03
1.590341285453877873e-03
1.598311183015121983e-03
1.606271602035524992e-03
1.614222122455100106e-03
1.622162327264753401e-03
1.630091802512945165e-03
1.638010137299472646e-03
1.645916923778578678e-03
1.653811757161838258e-03
1.661694235712385392e-03
1.669563960751130338e-03
1.677420536649654181e-03
1.685263570834205638e-03
1.693092673789031721e-03
1.700907459049050274e-03
1.708707543207177437e-03
1.716492545907222222e-03
1.724262089847883317e-03
1.732015800785191573e-03
1.739753307526292758e-03
1.747474241936108896e-03
1.755178238930898971e-03
1.762864936480923461e-03
1.770533975614885236e-03
1.778185000411935945e-03
1.785817658009003495e-03
1.793431598594352749e-03
1.801026475410916206e-03
1.808601944758958524e-03
1.816157665989859282e-03
1.823693301512996356e-03
1.831208516788640495e-03
1.838702980331508030e-03
1.846176363714313595e-03
1.853628341560442649e-03
1.861058591551500996e-03
1.868466794419765264e-03
1.875852633952179715e-03
1.883215796993686908e-03
1.890555973439678183e-03
1.897872856243765227e-03
1.905166141410674641e-03
1.912435527999134521e-03
1.919680718126315355e-03
1.926901416960058455e-03
1.934097332725537299e-03
1.941268176699928460e-03
1.948413663214410008e-03
1.955533509657714220e-03
1.962627436471020559e-03
1.969695167148621806e-03
1.976736428242809041e-03
1.983750949355878035e-03
1.990738463148788995e-03
1.997698705334949310e-03
2.004631414680435597e-03
2.011536333009988908e-03
2.018413205197244764e-03
2.025261779177167654e-03
2.032081805933616536e-03
2.038873039505118001e-03
2.045635236988863070e-03
2.052368158530271103e-03
2.059071567336534514e-03
2.065745229663740190e-03
2.072388914822642647e-03
2.079002395182438789e-03
2.085585446160553857e-03
2.092137846236630239e-03
2.098659376938538657e-03
2.105149822849261554e-03
2.111608971610001717e-03
2.118036613910856403e-03
2.124432543503251836e-03
2.130796557186842577e-03
2.137128454817283085e-03
2.143428039307559985e-03
2.149695116619998458e-03
2.155929495778030613e-03
2.162130988853983027e-03
2.168299410974849906e-03
2.174434580326511934e-03
2.180536318142634045e-03
2.186604448719542404e-03
2.192638799401125382e-03
2.198639200586827158e-03
2.204605485734312253e-03
2.210537491349917616e-03
2.216435057001531206e-03
2.222298025305713409e-03
2.228126241933470197e-03
2.233919555615138108e-03
2.239677818128837927e-03
2.245400884314685541e-03
2.251088612061247218e-03
2.256740862311978901e-03
2.262357499069000966e-03
2.267938389382662123e-03
2.273483403365306188e-03
2.278992414177505310e-03
2.284465298034943359e-03
2.289901934211746592e-03
2.295302205030713694e-03
2.300665995875972314e-03
2.305993195180100486e-03
2.311283694431454094e-03
2.316537388175943235e-03
2.321754174008372473e-03
2.326933952585097387e-03
2.332076627611145980e-03
2.337182105846657976e-03
2.342250297109549351e-03
2.347281114267296687e-03
2.352274473247817355e-03
2.357230293028589330e-03
2.362148495641758217e-03
2.367029006177467920e-03
2.371871752774978859e-03
2.376676666635102464e-03
2.381443682006656459e-03
2.386172736194014377e-03
2.390863769559992136e-03
2.395516725515633993e-03
2.400131550533535219e-03
2.404708194135407595e-03
2.409246608897186448e-03
2.413746750453249490e-03
2.418208577488645261e-03
2.422632051746642645e-03
2.427017138021181353e-03
2.431363804160646680e-03
2.435672021071422222e-03
2.439941762710784445e-03
2.444173006093786071e-03
2.448365731286816782e-03
2.452519921410267756e-03
2.456635562642750514e-03
2.460712644213547406e-03
2.464751158410161125e-03
2.468751100570543144e-03
2.472712469087756659e-03
2.476635265412197029e-03
2.480519494045596574e-03
2.484365162547241823e-03
2.488172281527312180e-03
2.491940864651320808e-03
2.495670928641224862e-03
2.499362493271206631e-03
2.503015581372780574e-03
2.506630218828131973e-03
2.510206434574779877e-03
2.513744260607131409e-03
2.517243731971152698e-03
2.520704886770586128e-03
2.524127766160066955e-03
2.527512414348453973e-03
2.530858878603492457e-03
2.534167209241822150e-03
2.537437459640301540e-03
2.540669686225349722e-03
2.543863948479163639e-03
2.547020308939274003e-03
2.550138833196324839e-03
2.553219589898070296e-03
2.556262650744489662e-03
2.559268090488231451e-03
2.562235986940386567e-03
2.565166420962938787e-03
2.568059476476314273e-03
2.570915240451832062e-03
2.573733802915256774e-03
2.576515256948574972e-03
2.579259698687330626e-03
2.581967227322845559e-03
2.584637945099554912e-03
2.587271957314118964e-03
2.589869372322528562e-03
2.592430301530335157e-03
2.594954859402420766e-03
2.597443163455004367e-03
2.599895334256530077e-03
2.602311495435216671e-03
2.604691773670619881e-03
2.607036298695408760e-03
2.609345203301582927e-03
2.611618623328038069e-03
2.613856697677441332e-03
2.616059568298911842e-03
2.618227380198234755e-03
2.620360281439193528e-03
2.622458423133355865e-03
2.624521959455172748e-03
2.626551047625991231e-03
2.628545847923380308e-03
2.630506523684239539e-03
2.632433241291032289e-03
2.634326170190881555e-03
2.636185482877806407e-03
2.638011354900715588e-03
2.639803964868292496e-03
2.641563494436560688e-03
2.643290128323538823e-03
2.644984054295473896e-03
2.646645463173946666e-03
2.648274548839868459e-03
2.649871508220602578e-03
2.651436541307283790e-03
2.652969851137498836e-03
2.654471643805056402e-03
2.655942128463095742e-03
2.657381517311652175e-03
2.658790025612756125e-03
2.660167871677110440e-03
2.661515276870751734e-03
2.662832465618603095e-03
2.664119665392483682e-03
2.665377106727540024e-03
2.666605023205370628e-03
2.667803651465128212e-03
2.668973231203075613e-03
2.670114005163704007e-03
2.671226219153943759e-03
2.672310122028065393e-03
2.673365965696561375e-03
2.674394005128810647e-03
2.675394498340644134e-03
2.676367706411220126e-03
2.677313893467037076e-03
2.678233326691259464e-03
2.679126276324605982e-03
2.679993015655135480e-03
2.680833821034678266e-03
2.681648971861960717e-03
2.682438750591042975e-03
2.683203442735759836e-03
2.683943336855953987e-03
2.684658724576127753e-03
2.685349900566347259e-03
2.686017162553344662e-03
2.686660811322738596e-03
2.687281150707487853e-03
2.687878487602546329e-03
2.688453131951096253e-03
2.689005396752097710e-03
2.689535598063397259e-03
2.690044054989293443e-03
2.690531089697412170e-03
2.690997027403163600e-03
2.691442196377735740e-03
2.691866927950314903e-03
2.692271556498315732e-03
2.692656419461147976e-03
2.693021857326005630e-03
2.693368213636304631e-03
2.693695834992571037e-03
2.694005071047111954e-03
2.694296274508900524e-03
2.694569801138246845e-03
2.694826009749906603e-03
2.695065262217521962e-03
2.695287923464739777e-03
2.695494361473205203e-03
2.695684947274568088e-03
2.695860054957144314e-03
2.696020061665471701e-03
2.696165347595869122e-03
2.696296296001765569e-03
2.696413293187038818e-03
2.696516728512232675e-03
2.696606994394556978e-03
2.696684486301226258e-03
2.696749602758785613e-03
2.696802745343340746e-03
2.696844318686331121e-03
2.696874730478082682e-03
2.696894391458481977e-03
2.696903715424525672e-03
2.696903119225879664e-03
2.696893022766211345e-03
2.696873849006742319e-03
2.696846023960031147e-03
2.696809976696190603e-03
2.696766139335338153e-03
2.696714947054257294e-03
2.696656838086397556e-03
2.696592253716101339e-03
2.696521638285265254e-03
2.696445439187122872e-03
2.696364106869797439e-03
2.696278094839410500e-03
2.696187859651644203e-03
2.696093860921511265e-03
2.695996561313585005e-03
2.695896426548216596e-03
2.695793925403755509e-03
2.695689529708555909e-03
2.695583714348970261e-03
2.695476957262243900e-03
2.695369739440511836e-03
2.695262544934351467e-03
2.695155860844344886e-03
2.695050177328628394e-03
2.694945987597119341e-03
2.694843787914180666e-03
2.694744077601729515e-03
2.694647359033908174e-03
2.694554137637972246e-03
2.694464921899175636e-03
2.694380223352332848e-03
2.694300556592033047e-03
2.694226439265090534e-03
2.694158392070100660e-03
2.694096938764101168e-03
2.694042606154578579e-03
2.693995924109238160e-03
2.693957425545345785e-03
2.693927646434168821e-03
2.693907125804972935e-03
2.693896405737472577e-03
2.693896031371600941e-03
2.693906550896407737e-03
