-5.712065555039935738e-02
-5.712065595309034904e-02
-5.712065840383373505e-02
-5.712066353898337390e-02
-5.712067048523539192e-02
-5.712067718447233489e-02
-5.712068039565387778e-02
-5.712067569481549256e-02
-5.712065747507288904e-02
-5.712061894661690786e-02
-5.712055213671729526e-02
-5.712044788972270304e-02
-5.712029173826782547e-02
-5.712005910591400060e-02
-5.711972640311357985e-02
-5.711927042402420440e-02
-5.711866832395928739e-02
-5.711789761938468324e-02
-5.711693618792357263e-02
-5.711576226835179959e-02
-5.711435446060142418e-02
-5.711269172576050046e-02
-5.711075338606930174e-02
-5.710851912492542759e-02
-5.710596898687914091e-02
-5.710308337763736475e-02
-5.709984306406257204e-02
-5.709622917416856680e-02
-5.709222319712869975e-02
-5.708780698326720859e-02
-5.708296274406521320e-02
-5.707767305216004949e-02
-5.707192084134016241e-02
-5.706568940655287747e-02
-5.705896240389707330e-02
-5.705172385062851070e-02
-5.704395812515894448e-02
-5.703564996705123846e-02
-5.702678447702758113e-02
-5.701734711696060387e-02
-5.700732370988115250e-02
-5.699670043997517865e-02
-5.698546385257996505e-02
-5.697360085419234110e-02
-5.696109871245957912e-02
-5.694794505618672176e-02
-5.693412787533436159e-02
-5.691963552101442225e-02
-5.690445670549770796e-02
-5.688858050220635398e-02
-5.687199634571982187e-02
-5.685469403177334513e-02
-5.683666371725282218e-02
-5.681789592020414226e-02
-5.679838151982341543e-02
-5.677811175646496622e-02
-5.675707823163822496e-02
-5.673527290800373102e-02
-5.671268810938201455e-02
-5.668931652074338245e-02
-5.666515118821680019e-02
-5.664018551908611698e-02
-5.661441328178651311e-02
-5.658782860591249353e-02
-5.656042598220945017e-02
-5.653220026258054531e-02
-5.650314666008404707e-02
-5.647326074892977665e-02
-5.644253846448687995e-02
-5.641097610327494571e-02
-5.637857032297155513e-02
-5.634531814240961722e-02
-5.631121694157337210e-02
-5.627626446160660656e-02
-5.624045880480310622e-02
-5.620379843461531522e-02
-5.616628217565033943e-02
-5.612790921366683783e-02
-5.608867632076841581e-02
-5.604857226248705082e-02
-5.600759779787867210e-02
-5.596575518120294745e-02
-5.592304670323611226e-02
-5.587947469128007327e-02
-5.583504150915152842e-02
-5.578974955719173678e-02
-5.574360127226185568e-02
-5.569659912774072019e-02
-5.564874563353128245e-02
-5.560004333605261806e-02
-5.555049481824769764e-02
-5.550010269957983411e-02
-5.544886963602957408e-02
-5.539679832010024896e-02
-5.534389148081619858e-02
-5.529015188371966261e-02
-5.523558233087633162e-02
-5.518018566086846377e-02
-5.512396474880199015e-02
-5.506692250630251806e-02
-5.500906188151422072e-02
-5.495038585910494433e-02
-5.489089746025865857e-02
-5.483059974268300607e-02
-5.476949580060574974e-02
-5.470758876477299637e-02
-5.464488180245363758e-02
-5.458137811743468681e-02
-5.451708095002505416e-02
-5.445199357705443610e-02
-5.438611931187065096e-02
-5.431946150434496801e-02
-5.425202354086566814e-02
-5.418380884434381706e-02
-5.411482087421104481e-02
-5.404506312641710331e-02
-5.397453913343497334e-02
-5.390325246425464734e-02
-5.383120672438934662e-02
-5.375840555587263481e-02
-5.368485263725597534e-02
-5.361055168361406054e-02
-5.353550644653926049e-02
-5.345972071414628601e-02
-5.338319831107041225e-02
-5.330594309846525825e-02
-5.322795897400722787e-02
-5.314924987189084682e-02
-5.306981976283253744e-02
-5.298967265406950844e-02
-5.290881258935709042e-02
-5.282724364897362079e-02
-5.274496994971555885e-02
-5.266199564490103846e-02
-5.257832492436920191e-02
-5.249396201447753540e-02
-5.240891117810586586e-02
-5.232317671465303022e-02
-5.223676296003842978e-02
-5.214967428670358451e-02
-5.206191510360747010e-02
-5.197348985623229112e-02
-5.188440302657770786e-02
-5.179465913316594339e-02
-5.170426273104022918e-02
-5.161321841176125247e-02
-5.152153080341315139e-02
-5.142920457059774186e-02
-5.133624441443873643e-02
-5.124265507258152219e-02
-5.114844131918827586e-02
-5.105360796494551323e-02
-5.095815985705609563e-02
-5.086210187924633530e-02
-5.076543895176333088e-02
-5.066817603137119264e-02
-5.057031811135814792e-02
-5.047187022152921365e-02
-5.037283742821241361e-02
-5.027322483425655797e-02
-5.017303757902769057e-02
-5.007228083841619437e-02
-4.997095982482835375e-02
-4.986907978719479217e-02
-4.976664601096558727e-02
-4.966366381810916053e-02
-4.956013856711716237e-02
-4.945607565299869890e-02
-4.935148050728543900e-02
-4.924635859802961591e-02
-4.914071542980136265e-02
-4.903455654369448524e-02
-4.892788751731957930e-02
-4.882071396481046932e-02
-4.871304153682132210e-02
-4.860487592052420425e-02
-4.849622283961418923e-02
-4.838708805430469440e-02
-4.827747736133081169e-02
-4.816739659394841944e-02
-4.805685162193173987e-02
-4.794584835157822411e-02
-4.783439272570189083e-02
-4.772249072364065370e-02
-4.761014836125232463e-02
-4.749737169091239330e-02
-4.738416680152046645e-02
-4.727053981849294040e-02
-4.715649690376899628e-02
-4.704204425580860160e-02
-4.692718810958873554e-02
-4.681193473661138249e-02
-4.669629044489420622e-02
-4.658026157897876551e-02
-4.646385451992696147e-02
-4.634707568531748478e-02
-4.622993152925380933e-02
-4.611242854235619859e-02
-4.599457325176770084e-02
-4.587637222115170665e-02
-4.575783205068928439e-02
-4.563895937708606354e-02
-4.551976087356357503e-02
-4.540024324986657867e-02
-4.528041325226128677e-02
-4.516027766353003514e-02
-4.503984330297972072e-02
-4.491911702643469617e-02
-4.479810572624165488e-02
-4.467681633126785457e-02
-4.455525580689823073e-02
-4.443343115504139185e-02
-4.431134760474875200e-02
-4.418896173582242959e-02
-4.406625619659720883e-02
-4.394323598067573222e-02
-4.381990602534524548e-02
-4.369627121157693139e-02
-4.357233636402146892e-02
-4.344810625101636070e-02
-4.332358558457727327e-02
-4.319877902040625273e-02
-4.307369115788750591e-02
-4.294832654008606809e-02
-4.282268965375291003e-02
-4.269678492931761049e-02
-4.257061674089590575e-02
-4.244418940628613690e-02
-4.231750718696680735e-02
-4.219057428810257804e-02
-4.206339485853738402e-02
-4.193597299080031870e-02
-4.180831272110363539e-02
-4.168041802933952766e-02
-4.155229283908679072e-02
-4.142394101760293879e-02
-4.129536637583086645e-02
-4.116657266839640616e-02
-4.103756359360644090e-02
-4.090834279345267888e-02
-4.077891385360654652e-02
-4.064928030342507270e-02
-4.051944561594800209e-02
-4.038941320789524170e-02
-4.025918643967285604e-02
-4.012876861536651685e-02
-3.999816298274627702e-02
-3.986737273326601549e-02
-3.973640100205966252e-02
-3.960525086794652871e-02
-3.947392535342653108e-02
-3.934242742468352372e-02
-3.921075999158507575e-02
-3.907892590767880758e-02
-3.894692797019805308e-02
-3.881476892005653045e-02
-3.868245144185167295e-02
-3.854997816386507292e-02
-3.841735165805815200e-02
-3.828457444007793420e-02
-3.815164896925193894e-02
-3.801857764859151168e-02
-3.788536282479193495e-02
-3.775200678822865363e-02
-3.761851177296227089e-02
-3.748487995673399631e-02
-3.735111346096953167e-02
-3.721721435077751661e-02
-3.708318463494719719e-02
-3.694902626595308881e-02
-3.681474113995031328e-02
-3.668033109677815151e-02
-3.654579791995915539e-02
-3.641114333669637215e-02
-3.627636901787822943e-02
-3.614147657807353919e-02
-3.600646757553538357e-02
-3.587134351220055972e-02
-3.573610583368491689e-02
-3.560075592929146104e-02
-3.546529513200269434e-02
-3.532972471848550011e-02
-3.519404590909025465e-02
-3.505825986784694148e-02
-3.492236770247214572e-02
-3.478637046436228175e-02
-3.465026914859803409e-02
-3.451406469394346921e-02
-3.437775798284259388e-02
-3.424134984142568339e-02
-3.410484103950284229e-02
-3.396823229056866733e-02
-3.383152425180113720e-02
-3.369471752405783782e-02
-3.355781265188306772e-02
-3.342081012350062164e-02
-3.328371037081889749e-02
-3.314651376942967520e-02
-3.300922063860445288e-02
-3.287183124130121925e-02
-3.273434578415768126e-02
-3.259676441749592701e-02
-3.245908723532164863e-02
-3.232131427532003443e-02
-3.218344551886320737e-02
-3.204548089100189845e-02
-3.190742026047277413e-02
-3.176926343969521671e-02
-3.163101018476788262e-02
-3.149266019547702911e-02
-3.135421311528707733e-02
-3.121566853134849495e-02
-3.107702597449435444e-02
-3.093828491923733548e-02
-3.079944478377727446e-02
-3.066050492999261579e-02
-3.052146466344762832e-02
-3.038232323338896368e-02
-3.024307983274332479e-02
-3.010373359812423821e-02
-2.996428360982406058e-02
-2.982472889182063991e-02
-2.968506841177476208e-02
-2.954530108102670916e-02
-2.940542575460403096e-02
-2.926544123121244123e-02
-2.912534625324403326e-02
-2.898513950677317208e-02
-2.884481962155416301e-02
-2.870438517102813503e-02
-2.856383467231471407e-02
-2.842316658621979464e-02
-2.828237931723154297e-02
-2.814147121351806557e-02
-2.800044056693440364e-02
-2.785928561301376227e-02
-2.771800453097594819e-02
-2.757659544372315086e-02
-2.743505641783683391e-02
-2.729338546358617279e-02
-2.715158053491806278e-02
-2.700963952946655589e-02
-2.686756028854664358e-02
-2.672534059715447885e-02
-2.658297818397281631e-02
-2.644047072136224141e-02
-2.629781582537071838e-02
-2.615501105572692886e-02
-2.601205391584104909e-02
-2.586894185280841363e-02
-2.572567225740651775e-02
-2.558224246409401825e-02
-2.543864975101461923e-02
-2.529489133999207606e-02
-2.515096439653574656e-02
-2.500686602983681617e-02
-2.486259329276774288e-02
-2.471814318188603199e-02
-2.457351263742924008e-02
-2.442869854332063717e-02
-2.428369772716498787e-02
-2.413850696024888443e-02
-2.399312295754330027e-02
-2.384754237769992624e-02
-2.370176182305555601e-02
-2.355577783962892191e-02
-2.340958691712030637e-02
-2.326318548891465054e-02
-2.311656993207755750e-02
-2.296973656735890046e-02
-2.282268165919210112e-02
-2.267540141569068801e-02
-2.252789198865368103e-02
-2.238014947356053996e-02
-2.223216990957477268e-02
-2.208394927954371312e-02
-2.193548350999457996e-02
-2.178676847114024984e-02
-2.163779997687398371e-02
-2.148857378477320168e-02
-2.133908559609892786e-02
-2.118933105579218212e-02
-2.103930575247975332e-02
-2.088900521846859260e-02
-2.073842492974997676e-02
-2.058756030599873110e-02
-2.043640671056967673e-02
-2.028495945050345917e-02
-2.013321377652077526e-02
-1.998116488302670302e-02
-1.982880790810986893e-02
-1.967613793353900631e-02
-1.952314998476845087e-02
-1.936983903093275616e-02
-1.921619998485080139e-02
-1.906222770302501424e-02
-1.890791698563792922e-02
-1.875326257655762774e-02
-1.859825916333263107e-02
-1.844290137719545308e-02
-1.828718379306248920e-02
-1.813110092952996411e-02
-1.797464724887981591e-02
-1.781781715707431157e-02
-1.766060500375987719e-02
-1.750300508226670937e-02
-1.734501162960450094e-02
-1.718661882646949080e-02
-1.702782079723746955e-02
-1.686861160996877551e-02
-1.670898527640735098e-02
-1.654893575197680100e-02
-1.638845693578699914e-02
-1.622754267062770372e-02
-1.606618674297288774e-02
-1.590438288298051672e-02
-1.574212476448783038e-02
-1.557940600501855899e-02
-1.541622016577626209e-02
-1.525256075164882485e-02
-1.508842121120784752e-02
-1.492379493670442647e-02
-1.475867526407614871e-02
-1.459305547294037497e-02
-1.442692878659873612e-02
-1.426028837203674460e-02
-1.409312733991924249e-02
-1.392543874459761799e-02
-1.375721558410303302e-02
-1.358845080015091966e-02
-1.341913727814059154e-02
-1.324926784715069195e-02
-1.307883527994674333e-02
-1.290783229297293166e-02
-1.273625154635921186e-02
-1.256408564391850446e-02
-1.239132713314317069e-02
-1.221796850521258970e-02
-1.204400219498474867e-02
-1.186942058100345920e-02
-1.169421598549535979e-02
-1.151838067436669610e-02
-1.134190685721059300e-02
-1.116478668729889434e-02
-1.098701226158921296e-02
-1.080857562072196076e-02
-1.062946874901721239e-02
-1.044968357448189389e-02
-1.026921196880162257e-02
-1.008804574734786796e-02
-9.906176669174843186e-03
-9.723596437016396310e-03
-9.540304137477056967e-03
-9.356405424120584069e-03
-9.171929006753704039e-03
-8.986864427243612674e-03
-8.801201270693004286e-03
-8.614929165447315906e-03
-8.428037783086345103e-03
-8.240516838431660718e-03
-8.052356089543299955e-03
-7.863545337716826289e-03
-7.674074427490490402e-03
-7.483933246636903514e-03
-7.293111726170475873e-03
-7.101599840344086090e-03
-6.909387606646139046e-03
-6.716465085807671320e-03
-6.522822381794204927e-03
-6.328449641813088666e-03
-6.133337056309515201e-03
-5.937474858965258173e-03
-5.740853326703182491e-03
-5.543462779684163455e-03
-5.345293581305865516e-03
-5.146336138207127653e-03
-4.946580900262551039e-03
-4.746018360587883622e-03
-4.544639055536772720e-03
-4.342433564699751947e-03
-4.139392510908487810e-03
-3.935506560230409012e-03
-3.730766421974091029e-03
-3.525162848686029526e-03
-3.318686636149564828e-03
-3.111328623389218728e-03
-2.903079692665247458e-03
-2.693930769479033205e-03
-2.483872822569947736e-03
-2.272896863914131149e-03
-2.060993948728946645e-03
-1.848155175467484923e-03
-1.634371685823962639e-03
-1.419634664730561741e-03
-1.203935340356294958e-03
-9.872649841113252667e-04
-7.696149106417842639e-04
-5.509764778341211255e-04
-3.313410868139550838e-04
-1.107001819429295070e-04
1.109547491757660424e-04
3.336321757037748192e-04
5.573405235611908481e-04
7.820881754297716315e-04
1.007883470755269184e-03
1.234734705741029337e-03
1.462650133356464127e-03
1.691637963328662675e-03
1.921706362146523295e-03
2.152863453062973942e-03
2.385117316088522510e-03
2.618475987999774324e-03
2.852947462330945871e-03
3.088539689378146103e-03
3.325260576201430340e-03
3.563117986618506705e-03
3.802119741213118298e-03
4.042273617326688773e-03
4.283587349062450977e-03
4.526068627287674340e-03
4.769725099627197817e-03
5.014564370471943922e-03
5.260594000970494899e-03
5.507821509033269947e-03
5.756254369334690146e-03
6.005900013306766927e-03
6.256765829147609148e-03
6.508859161812957650e-03
6.762187313020376345e-03
7.016757541251472663e-03
7.272577061745430504e-03
7.529653046507503444e-03
7.787992624300618671e-03
8.047602880649512569e-03
8.308490857842965038e-03
8.570663554927304695e-03
8.834127927714985340e-03
9.098890888776023367e-03
9.364959307442438652e-03
9.632340009810086423e-03
9.901039778732495522e-03
1.017106535382930610e-02
1.044242343147772090e-02
1.071512066481680736e-02
1.098916366374974585e-02
1.126455899493714052e-02
1.154131318180581789e-02
1.181943270454016703e-02
1.209892400008638624e-02
1.237979346215445364e-02
1.266204744121332548e-02
1.294569224449573785e-02
1.323073413599379355e-02
1.351717933646076619e-02
1.380503402341379249e-02
1.409430433112901504e-02
1.438499635064635629e-02
1.467711612976507762e-02
1.497066967304558349e-02
1.526566294181219696e-02
1.556210185414827474e-02
1.585999228490089785e-02
1.615934006567637526e-02
1.646015098484246431e-02
1.676243078753053561e-02
1.706618517563118775e-02
1.737141980779854933e-02
1.767814029944614340e-02
1.798635222274902468e-02
1.829606110664555585e-02
1.860727243683352183e-02
1.891999165577440412e-02
1.923422416268871782e-02
1.954997531355873175e-02
1.986725042112996720e-02
2.018605475490736767e-02
2.050639354115962876e-02
2.082827196291442418e-02
2.115169515996118133e-02
2.147666822885252458e-02
2.180319622290066706e-02
2.213128415218140743e-02
2.246093698352957801e-02
2.279215964054182031e-02
2.312495700357797279e-02
2.345933390975724064e-02
2.379529515296280318e-02
2.413284548383648476e-02
2.447198960978214100e-02
2.481273219496687998e-02
2.515507786031700999e-02
2.549903118352281339e-02
2.584459669903338419e-02
2.619177889805968107e-02
2.654058222857597071e-02
2.689101109531577549e-02
2.724306985977653639e-02
2.759676284021456150e-02
2.795209431164785707e-02
2.830906850585790391e-02
2.866768961138543848e-02
2.902796177353500484e-02
2.938988909437012520e-02
2.975347563271590889e-02
3.011872540416121735e-02
3.048564238105461177e-02
3.085423049250518579e-02
3.122449362438634024e-02
3.159643561932906630e-02
3.197006027673054973e-02
3.234537135274528907e-02
3.272237256029009167e-02
3.310106756904535041e-02
3.348146000544932610e-02
3.386355345270636308e-02
3.424735145077817400e-02
3.463285749638861377e-02
3.502007504302528940e-02
3.540900750093367577e-02
3.579965823712527584e-02
3.619203057536890533e-02
3.658612779619563327e-02
3.698195313690028074e-02
3.737950979153542574e-02
3.777880091091972981e-02
3.817982960262922276e-02
3.858259893100213223e-02
3.898711191714038238e-02
3.939337153890382082e-02
3.980138073091821216e-02
4.021114238456680035e-02
4.062265934799486056e-02
4.103593442611175313e-02
4.145097038058426220e-02
4.186776992984514445e-02
4.228633574908524650e-02
4.270667047025678009e-02
4.312877668207626414e-02
4.355265693001775240e-02
4.397831371632104913e-02
4.440574949998421506e-02
4.483496669676667601e-02
4.526596767919210951e-02
4.569875477654161688e-02
4.613333027486232751e-02
4.656969641695929418e-02
4.700785540239937887e-02
4.744780938751314014e-02
4.788956048538894894e-02
4.833311076588120425e-02
4.877846225560211746e-02
4.922561693792548709e-02
4.967457675298936337e-02
5.012534359768916481e-02
5.057791932568622695e-02
5.103230574740025283e-02
5.148850463001197753e-02
5.194651769746660985e-02
5.240634663046705999e-02
5.286799306648160002e-02
5.333145859973698055e-02
5.379674478122142833e-02
5.426385311868708872e-02
5.473278507664391945e-02
5.520354207636768429e-02
5.567612549589207038e-02
5.615053667001246307e-02
5.662677689028838834e-02
5.710484740503685153e-02
5.758474941934066393e-02
5.806648409504089337e-02
5.855005255073997272e-02
5.903545586180447557e-02
5.952269506035878788e-02
6.001177113529287954e-02
6.050268503225486594e-02
6.099543765365433856e-02
6.149002985866491855e-02
6.198646246321892761e-02
6.248473624001249505e-02
6.298485191850133891e-02
6.348681018490232031e-02
6.399061168219599693e-02
6.449625701012218215e-02
6.500374672518383079e-02
6.551308134064393052e-02
6.602426132652661206e-02
6.653728710961948067e-02
6.705215907346950832e-02
6.756887755838691945e-02
6.808744286144197133e-02
6.860785523646562023e-02
6.913011489405285204e-02
6.965422200155790833e-02
7.018017668309806112e-02
7.070797901955061526e-02
7.123762904855390765e-02
7.176912676451008277e-02
7.230247211858020773e-02
7.283766501868915721e-02
7.337470532952128366e-02
7.391359287252197152e-02
7.445432742590063491e-02
7.499690872462561053e-02
7.554133646042859862e-02
7.608761028180133223e-02
7.663572979399646545e-02
7.718569455903034893e-02
7.773750409567858899e-02
7.829115787948026650e-02
7.884665534273405108e-02
7.940399587449964436e-02
7.996317882060088866e-02
8.052420348362032687e-02
8.108706912290419844e-02
8.165177495455855361e-02
8.221832015145014161e-02
8.278670384320985232e-02
8.335692511622760925e-02
8.392898301365658842e-02
8.450287653541010968e-02
8.507860463816219188e-02
8.565616623535088348e-02
8.623556019717304455e-02
8.681678535058934276e-02
8.739984047932003453e-02
8.798472432384629727e-02
8.857143558141344908e-02
8.915997290602639680e-02
8.975033490845041317e-02
9.034252015621535570e-02
9.093652717360889426e-02
9.153235444168328350e-02
9.213000039825081089e-02
9.272946343788379675e-02
9.333074191191936819e-02
9.393383412845179858e-02
9.453873835234183343e-02
9.514545280520769754e-02
9.575397566542953598e-02
9.636430506815096830e-02
9.697643910527420363e-02
9.759037582546670198e-02
9.820611323415395777e-02
9.882364929352316363e-02
9.944298192252543078e-02
1.000641089968699049e-01
1.006870283490312046e-01
1.013117377682420939e-01
1.019382350004969240e-01
1.025665177485538537e-01
1.031965836719292984e-01
1.038284303869050351e-01
1.044620554665208756e-01
1.050974564405785516e-01
1.057346307956432696e-01
1.063735759750384924e-01
1.070142893788533778e-01
1.076567683639348960e-01
1.083010102438918265e-01
1.089470122890965342e-01
1.095947717266799737e-01
1.102442857405379062e-01
1.108955514713247936e-01
1.115485660164564630e-01
1.122033264301128819e-01
1.128598297232313863e-01
1.135180728635157843e-01
1.141780527754271413e-01
1.148397663401885538e-01
1.155032103957871481e-01
1.161683817369677518e-01
1.168352771152406655e-01
1.175038932388744461e-01
1.181742267728995710e-01
1.188462743391102139e-01
1.195200325160581389e-01
1.201954978390613604e-01
1.208726668001952609e-01
1.215515358482973651e-01
1.222321013889691166e-01
1.229143597845697711e-01
1.235983073542238353e-01
1.242839403738140724e-01
1.249712550759856100e-01
1.256602476501467169e-01
1.263509142424636966e-01
1.270432509558686585e-01
1.277372538500515242e-01
1.284329189414641359e-01
1.291302422033220321e-01
1.298292195655990078e-01
1.305298469150339979e-01
1.312321200951238609e-01
1.319360349061282633e-01
1.326415871050696804e-01
1.333487724057287327e-01
1.340575864786519578e-01
1.347680249511438166e-01
1.354800834072698024e-01
1.361937573878606589e-01
1.369090423905039433e-01
1.376259338695531298e-01
1.383444272361191718e-01
1.390645178580764973e-01
1.397862010600612326e-01
1.405094721234696475e-01
1.412343262864612647e-01
1.419607587439550844e-01
1.426887646476318050e-01
1.434183391059351553e-01
1.441494771840685640e-01
1.448821739039987122e-01
1.456164242444515367e-01
1.463522231409151164e-01
1.470895654856405610e-01
1.478284461276380135e-01
1.485688598726815357e-01
1.493108014833048891e-01
1.500542656788022011e-01
1.507992354166971527e-01
1.515455550666879869e-01
1.522931802616558361e-01
1.530421143223896774e-01
1.537923604428828028e-01
1.545439216903345958e-01
1.552968010051469783e-01
1.560510012009288516e-01
1.568065249644914338e-01
1.575633748558502578e-01
1.583215533082280579e-01
1.590810626280496631e-01
1.598419049949464377e-01
1.606040824617522844e-01
1.613675969545058653e-01
1.621324502724525995e-01
1.628986440880397790e-01
1.636661799469218970e-01
1.644350592679557632e-01
1.652052833432022805e-01
1.659768533379299971e-01
1.667497702906088897e-01
1.675240351129165806e-01
1.682996485897316763e-01
1.690766113791390968e-01
1.698549240124294091e-01
1.706345868940957189e-01
1.714156003018378893e-01
1.721979643865581000e-01
1.729816791723635117e-01
1.737667445565675983e-01
1.745531603096861506e-01
1.753409260754421606e-01
1.761300413707602708e-01
1.769205055857703268e-01
1.777123179838087097e-01
1.785054777014141170e-01
1.792999837483322256e-01
1.800958350075103631e-01
1.808930302351015040e-01
1.816915680604644923e-01
1.824914469861615984e-01
1.832926653879587420e-01
1.840952215148285998e-01
1.848991134889459431e-01
1.857043393056931890e-01
1.865108968336546269e-01
1.873187838146190831e-01
1.881279978635821415e-01
1.889385364687410362e-01
1.897503969915015354e-01
1.905635766664701691e-01
1.913780726014588929e-01
1.921938817774857533e-01
1.930110010487711136e-01
1.938294271427429827e-01
1.946491566600314638e-01
1.954701860744703090e-01
1.962925117331015823e-01
1.971161298561672215e-01
1.979410365371188085e-01
1.987672277426086875e-01
1.995946993124937396e-01
2.004234469598387136e-01
2.012534662709084543e-01
2.020847527051772285e-01
2.029173015953200654e-01
2.037511081472167529e-01
2.045861674399545027e-01
2.054224744258212887e-01
2.062600239303140626e-01
2.070988106521305383e-01
2.079388291631736330e-01
2.087800739085530211e-01
2.096225392065795834e-01
2.104662192487727346e-01
2.113111080998533176e-01
2.121571996977467123e-01
2.130044878535859443e-01
2.138529662517039132e-01
2.147026284496436066e-01
2.155534678781481084e-01
2.164054778411657054e-01
2.172586515158521081e-01
2.181129819525633451e-01
2.189684620748646449e-01
2.198250846795222202e-01
2.206828424365074870e-01
2.215417278889981745e-01
2.224017334533734402e-01
2.232628514192214197e-01
2.241250739493310107e-01
2.249883930796960918e-01
2.258528007195177434e-01
2.267182886511978079e-01
2.275848485303466617e-01
2.284524718857765535e-01
2.293211501195038249e-01
2.301908745067524631e-01
2.310616361959467735e-01
2.319334262087204834e-01
2.328062354399083045e-01
2.336800546575492632e-01
2.345548745028904758e-01
2.354306854903787105e-01
2.363074780076706016e-01
2.371852423156233236e-01
2.380639685482992540e-01
2.389436467129677499e-01
2.398242666900987086e-01
2.407058182333716712e-01
2.415882909696662750e-01
2.424716743990675827e-01
2.433559578948678581e-01
2.442411307035601276e-01
2.451271819448461731e-01
2.460141006116287610e-01
2.469018755700156387e-01
2.477904955593215330e-01
2.486799491920630434e-01
2.495702249539639705e-01
2.504613112039499878e-01
2.513531961741519716e-01
2.522458679699071116e-01
2.531393145697549141e-01
2.540335238254418648e-01
2.549284834619165441e-01
2.558241810773325131e-01
2.567206041430498686e-01
2.576177400036308018e-01
2.585155758768444834e-01
2.594140988536626224e-01
2.603132958982612433e-01
2.612131538480231274e-01
2.621136594135333731e-01
2.630147991785840578e-01
2.639165596001693537e-01
2.648189270084884139e-01
2.657218876069467051e-01
2.666254274721520101e-01
2.675295325539193136e-01
2.684341886752656947e-01
2.693393815324125473e-01
2.702450966947886890e-01
2.711513196050243657e-01
2.720580355789574689e-01
2.729652298056275406e-01
2.738728873472793257e-01
2.747809931393638827e-01
2.756895319905348085e-01
2.765984885826522355e-01
2.775078474707786125e-01
2.784175930831818135e-01
2.793277097213351379e-01
2.802381815599150894e-01
2.811489926468049294e-01
2.820601269030900138e-01
2.829715681230600133e-01
2.838832999742122443e-01
2.847953059972452294e-01
2.857075696060649150e-01
2.866200740877797859e-01
2.875328026027024197e-01
2.884457381843521517e-01
2.893588637394521879e-01
2.902721620479280507e-01
2.911856157629135744e-01
2.920992074107433556e-01
2.930129193909600804e-01
2.939267339763087517e-01
2.948406333127380208e-01
2.957545994194048511e-01
2.966686141886658579e-01
2.975826593860877445e-01
2.984967166504370883e-01
2.994107674936858920e-01
3.003247933010138038e-01
3.012387753308003457e-01
3.021526947146344622e-01
3.030665324573063035e-01
