4.393168315159693194e+00
4.384364639179783474e+00
4.375560960172575342e+00
4.366757275160123797e+00
4.357953581220866290e+00
4.349149875516814312e+00
4.340346155293707930e+00
4.331542417881015794e+00
4.322738660691939572e+00
4.313934881223408624e+00
4.305131077056085331e+00
4.296327245854359766e+00
4.287523366465142871e+00
4.278719413043238440e+00
4.269915387816622498e+00
4.261111293183071247e+00
4.252307131524130313e+00
4.243502905205102316e+00
4.234698616575059305e+00
4.225894267966834761e+00
4.217089861697027153e+00
4.208285400065999049e+00
4.199480885357876225e+00
4.190676319840549446e+00
4.181871705765672687e+00
4.173067045368664019e+00
4.164262340868705614e+00
4.155457594468743743e+00
4.146652808355489661e+00
4.137847984699416948e+00
4.129043125654762392e+00
4.120238233359531321e+00
4.111433309935486946e+00
4.102628357488161903e+00
4.093823378106849376e+00
4.085018373864608421e+00
4.076213346818261307e+00
4.067408299008393513e+00
4.058603232459356391e+00
4.049798149179264506e+00
4.040993051159994742e+00
4.032187940377190749e+00
4.023382818790258497e+00
4.014577688342368056e+00
4.005772550960455369e+00
3.996967408555216927e+00
3.988162263021116427e+00
3.979357116236380332e+00
3.970551970062998315e+00
3.961746826346725481e+00
3.952941686917080588e+00
3.944136553587344274e+00
3.935331428154565714e+00
3.926526312399553298e+00
3.917721208086883067e+00
3.908916116964892939e+00
3.900111040765684045e+00
3.891305981205125608e+00
3.882500939982845622e+00
3.873695918782241066e+00
3.864890919270469016e+00
3.856085943098451541e+00
3.847280991900877023e+00
3.838476067296194394e+00
3.829671170886619347e+00
3.820866304258130342e+00
3.812061468980468604e+00
3.803256666607143011e+00
3.794451898675422541e+00
3.785647166706342936e+00
3.776842472204702705e+00
3.768037816659062678e+00
3.759233201541752667e+00
3.750428628308860368e+00
3.741624098400242904e+00
3.732819613239517498e+00
3.724015174234067249e+00
3.715210782775039355e+00
3.706406440237343336e+00
3.697602147979655918e+00
3.688797907344413929e+00
3.679993719657820961e+00
3.671189586229844259e+00
3.662385508354212948e+00
3.653581487308424247e+00
3.644777524353735032e+00
3.635973620735168943e+00
3.627169777681512830e+00
3.618365996405316309e+00
3.609562278102896649e+00
3.600758623954330329e+00
3.591955035123461482e+00
3.583151512757896118e+00
3.574348057989006566e+00
3.565544671931926590e+00
3.556741355685554939e+00
3.547938110332554906e+00
3.539134936939352993e+00
3.530331836556141578e+00
3.521528810216874028e+00
3.512725858939270029e+00
3.503922983724811591e+00
3.495120185558746151e+00
3.486317465410086136e+00
3.477514824231604962e+00
3.468712262959841031e+00
3.459909782515099508e+00
3.451107383801444772e+00
3.442305067706710631e+00
3.433502835102490103e+00
3.424700686844142528e+00
3.415898623769288989e+00
3.407096634186405293e+00
3.398294706730737857e+00
3.389492841904329534e+00
3.380691040196562636e+00
3.371889302084161155e+00
3.363087628031183218e+00
3.354286018489030852e+00
3.345484473896442434e+00
3.336682994679494474e+00
3.327881581251606491e+00
3.319080234013531694e+00
3.310278953353367637e+00
3.301477739646547782e+00
3.292676593255843276e+00
3.283875514531369166e+00
3.275074503810573745e+00
3.266273561418250093e+00
3.257472687666524980e+00
3.248671882854868187e+00
3.239871147270086738e+00
3.231070481186325782e+00
3.222269884865072598e+00
3.213469358555149924e+00
3.204668902492722182e+00
3.195868516901291478e+00
3.187068201991698491e+00
3.178267957962125134e+00
3.169467784998090121e+00
3.160667683272451622e+00
3.151867652945407716e+00
3.143067694164495940e+00
3.134267807064590627e+00
3.125467991767906906e+00
3.116668248383998030e+00
3.107868577009757161e+00
3.099068977729416474e+00
3.090269450614546720e+00
3.081469995724056776e+00
3.072670613104196313e+00
3.063871302788552242e+00
3.055072064798053155e+00
3.046272899140963997e+00
3.037473805812889616e+00
3.028674784796774322e+00
3.019875836062900554e+00
3.011076959568891542e+00
3.002278155259707759e+00
2.993479423067649137e+00
2.984680762912355068e+00
2.975882174700803073e+00
2.967083658327311912e+00
2.958285213673537140e+00
2.949486840608472882e+00
2.940688538988454948e+00
2.931890308657155497e+00
2.923092149445588372e+00
2.914294061172104211e+00
2.905496043642393111e+00
2.896698096649484633e+00
2.887900219973746907e+00
2.879102413382888859e+00
2.870304676631956209e+00
2.861507009463334583e+00
2.852709411606747736e+00
2.843911882779260214e+00
2.835114422685275581e+00
2.826317031016534198e+00
2.817519707452116773e+00
2.808722451658443475e+00
2.799925263289272603e+00
2.791128141985703692e+00
2.782331087376171741e+00
2.773534099076452986e+00
2.764737176689663567e+00
2.755940319806255090e+00
2.747143528004023505e+00
2.738346800848098450e+00
2.729550137890951689e+00
2.720753538672394001e+00
2.711957002719572518e+00
2.703160529546978275e+00
2.694364118656435991e+00
2.685567769537112959e+00
2.676771481665514596e+00
2.667975254505484006e+00
2.659179087508205974e+00
2.650382980112201192e+00
2.641586931743332478e+00
2.632790941814799890e+00
2.623995009727141170e+00
2.615199134868237518e+00
2.606403316613304266e+00
2.597607554324898871e+00
2.588811847352916029e+00
2.580016195034591675e+00
2.571220596694498983e+00
2.562425051644549256e+00
2.553629559183995479e+00
2.544834118599427430e+00
2.536038729164776129e+00
2.527243390141309387e+00
2.518448100777634480e+00
2.509652860309699030e+00
2.500857667960788344e+00
2.492062522941528080e+00
2.483267424449881577e+00
2.474472372059252301e+00
2.465677379607395192e+00
2.456882453707657898e+00
2.448087593506809156e+00
2.439292798162542741e+00
2.430498066843480576e+00
2.421703398729175394e+00
2.412908793010104969e+00
2.404114248887679217e+00
2.395319765574233095e+00
2.386525342293031038e+00
2.377730978278265184e+00
2.368936672775056262e+00
2.360142425039455372e+00
2.351348234338438203e+00
2.342554099949910373e+00
2.333760021162706533e+00
2.324965997276588148e+00
2.316172027602247052e+00
2.307378111461301007e+00
2.298584248186297696e+00
2.289790437120711175e+00
2.280996677618945867e+00
2.272202969046334786e+00
2.263409310779135986e+00
2.254615702204539662e+00
2.245822142720661052e+00
2.237028631736545758e+00
2.228235168672167532e+00
2.219441752958426939e+00
2.210648384037154468e+00
2.201855061361108312e+00
2.193061784393973035e+00
2.184268552610365788e+00
2.175475365495827873e+00
2.166682222546830516e+00
2.157889123270773979e+00
2.149096067185984449e+00
2.140303053821719370e+00
2.131510082718162113e+00
2.122717153426425529e+00
2.113924265508550615e+00
2.105131418537504739e+00
2.096338612097187859e+00
2.087545845782424081e+00
2.078753119198966992e+00
2.069960431963499214e+00
2.061167783703631073e+00
2.052375174057901486e+00
2.043582602675777071e+00
2.034790069217653041e+00
2.025997573354852754e+00
2.017205114769628160e+00
2.008412693155160245e+00
1.999620308215555475e+00
1.990827959665851354e+00
1.982035647232013087e+00
1.973243370650932915e+00
1.964451129670433227e+00
1.955658924049262559e+00
1.946866753557100038e+00
1.938074617974551606e+00
1.929282517093150684e+00
1.920490450715361286e+00
1.911698418654573350e+00
1.902906420735107407e+00
1.894114456792210355e+00
1.885322526672057464e+00
1.876530630231753927e+00
1.867738767339331307e+00
1.858946937873750871e+00
1.850155141724901586e+00
1.841363378793599459e+00
1.832571648991591529e+00
1.823779952241550317e+00
1.814988288477078715e+00
1.806196657642706871e+00
1.797405059693892637e+00
1.788613494597023568e+00
1.779821962329414253e+00
1.771030462879308764e+00
1.762238996245878431e+00
1.753447562439222729e+00
1.744656161480370393e+00
1.735864793401277417e+00
1.727073458244829052e+00
1.718282156064837807e+00
1.709490886926045672e+00
1.700699650904121896e+00
1.691908448085663652e+00
1.683117278568197817e+00
1.674326142460178080e+00
1.665535039880988055e+00
1.656743970960938173e+00
1.647952935841267008e+00
1.639161934674142840e+00
1.630370967622660761e+00
1.621580034860845565e+00
1.612789136573649085e+00
1.603998272956951521e+00
1.595207444217562331e+00
1.586416650573217790e+00
1.577625892252584316e+00
1.568835169495255144e+00
1.560044482551751210e+00
1.551253831683524043e+00
1.542463217162951317e+00
1.533672639273340188e+00
1.524882098308925515e+00
1.516091594574870305e+00
1.507301128387266598e+00
1.498510700073133473e+00
1.489720309970419709e+00
1.480929958428001347e+00
1.472139645805682795e+00
1.463349372474197718e+00
1.454559138815206154e+00
1.445768945221298729e+00
1.436978792095992441e+00
1.428188678383683907e+00
1.419398586569955212e+00
1.410608511562637890e+00
1.401818453506747719e+00
1.393028412542861139e+00
1.384238388807119247e+00
1.375448382431224914e+00
1.366658393542442562e+00
1.357868422263602382e+00
1.349078468713094781e+00
1.340288533004874605e+00
1.331498615248458695e+00
1.322708715548926106e+00
1.313918834006920333e+00
1.305128970718645975e+00
1.296339125775872070e+00
1.287549299265929204e+00
1.278759491271710846e+00
1.269969701871674239e+00
1.261179931139837951e+00
1.252390179145784987e+00
1.243600445954660128e+00
1.234810731627170588e+00
1.226021036219588245e+00
1.217231359783744971e+00
1.208441702367037962e+00
1.199652064012426189e+00
1.190862444758430838e+00
1.182072844639137532e+00
1.173283263684192335e+00
1.164493701918806634e+00
1.155704159363752703e+00
1.146914636035367252e+00
1.138125131945548318e+00
1.129335647101756823e+00
1.120546181507017902e+00
1.111756735159917575e+00
1.102967308054606965e+00
1.094177900180798302e+00
1.085388511523765809e+00
1.076599142064349257e+00
1.067809791778948636e+00
1.059020460639528594e+00
1.050231148613615551e+00
1.041441855664298366e+00
1.032652581750230114e+00
1.023863326825624753e+00
1.015074090840261567e+00
1.006284873739480279e+00
9.974956754641841616e-01
9.887064959508402584e-01
9.799173351314768299e-01
9.711281929336863517e-01
9.623390692806234048e-01
9.535499640910046759e-01
9.447608772791113996e-01
9.359718087547859167e-01
9.271827584234348940e-01
9.183937261860265489e-01
9.096047119390917590e-01
9.008157155747258393e-01
8.920267369805849889e-01
8.832377760398899547e-01
8.744488326314229232e-01
8.656599066295289635e-01
8.568709979041171376e-01
8.480821063206578359e-01
8.392932317401856634e-01
8.305043740192964430e-01
8.217155330101506561e-01
8.129267085604700016e-01
8.041379005135392832e-01
7.953491087082071864e-01
7.865603329788833920e-01
7.777715731555424616e-01
7.689828290637203967e-01
7.601941005245154148e-01
7.514053873545906148e-01
7.426166893661698687e-01
7.338280063670412634e-01
7.250393381605549914e-01
7.162506845456234617e-01
7.074620453167236311e-01
6.986734202638932301e-01
6.898848091727348697e-01
6.810962118244120456e-01
6.723076279956518020e-01
6.635190574587447321e-01
6.547304999815426463e-01
6.459419553274622361e-01
6.371534232554809662e-01
6.283649035201398503e-01
6.195763958715435615e-01
6.107879000553579907e-01
6.019994158128135764e-01
5.932109428807016416e-01
5.844224809913781682e-01
5.756340298727610216e-01
5.668455892483301728e-01
5.580571588371301406e-01
5.492687383537663282e-01
5.404803275084086867e-01
5.316919260067890507e-01
5.229035335502013604e-01
5.141151498355042149e-01
5.053267745551172085e-01
4.965384073970241507e-01
4.877500480447706788e-01
4.789616961774650905e-01
4.701733514697797878e-01
4.613850135919482232e-01
4.525966822097685638e-01
4.438083569846003051e-01
4.350200375733656033e-01
4.262317236285511624e-01
4.174434147982042931e-01
4.086551107259371318e-01
3.998668110509231433e-01
3.910785154078986747e-01
3.822902234271642885e-01
3.735019347345813201e-01
3.647136489515759861e-01
3.559253656951357758e-01
3.471370845778110059e-01
3.383488052077160968e-01
3.295605271885266307e-01
3.207722501194826825e-01
3.119839735953858217e-01
3.031956972066002787e-01
2.944074205390547205e-01
2.856191431742385323e-01
2.768308646892058134e-01
2.680425846565716030e-01
2.592543026445157661e-01
2.504660182167793847e-01
2.416777309326663681e-01
2.328894403470448682e-01
2.241011460103439767e-01
2.153128474685574445e-01
2.065245442632404338e-01
1.977362366527006809e-01
1.889479316553142607e-01
1.801596309519320482e-01
1.713713342864048861e-01
1.625830414038907379e-01
1.537947520508562149e-01
1.450064659750780194e-01
1.362181829256395860e-01
1.274299026529348844e-01
1.186416249086651303e-01
1.098533494458401316e-01
1.010650760187798008e-01
9.227680438311075539e-02
8.348853429577021701e-02
7.470026551500257017e-02
6.591199780036081923e-02
5.712373091270809417e-02
4.833546461421422968e-02
3.954719866835962327e-02
3.075893283993138411e-02
2.197066689502719800e-02
1.318240060105193949e-02
4.394133726719116027e-03
-4.394133957948145007e-03
-1.318240268161807553e-02
-2.197067267165124516e-02
-3.075894415409908753e-02
-3.954721735370440167e-02
-4.833549249390231561e-02
-5.712376979681640932e-02
-6.591204948326452595e-02
-7.470033177275486880e-02
-8.348861688348707677e-02
-9.227690503235305708e-02
-1.010651964349331688e-01
-1.098534913055020656e-01
-1.186417898570247681e-01
-1.274300923011576769e-01
-1.362183988482494890e-01
-1.450067097073373945e-01
-1.537950250861528090e-01
-1.625833451911175842e-01
-1.713716702273448689e-01
-1.801600003986402188e-01
-1.889483359074975721e-01
-1.977366769551051062e-01
-2.065250237413415457e-01
-2.153133764647768289e-01
-2.241017353226732456e-01
-2.328901005109815792e-01
-2.416784722243468519e-01
-2.504668506561044117e-01
-2.592552359982811527e-01
-2.680436284415961823e-01
-2.768320281754568790e-01
-2.856204353879652769e-01
-2.944088502659134576e-01
-3.031972729947849943e-01
-3.119857037587558390e-01
-3.207741427406903267e-01
-3.295625901221471143e-01
-3.383510460833751288e-01
-3.471395108033147880e-01
-3.559279844595987785e-01
-3.647164672285482245e-01
-3.735049592851786282e-01
-3.822934608031956505e-01
-3.910819719549965545e-01
-3.998704929116708717e-01
-4.086590238429964050e-01
-4.174475649174455016e-01
-4.262361163021806676e-01
-4.350246781630567883e-01
-4.438132506646174091e-01
-4.526018339701000648e-01
-4.613904282414327818e-01
-4.701790336392350222e-01
-4.789676503228184057e-01
-4.877562784501832116e-01
-4.965449181780238197e-01
-5.053335696617251571e-01
-5.141222330553633091e-01
-5.229109085117067401e-01
-5.316995961822126304e-01
-5.404882962170319827e-01
-5.492770087650066246e-01
-5.580657339736694311e-01
-5.668544719892456563e-01
-5.756432229566492698e-01
-5.844319870194880640e-01
-5.932207643200607672e-01
-6.020095549993567108e-01
-6.107983591970586046e-01
-6.195871770515364307e-01
-6.283760086998552152e-01
-6.371648542777703650e-01
-6.459537139197282229e-01
-6.547425877588679555e-01
-6.635314759270165563e-01
-6.723203785546960631e-01
-6.811092957711181173e-01
-6.898982277041862954e-01
-6.986871744804962203e-01
-7.074761362253320085e-01
-7.162651130626723761e-01
-7.250541051151856431e-01
-7.338431125042325087e-01
-7.426321353498650524e-01
-7.514211737708242911e-01
-7.602102278845457306e-01
-7.689992978071545915e-01
-7.777883836534681405e-01
-7.865774855369954688e-01
-7.953666035699344938e-01
-8.041557378631769559e-01
-8.129448885263056424e-01
-8.217340556675939434e-01
-8.305232393940080726e-01
-8.393124398112028484e-01
-8.481016570235265783e-01
-8.568908911340189505e-01
-8.656801422444100336e-01
-8.744694104551231639e-01
-8.832586958652693943e-01
-8.920479985726543770e-01
-9.008373186737742566e-01
-9.096266562638162245e-01
-9.184160114366600736e-01
-9.272053842848736460e-01
-9.359947748997197170e-01
-9.447841833711508874e-01
-9.535736097878123596e-01
-9.623630542370376073e-01
-9.711525168048544820e-01
-9.799419975759813273e-01
-9.887314966338274225e-01
-9.975210140604950926e-01
-1.006310549936774379e+00
-1.015100104342150145e+00
-1.023889677354797190e+00
-1.032679269051582249e+00
-1.041468879508063550e+00
-1.050258508798488366e+00
-1.059048156995798351e+00
-1.067837824171625316e+00
-1.076627510396292342e+00
-1.085417215738814889e+00
-1.094206940266897021e+00
-1.102996684046936515e+00
-1.111786447144022638e+00
-1.120576229621935260e+00
-1.129366031543146187e+00
-1.138155852968816717e+00
-1.146945693958801193e+00
-1.155735554571645896e+00
-1.164525434864587039e+00
-1.173315334893553885e+00
-1.182105254713163855e+00
-1.190895194376728750e+00
-1.199685153936250970e+00
-1.208475133442424188e+00
-1.217265132944633788e+00
-1.226055152490954425e+00
-1.234845192128154689e+00
-1.243635251901693550e+00
-1.252425331855721469e+00
-1.261215432033081063e+00
-1.270005552475303556e+00
-1.278795693222614105e+00
-1.287585854313928468e+00
-1.296376035786854342e+00
-1.305166237677690688e+00
-1.313956460021425743e+00
-1.322746702851741452e+00
-1.331536966201010364e+00
-1.340327250100296741e+00
-1.349117554579356781e+00
-1.357907879666635065e+00
-1.366698225389270771e+00
-1.375488591773093017e+00
-1.384278978842622854e+00
-1.393069386621073047e+00
-1.401859814365270962e+00
-1.410650261236623182e+00
-1.419440727709172512e+00
-1.428231214265706983e+00
-1.437021721386124939e+00
-1.445812249547432815e+00
-1.454602799223750909e+00
-1.463393370886309164e+00
-1.472183965003447836e+00
-1.480974582040619714e+00
-1.489765222460384342e+00
-1.498555886722416020e+00
-1.507346575283497359e+00
-1.516137288597522836e+00
-1.524928027115498352e+00
-1.533718791285537231e+00
-1.542509581552866882e+00
-1.551300398359823918e+00
-1.560091242145856816e+00
-1.568882113347522367e+00
-1.577673012398489893e+00
-1.586463939729539918e+00
-1.595254895768562164e+00
-1.604045880940559110e+00
-1.612836895667640214e+00
-1.621627940369029020e+00
-1.630419015461058940e+00
-1.639210121357173700e+00
-1.648001258467929109e+00
-1.656792427200988183e+00
-1.665583627961127799e+00
-1.674374861150234928e+00
-1.683166127167307069e+00
-1.691957426408452925e+00
-1.700748759266889509e+00
-1.709540126132947035e+00
-1.718331527394066249e+00
-1.727122963434797764e+00
-1.735914434636804060e+00
-1.744705941378855263e+00
-1.753497484036835807e+00
-1.762289062983738885e+00
-1.771080678589669333e+00
-1.779872331221842963e+00
-1.788664021244583680e+00
-1.797455749019329030e+00
-1.806247514904625984e+00
-1.815039319256132488e+00
-1.823831162426618135e+00
-1.832623044765960385e+00
-1.841414966621150118e+00
-1.850206928336287859e+00
-1.858998930252585113e+00
-1.867790972708365027e+00
-1.876583056039058395e+00
-1.885375180577209431e+00
-1.894167346652472439e+00
-1.902959554591612701e+00
-1.911751804718506254e+00
-1.920544097354137669e+00
-1.929336432816604940e+00
-1.938128811421115705e+00
-1.946921233479987912e+00
-1.955713699302652264e+00
-1.964506209195646447e+00
-1.973298763462621785e+00
-1.982091362404339474e+00
-1.990884006318671018e+00
-1.999676695500600676e+00
-2.008469430242219911e+00
-2.017262210832732272e+00
-2.026055037558453620e+00
-2.034847910702809681e+00
-2.043640830546336495e+00
-2.052433797366679524e+00
-2.061226811438596762e+00
-2.070019873033956959e+00
-2.078812982421739619e+00
-2.087606139868031896e+00
-2.096399345636036582e+00
-2.105192599986062785e+00
-2.113985903175533032e+00
-2.122779255458981051e+00
-2.131572657088047329e+00
-2.140366108311487103e+00
-2.149159609375164148e+00
-2.157953160522054326e+00
-2.166746761992244696e+00
-2.175540414022929081e+00
-2.184334116848416496e+00
-2.193127870700124049e+00
-2.201921675806580936e+00
-2.210715532393427551e+00
-2.219509440683411938e+00
-2.228303400896396003e+00
-2.237097413249351074e+00
-2.245891477956359239e+00
-2.254685595228614226e+00
-2.263479765274417854e+00
-2.272273988299185810e+00
-2.281068264505442311e+00
-2.289862594092823667e+00
-2.298656977258076495e+00
-2.307451414195056394e+00
-2.316245905094732382e+00
-2.325040450145182014e+00
-2.333835049531595818e+00
-2.342629703436273303e+00
-2.351424412038624290e+00
-2.360219175515169798e+00
-2.369013994039542048e+00
-2.377808867782484903e+00
-2.386603796911851205e+00
-2.395398781592604553e+00
-2.404193821986819302e+00
-2.412988918253681003e+00
-2.421784070549487300e+00
-2.430579279027644368e+00
-2.439374543838669140e+00
-2.448169865130189748e+00
-2.456965243046945524e+00
-2.465760677730786998e+00
-2.474556169320674126e+00
-2.483351717952677173e+00
-2.492147323759978050e+00
-2.500942986872869422e+00
-2.509738707418754711e+00
-2.518534485522148536e+00
-2.527330321304674499e+00
-2.536126214885066954e+00
-2.544922166379173234e+00
-2.553718175899949649e+00
-2.562514243557464599e+00
-2.571310369458894129e+00
-2.580106553708528150e+00
-2.588902796407765550e+00
-2.597699097655117750e+00
-2.606495457546204708e+00
-2.615291876173758023e+00
-2.624088353627619608e+00
-2.632884889994742572e+00
-2.641681485359191672e+00
-2.650478139802140642e+00
-2.659274853401873973e+00
-2.668071626233787352e+00
-2.676868458370387671e+00
-2.685665349881293462e+00
-2.694462300833229573e+00
-2.703259311290037381e+00
-2.712056381312664133e+00
-2.720853510959170940e+00
-2.729650700284729226e+00
-2.738447949341618060e+00
-2.747245258179231264e+00
-2.756042626844070753e+00
-2.764840055379750527e+00
-2.773637543826995344e+00
-2.782435092223638495e+00
-2.791232700604626249e+00
-2.800030369002015185e+00
-2.808828097444971750e+00
-2.817625885959774923e+00
-2.826423734569811330e+00
-2.835221643295580574e+00
-2.844019612154692123e+00
-2.852817641161867535e+00
-2.861615730328937790e+00
-2.870413879664843737e+00
-2.879212089175638312e+00
-2.888010358864484761e+00
-2.896808688731657977e+00
-2.905607078774541829e+00
-2.914405528987631389e+00
-2.923204039362532924e+00
-2.932002609887963018e+00
-2.940801240549749895e+00
-2.949599931330832092e+00
-2.958398682211256681e+00
-2.967197493168183708e+00
-2.975996364175884423e+00
-2.984795295205739052e+00
-2.993594286226240353e+00
-3.002393337202989176e+00
-3.011192448098698460e+00
-3.019991618873193229e+00
-3.028790849483407488e+00
-3.037590139883386442e+00
-3.046389490024286051e+00
-3.055188899854371698e+00
-3.063988369319021743e+00
-3.072787898360724412e+00
-3.081587486919078245e+00
-3.090387134930791646e+00
-3.099186842329685110e+00
-3.107986609046689441e+00
-3.116786435009846645e+00
-3.125586320144309038e+00
-3.134386264372338360e+00
-3.143186267613308438e+00
-3.151986329783703411e+00
-3.160786450797119507e+00
-3.169586630564261487e+00
-3.178386868992945757e+00
-3.187187165988098148e+00
-3.195987521451758795e+00
-3.204787935283074596e+00
-3.213588407378304534e+00
-3.222388937630819683e+00
-3.231189525931099205e+00
-3.239990172166735238e+00
-3.248790876222430235e+00
-3.257591637979995181e+00
-3.266392457318354481e+00
-3.275193334113541965e+00
-3.283994268238703107e+00
-3.292795259564092802e+00
-3.301596307957077148e+00
-3.310397413282132106e+00
-3.319198575400846174e+00
-3.327999794171918158e+00
-3.336801069451156732e+00
-3.345602401091480882e+00
-3.354403788942920794e+00
-3.363205232852617854e+00
-3.372006732664824646e+00
-3.380808288220903179e+00
-3.389609899359326217e+00
-3.398411565915677279e+00
-3.407213287722651085e+00
-3.416015064610053553e+00
-3.424816896404800914e+00
-3.433618782930918822e+00
-3.442420724009544131e+00
-3.451222719458926225e+00
-3.460024769094423469e+00
-3.468826872728505872e+00
-3.477629030170751978e+00
-3.486431241227853750e+00
-3.495233505703612131e+00
-3.504035823398940153e+00
-3.512838194111861156e+00
-3.521640617637507020e+00
-3.530443093768123042e+00
-3.539245622293064386e+00
-3.548048202998796974e+00
-3.556850835668897481e+00
-3.565653520084052008e+00
-3.574456256022058742e+00
-3.583259043257826182e+00
-3.592061881563374470e+00
-3.600864770707833173e+00
-3.609667710457442169e+00
-3.618470700575552979e+00
-3.627273740822628323e+00
-3.636076830956240347e+00
-3.644879970731073726e+00
-3.653683159898921229e+00
-3.662486398208687266e+00
-3.671289685406388781e+00
-3.680093021235150808e+00
-3.688896405435212245e+00
-3.697699837743918749e+00
-3.706503317895728511e+00
-3.715306845622212251e+00
-3.724110420652048337e+00
-3.732914042711028557e+00
-3.741717711522052348e+00
-3.750521426805132563e+00
-3.759325188277391927e+00
-3.768128995653062585e+00
-3.776932848643490548e+00
-3.785736746957128140e+00
-3.794540690299541552e+00
-3.803344678373407284e+00
-3.812148710878512592e+00
-3.820952787511753268e+00
-3.829756907967138080e+00
-3.838561071935785662e+00
-3.847365279105926739e+00
-3.856169529162901011e+00
-3.864973821789158492e+00
-3.873778156664261729e+00
-3.882582533464882246e+00
-3.891386951864804100e+00
-3.900191411534921215e+00
-3.908995912143236939e+00
-3.917800453354866264e+00
-3.926605034832035823e+00
-3.935409656234082121e+00
-3.944214317217452859e+00
-3.953019017435704718e+00
-3.961823756539506913e+00
-3.970628534176638524e+00
-3.979433349991990276e+00
-3.988238203627563205e+00
-3.997043094722466883e+00
-4.005848022912925188e+00
-4.014652987832270092e+00
-4.023457989110944766e+00
-4.032263026376505799e+00
-4.041068099253616097e+00
-4.049873207364051098e+00
-4.058678334922687370e+00
-4.067483426082508124e+00
-4.076288474709533816e+00
-4.085093479673068018e+00
-4.093898439971479952e+00
-4.102703354732195606e+00
-4.111508223211701285e+00
-4.120313044795548052e+00
-4.129117818998341072e+00
-4.137922545463747603e+00
-4.146727223964497000e+00
-4.155531854402378933e+00
-4.164336436808241615e+00
-4.173140971341992689e+00
-4.181945458292601892e+00
-4.190749898078100166e+00
-4.199554291245574333e+00
-4.208358638471178637e+00
-4.217162940560119644e+00
-4.225967198446668682e+00
-4.234771413194155620e+00
-4.243575585994973309e+00
-4.252379718170573142e+00
-4.261183811171463276e+00
-4.269987866577218405e+00
-4.278791886096469987e+00
-4.287595871566908023e+00
-4.296399824955288160e+00
-4.305203748357421034e+00
-4.314007643998178487e+00
-4.322811514231495345e+00
-4.331615361540364972e+00
-4.340419188536839279e+00
-4.349222997962033155e+00
-4.358026792686120032e+00
-4.366830575708335438e+00
-4.375634350156974328e+00
-4.384438119289387537e+00
-4.393241886491994208e+00
