5.493289855218925766e+00
5.482278844366779147e+00
5.471267834452990364e+00
5.460256826356636672e+00
5.449245820893527714e+00
5.438234818831269912e+00
5.427223820889349959e+00
5.416212827739135705e+00
5.405201840003881486e+00
5.394190858258717469e+00
5.383179883030661195e+00
5.372168914798608697e+00
5.361157952181359931e+00
5.350146992915960631e+00
5.339136037182052874e+00
5.328125085186865562e+00
5.317114137148234221e+00
5.306103193294600118e+00
5.295092253865012921e+00
5.284081319109129815e+00
5.273070389287214610e+00
5.262059464670139519e+00
5.251048545539379830e+00
5.240037632187024563e+00
5.229026724915764035e+00
5.218015824038900519e+00
5.207004929880338473e+00
5.195994042774595201e+00
5.184983163066791079e+00
5.173972291112653110e+00
5.162961427278520254e+00
5.151950571941334545e+00
5.140939725488646417e+00
5.129928888318613822e+00
5.118918060840000450e+00
5.107907243472180170e+00
5.096896436645130812e+00
5.085885640799441276e+00
5.074874856386301758e+00
5.063864083867516186e+00
5.052853323715491562e+00
5.041842576413242405e+00
5.030831842454392522e+00
5.019821122343171460e+00
5.008810416594416282e+00
4.997799725733571563e+00
4.986789050296686732e+00
4.975778390830423170e+00
4.964767747892043559e+00
4.953757122049424311e+00
4.942746513881044024e+00
4.931735923975989699e+00
4.920725352933957630e+00
4.909714801365247183e+00
4.898704269890770568e+00
4.887693759142042182e+00
4.876683269761184825e+00
4.865672802400930586e+00
4.854662357724617294e+00
4.843651936406190295e+00
4.832641539130200670e+00
4.821631166591808793e+00
4.810620819496782552e+00
4.799610498561493799e+00
4.788600204512925451e+00
4.777589938088665278e+00
4.766579700036908562e+00
4.755569491116458991e+00
4.744559312096725989e+00
4.733549163757726497e+00
4.722539046890086745e+00
4.711528962295035150e+00
4.700518910784413862e+00
4.689508893180667215e+00
4.678498910316848836e+00
4.667488963036619865e+00
4.656479052194247181e+00
4.645469178654606068e+00
4.634459343293178435e+00
4.623449546996054593e+00
4.612439790659930594e+00
4.601430075192108227e+00
4.590420401510502124e+00
4.579410770543627329e+00
4.568401183230611728e+00
4.557391640521186282e+00
4.546382143375691243e+00
4.535372692765074376e+00
4.524363289670887411e+00
4.513353935085295809e+00
4.502344630011065441e+00
4.491335375461572355e+00
4.480326172460800116e+00
4.469317022043339804e+00
4.458307925254388238e+00
4.447298883149750637e+00
4.436289896795837073e+00
4.425280967269667798e+00
4.414272095658870576e+00
4.403263283061678024e+00
4.392254530586930272e+00
4.381245839354075855e+00
4.370237210493169044e+00
4.359228645144873404e+00
4.348220144460459125e+00
4.337211709601801246e+00
4.326203341741384989e+00
4.315195042062300423e+00
4.304186811758248687e+00
4.293178652033533105e+00
4.282170564103065402e+00
4.271162549192424329e+00
4.260154608859273218e+00
4.249146744130689157e+00
4.238138955468708780e+00
4.227131243328957844e+00
4.216123608160654790e+00
4.205116050406609851e+00
4.194108570503224165e+00
4.183101168880487997e+00
4.172093845961985181e+00
4.161086602164891346e+00
4.150079437899968582e+00
4.139072353571576990e+00
4.128065349577662246e+00
4.117058426309762709e+00
4.106051584153011191e+00
4.095044823486126084e+00
4.084038144681421123e+00
4.073031548104800947e+00
4.062025034115757549e+00
4.051018603067380042e+00
4.040012255306342226e+00
4.029005991172915913e+00
4.017999811000958488e+00
4.006993715117920019e+00
3.995987703844844141e+00
3.984981777496362731e+00
3.973975936380699903e+00
3.962970180799672004e+00
3.951964511048684514e+00
3.940958927416735147e+00
3.929953430186413854e+00
3.918948019633899715e+00
3.907942696028964491e+00
3.896937459634969958e+00
3.885932310708869242e+00
3.874927249501209037e+00
3.863922276256123389e+00
3.852917391211340359e+00
3.841912594598177577e+00
3.830907886641544469e+00
3.819903267559943139e+00
3.808898737565463044e+00
3.797894296863789432e+00
3.786889945654194456e+00
3.775885684129543840e+00
3.764881512476295544e+00
3.753877430874495769e+00
3.742873439497783838e+00
3.731869538513389539e+00
3.720865728082133561e+00
3.709862008358429719e+00
3.698858379490280512e+00
3.687854841619281121e+00
3.676851394880616741e+00
3.665848039403063918e+00
3.654844775308993210e+00
3.643841602714361638e+00
3.632838521728721570e+00
3.621835532455212725e+00
3.610832634990569279e+00
3.599829829425115868e+00
3.588827115842766702e+00
3.577824494321029114e+00
3.566821964930999567e+00
3.555819527737367203e+00
3.544817182798412958e+00
3.533814930166006896e+00
3.522812769885612205e+00
3.511810701996281203e+00
3.500808726530658888e+00
3.489806843514982493e+00
3.478805052969077050e+00
3.467803354906362046e+00
3.456801749333846541e+00
3.445800236252130500e+00
3.434798815655406568e+00
3.423797487531456518e+00
3.412796251861655250e+00
3.401795108620968122e+00
3.390794057777950510e+00
3.379793099294751357e+00
3.368792233127107849e+00
3.357791459224351183e+00
3.346790777529402128e+00
3.335790187978772359e+00
3.324789690502566231e+00
3.313789285024477671e+00
3.302788971461792400e+00
3.291788749725388374e+00
3.280788619719732235e+00
3.269788581342885081e+00
3.258788634486495361e+00
3.247788779035806428e+00
3.236789014869649872e+00
3.225789341860450854e+00
3.214789759874224551e+00
3.203790268770576155e+00
3.192790868402703541e+00
3.181791558617395488e+00
3.170792339255033010e+00
3.159793210149586251e+00
3.148794171128616703e+00
3.137795222013278540e+00
3.126796362618315950e+00
3.115797592752066247e+00
3.104798912216454543e+00
3.093800320806999515e+00
3.082801818312809861e+00
3.071803404516586511e+00
3.060805079194622191e+00
3.049806842116798311e+00
3.038808693046588960e+00
3.027810631741059577e+00
3.016812657950866061e+00
3.005814771420256548e+00
2.994816971887070078e+00
2.983819259082734821e+00
2.972821632732273400e+00
2.961824092554296683e+00
2.950826638261009549e+00
2.939829269558205560e+00
2.928831986145270072e+00
2.917834787715180678e+00
2.906837673954504986e+00
2.895840644543403286e+00
2.884843699155624996e+00
2.873846837458511327e+00
2.862850059112995726e+00
2.851853363773601213e+00
2.840856751088444820e+00
2.829860220699231821e+00
2.818863772241258836e+00
2.807867405343415168e+00
2.796871119628179692e+00
2.785874914711625738e+00
2.774878790203413548e+00
2.763882745706796484e+00
2.752886780818619705e+00
2.741890895129317940e+00
2.730895088222919931e+00
2.719899359677041772e+00
2.708903709062893128e+00
2.697908135945275010e+00
2.686912639882577558e+00
2.675917220426785370e+00
2.664921877123471727e+00
2.653926609511799928e+00
2.642931417124528615e+00
2.631936299488003783e+00
2.620941256122164997e+00
2.609946286540541394e+00
2.598951390250253013e+00
2.587956566752013909e+00
2.576961815540125489e+00
2.565967136102484059e+00
2.554972527920573722e+00
2.543977990469471262e+00
2.532983523217846145e+00
2.521989125627955630e+00
2.510994797155651881e+00
2.500000537250375743e+00
2.489006345355158523e+00
2.478012220906625984e+00
2.467018163334991243e+00
2.456024172224155144e+00
2.445030249677322853e+00
2.434036396249898981e+00
2.423042611595128903e+00
2.412048895366608825e+00
2.401055247218288446e+00
2.390061666804465190e+00
2.379068153779788641e+00
2.368074707799258327e+00
2.357081328518223717e+00
2.346088015592387332e+00
2.335094768677798971e+00
2.324101587430862814e+00
2.313108471508330322e+00
2.302115420567304227e+00
2.291122434265240759e+00
2.280129512259942093e+00
2.269136654209565673e+00
2.258143859772617112e+00
2.247151128607951076e+00
2.236158460374776613e+00
2.225165854732650494e+00
2.214173311341482542e+00
2.203180829861530743e+00
2.192188409953403916e+00
2.181196051278064374e+00
2.170203753496820820e+00
2.159211516271336784e+00
2.148219339263623073e+00
2.137227222136042659e+00
2.126235164551309786e+00
2.115243166172487310e+00
2.104251226662991137e+00
2.093259345686585338e+00
2.082267522907386148e+00
2.071275757989860633e+00
2.060284050598824912e+00
2.049292400399448155e+00
2.038300807057247699e+00
2.027309270238092154e+00
2.016317789608202737e+00
2.005326364834147945e+00
1.994334995582849990e+00
1.983343681521579249e+00
1.972352422317958931e+00
1.961361217639961518e+00
1.950370067155909437e+00
1.939378970534477720e+00
1.928387927444690231e+00
1.917396937555922776e+00
1.906406000537901546e+00
1.895415116060701788e+00
1.884424283794751576e+00
1.873433503410828038e+00
1.862442774580060467e+00
1.851452096973927208e+00
1.840461470264257215e+00
1.829470894123231828e+00
1.818480368223380994e+00
1.807489892237587048e+00
1.796499465839081822e+00
1.785509088701447311e+00
1.774518760498617675e+00
1.763528480904876128e+00
1.752538249594858044e+00
1.741548066243547854e+00
1.730557930526282595e+00
1.719567842118747469e+00
1.708577800696979843e+00
1.697587805937367689e+00
1.686597857516648924e+00
1.675607955111913405e+00
1.664618098400599600e+00
1.653628287060497914e+00
1.642638520769749810e+00
1.631648799206845579e+00
1.620659122050629009e+00
1.609669488980291163e+00
1.598679899675375715e+00
1.587690353815777167e+00
1.576700851081739296e+00
1.565711391153858267e+00
1.554721973713079075e+00
1.543732598440697990e+00
1.532743265018362777e+00
1.521753973128070037e+00
1.510764722452169639e+00
1.499775512673359401e+00
1.488786343474688412e+00
1.477797214539557924e+00
1.466808125551717801e+00
1.455819076195270512e+00
1.444830066154666914e+00
1.433841095114710473e+00
1.422852162760554151e+00
1.411863268777701519e+00
1.400874412852007866e+00
1.389885594669677538e+00
1.378896813917266817e+00
1.367908070281681931e+00
1.356919363450179494e+00
1.345930693110368281e+00
1.334942058950204791e+00
1.323953460657999459e+00
1.312964897922411334e+00
1.301976370432449848e+00
1.290987877877476819e+00
1.279999419947202677e+00
1.269010996331690011e+00
1.258022606721351355e+00
1.247034250806949407e+00
1.236045928279599027e+00
1.225057638830763684e+00
1.214069382152259013e+00
1.203081157936250811e+00
1.192092965875255040e+00
1.181104805662139157e+00
1.170116676990120119e+00
1.159128579552766825e+00
1.148140513043997890e+00
1.137152477158082320e+00
1.126164471589641058e+00
1.115176496033643883e+00
1.104188550185412954e+00
1.093200633740619709e+00
1.082212746395286640e+00
1.071224887845787732e+00
1.060237057788845583e+00
1.049249255921535839e+00
1.038261481941282760e+00
1.027273735545862543e+00
1.016286016433401773e+00
1.005298324302376090e+00
9.943106588516144040e-01
9.833230197802939054e-01
9.723354067879442786e-01
9.613478195744448174e-01
9.503602578400246470e-01
9.393727212852657216e-01
9.283852096110981611e-01
9.173977225188049145e-01
9.064102597100184289e-01
8.954228208867206495e-01
8.844354057512470169e-01
8.734480140062804709e-01
8.624606453548573359e-01
8.514732995003628790e-01
8.404859761465325318e-01
8.294986749974544438e-01
8.185113957575650412e-01
8.075241381316535794e-01
7.965369018248583677e-01
7.855496865426679909e-01
7.745624919909238626e-01
7.635753178758154514e-01
7.525881639038849436e-01
7.416010297820234687e-01
7.306139152174743190e-01
7.196268199178302849e-01
7.086397435910345433e-01
6.976526859453824336e-01
6.866656466895180166e-01
6.756786255324380708e-01
6.646916221834882066e-01
6.537046363523646431e-01
6.427176677491160950e-01
6.317307160841396652e-01
6.207437810681850632e-01
6.097568624123512748e-01
5.987699598280875612e-01
5.877830730271955684e-01
5.767962017218256632e-01
5.658093456244807085e-01
5.548225044480126211e-01
5.438356779056240375e-01
5.328488657108695348e-01
5.218620675776527440e-01
5.108752832202295702e-01
4.998885123532049723e-01
4.889017546915346291e-01
4.779150099505266036e-01
4.669282778458371808e-01
4.559415580934755852e-01
4.449548504097999846e-01
4.339681545115190997e-01
4.229814701156940915e-01
4.119947969397343424e-01
4.010081347014022302e-01
3.900214831188090203e-01
3.790348419104165867e-01
3.680482107950391324e-01
3.570615894918391930e-01
3.460749777203322441e-01
3.350883752003820937e-01
3.241017816522054895e-01
3.131151967963680116e-01
3.021286203537858484e-01
2.911420520457276839e-01
2.801554915938103130e-01
2.691689387200036920e-01
2.581823931466264987e-01
2.471958545963479914e-01
2.362093227921900074e-01
2.252227974575224945e-01
2.142362783160684236e-01
2.032497650918996535e-01
1.922632575094385676e-01
1.812767552934600734e-01
1.702902581690872719e-01
1.593037658617962316e-01
1.483172780974119087e-01
1.373307946021098680e-01
1.263443151024180588e-01
1.153578393252127215e-01
1.043713669977230502e-01
9.338489784752711242e-02
8.239843160255357069e-02
7.141196799108352755e-02
6.042550674174627934e-02
4.943904758352419410e-02
3.845259024574781276e-02
2.746613445810074106e-02
1.647967995061538210e-02
5.493226453674749168e-03
-5.493226301986285295e-03
-1.647967858528223695e-02
-2.746613066477820997e-02
-3.845258280868808776e-02
-4.943903528487511578e-02
-6.042548836085314540e-02
-7.141194230378174190e-02
-8.239839738047351203e-02
-9.338485385738923283e-02
-1.043713120006390105e-01
-1.153577720759835917e-01
-1.263442343488294373e-01
-1.373306990842360353e-01
-1.483171665469110168e-01
-1.593036370012114455e-01
-1.702901107111448875e-01
-1.812765879403646918e-01
-1.922630689521772629e-01
-2.032495540095371200e-01
-2.142360433750481463e-01
-2.252225373109648654e-01
-2.362090360791875288e-01
-2.471955399412693322e-01
-2.581820491584117527e-01
-2.691685639914655481e-01
-2.801550847009320888e-01
-2.911416115469585564e-01
-3.021281447893450212e-01
-3.131146846875398349e-01
-3.241012315006406297e-01
-3.350877854873957062e-01
-3.460743469061990374e-01
-3.570609160150977068e-01
-3.680474930717868576e-01
-3.790340783336110797e-01
-3.900206720575654651e-01
-4.010072745002910000e-01
-4.119938859180815038e-01
-4.229805065668790776e-01
-4.339671367022751580e-01
-4.449537765795118505e-01
-4.559404264534768214e-01
-4.669270865787109592e-01
-4.779137572094032116e-01
-4.889004385993918622e-01
-4.998871310021658076e-01
-5.108738346708597833e-01
-5.218605498582614688e-01
-5.328472768168067697e-01
-5.438340157985819268e-01
-5.548207570982780501e-01
-5.658074832829292911e-01
-5.767941949298956983e-01
-5.877808929922740955e-01
-5.987675784188190020e-01
-6.097542521539383031e-01
-6.207409151377006884e-01
-6.317275683058303226e-01
-6.427142125897080671e-01
-6.537008489163733671e-01
-6.646874782085184785e-01
-6.756741013844964616e-01
-6.866607193583159630e-01
-6.976473330396425476e-01
-7.086339433337999205e-01
-7.196205511417650413e-01
-7.306071573601753411e-01
-7.415937628813239479e-01
-7.525803685931610199e-01
-7.635669753792946324e-01
-7.745535841189862269e-01
-7.855401956871577163e-01
-7.965268109543869324e-01
-8.075134307869082928e-01
-8.185000560466143549e-01
-8.294866875910512638e-01
-8.404733262734253030e-01
-8.514599729425986752e-01
-8.624466284430905016e-01
-8.734332936150777105e-01
-8.844199692943909286e-01
-8.954066563125210321e-01
-9.063933554966145945e-01
-9.173800676694752188e-01
-9.283667936495644257e-01
-9.393535342509973241e-01
-9.503402902835491606e-01
-9.613270625526511015e-01
-9.723138518593912316e-01
-9.833006590005156644e-01
-9.942874847684237682e-01
-1.005274329951175494e+00
-1.016261195332486267e+00
-1.027248081691728654e+00
-1.038234989803933583e+00
-1.049221920439785016e+00
-1.060208874365626830e+00
-1.071195852343459265e+00
-1.082182855130939370e+00
-1.093169883481382554e+00
-1.104156938143757039e+00
-1.115144019862691627e+00
-1.126131129378470819e+00
-1.137118267427036145e+00
-1.148105434739987274e+00
-1.159092632044577353e+00
-1.170079860063719446e+00
-1.181067119515982533e+00
-1.192054411115594181e+00
-1.203041735572434545e+00
-1.214029093592044806e+00
-1.225016485875621619e+00
-1.236003913120018227e+00
-1.246991376017746678e+00
-1.257978875256971829e+00
-1.268966411521519122e+00
-1.279953985490870139e+00
-1.290941597840161936e+00
-1.301929249240191711e+00
-1.312916940357408357e+00
-1.323904671853922244e+00
-1.334892444387498545e+00
-1.345880258611560132e+00
-1.356868115175187572e+00
-1.367856014723114688e+00
-1.378843957895736327e+00
-1.389831945329102370e+00
-1.400819977654919724e+00
-1.411808055500553660e+00
-1.422796179489022705e+00
-1.433784350239005967e+00
-1.444772568364837806e+00
-1.455760834476509391e+00
-1.466749149179671141e+00
-1.477737513075625397e+00
-1.488725926761336193e+00
-1.499714390829422150e+00
-1.510702905868159363e+00
-1.521691472461482064e+00
-1.532680091188977523e+00
-1.543668762625894031e+00
-1.554657487343134914e+00
-1.565646265907260526e+00
-1.576635098880490027e+00
-1.587623986820694721e+00
-1.598612930281407385e+00
-1.609601929811816268e+00
-1.620590985956765984e+00
-1.631580099256759731e+00
-1.642569270247953961e+00
-1.653558499462165932e+00
-1.664547787426867931e+00
-1.675537134665189276e+00
-1.686526541695917869e+00
-1.697516009033494200e+00
-1.708505537188020229e+00
-1.719495126665252949e+00
-1.730484777966605936e+00
-1.741474491589151574e+00
-1.752464268025615057e+00
-1.763454107764382606e+00
-1.774444011289495693e+00
-1.785433979080652378e+00
-1.796424011613209970e+00
-1.807414109358177701e+00
-1.818404272782226272e+00
-1.829394502347681861e+00
-1.840384798512527009e+00
-1.851375161730403285e+00
-1.862365592450604623e+00
-1.873356091118086209e+00
-1.884346658173458477e+00
-1.895337294052988897e+00
-1.906327999188603073e+00
-1.917318774007879645e+00
-1.928309618934058500e+00
-1.939300534386034114e+00
-1.950291520778359988e+00
-1.961282578521242215e+00
-1.972273708020548133e+00
-1.983264909677800336e+00
-1.994256183890178447e+00
-2.005247531050519783e+00
-2.016238951547315139e+00
-2.027230445764716560e+00
-2.038222014082531341e+00
-2.049213656876222256e+00
-2.060205374516912880e+00
-2.071197167371377379e+00
-2.082189035802052501e+00
-2.093180980167030469e+00
-2.104173000820058537e+00
-2.115165098110543429e+00
-2.126157272383546015e+00
-2.137149523979785748e+00
-2.148141853235639775e+00
-2.159134260483140277e+00
-2.170126746049978461e+00
-2.181119310259498789e+00
-2.192111953430706528e+00
-2.203104675878262420e+00
-2.214097477912483125e+00
-2.225090359839344778e+00
-2.236083321960475878e+00
-2.247076364573166618e+00
-2.258069487970361777e+00
-2.269062692440662943e+00
-2.280055978268330730e+00
-2.291049345733278120e+00
-2.302042795111079343e+00
-2.313036326672964105e+00
-2.324029940685818474e+00
-2.335023637412187103e+00
-2.346017417110267900e+00
-2.357011280033919132e+00
-2.368005226432655874e+00
-2.378999256551647790e+00
-2.389993370631724456e+00
-2.400987568909368264e+00
-2.411981851616721961e+00
-2.422976218981585106e+00
-2.433970671227411842e+00
-2.444965208573316229e+00
-2.455959831234064694e+00
-2.466954539420085357e+00
-2.477949333337461368e+00
-2.488944213187931798e+00
-2.499939179168895631e+00
-2.510934231473403333e+00
-2.521929370290167505e+00
-2.532924595803555778e+00
-2.543919908193591706e+00
-2.554915307635958754e+00
-2.565910794301992315e+00
-2.576906368358688582e+00
-2.587902029968700113e+00
-2.598897779290336274e+00
-2.609893616477561906e+00
-2.620889541679999546e+00
-2.631885555042929425e+00
-2.642881656707288140e+00
-2.653877846809669983e+00
-2.664874125482323386e+00
-2.675870492853156257e+00
-2.686866949045732866e+00
-2.697863494179274735e+00
-2.708860128368660192e+00
-2.719856851724422597e+00
-2.730853664352753896e+00
-2.741850566355502838e+00
-2.752847557830175873e+00
-2.763844638869935366e+00
-2.774841809563599604e+00
-2.785839069995645012e+00
-2.796836420246204824e+00
-2.807833860391069525e+00
-2.818831390501685963e+00
-2.829829010645157350e+00
-2.840826720884244594e+00
-2.851824521277364965e+00
-2.862822411878593876e+00
-2.873820392737662655e+00
-2.884818463899958996e+00
-2.895816625406527400e+00
-2.906814877294071398e+00
-2.917813219594949548e+00
-2.928811652337178106e+00
-2.939810175544428805e+00
-2.950808789236031515e+00
-2.961807493426973359e+00
-2.972806288127897822e+00
-2.983805173345105644e+00
-2.994804149080553479e+00
-3.005803215331854794e+00
-3.016802372092281637e+00
-3.027801619350761975e+00
-3.038800957091881028e+00
-3.049800385295879934e+00
-3.060799903938656641e+00
-3.071799512991767678e+00
-3.082799212422425938e+00
-3.093799002193500680e+00
-3.104798882263517079e+00
-3.115798852586658452e+00
-3.126798913112765366e+00
-3.137799063787335196e+00
-3.148799304551521683e+00
-3.159799635342134927e+00
-3.170800056091642283e+00
-3.181800566728168800e+00
-3.192801167175496779e+00
-3.203801857353063998e+00
-3.214802637175965039e+00
-3.225803506554952182e+00
-3.236804465396434516e+00
-3.247805513602478822e+00
-3.258806651070807803e+00
-3.269807877694800080e+00
-3.280809193363492415e+00
-3.291810597961579266e+00
-3.302812091369411007e+00
-3.313813673462994824e+00
-3.324815344113994264e+00
-3.335817103189730570e+00
-3.346818950553181793e+00
-3.357820886062984567e+00
-3.368822909573428337e+00
-3.379825020934462909e+00
-3.390827219991693120e+00
-3.401829506586382390e+00
-3.412831880555450947e+00
-3.423834341731472719e+00
-3.434836889942682436e+00
-3.445839525012969862e+00
-3.456842246761882009e+00
-3.467845055004624033e+00
-3.478847949552053898e+00
-3.489850930210691704e+00
-3.500853996782710809e+00
-3.511857149065943151e+00
-3.522860386853878367e+00
-3.533863709935659347e+00
-3.544867118096089786e+00
-3.555870611115627966e+00
-3.566874188770390308e+00
-3.577877850832150930e+00
-3.588881597068337204e+00
-3.599885427242037306e+00
-3.610889341111994000e+00
-3.621893338432608189e+00
-3.632897418953938917e+00
-3.643901582421697150e+00
-3.654905828577256433e+00
-3.665910157157643567e+00
-3.676914567895544383e+00
-3.687919060519301073e+00
-3.698923634752910861e+00
-3.709928290316030886e+00
-3.720933026923972431e+00
-3.731937844287705808e+00
-3.742942742113858134e+00
-3.753947720104710672e+00
-3.764952777958205044e+00
-3.775957915367937456e+00
-3.786963132023162260e+00
-3.797968427608791497e+00
-3.808973801805390469e+00
-3.819979254289185278e+00
-3.830984784732057058e+00
-3.841990392801544196e+00
-3.852996078160844107e+00
-3.864001840468805238e+00
-3.875007679379939507e+00
-3.886013594544411198e+00
-3.897019585608044068e+00
-3.908025652212319567e+00
-3.919031793994371515e+00
-3.930038010586995423e+00
-3.941044301618640500e+00
-3.952050666713414984e+00
-3.963057105491084808e+00
-3.974063617567067830e+00
-3.985070202552444041e+00
-3.996076860053947577e+00
-4.007083589673973378e+00
-4.018090391010565199e+00
-4.029097263657432038e+00
-4.040104207203936149e+00
-4.051111221235096593e+00
-4.062118305331591017e+00
-4.073125459069750320e+00
-4.084132682021566652e+00
-4.095139973754685414e+00
-4.106147333832412372e+00
-4.117154761813708319e+00
-4.128162257253189971e+00
-4.139169819701131736e+00
-4.150177448703465721e+00
-4.161185143801780839e+00
-4.172192904533323699e+00
-4.183200730430993275e+00
-4.194208621023350680e+00
-4.205216575834612058e+00
-4.216224594384650359e+00
-4.227232676188996230e+00
-4.238240820758834460e+00
-4.249249027601009310e+00
-4.260257296218021850e+00
-4.271265626108029956e+00
-4.282274016764848312e+00
-4.293282467677946634e+00
-4.304290978332453221e+00
-4.315299548209153180e+00
-4.326308176784489312e+00
-4.337316863530562117e+00
-4.348325607915123570e+00
-4.359334409401587784e+00
-4.370343267449025682e+00
-4.381352181512161437e+00
-4.392361151041382250e+00
-4.403370175482723248e+00
-4.414379254277884357e+00
-4.425388386864218759e+00
-4.436397572674739109e+00
-4.447406811138113092e+00
-4.458416101678662535e+00
-4.469425443716370516e+00
-4.480434836666876919e+00
-4.491444279941475770e+00
-4.502453772947121458e+00
-4.513463315086419847e+00
-4.524472905757638941e+00
-4.535482544354701773e+00
-4.546492230267188184e+00
-4.557501962880336599e+00
-4.568511741575036922e+00
-4.579521565727842081e+00
-4.590531434710959147e+00
-4.601541347892252887e+00
-4.612551304635246652e+00
-4.623561304299114383e+00
-4.634571346238693046e+00
-4.645581429804474638e+00
-4.656591554342608852e+00
-4.667601719194902188e+00
-4.678611923698815289e+00
-4.689622167187467383e+00
-4.700632448989636281e+00
-4.711642768429755712e+00
-4.722653124827917104e+00
-4.733663517499864248e+00
-4.744673945757002187e+00
-4.755684408906393656e+00
-4.766694906250756425e+00
-4.777705437088463292e+00
-4.788716000713546528e+00
-4.799726596415695212e+00
-4.810737223480255231e+00
-4.821747881188229279e+00
-4.832758568816275080e+00
-4.843769285636708943e+00
-4.854780030917505762e+00
-4.865790803922292795e+00
-4.876801603910361216e+00
-4.887812430136650121e+00
-4.898823281851761635e+00
-4.909834158301953799e+00
-4.920845058729140575e+00
-4.931855982370896285e+00
-4.942866928460444065e+00
-4.953877896226671851e+00
-4.964888884894121723e+00
-4.975899893682991681e+00
-4.986910921809140973e+00
-4.997921968484076771e+00
-5.008933032914971939e+00
-5.019944114304652594e+00
-5.030955211851602549e+00
-5.041966324749963313e+00
-5.052977452189527874e+00
-5.063988593355754020e+00
-5.074999747429751906e+00
-5.086010913588288496e+00
-5.097022091003791999e+00
-5.108033278844339442e+00
-5.119044476273671762e+00
-5.130055682451184929e+00
-5.141066896531929942e+00
-5.152078117666619050e+00
-5.163089345001614205e+00
-5.174100577678940382e+00
-5.185111814836278477e+00
-5.196123055606964414e+00
-5.207134299119994481e+00
-5.218145544500014665e+00
-5.229156790867335758e+00
-5.240168037337921803e+00
-5.251179283023393651e+00
-5.262190527031032516e+00
-5.273201768463768424e+00
-5.284213006420196201e+00
-5.295224239994564819e+00
-5.306235468276780054e+00
-5.317246690352407157e+00
-5.328257905302661079e+00
-5.339269112204420686e+00
-5.350280310130218986e+00
-5.361291498148247570e+00
-5.372302675322353949e+00
-5.383313840712040665e+00
-5.394324993372468846e+00
-5.405336132354457312e+00
-5.416347256704481694e+00
-5.427358365464671763e+00
-5.438369457672816765e+00
-5.449380532362362750e+00
-5.460391588562412579e+00
-5.471402625297725919e+00
-5.482413641588717468e+00
-5.493424636451460508e+00
