-1.629665645178746125e-03
-1.629665613030018001e-03
-1.629665390668000313e-03
-1.629664798007635085e-03
-1.629663665800196171e-03
-1.629661833396633952e-03
-1.629659148732809371e-03
-1.629655468328605750e-03
-1.629650657290482307e-03
-1.629644589308698599e-03
-1.629637146659645985e-03
-1.629628220204848432e-03
-1.629617790718240755e-03
-1.629605925075883199e-03
-1.629592607072405386e-03
-1.629577817907845727e-03
-1.629561536856116710e-03
-1.629543741264449785e-03
-1.629524406554616611e-03
-1.629503506222151898e-03
-1.629481011836575455e-03
-1.629456893042391386e-03
-1.629431117556645603e-03
-1.629403651171590361e-03
-1.629374457752907901e-03
-1.629343499240154536e-03
-1.629310735648203945e-03
-1.629276125063805480e-03
-1.629239623649914037e-03
-1.629201185642026317e-03
-1.629160763350179231e-03
-1.629118307159171941e-03
-1.629073765526012352e-03
-1.629027084984024931e-03
-1.628978210138631866e-03
-1.628927083670017595e-03
-1.628873646333350855e-03
-1.628817836955565035e-03
-1.628759592440354176e-03
-1.628698847762954927e-03
-1.628635535974365389e-03
-1.628569588199457741e-03
-1.628500933635534942e-03
-1.628429499556438564e-03
-1.628355211307219719e-03
-1.628277992309579147e-03
-1.628197764058203489e-03
-1.628114446120876302e-03
-1.628027956141253618e-03
-1.627938209834867145e-03
-1.627845120993343109e-03
-1.627748601481626700e-03
-1.627648561237760028e-03
-1.627544908275546653e-03
-1.627437548680665813e-03
-1.627326386614891263e-03
-1.627211324313315721e-03
-1.627092262084239849e-03
-1.626969098311392692e-03
-1.626841729451156127e-03
-1.626710050034896327e-03
-1.626573952668186607e-03
-1.626433328029475156e-03
-1.626288064872638550e-03
-1.626138050024206194e-03
-1.625983168385580768e-03
-1.625823302932816183e-03
-1.625658334714397135e-03
-1.625488142854236706e-03
-1.625312604549122852e-03
-1.625131595070827828e-03
-1.624944987765331028e-03
-1.624752654051264678e-03
-1.624554463422911432e-03
-1.624350283447095755e-03
-1.624139979765737429e-03
-1.623923416095185424e-03
-1.623700454223886425e-03
-1.623470954016603685e-03
-1.623234773410420217e-03
-1.622991768417070269e-03
-1.622741793123272380e-03
-1.622484699687509746e-03
-1.622220338345137236e-03
-1.621948557402830282e-03
-1.621669203243025770e-03
-1.621382120322145681e-03
-1.621087151169375851e-03
-1.620784136389552543e-03
-1.620472914659942809e-03
-1.620153322733242085e-03
-1.619825195435908860e-03
-1.619488365667387519e-03
-1.619142664401995724e-03
-1.618787920688591342e-03
-1.618423961649018139e-03
-1.618050612479882133e-03
-1.617667696451219328e-03
-1.617275034907383890e-03
-1.616872447267270196e-03
-1.616459751022980562e-03
-1.616036761741268535e-03
-1.615603293062428669e-03
-1.615159156700851639e-03
-1.614704162445912417e-03
-1.614238118159416757e-03
-1.613760829778487782e-03
-1.613272101313789619e-03
-1.612771734849638428e-03
-1.612259530545667729e-03
-1.611735286633719788e-03
-1.611198799370439083e-03
-1.610649452313928087e-03
-1.610086698878632205e-03
-1.609510411985315415e-03
-1.608920465470231598e-03
-1.608316734088455213e-03
-1.607699093510217558e-03
-1.607067420324237439e-03
-1.606421592035833790e-03
-1.605761487066481585e-03
-1.605086984756143309e-03
-1.604397965360049305e-03
-1.603694310051917427e-03
-1.602975900922287700e-03
-1.602242620977523124e-03
-1.601494354142585230e-03
-1.600730985257592387e-03
-1.599952400081594561e-03
-1.599158485289797760e-03
-1.598349128473786074e-03
-1.597524218143298036e-03
-1.596683643723784130e-03
-1.595827295559071324e-03
-1.594955064909253650e-03
-1.594066843951358337e-03
-1.593162525779900918e-03
-1.592242004405441946e-03
-1.591305174756363350e-03
-1.590351932678313318e-03
-1.589382174933096081e-03
-1.588395799200226222e-03
-1.587392704075263339e-03
-1.586372789071699430e-03
-1.585335954620292753e-03
-1.584282102067513520e-03
-1.583211133678097404e-03
-1.582122952632714075e-03
-1.581017463029632530e-03
-1.579894569884721101e-03
-1.578754179129560065e-03
-1.577596197613773121e-03
-1.576420533103028987e-03
-1.575227094280706730e-03
-1.574015790747673726e-03
-1.572786533020176236e-03
-1.571539232533392116e-03
-1.570273801637656064e-03
-1.568990153601568238e-03
-1.567688202610773018e-03
-1.566367863766626733e-03
-1.565029053089417310e-03
-1.563671687514367470e-03
-1.562295684895076420e-03
-1.560900964002298608e-03
-1.559487444522389410e-03
-1.558055047060635800e-03
-1.556603693136815458e-03
-1.555133305190414816e-03
-1.553643806576521236e-03
-1.552135121566822207e-03
-1.550607175351381706e-03
-1.549059894035309526e-03
-1.547493204642758080e-03
-1.545907035114035821e-03
-1.544301314305718265e-03
-1.542675971992979456e-03
-1.541030938865817213e-03
-1.539366146533494017e-03
-1.537681527521317371e-03
-1.535977015270861834e-03
-1.534252544142189478e-03
-1.532508049410741258e-03
-1.530743467270112568e-03
-1.528958734831165067e-03
-1.527153790120361343e-03
-1.525328572082540468e-03
-1.523483020578475511e-03
-1.521617076386538869e-03
-1.519730681202591249e-03
-1.517823777638316329e-03
-1.515896309223441207e-03
-1.513948220403626976e-03
-1.511979456542467126e-03
-1.509989963920821410e-03
-1.507979689735094997e-03
-1.505948582100347100e-03
-1.503896590047126836e-03
-1.501823663524026742e-03
-1.499729753396961129e-03
-1.497614811447278704e-03
-1.495478790375093237e-03
-1.493321643795897380e-03
-1.491143326243504763e-03
-1.488943793168551188e-03
-1.486723000937606454e-03
-1.484480906835616842e-03
-1.482217469063185078e-03
-1.479932646739123836e-03
-1.477626399899178988e-03
-1.475298689494752846e-03
-1.472949477395957274e-03
-1.470578726388283020e-03
-1.468186400175597317e-03
-1.465772463378645085e-03
-1.463336881533827682e-03
-1.460879621095922953e-03
-1.458400649436641938e-03
-1.455899934843574162e-03
-1.453377446522852168e-03
-1.450833154596042895e-03
-1.448267030102812214e-03
-1.445679044999925722e-03
-1.443069172159860969e-03
-1.440437385373971590e-03
-1.437783659348768062e-03
-1.435107969708748765e-03
-1.432410292995844880e-03
-1.429690606667644026e-03
-1.426948889100332352e-03
-1.424185119585363868e-03
-1.421399278332513560e-03
-1.418591346468489611e-03
-1.415761306036045220e-03
-1.412909139996254559e-03
-1.410034832225681711e-03
-1.407138367518989686e-03
-1.404219731587996733e-03
-1.401278911060455101e-03
-1.398315893482382499e-03
-1.395330667315453077e-03
-1.392323221939273381e-03
-1.389293547650771732e-03
-1.386241635662421867e-03
-1.383167478105573611e-03
-1.380071068026733627e-03
-1.376952399390618531e-03
-1.373811467078989157e-03
-1.370648266889651357e-03
-1.367462795538676446e-03
-1.364255050657736668e-03
-1.361025030796381152e-03
-1.357772735421536314e-03
-1.354498164916007052e-03
-1.351201320580752707e-03
-1.347882204632611103e-03
-1.344540820206130416e-03
-1.341177171353180597e-03
-1.337791263041621104e-03
-1.334383101157243789e-03
-1.330952692502052059e-03
-1.327500044795648648e-03
-1.324025166674847043e-03
-1.320528067692505747e-03
-1.317008758319471173e-03
-1.313467249942690263e-03
-1.309903554866820308e-03
-1.306317686313729354e-03
-1.302709658421108418e-03
-1.299079486245025006e-03
-1.295427185757369593e-03
-1.291752773847743008e-03
-1.288056268323012343e-03
-1.284337687905978687e-03
-1.280597052237708589e-03
-1.276834381875036062e-03
-1.273049698292560983e-03
-1.269243023882316024e-03
-1.265414381951879275e-03
-1.261563796727371844e-03
-1.257691293350848838e-03
-1.253796897881742645e-03
-1.249880637297140495e-03
-1.245942539489564016e-03
-1.241982633270299896e-03
-1.238000948366180243e-03
-1.233997515421858537e-03
-1.229972365999310036e-03
-1.225925532576110921e-03
-1.221857048548546931e-03
-1.217766948228504731e-03
-1.213655266845581338e-03
-1.209522040546751054e-03
-1.205367306394644622e-03
-1.201191102370657848e-03
-1.196993467371509912e-03
-1.192774441211796876e-03
-1.188534064623714137e-03
-1.184272379254669438e-03
-1.179989427671168656e-03
-1.175685253354930015e-03
-1.171359900705604140e-03
-1.167013415040329960e-03
-1.162645842591680800e-03
-1.158257230510939539e-03
-1.153847626864823450e-03
-1.149417080638259758e-03
-1.144965641733164396e-03
-1.140493360967220760e-03
-1.136000290076766284e-03
-1.131486481713350756e-03
-1.126951989447066982e-03
-1.122396867764829942e-03
-1.117821172069211055e-03
-1.113224958681713339e-03
-1.108608284838830116e-03
-1.103971208695597728e-03
-1.099313789324041224e-03
-1.094636086711675560e-03
-1.089938161765058311e-03
-1.085220076305737358e-03
-1.080481893073637067e-03
-1.075723675725837047e-03
-1.070945488834851300e-03
-1.066147397892291959e-03
-1.061329469304650441e-03
-1.056491770397016694e-03
-1.051634369411247327e-03
-1.046757335505132946e-03
-1.041860738755007176e-03
-1.036944650152527014e-03
-1.032009141607725944e-03
-1.027054285947570644e-03
-1.022080156914850768e-03
-1.017086829170843476e-03
-1.012074378292204813e-03
-1.007042880774078331e-03
-1.001992414028374245e-03
-9.969230563828257452e-04
-9.918348870838200604e-04
-9.867279862929567713e-04
-9.816024350905450113e-04
-9.764583154731609760e-04
-9.712957103537589454e-04
-9.661147035638362190e-04
-9.609153798500469357e-04
-9.556978248773662088e-04
-9.504621252276745924e-04
-9.452083683988699025e-04
-9.399366428070321522e-04
-9.346470377848692390e-04
-9.293396435814671452e-04
-9.240145513639275165e-04
-9.186718532152027272e-04
-9.133116421363440818e-04
-9.079340120451417917e-04
-9.025390577756253752e-04
-8.971268750799787917e-04
-8.916975606260979514e-04
-8.862512120000609617e-04
-8.807879277046848365e-04
-8.753078071589703857e-04
-8.698109507001006158e-04
-8.642974595810815064e-04
-8.587674359729069451e-04
-8.532209829634207487e-04
-8.476582045566505297e-04
-8.420792056748060972e-04
-8.364840921559202336e-04
-8.308729707557915845e-04
-8.252459491474850584e-04
-8.196031359200550703e-04
-8.139446405806272100e-04
-8.082705735522333068e-04
-8.025810461757543202e-04
-7.968761707092542057e-04
-7.911560603267309144e-04
-7.854208291203368386e-04
-7.796705920981861215e-04
-7.739054651860755030e-04
-7.681255652270957412e-04
-7.623310099802993456e-04
-7.565219181228655110e-04
-7.506984092478519166e-04
-7.448606038661098605e-04
-7.390086234057291481e-04
-7.331425902107613357e-04
-7.272626275433291543e-04
-7.213688595816003524e-04
-7.154614114214252751e-04
-7.095404090758650195e-04
-7.036059794739979445e-04
-6.976582504629735837e-04
-6.916973508059587328e-04
-6.857234101837750284e-04
-6.797365591945381258e-04
-6.737369293522699198e-04
-6.677246530892300136e-04
-6.616998637535287386e-04
-6.556626956110145343e-04
-6.496132838448298585e-04
-6.435517645539678977e-04
-6.374782747557428131e-04
-6.313929523832084723e-04
-6.252959362872678728e-04
-6.191873662361180308e-04
-6.130673829136124020e-04
-6.069361279222029726e-04
-6.007937437799149016e-04
-5.946403739227057450e-04
-5.884761627037438103e-04
-5.823012553918538448e-04
-5.761157981745423928e-04
-5.699199381548614163e-04
-5.637138233537120069e-04
-5.574976027093447861e-04
-5.512714260755557927e-04
-5.450354442248506182e-04
-5.387898088453357826e-04
-5.325346725428836692e-04
-5.262695950971063574e-04
-5.199910005248276068e-04
-5.136984450145321013e-04
-5.073921454659957586e-04
-5.010723181037429752e-04
-4.947391784765331479e-04
-4.883929414557230952e-04
-4.820338212382507814e-04
-4.756620313436515923e-04
-4.692777846161538813e-04
-4.628812932243736578e-04
-4.564727686593716971e-04
-4.500524217379842096e-04
-4.436204625992284933e-04
-4.371771007073838033e-04
-4.307225448507284726e-04
-4.242570031400966224e-04
-4.177806830120978088e-04
-4.112937912254810424e-04
-4.047965338643544353e-04
-3.982891163367280329e-04
-3.917717433731954246e-04
-3.852446190301672679e-04
-3.787079466861520416e-04
-3.721619290450034478e-04
-3.656067681345048781e-04
-3.590426653050371453e-04
-3.524698212327703750e-04
-3.458884359159725141e-04
-3.392987086782844885e-04
-3.327008381672352799e-04
-3.260950223529790470e-04
-3.194814585314592614e-04
-3.128603433207310935e-04
-3.062318726641533040e-04
-2.995962418290559759e-04
-2.929536454053804917e-04
-2.863042773088159132e-04
-2.796483307771768789e-04
-2.729859983735954954e-04
-2.663174719851890693e-04
-2.596429428216584512e-04
-2.529626014184244154e-04
-2.462766376331027018e-04
-2.395852406486126407e-04
-2.328885989718101901e-04
-2.261869004321626075e-04
-2.194803321848640132e-04
-2.127690807073243096e-04
-2.060533318022847449e-04
-1.993332705961109452e-04
-1.926090815383071919e-04
-1.858809484034038007e-04
-1.791490542896387317e-04
-1.724135816184441117e-04
-1.656747121363197350e-04
-1.589326269125293511e-04
-1.521875063413835605e-04
-1.454395301408659136e-04
-1.386888773522165774e-04
-1.319357263416601200e-04
-1.251802547982509839e-04
-1.184226397360696459e-04
-1.116630574928660635e-04
-1.049016837296225246e-04
-9.813869343237857645e-05
-9.137426090992384342e-05
-8.460855979611214828e-05
-7.784176304846679439e-05
-7.107404294773994602e-05
-6.430557109972888374e-05
-5.753651843300178204e-05
-5.076705520117540116e-05
-4.399735098154118618e-05
-3.722757467462117775e-05
-3.045789450597906345e-05
-2.368847802404570185e-05
-1.691949210192670444e-05
-1.015110293695964741e-05
-3.383476049342013826e-06
3.383223715501559349e-06
1.014883218964854339e-05
1.691318587994893041e-05
2.367612196938970182e-05
3.043747831809641424e-05
3.719709346060133537e-05
4.395480660949156737e-05
5.071045765175398456e-05
5.746388715060710140e-05
6.421493634641006754e-05
7.096344715392874369e-05
7.770926216597515146e-05
8.445222464978016652e-05
9.119217854878375329e-05
9.792896848357865447e-05
1.046624397491660585e-04
1.113924383185881106e-04
1.181188108393023406e-04
1.248414046349857753e-04
1.315600677064751589e-04
1.382746487289740478e-04
1.449849970557928747e-04
1.516909627145915374e-04
1.583923964092875947e-04
1.650891495209513837e-04
1.717810741050304624e-04
1.784680228950411007e-04
1.851498492988976063e-04
1.918264074007441922e-04
1.984975519618709106e-04
2.051631384179727902e-04
2.118230228827788775e-04
2.184770621444578897e-04
2.251251136673806941e-04
2.317670355930570580e-04
2.384026867374225422e-04
2.450319265944467251e-04
2.516546153325111002e-04
2.582706137962270665e-04
2.648797835073379847e-04
2.714819866620199473e-04
2.780770861344344924e-04
2.846649454732591566e-04
2.912454289032972987e-04
2.978184013265328112e-04
3.043837283193406851e-04
3.109412761362062572e-04
3.174909117059226960e-04
3.240325026336032810e-04
3.305659172012503921e-04
3.370910243660207861e-04
3.436076937620990979e-04
3.501157956986855613e-04
3.566152011611062322e-04
3.631057818116179003e-04
3.695874099876456098e-04
3.760599587035173830e-04
3.825233016487294968e-04
3.889773131888207836e-04
3.954218683662885647e-04
4.018568428987567831e-04
4.082821131808217485e-04
4.146975562822063921e-04
4.211030499486623224e-04
4.274984726029551485e-04
4.338837033429215895e-04
4.402586219433846093e-04
4.466231088542799155e-04
4.529770452016412818e-04
4.593203127884193382e-04
4.656527940926913356e-04
4.719743722695207699e-04
4.782849311490977584e-04
4.845843552376549734e-04
4.908725297183835767e-04
4.971493404496013513e-04
5.034146739665845693e-04
5.096684174797916356e-04
5.159104588756402432e-04
5.221406867176037192e-04
5.283589902441709896e-04
5.345652593709282474e-04
5.407593846884495292e-04
5.469412574634902047e-04
5.531107696397086215e-04
5.592678138359175044e-04
5.654122833477492893e-04
5.715440721462128337e-04
5.776630748781930169e-04
5.837691868675332074e-04
5.898623041133144174e-04
5.959423232914651258e-04
6.020091417531514555e-04
6.080626575254988175e-04
6.141027693126466236e-04
6.201293764938609065e-04
6.261423791253106774e-04
6.321416779383470796e-04
6.381271743404193231e-04
6.440987704158240845e-04
6.500563689240401732e-04
6.559998733015326433e-04
6.619291876598931701e-04
6.678442167867004731e-04
6.737448661466027833e-04
6.796310418796525088e-04
6.855026508014172570e-04
6.913596004047839472e-04
6.972017988571277414e-04
7.030291550037259807e-04
7.088415783644275159e-04
7.146389791351792642e-04
7.204212681891364323e-04
7.261883570738036919e-04
7.319401580148376940e-04
7.376765839121890433e-04
7.433975483421007002e-04
7.491029655579128921e-04
7.547927504874540894e-04
7.604668187364826970e-04
7.661250865853008740e-04
7.717674709903366015e-04
7.773938895851706388e-04
7.830042606778442327e-04
7.885985032543840756e-04
7.941765369752495918e-04
7.997382821771370498e-04
8.052836598739232521e-04
8.108125917537789551e-04
8.163250001830268943e-04
8.218208082023670258e-04
8.272999395287083946e-04
8.327623185561128238e-04
8.382078703530748687e-04
8.436365206660745297e-04
8.490481959160522951e-04
8.544428232001854973e-04
8.598203302927764913e-04
8.651806456424770975e-04
8.705236983760911151e-04
8.758494182947162976e-04
8.811577358757982648e-04
8.864485822738243925e-04
8.917218893177702999e-04
8.969775895145692957e-04
9.022156160456706875e-04
9.074359027686218493e-04
9.126383842182617112e-04
9.178229956036676462e-04
9.229896728121800287e-04
9.281383524052944090e-04
9.332689716209097153e-04
9.383814683740221430e-04
9.434757812540328636e-04
9.485518495283562501e-04
9.536096131388949182e-04
9.586490127037050613e-04
9.636699895180234066e-04
9.686724855514361465e-04
9.736564434517092081e-04
9.786218065407914501e-04
9.835685188171461313e-04
9.884965249561394884e-04
9.934057703076537571e-04
9.982962008996398851e-04
1.003167763434342774e-03
1.008020405290355193e-03
1.012854074523394932e-03
1.017668719863473736e-03
1.022464290718727575e-03
1.027240737171808416e-03
1.031998009981494047e-03
1.036736060583576258e-03
1.041454841088473859e-03
1.046154304284452330e-03
1.050834403634515191e-03
1.055495093277514229e-03
1.060136328029370745e-03
1.064758063381299191e-03
1.069360255501361490e-03
1.073942861232690671e-03
1.078505838094545588e-03
1.083049144283088072e-03
1.087572738669773109e-03
1.092076580802792130e-03
1.096560630905574207e-03
1.101024849877618728e-03
1.105469199295439076e-03
1.109893641410397702e-03
1.114298139151259637e-03
1.118682656121472441e-03
1.123047156600831542e-03
1.127391605546146369e-03
1.131715968588964394e-03
1.136020212038124644e-03
1.140304302877592768e-03
1.144568208767293704e-03
1.148811898044055368e-03
1.153035339719943320e-03
1.157238503483981606e-03
1.161421359700209877e-03
1.165583879408849111e-03
1.169726034326967756e-03
1.173847796846982927e-03
1.177949140038048181e-03
1.182030037644443698e-03
1.186090464086575480e-03
1.190130394461919039e-03
1.194149804542798954e-03
1.198148670778831359e-03
1.202126970294536967e-03
1.206084680890451288e-03
1.210021781044401390e-03
1.213938249908896871e-03
1.217834067313738888e-03
1.221709213763633173e-03
1.225563670439577812e-03
1.229397419199362851e-03
1.233210442575904953e-03
1.237002723779023761e-03
1.240774246693998606e-03
1.244524995881790552e-03
1.248254956580485686e-03
1.251964114703296715e-03
1.255652456840228304e-03
1.259319970256744803e-03
1.262966642894103320e-03
1.266592463370574961e-03
1.270197420980001546e-03
1.273781505691629068e-03
1.277344708151995079e-03
1.280887019682486194e-03
1.284408432281392010e-03
1.287908938622905897e-03
1.291388532056514382e-03
1.294847206608940038e-03
1.298284956981532456e-03
1.301701778553654432e-03
1.305097667378851689e-03
1.308472620187128843e-03
1.311826634385671042e-03
1.315159708055735344e-03
1.318471839957091607e-03
1.321763029523415067e-03
1.325033276865061893e-03
1.328282582769291231e-03
1.331510948697822716e-03
1.334718376790278160e-03
1.337904869861072932e-03
1.341070431400415153e-03
1.344215065575915524e-03
1.347338777229534212e-03
1.350441571881078051e-03
1.353523455725258451e-03
1.356584435632524066e-03
1.359624519150615107e-03
1.362643714501732273e-03
1.365642030586200484e-03
1.368619476978527594e-03
1.371576063929624834e-03
1.374511802367472946e-03
1.377426703894457649e-03
1.380320780791199908e-03
1.383194046012281575e-03
1.386046513188965434e-03
1.388878196629583783e-03
1.391689111316540828e-03
1.394479272910698064e-03
1.397248697747044410e-03
1.399997402836916649e-03
1.402725405868943120e-03
1.405432725205768563e-03
1.408119379888383982e-03
1.410785389632185360e-03
1.413430774828694503e-03
1.416055556546558236e-03
1.418659756528994897e-03
1.421243397197013980e-03
1.423806501646196487e-03
1.426349093648471289e-03
1.428871197652559211e-03
1.431372838781974632e-03
1.433854042838023091e-03
1.436314836296470610e-03
1.438755246309431080e-03
1.441175300705921369e-03
1.443575027989585369e-03
1.445954457342135679e-03
1.448313618619412324e-03
1.450652542353769725e-03
1.452971259754631816e-03
1.455269802705660975e-03
1.457548203768865847e-03
1.459806496180382496e-03
1.462044713852805877e-03
1.464262891375633924e-03
1.466461064012991589e-03
1.468639267706850493e-03
1.470797539073809279e-03
1.472935915406592411e-03
1.475054434674938353e-03
1.477153135523212590e-03
1.479232057273682788e-03
1.481291239923077097e-03
1.483330724144249491e-03
1.485350551287289989e-03
1.487350763377248697e-03
1.489331403115801145e-03
1.491292513880471127e-03
1.493234139724242127e-03
1.495156325377111628e-03
1.497059116244647825e-03
1.498942558408877801e-03
1.500806698627288327e-03
1.502651584333380974e-03
1.504477263637116202e-03
1.506283785324358249e-03
1.508071198857430240e-03
1.509839554374003967e-03
1.511588902687766023e-03
1.513319295289194955e-03
1.515030784344006953e-03
1.516723422694932211e-03
1.518397263859938562e-03
1.520052362032675575e-03
1.521688772084250907e-03
1.523306549560343726e-03
1.524905750683869243e-03
1.526486432353202360e-03
1.528048652142288688e-03
1.529592468302198860e-03
1.531117939758908086e-03
1.532625126115849667e-03
1.534114087651361480e-03
1.535584885319463133e-03
1.537037580751854371e-03
1.538472236254584402e-03
1.539888914811382570e-03
1.541287680080438705e-03
1.542668596396512548e-03
1.544031728771155798e-03
1.545377142890935751e-03
1.546704905119655749e-03
1.548015082495801664e-03
1.549307742734318261e-03
1.550582954227053278e-03
1.551840786040648013e-03
1.553081307919423892e-03
1.554304590281718745e-03
1.555510704222995422e-03
1.556699721515286683e-03
1.557871714605529867e-03
1.559026756617898357e-03
1.560164921351470113e-03
1.561286283281781984e-03
1.562390917560718684e-03
1.563478900015957684e-03
1.564550307151524322e-03
1.565605216147236689e-03
1.566643704858372566e-03
1.567665851817223732e-03
1.568671736231985747e-03
1.569661437985980790e-03
1.570635037640211173e-03
1.571592616429695610e-03
1.572534256267466013e-03
1.573460039741569894e-03
1.574370050115625475e-03
1.575264371330709068e-03
1.576143088002024406e-03
1.577006285423565579e-03
1.577854049562676941e-03
1.578686467063605825e-03
1.579503625247724585e-03
1.580305612110532998e-03
1.581092516325988129e-03
1.581864427241730375e-03
1.582621434882525158e-03
1.583363629949596785e-03
1.584091103818963120e-03
1.584803948544655228e-03
1.585502256854609548e-03
1.586186122153665501e-03
1.586855638523565482e-03
1.587510900720290330e-03
1.588152004178056131e-03
1.588779045005539459e-03
1.589392119987431684e-03
1.589991326585549203e-03
1.590576762936501964e-03
1.591148527854358008e-03
1.591706720828311994e-03
1.592251442023129293e-03
1.592782792280922344e-03
1.593300873118486116e-03
1.593805786730184693e-03
1.594297635985286732e-03
1.594776524429075693e-03
1.595242556283626989e-03
1.595695836446142657e-03
1.596136470491171799e-03
1.596564564668168096e-03
1.596980225902489003e-03
1.597383561796950069e-03
1.597774680628383237e-03
1.598153691351966721e-03
1.598520703597339221e-03
1.598875827669932193e-03
1.599219174552857226e-03
1.599550855903242308e-03
1.599870984056450673e-03
1.600179672022306043e-03
1.600477033486535916e-03
1.600763182812547925e-03
1.601038235037544055e-03
1.601302305877294607e-03
1.601555514926800150e-03
1.601799808473636233e-03
1.602036881201529539e-03
1.602266896765458526e-03
1.602490016497926106e-03
1.602706399404629778e-03
1.602916202167126158e-03
1.603119579143608142e-03
1.603316682365463208e-03
1.603507661541936358e-03
1.603692664055134109e-03
1.603871834963688237e-03
1.604045317001978610e-03
1.604213250578356842e-03
1.604375773778254910e-03
1.604533022361187555e-03
1.604685129761862505e-03
1.604832227091179675e-03
1.604974443134787876e-03
1.605111904354195040e-03
1.605244734885657998e-03
1.605373056540626564e-03
1.605496988806520697e-03
1.605616648845731298e-03
1.605732151496397364e-03
1.605843609271406791e-03
1.605951132358840461e-03
1.606054828622749397e-03
1.606154803602155567e-03
1.606251160511940057e-03
1.606344000241510805e-03
1.606433421355468738e-03
1.606519520095051057e-03
1.606602390375355682e-03
1.606682123788005789e-03
1.606758809599151405e-03
1.606832534750135544e-03
1.606903383858604428e-03
1.606971439216398068e-03
1.607036780791770703e-03
1.607099486227614449e-03
1.607159630841792364e-03
1.607217287628692759e-03
1.607272527256675687e-03
1.607325418070737477e-03
1.607376026090401311e-03
1.607424415009939267e-03
1.607470646200703790e-03
1.607514778707574976e-03
1.607556869252402265e-03
1.607596972230784793e-03
1.607635139714291839e-03
1.607671421450351801e-03
1.607705864860808909e-03
1.607738515044254690e-03
1.607769414772586281e-03
1.607798604494226069e-03
1.607826122333233521e-03
1.607852004088194953e-03
1.607876283233999892e-03
1.607898990919509608e-03
1.607920155969777554e-03
1.607939804885161195e-03
1.607957961841322003e-03
1.607974648689447505e-03
1.607989884955474125e-03
1.608003687840642293e-03
1.608016072222162585e-03
1.608027050652549583e-03
1.608036633358622680e-03
1.608044828244281632e-03
1.608051640886731803e-03
1.608057074539925857e-03
1.608061130133120464e-03
1.608063806269766083e-03
1.608065099230060468e-03
1.608065002968062096e-03
1.608063509115020828e-03
1.608060606975714180e-03
1.608056283530778785e-03
1.608050523437154489e-03
1.608043309025197765e-03
1.608034620303233631e-03
1.608024434952337600e-03
