-1.643114978522878245e-01
-1.643114955798744004e-01
-1.643114797701517582e-01
-1.643114372733703588e-01
-1.643113553534200078e-01
-1.643112215899698025e-01
-1.643110238778976440e-01
-1.643107504272900421e-01
-1.643103897634422550e-01
-1.643099307268582610e-01
-1.643093624732507030e-01
-1.643086744735411386e-01
-1.643078614748414434e-01
-1.643069222827119036e-01
-1.643058499324278610e-01
-1.643046372844356173e-01
-1.643032770674826559e-01
-1.643017618786173362e-01
-1.643000841831891989e-01
-1.642982363148488001e-01
-1.642962104755477104e-01
-1.642939987355386822e-01
-1.642915930333753716e-01
-1.642889851759125608e-01
-1.642861668383061025e-01
-1.642831295640128086e-01
-1.642798647647907562e-01
-1.642763637206988148e-01
-1.642726175800970911e-01
-1.642686173596466515e-01
-1.642643539443096601e-01
-1.642598180873493796e-01
-1.642550004103299766e-01
-1.642498914031168822e-01
-1.642444814238763762e-01
-1.642387606990759474e-01
-1.642327193234840998e-01
-1.642263472601702690e-01
-1.642196343405051828e-01
-1.642125702641603069e-01
-1.642051445991085101e-01
-1.641973467816235377e-01
-1.641891661162800942e-01
-1.641805917759541211e-01
-1.641716128018225196e-01
-1.641622181033632055e-01
-1.641523964583553596e-01
-1.641421365128789001e-01
-1.641314267813150929e-01
-1.641202556463459694e-01
-1.641086113589549367e-01
-1.640964820384262779e-01
-1.640838556723452357e-01
-1.640707201165983453e-01
-1.640570630953729347e-01
-1.640428722011576523e-01
-1.640281348947420503e-01
-1.640128385052166959e-01
-1.639969702299733101e-01
-1.639805171347045731e-01
-1.639634661534043469e-01
-1.639458040883675083e-01
-1.639275176101898657e-01
-1.639085932577684368e-01
-1.638890174383011433e-01
-1.638687764272871161e-01
-1.638478563685265010e-01
-1.638262432741204311e-01
-1.638039230244711653e-01
-1.637808813682818943e-01
-1.637571039225570457e-01
-1.637325761726020068e-01
-1.637072834720231795e-01
-1.636812110427280920e-01
-1.636543439749252316e-01
-1.636266672271242950e-01
-1.635981656261359385e-01
-1.635688238670718053e-01
-1.635386265133448036e-01
-1.635075579966685511e-01
-1.634756026170580967e-01
-1.634427445428293657e-01
-1.634089678105992427e-01
-1.633742563252859048e-01
-1.633385938601082943e-01
-1.633019640565867014e-01
-1.632643504245423483e-01
-1.632257363420973328e-01
-1.631861050556751569e-01
-1.631454396800000040e-01
-1.631037231980974611e-01
-1.630609384612939916e-01
-1.630170681892170181e-01
-1.629720949697952004e-01
-1.629260012592582130e-01
-1.628787693821367177e-01
-1.628303845934658822e-01
-1.627808435395973197e-01
-1.627301294204525073e-01
-1.626782235908307839e-01
-1.626251075970900073e-01
-1.625707631771465822e-01
-1.625151722604750715e-01
-1.624583169681087513e-01
-1.624001796126392505e-01
-1.623407426982165225e-01
-1.622799889205491231e-01
-1.622179011669038218e-01
-1.621544625161059905e-01
-1.620896562385394646e-01
-1.620234657961462932e-01
-1.619558748424272387e-01
-1.618868672224412220e-01
-1.618164269728058213e-01
-1.617445383216969124e-01
-1.616711856888488064e-01
-1.615963536855543614e-01
-1.615200271146646493e-01
-1.614421909705893998e-01
-1.613628304392967228e-01
-1.612819308983130251e-01
-1.611994779167233438e-01
-1.611154572551708741e-01
-1.610298548658575524e-01
-1.609426568925435841e-01
-1.608538496705475829e-01
-1.607634197267467369e-01
-1.606713537795763924e-01
-1.605776387390306092e-01
-1.604822617066617996e-01
-1.603852099755807004e-01
-1.602864710304566787e-01
-1.601860325475172320e-01
-1.600838823945485712e-01
-1.599800086308952873e-01
-1.598743995074602409e-01
-1.597670434667049499e-01
-1.596579291426491187e-01
-1.595470453608710537e-01
-1.594343811385075249e-01
-1.593199256842535716e-01
-1.592036683983628631e-01
-1.590855988726472547e-01
-1.589657068904772041e-01
-1.588439824267816602e-01
-1.587204156480477857e-01
-1.585949969123214010e-01
-1.584677167692065403e-01
-1.583385659598658401e-01
-1.582075354170203452e-01
-1.580746162649494524e-01
-1.579397998194910779e-01
-1.578030775880414349e-01
-1.576644412695553110e-01
-1.575238827545459297e-01
-1.573813941250847837e-01
-1.572369676548020512e-01
-1.570905958088860133e-01
-1.569422712440836365e-01
-1.567919868087003232e-01
-1.566397355425996896e-01
-1.564855106772040649e-01
-1.563293056354939370e-01
-1.561711140320083957e-01
-1.560109296728449946e-01
-1.558487465556595564e-01
-1.556845588696665061e-01
-1.555183609956384827e-01
-1.553501475059068104e-01
-1.551799131643611107e-01
-1.550076529264494130e-01
-1.548333619391782934e-01
-1.546570355411125419e-01
-1.544786692623756064e-01
-1.542982588246493703e-01
-1.541158001411738754e-01
-1.539312893167479601e-01
-1.537447226477285656e-01
-1.535560966220312351e-01
-1.533654079191300312e-01
-1.531726534100572024e-01
-1.529778301574036825e-01
-1.527809354153186194e-01
-1.525819666295096799e-01
-1.523809214372430776e-01
-1.521777976673432398e-01
-1.519725933401932516e-01
-1.517653066677343843e-01
-1.515559360534665390e-01
-1.513444800924480527e-01
-1.511309375712954206e-01
-1.509153074681839901e-01
-1.506975889528471835e-01
-1.504777813865769975e-01
-1.502558843222239204e-01
-1.500318975041967651e-01
-1.498058208684628356e-01
-1.495776545425478166e-01
-1.493473988455358281e-01
-1.491150542880695928e-01
-1.488806215723499360e-01
-1.486441015921364239e-01
-1.484054954327468090e-01
-1.481648043710575013e-01
-1.479220298755032359e-01
-1.476771736060771278e-01
-1.474302374143308114e-01
-1.471812233433742456e-01
-1.469301336278759362e-01
-1.466769706940628804e-01
-1.464217371597202055e-01
-1.461644358341918082e-01
-1.459050697183797984e-01
-1.456436420047447777e-01
-1.453801560773059498e-01
-1.451146155116406211e-01
-1.448470240748847282e-01
-1.445773857257327266e-01
-1.443057046144372579e-01
-1.440319850828096215e-01
-1.437562316642193860e-01
-1.434784490835946391e-01
-1.431986422574219320e-01
-1.429168162937461128e-01
-1.426329764921706322e-01
-1.423471283438571822e-01
-1.420592775315260292e-01
-1.417694299294559035e-01
-1.414775916034837766e-01
-1.411837688110053057e-01
-1.408879680009742508e-01
-1.405901958139030850e-01
-1.402904590818627450e-01
-1.399887648284822705e-01
-1.396851202689494698e-01
-1.393795328100104203e-01
-1.390720100499695799e-01
-1.387625597786900922e-01
-1.384511899775931754e-01
-1.381379088196588167e-01
-1.378227246694251340e-01
-1.375057354250694697e-01
-1.371871454453132966e-01
-1.368669588485968147e-01
-1.365451719619114324e-01
-1.362217811586830529e-01
-1.358967828587722970e-01
-1.355701735284746412e-01
-1.352419496805200572e-01
-1.349121078740732615e-01
-1.345806447147336604e-01
-1.342475568545353770e-01
-1.339128409919472240e-01
-1.335764938718726480e-01
-1.332385122856498960e-01
-1.328988930710517102e-01
-1.325576331122856888e-01
-1.322147293399941193e-01
-1.318701787312537843e-01
-1.315239783095764614e-01
-1.311761251449082566e-01
-1.308266163536302429e-01
-1.304754490985581827e-01
-1.301226205889423060e-01
-1.297681280804677539e-01
-1.294119688752541353e-01
-1.290541403218559702e-01
-1.286946398152624127e-01
-1.283334647968971121e-01
-1.279706127546187400e-01
-1.276060812227202967e-01
-1.272398677819296942e-01
-1.268719700594095889e-01
-1.265023857287570497e-01
-1.261311125100041952e-01
-1.257581481696174452e-01
-1.253834905204982142e-01
-1.250071374219824671e-01
-1.246290867798408863e-01
-1.242493365462788574e-01
-1.238678847199363720e-01
-1.234847293458881945e-01
-1.230998685156438205e-01
-1.227133003671472544e-01
-1.223250230847774123e-01
-1.219350348993476635e-01
-1.215433340881063029e-01
-1.211499189747361760e-01
-1.207547879293547760e-01
-1.203579393685144244e-01
-1.199593717552019934e-01
-1.195590835988390999e-01
-1.191570734552821337e-01
-1.187533399268220075e-01
-1.183478816621844620e-01
-1.179406973565297750e-01
-1.175317857514531078e-01
-1.171211456349841862e-01
-1.167087758415874116e-01
-1.162946752521619581e-01
-1.158788427940415366e-01
-1.154612774409947418e-01
-1.150419782132247742e-01
-1.146209441773694132e-01
-1.141981744465012938e-01
-1.137736681801276434e-01
-1.133474245841903788e-01
-1.129194429110662035e-01
-1.124897224595663298e-01
-1.120582625749368400e-01
-1.116250626488583531e-01
-1.111901221194463024e-01
-1.107534404712507831e-01
-1.103150172352564545e-01
-1.098748519888828323e-01
-1.094329443559839826e-01
-1.089892940068487581e-01
-1.085439006582007149e-01
-1.080967640731979595e-01
-1.076478840614334409e-01
-1.071972604789346584e-01
-1.067448932281639118e-01
-1.062907822580181766e-01
-1.058349275638290066e-01
-1.053773291873628115e-01
-1.049179872168205102e-01
-1.044569017868378358e-01
-1.039940730784852108e-01
-1.035295013192676500e-01
-1.030631867831249826e-01
-1.025951297904315329e-01
-1.021253307079965644e-01
-1.016537899490638774e-01
-1.011805079733118784e-01
-1.007054852868539407e-01
-1.002287224422377804e-01
-9.975022003844605245e-02
-9.926997872089604602e-02
-9.878799918143964243e-02
-9.830428215836359285e-02
-9.781882843638906033e-02
-9.733163884667216104e-02
-9.684271426680365891e-02
-9.635205562080881303e-02
-9.585966387914779396e-02
-9.536554005871530904e-02
-9.486968522284075500e-02
-9.437210048128849560e-02
-9.387278699025713991e-02
-9.337174595238026398e-02
-9.286897861672616106e-02
-9.236448627879759177e-02
-9.185827028053228371e-02
-9.135033201030236250e-02
-9.084067290291483743e-02
-9.032929443961142113e-02
-8.981619814806832136e-02
-8.930138560239669898e-02
-8.878485842314215448e-02
-8.826661827728508880e-02
-8.774666687824067557e-02
-8.722500598585855580e-02
-8.670163740642333750e-02
-8.617656299265406827e-02
-8.564978464370458233e-02
-8.512130430516347268e-02
-8.459112396905386910e-02
-8.405924567383377122e-02
-8.352567150439563215e-02
-8.299040359206683037e-02
-8.245344411460933665e-02
-8.191479529621970013e-02
-8.137445940752940921e-02
-8.083243876560433638e-02
-8.028873573394527952e-02
-7.974335272248765649e-02
-7.919629218760150524e-02
-7.864755663209169190e-02
-7.809714860519752222e-02
-7.754507070259328283e-02
-7.699132556638782487e-02
-7.643591588512457791e-02
-7.587884439378186907e-02
-7.532011387377252065e-02
-7.475972715294415538e-02
-7.419768710557908542e-02
-7.363399665239421521e-02
-7.306865876054130515e-02
-7.250167644360655528e-02
-7.193305276161111872e-02
-7.136279082101071314e-02
-7.079089377469563460e-02
-7.021736482199114615e-02
-6.964220720865682557e-02
-6.906542422688732863e-02
-6.848701921531177850e-02
-6.790699555899394613e-02
-6.732535668943248619e-02
-6.674210608456043747e-02
-6.615724726874591677e-02
-6.557078381279143886e-02
-6.498271933393422184e-02
-6.439305749584639527e-02
-6.380180200863444506e-02
-6.320895662883986577e-02
-6.261452515943863317e-02
-6.201851144984148190e-02
-6.142091939589388455e-02
-6.082175293987580195e-02
-6.022101607050214800e-02
-5.961871282292238033e-02
-5.901484727872063907e-02
-5.840942356591585088e-02
-5.780244585896140291e-02
-5.719391837874565621e-02
-5.658384539259151552e-02
-5.597223121425656811e-02
-5.535908020393313228e-02
-5.474439676824809781e-02
-5.412818536026323124e-02
-5.351045047947487060e-02
-5.289119667181403639e-02
-5.227042852964652181e-02
-5.164815069177263601e-02
-5.102436784342757881e-02
-5.039908471628116310e-02
-4.977230608843780102e-02
-4.914403678443676066e-02
-4.851428167525174279e-02
-4.788304567829144986e-02
-4.725033375739907254e-02
-4.661615092285252560e-02
-4.598050223136441322e-02
-4.534339278608204293e-02
-4.470482773658740472e-02
-4.406481227889722657e-02
-4.342335165546272469e-02
-4.278045115517011693e-02
-4.213611611334006773e-02
-4.149035191172800729e-02
-4.084316397852408992e-02
-4.019455778835302751e-02
-3.954453886227441567e-02
-3.889311276778239373e-02
-3.824028511880575576e-02
-3.758606157570818646e-02
-3.693044784528785873e-02
-3.627344968077766268e-02
-3.561507288184530967e-02
-3.495532329459302701e-02
-3.429420681155790490e-02
-3.363172937171153565e-02
-3.296789696046030504e-02
-3.230271560964528138e-02
-3.163619139754222931e-02
-3.096833044886158209e-02
-3.029913893474840691e-02
-2.962862307278254018e-02
-2.895678912697857016e-02
-2.828364340778555253e-02
-2.760919227208741972e-02
-2.693344212320274156e-02
-2.625639941088477383e-02
-2.557807063132138542e-02
-2.489846232713524565e-02
-2.421758108738370982e-02
-2.353543354755869774e-02
-2.285202638958696089e-02
-2.216736634182985693e-02
-2.148146017908340519e-02
-2.079431472257848440e-02
-2.010593683998039213e-02
-1.941633344538934436e-02
-1.872551149934014586e-02
-1.803347800880221452e-02
-1.734024002717982765e-02
-1.664580465431193465e-02
-1.595017903647188984e-02
-1.525337036636817065e-02
-1.455538588314354669e-02
-1.385623287237584128e-02
-1.315591866607716473e-02
-1.245445064269459778e-02
-1.175183622710995399e-02
-1.104808289063942232e-02
-1.034319815103424550e-02
-9.637189572480093711e-03
-8.930064765597350851e-03
-8.221831387441338318e-03
-7.512497141501662742e-03
-6.802069777703041720e-03
-6.090557092404509307e-03
-5.377966928399979807e-03
-4.664307174918165370e-03
-3.949585767622122365e-03
-3.233810688609930518e-03
-2.516989966414191586e-03
-1.799131676002208025e-03
-1.080243938776144540e-03
-3.603349225724091160e-04
3.605871583373194880e-04
1.082514043247139075e-03
1.805437425016237496e-03
2.529348950069070130e-03
3.254240218395682005e-03
3.980102783551106929e-03
4.706928152655863624e-03
5.434707786395764906e-03
6.163433099021846558e-03
6.893095458350650961e-03
7.623686185763792547e-03
8.355196556208425301e-03
9.087617798196806485e-03
9.820941093806606279e-03
1.055515757868091820e-02
1.129025834202796764e-02
1.202623442662129408e-02
1.276307682879992966e-02
1.350077649846795694e-02
1.423932433909508299e-02
1.497871120771608090e-02
1.571892791493110023e-02
1.645996522490564273e-02
1.720181385537045485e-02
1.794446447762174102e-02
1.868790771652079769e-02
1.943213415049444351e-02
2.017713431153467241e-02
2.092289868519878540e-02
2.166941771060951205e-02
2.241668178045486820e-02
2.316468124098805884e-02
2.391340639202768625e-02
2.466284748695763557e-02
2.541299473272726206e-02
2.616383828985097831e-02
2.691536827240870525e-02
2.766757474804551475e-02
2.842044773797189339e-02
2.917397721696371460e-02
2.992815311336200629e-02
3.068296530907322142e-02
3.143840363956898476e-02
3.219445789388637041e-02
3.295111781462775613e-02
3.370837309796088227e-02
3.446621339361849445e-02
3.522462830489905827e-02
3.598360738866602376e-02
3.674314015534849154e-02
3.750321606894044951e-02
3.826382454700158475e-02
3.902495496065669367e-02
3.978659663459586243e-02
4.054873884707477227e-02
4.131137082991388071e-02
4.207448176849948318e-02
4.283806080178298448e-02
4.360209702228096118e-02
4.436657947607566821e-02
4.513149716281417839e-02
4.589683903570937473e-02
4.666259400153907611e-02
4.742875092064652298e-02
4.819529860694049539e-02
4.896222582789464678e-02
4.972952130454830200e-02
5.049717371150616585e-02
5.126517167693767085e-02
5.203350378257837194e-02
5.280215856372839217e-02
5.357112450925372027e-02
5.434039006158539187e-02
5.510994361671972541e-02
5.587977352421860666e-02
5.664986808720880174e-02
5.742021556238280366e-02
5.819080415999833278e-02
5.896162204387805916e-02
5.973265733141058798e-02
6.050389809354923820e-02
6.127533235481305574e-02
6.204694809328620275e-02
6.281873324061809649e-02
6.359067568202378395e-02
6.436276325628313699e-02
6.513498375574183763e-02
6.590732492631054540e-02
6.667977446746525816e-02
6.745232003224760353e-02
6.822494922726403399e-02
6.899764961268670116e-02
6.977040870225284519e-02
7.054321396326521110e-02
7.131605281659172957e-02
7.208891263666551696e-02
7.286178075148527777e-02
7.363464444261488828e-02
7.440749094518342432e-02
7.518030744788567477e-02
7.595308109298111454e-02
7.672579897629522305e-02
7.749844814721815189e-02
7.827101560870580732e-02
7.904348831727930902e-02
7.981585318302486520e-02
8.058809706959424446e-02
8.136020679420449819e-02
8.213216912763797450e-02
8.290397079424222104e-02
8.367559847193017930e-02
8.444703879218010134e-02
8.521827834003570246e-02
8.598932419695444473e-02
8.676018503820245864e-02
8.753084657181825490e-02
8.830129457795270198e-02
8.907151492340487087e-02
8.984149356162225708e-02
9.061121653270051701e-02
9.138066996338356507e-02
9.214984006706364306e-02
9.291871314378136182e-02
9.368727558022556245e-02
9.445551384973319142e-02
9.522341451228977238e-02
9.599096421452889272e-02
9.675814968973250885e-02
9.752495775783089071e-02
9.829137532540246913e-02
9.905738938567409946e-02
9.982298701852074241e-02
1.005881553904658943e-01
1.013528817546811706e-01
1.021171534509864032e-01
1.028809579058498902e-01
1.036442826323879934e-01
1.044071152303655547e-01
1.051694433861956185e-01
1.059312548729395148e-01
1.066925375503068318e-01
1.074532793646554574e-01
1.082134683489915927e-01
1.089730926229696834e-01
1.097321403928924466e-01
1.104905999517109549e-01
1.112484596790244001e-01
1.120057080410804540e-01
1.127623335907750324e-01
1.135183249676522260e-01
1.142736708979044113e-01
1.150283601943723200e-01
1.157823817565449831e-01
1.165357245705597178e-01
1.172883777092020019e-01
1.180403303319057517e-01
1.187915716847529474e-01
1.195420911004741460e-01
1.202918779984479825e-01
1.210409218847014329e-01
1.217892123519097036e-01
1.225367390793963562e-01
1.232834918331332519e-01
1.240294604657404265e-01
1.247746349164862434e-01
1.255190052112874488e-01
1.262625614627088388e-01
1.270052938699638423e-01
1.277471927189138268e-01
1.284882483820686261e-01
1.292284513185862349e-01
1.299677920742730308e-01
1.307062612815837466e-01
1.314438496596212480e-01
1.321805480141367284e-01
1.329163472375296529e-01
1.336512383088477585e-01
1.343852122937872207e-01
1.351182603446921537e-01
1.358503737005554157e-01
1.365815436870176924e-01
1.373117617163681914e-01
1.380410192875445308e-01
1.387693079861322398e-01
1.394966194843654528e-01
1.402229455411264092e-01
1.409482780019457315e-01
1.416726087990023697e-01
1.423959299511232679e-01
1.431182335637840308e-01
1.438395118291083685e-01
1.445597570258680686e-01
1.452789615194837181e-01
1.459971177620235649e-01
1.467142182922046845e-01
1.474302557353921461e-01
1.481452228035991803e-01
1.488591122954877888e-01
1.495719170963676348e-01
1.502836301781971529e-01
1.509942445995827720e-01
1.517037535057793318e-01
1.524121501286901381e-01
1.531194277868661580e-01
1.538255798855073520e-01
1.545305999164616195e-01
1.552344814582250210e-01
1.559372181759423881e-01
1.566388038214061584e-01
1.573392322330576520e-01
1.580384973359860723e-01
1.587365931419290888e-01
1.594335137492727539e-01
1.601292533430510034e-01
1.608238061949466002e-01
1.615171666632900793e-01
1.622093291930605530e-01
1.629002883158855164e-01
1.635900386500402925e-01
1.642785749004489759e-01
1.649658918586837109e-01
1.656519844029647748e-01
1.663368474981612721e-01
1.670204761957898021e-01
1.677028656340160129e-01
1.683840110376532140e-01
1.690639077181634586e-01
1.697425510736568499e-01
1.704199365888918183e-01
1.710960598352749551e-01
1.717709164708614011e-01
1.724445022403543748e-01
1.731168129751055329e-01
1.737878445931145266e-01
1.744575930990296120e-01
1.751260545841471505e-01
1.757932252264118311e-01
1.764591012904166145e-01
1.771236791274027889e-01
1.777869551752598032e-01
1.784489259585255727e-01
1.791095880883861180e-01
1.797689382626758980e-01
1.804269732658775327e-01
1.810836899691218860e-01
1.817390853301882325e-01
1.823931563935041189e-01
1.830459002901453081e-01
1.836973142378359181e-01
1.843473955409481724e-01
1.849961415905028161e-01
1.856435498641687831e-01
1.862896179262631680e-01
1.869343434277515037e-01
1.875777241062475953e-01
1.882197577860134086e-01
1.888604423779593477e-01
1.894997758796439224e-01
1.901377563752741917e-01
1.907743820357050979e-01
1.914096511184402161e-01
1.920435619676313932e-01
1.926761130140784706e-01
1.933073027752298945e-01
1.939371298551820777e-01
1.945655929446800103e-01
1.951926908211167322e-01
1.958184223485339159e-01
1.964427864776209787e-01
1.970657822457159980e-01
1.976874087768053512e-01
1.983076652815236318e-01
1.989265510571534834e-01
1.995440654876260989e-01
2.001602080435209430e-01
2.007749782820656970e-01
2.013883758471362029e-01
2.020004004692568522e-01
2.026110519656001419e-01
2.032203302399868405e-01
2.038282352828861277e-01
2.044347671714153158e-01
2.050399260693400449e-01
2.056437122270743378e-01
2.062461259816802950e-01
2.068471677568685663e-01
2.074468380629977959e-01
2.080451374970752054e-01
2.086420667427559827e-01
2.092376265703438654e-01
2.098318178367907794e-01
2.104246414856969227e-01
2.110160985473107098e-01
2.116061901385289379e-01
2.121949174628966206e-01
2.127822818106071545e-01
2.133682845585020971e-01
2.139529271700713609e-01
2.145362111954531303e-01
2.151181382714337509e-01
2.156987101214481450e-01
2.162779285555792019e-01
2.168557954705581936e-01
2.174323128497648305e-01
2.180074827632269008e-01
2.185813073676204643e-01
2.191537889062700750e-01
2.197249297091485309e-01
2.202947321928765967e-01
2.208631988607236696e-01
2.214303323026073356e-01
2.219961351950932582e-01
2.225606103013958170e-01
2.231237604713772749e-01
2.236855886415481942e-01
2.242460978350678535e-01
2.248052911617432481e-01
2.253631718180299504e-01
2.259197430870318879e-01
2.264750083385010104e-01
2.270289710288377893e-01
2.275816347010908292e-01
2.281330029849571728e-01
2.286830795967819130e-01
2.292318683395585532e-01
2.297793731029290354e-01
2.303255978631832401e-01
2.308705466832596809e-01
2.314142237127448931e-01
2.319566331878738230e-01
2.324977794315297164e-01
2.330376668532438411e-01
2.335762999491962921e-01
2.341136833022148811e-01
2.346498215817758859e-01
2.351847195440041893e-01
2.357183820316723910e-01
2.362508139742018343e-01
2.367820203876619400e-01
2.373120063747703179e-01
2.378407771248932101e-01
2.383683379140448255e-01
2.388946941048876449e-01
2.394198511467326429e-01
2.399438145755389273e-01
2.404665900139138779e-01
2.409881831711133404e-01
2.415085998430411829e-01
2.420278459122496839e-01
2.425459273479394218e-01
2.430628502059594132e-01
2.435786206288064193e-01
2.440932448456261394e-01
2.446067291722121562e-01
2.451190800110063517e-01
2.456303038510991577e-01
2.461404072682290001e-01
2.466493969247826601e-01
2.471572795697952740e-01
2.476640620389502223e-01
2.481697512545791851e-01
2.486743542256620865e-01
2.491778780478270117e-01
2.496803299033507062e-01
2.501817170611578267e-01
2.506820468768214960e-01
2.511813267925629423e-01
2.516795643372519153e-01
2.521767671264062427e-01
2.526729428621923290e-01
2.531680993334244345e-01
2.536622444155652856e-01
2.541553860707260748e-01
2.546475323476661279e-01
2.551386913817929591e-01
2.556288713951625491e-01
2.561180806964790113e-01
2.566063276810947036e-01
2.570936208310106164e-01
2.575799687148755401e-01
2.580653799879868426e-01
2.585498633922901912e-01
2.590334277563792753e-01
2.595160819954964171e-01
2.599978351115319053e-01
2.604786961930246614e-01
2.609586744151613513e-01
2.614377790397774959e-01
2.619160194153565824e-01
2.623934049770304533e-01
2.628699452465791953e-01
2.633456498324312500e-01
2.638205284296633035e-01
2.642945908200001748e-01
2.647678468718154265e-01
2.652403065401304216e-01
2.657119798666147670e-01
2.661828769795868688e-01
2.666530080940129888e-01
2.671223835115076883e-01
2.675910136203340506e-01
2.680589088954034027e-01
2.685260798982748165e-01
2.689925372771565515e-01
2.694582917669044453e-01
2.699233541890228016e-01
2.703877354516643905e-01
2.708514465496301149e-01
2.713144985643690110e-01
2.717769026639788033e-01
2.722386701032050160e-01
2.726998122234418620e-01
2.731603404527315204e-01
2.736202663057647477e-01
2.740796013838803225e-01
2.745383573750654893e-01
2.749965460539556261e-01
2.754541792818345214e-01
2.759112690066342632e-01
2.763678272629350174e-01
2.768238661719654714e-01
2.772793979416023902e-01
2.777344348663709495e-01
2.781889893274445136e-01
2.786430737926450241e-01
2.790967008164422225e-01
2.795498830399545387e-01
2.800026331909483690e-01
2.804549640838387425e-01
2.809068886196887105e-01
2.813584197862095682e-01
2.818095706577610771e-01
2.822603543953512428e-01
2.827107842466363152e-01
2.831608735459206772e-01
2.836106357141573442e-01
2.840600842589472430e-01
2.845092327745397665e-01
2.849580949418328846e-01
2.854066845283719789e-01
2.858550153883517297e-01
2.863031014626145065e-01
2.867509567786510338e-01
2.871985954506003913e-01
2.876460316792500138e-01
2.880932797520354693e-01
2.885403540430406810e-01
2.889872690129977606e-01
2.894340392092873415e-01
2.898806792659380793e-01
2.903272039036270957e-01
2.907736279296796456e-01
2.912199662380693388e-01
2.916662338094181406e-01
2.921124457109960937e-01
2.925586170967217070e-01
2.930047632071617891e-01
2.934508993695312262e-01
2.938970409976935372e-01
2.943432035921599854e-01
2.947894027400907446e-01
2.952356541152937330e-01
2.956819734782254461e-01
2.961283766759906788e-01
2.965748796423423594e-01
2.970214983976817713e-01
2.974682490490583309e-01
2.979151477901701428e-01
2.983622109013630563e-01
2.988094547496316089e-01
2.992568957886185266e-01
2.997045505586147240e-01
3.001524356865593601e-01
3.006005678860401709e-01
3.010489639572927478e-01
3.014976407872013153e-01
3.019466153492982308e-01
3.023959047037640402e-01
3.028455259974279778e-01
3.032954964637669115e-01
3.037458334229065637e-01
3.041965542816205681e-01
3.046476765333311909e-01
3.050992177581086096e-01
3.055511956226715231e-01
3.060036278803868193e-01
3.064565323712697964e-01
3.069099270219837750e-01
3.073638298458406526e-01
3.078182589428004601e-01
3.082732324994713613e-01
3.087287687891100418e-01
3.091848861716215424e-01
3.096416030935588704e-01
3.100989380881234436e-01
3.105569097751651464e-01
3.110155368611818849e-01
3.114748381393200316e-01
3.119348324893741475e-01
3.123955388777870379e-01
