-2.442045175564189208e-02
-2.442045269401882379e-02
-2.442045884358368113e-02
-2.442047380967959924e-02
-2.442049948029678674e-02
-2.442053639480468163e-02
-2.442058374609956672e-02
-2.442063938059968464e-02
-2.442069979825411963e-02
-2.442076015253347165e-02
-2.442081425043740595e-02
-2.442085455249376480e-02
-2.442086800731280150e-02
-2.442083015243223798e-02
-2.442071683547908378e-02
-2.442050434254383617e-02
-2.442016937785940200e-02
-2.441968906379399229e-02
-2.441904094086311261e-02
-2.441820296771579635e-02
-2.441715352114659510e-02
-2.441587139609113777e-02
-2.441433580562080152e-02
-2.441252638095292582e-02
-2.441042317144015428e-02
-2.440800664457976055e-02
-2.440525768601098378e-02
-2.440215759950614682e-02
-2.439868810698708756e-02
-2.439483134850961576e-02
-2.439056988227283895e-02
-2.438588668461916242e-02
-2.438076515002407518e-02
-2.437518909111258125e-02
-2.436914273864232428e-02
-2.436261074151557793e-02
-2.435557816677835774e-02
-2.434803049960843069e-02
-2.433995364333441103e-02
-2.433133391941488810e-02
-2.432215806745752218e-02
-2.431241324520927449e-02
-2.430208702855196634e-02
-2.429116741151648995e-02
-2.427964280626460081e-02
-2.426750204310712533e-02
-2.425473437049330272e-02
-2.424132945500767633e-02
-2.422727738138430453e-02
-2.421256865248855306e-02
-2.419719418933263810e-02
-2.418114533106985320e-02
-2.416441383498790785e-02
-2.414699187652225021e-02
-2.412887204924230033e-02
-2.411004736486299649e-02
-2.409051125324035425e-02
-2.407025756236436109e-02
-2.404928055837451950e-02
-2.402757492554208341e-02
-2.400513576628560131e-02
-2.398195860116336675e-02
-2.395803936886897745e-02
-2.393337442624421385e-02
-2.390796054826349604e-02
-2.388179492804765047e-02
-2.385487517685902503e-02
-2.382719932409305130e-02
-2.379876581729511997e-02
-2.376957352214192909e-02
-2.373962172245747126e-02
-2.370891012020681643e-02
-2.367743883548811823e-02
-2.364520840654993350e-02
-2.361221978977168234e-02
-2.357847435968096761e-02
-2.354397265413599172e-02
-2.350868894218560712e-02
-2.347261763048180683e-02
-2.343576581725770325e-02
-2.339814062268930073e-02
-2.335974918888528151e-02
-2.332059867988300894e-02
-2.328069628166051785e-02
-2.324004920212408010e-02
-2.319866467111753039e-02
-2.315654994042048997e-02
-2.311371228373904074e-02
-2.307015899672304471e-02
-2.302589739694704818e-02
-2.298093482392582487e-02
-2.293527863910904685e-02
-2.288893622587329091e-02
-2.284191498953447308e-02
-2.279422235734474000e-02
-2.274586577848269897e-02
-2.269685272406940513e-02
-2.264719068715193018e-02
-2.259688718271668506e-02
-2.254594974768453497e-02
-2.249438594090502619e-02
-2.244220334316882060e-02
-2.238940955719304071e-02
-2.233601220763414830e-02
-2.228201894108350345e-02
-2.222743742605981510e-02
-2.217227535302379593e-02
-2.211654043436350747e-02
-2.206024040440457412e-02
-2.200338301940796271e-02
-2.194597605756332115e-02
-2.188802731900096887e-02
-2.182954462577901822e-02
-2.177053582189270031e-02
-2.171100877327303280e-02
-2.165097136778149078e-02
-2.159043151521577997e-02
-2.152939714730495169e-02
-2.146787621771473198e-02
-2.140587670204618931e-02
-2.134340659782951732e-02
-2.128047392453380482e-02
-2.121708672355726577e-02
-2.115325305823567703e-02
-2.108898101384104606e-02
-2.102427869757184098e-02
-2.095915423856897775e-02
-2.089361578789983298e-02
-2.082767151857023435e-02
-2.076132962552135197e-02
-2.069459832562348112e-02
-2.062748585768581222e-02
-2.056000048244666090e-02
-2.049215048258146155e-02
-2.042394416270187918e-02
-2.035538984934781581e-02
-2.028649589099806860e-02
-2.021727065806144807e-02
-2.014772254288388353e-02
-2.007785995974575854e-02
-2.000769134485791412e-02
-1.993722515636919823e-02
-1.986646987435758405e-02
-1.979543400083949578e-02
-1.972412605976581190e-02
-1.965255459701653606e-02
-1.958072818041101115e-02
-1.950865539969681706e-02
-1.943634486656087290e-02
-1.936380521462410798e-02
-1.929104509943568857e-02
-1.921807319848545248e-02
-1.914489821119191859e-02
-1.907152885891028049e-02
-1.899797388493240646e-02
-1.892424205447751362e-02
-1.885034215470549057e-02
-1.877628299470357476e-02
-1.870207340549878694e-02
-1.862772224005171395e-02
-1.855323837325251191e-02
-1.847863070193067614e-02
-1.840390814484305082e-02
-1.832907964268715162e-02
-1.825415415809361619e-02
-1.817914067562176328e-02
-1.810404820177202723e-02
-1.802888576497085893e-02
-1.795366241558582487e-02
-1.787838722591716945e-02
-1.780306929019515039e-02
-1.772771772458936468e-02
-1.765234166719631403e-02
-1.757695027805405985e-02
-1.750155273913289733e-02
-1.742615825433224686e-02
-1.735077604949220031e-02
-1.727541537237975433e-02
-1.720008549270168885e-02
-1.712479570209923807e-02
-1.704955531414187320e-02
-1.697437366433929284e-02
-1.689926011012898854e-02
-1.682422403088734697e-02
-1.674927482792565314e-02
-1.667442192448254090e-02
-1.659967476573953604e-02
-1.652504281880240455e-02
-1.645053557271891620e-02
-1.637616253846951864e-02
-1.630193324896289653e-02
-1.622785725905062648e-02
-1.615394414550852531e-02
-1.608020350705396950e-02
-1.600664496433790163e-02
-1.593327815993950125e-02
-1.586011275837950762e-02
-1.578715844610378838e-02
-1.571442493150021491e-02
-1.564192194488933652e-02
-1.556965923851993949e-02
-1.549764658658325800e-02
-1.542589378519565457e-02
-1.535441065241416325e-02
-1.528320702822938415e-02
-1.521229277456104256e-02
-1.514167777526864711e-02
-1.507137193613949933e-02
-1.500138518490112816e-02
-1.493167966819042292e-02
-1.486218146137652241e-02
-1.479289417022267017e-02
-1.472382262702387479e-02
-1.465497157793294036e-02
-1.458634568295380518e-02
-1.451794951593532446e-02
-1.444978756458414892e-02
-1.438186423045895168e-02
-1.431418382896376684e-02
-1.424675058936220040e-02
-1.417956865476144301e-02
-1.411264208212514859e-02
-1.404597484226943749e-02
-1.397957081985623518e-02
-1.391343381340703900e-02
-1.384756753528559869e-02
-1.378197561171523589e-02
-1.371666158276774183e-02
-1.365162890236337745e-02
-1.358688093828108734e-02
-1.352242097214295669e-02
-1.345825219942797801e-02
-1.339437772946761029e-02
-1.333080058543956170e-02
-1.326752370437933592e-02
-1.320454993716779768e-02
-1.314188204854049857e-02
-1.307952271708723302e-02
-1.301747453524271236e-02
-1.295574000930077574e-02
-1.289432155939929103e-02
-1.283322151953170120e-02
-1.277244213754569202e-02
-1.271198557513297800e-02
-1.265185390784573372e-02
-1.259204912507860818e-02
-1.253257313008382390e-02
-1.247342773996540366e-02
-1.241461468567384152e-02
-1.235613561201742705e-02
-1.229799207764981084e-02
-1.224018555508044059e-02
-1.218271743067078638e-02
-1.212558900462945566e-02
-1.206880149102174116e-02
-1.201235601775918482e-02
-1.195625362660845958e-02
-1.190049527318959299e-02
-1.184508182696797363e-02
-1.179001407126678558e-02
-1.173529270325524010e-02
-1.168091833395767942e-02
-1.162689148825135632e-02
-1.157321260485977277e-02
-1.151988203636356012e-02
-1.146690004918937689e-02
-1.141426682361967870e-02
-1.136198245378872151e-02
-1.131004694767789864e-02
-1.125846022712551076e-02
-1.120722212781588567e-02
-1.115633239928870424e-02
-1.110579070493655784e-02
-1.105559662199784299e-02
-1.100574964156852964e-02
-1.095624916859105902e-02
-1.090709452186211514e-02
-1.085828493403262485e-02
-1.080981955159732166e-02
-1.076169743491117714e-02
-1.071391755817363567e-02
-1.066647880943927262e-02
-1.061937999061601801e-02
-1.057261981745738488e-02
-1.052619691957468184e-02
-1.048010984042568872e-02
-1.043435703732220610e-02
-1.038893688143049943e-02
-1.034384765776064086e-02
-1.029908756518249646e-02
-1.025465471641084925e-02
-1.021054713801583524e-02
-1.016676277042050103e-02
-1.012329946789303214e-02
-1.008015499856074193e-02
-1.003732704439608270e-02
-9.994813201226859789e-03
-9.952610978733789082e-03
-9.910717800442503389e-03
-9.869131003738207397e-03
-9.827847839850578637e-03
-9.786865473865313803e-03
-9.746180984720798079e-03
-9.705791365199889498e-03
-9.665693521946350231e-03
-9.625884275445972804e-03
-9.586360360043233442e-03
-9.547118423933964593e-03
-9.508155029158693594e-03
-9.469466651618185793e-03
-9.431049681056791201e-03
-9.392900421075767170e-03
-9.355015089128837502e-03
-9.317389816514420886e-03
-9.280020648390729932e-03
-9.242903543759561913e-03
-9.206034375480065535e-03
-9.169408930263411861e-03
-9.133022908665466844e-03
-9.096871925102334444e-03
-9.060951507833703289e-03
-9.025257098975947301e-03
-8.989784054497462762e-03
-8.954527644212895154e-03
-8.919483051795351614e-03
-8.884645374761301895e-03
-8.850009624485899451e-03
-8.815570726195209872e-03
-8.781323518960215679e-03
-8.747262755712803539e-03
-8.713383103226890469e-03
-8.679679142134855141e-03
-8.646145366920876540e-03
-8.612776185913384452e-03
-8.579565921301490761e-03
-8.546508809117447925e-03
-8.513598999250637789e-03
-8.480830555442908647e-03
-8.448197455280803680e-03
-8.415693590210659991e-03
-8.383312765522399346e-03
-8.351048700363516986e-03
-8.318895027732198244e-03
-8.286845294473765833e-03
-8.254892961292004117e-03
-8.223031402733838036e-03
-8.191253907205320317e-03
-8.159553676961639468e-03
-8.127923828105787507e-03
-8.096357390597441750e-03
-8.064847308246747559e-03
-8.033386438711653810e-03
-8.001967553506794673e-03
-7.970583337992831474e-03
-7.939226391387554926e-03
-7.907889226758113566e-03
-7.876564271020125574e-03
-7.845243864946116474e-03
-7.813920263154416901e-03
-7.782585634119820739e-03
-7.751232060167811966e-03
-7.719851537471233982e-03
-7.688435976060503663e-03
-7.656977199811176860e-03
-7.625466946455938810e-03
-7.593896867577942800e-03
-7.562258528607701535e-03
-7.530543408832857111e-03
-7.498742901387522863e-03
-7.466848313260276981e-03
-7.434850865293496369e-03
-7.402741692174696908e-03
-7.370511842449301021e-03
-7.338152278508758286e-03
-7.305653876599871310e-03
-7.273007426821798127e-03
-7.240203633120279036e-03
-7.207233113298183724e-03
-7.174086399004631076e-03
-7.140753935743870962e-03
-7.107226082872841744e-03
-7.073494598498708541e-03
-7.039585934091485697e-03
-7.005508024232942610e-03
-6.971254006063354325e-03
-6.936817013949769795e-03
-6.902190179479461563e-03
-6.867366631471027993e-03
-6.832339495963291043e-03
-6.797101896224400086e-03
-6.761646952749167383e-03
-6.725967783252517762e-03
-6.690057502681145962e-03
-6.653909223201415202e-03
-6.617516054209349186e-03
-6.580871102327412459e-03
-6.543967471398626223e-03
-6.506798262497226482e-03
-6.469356573917450781e-03
-6.431635501183086134e-03
-6.393628137044360393e-03
-6.355327571472280113e-03
-6.316726891668511534e-03
-6.277819182055277558e-03
-6.238597524284461571e-03
-6.199054997234054731e-03
-6.159184677001605657e-03
-6.118979636918209231e-03
-6.078432947533296549e-03
-6.037537676626070215e-03
-5.996286889203061854e-03
-5.954673647489250321e-03
-5.912691010943382786e-03
-5.870332036242875695e-03
-5.827589777294805984e-03
-5.784457285233246537e-03
-5.740927608411050542e-03
-5.696993792414950519e-03
-5.652648880050015201e-03
-5.607885911351084829e-03
-5.562697923579884574e-03
-5.517077951217475018e-03
-5.471019025978018924e-03
-5.424514176794459352e-03
-5.377556429829399853e-03
-5.330138808472661971e-03
-5.282254333332514484e-03
-5.233896022251327551e-03
-5.185056890289807541e-03
-5.135729949738321309e-03
-5.085908210114342687e-03
-5.035584678154125804e-03
-4.984752357828137193e-03
-4.933404250323625284e-03
-4.881533354060052510e-03
-4.829132664682322940e-03
-4.776195175054287478e-03
-4.722713875274342499e-03
-4.668681752657499739e-03
-4.614091791750929428e-03
-4.558936974327465474e-03
-4.503210279378722092e-03
-4.446904683130858960e-03
-4.390013159026706635e-03
-4.332528677741198653e-03
-4.274444207174876720e-03
-4.215752712447395911e-03
-4.156447155912457170e-03
-4.096520497140709871e-03
-4.035965692934961879e-03
-3.974775697323573720e-03
-3.912943461553852753e-03
-3.850461934107374251e-03
-3.787324060682661919e-03
-3.723522784210231418e-03
-3.659051044846206580e-03
-3.593901779965769094e-03
-3.528067924178202031e-03
-3.461542409309847912e-03
-3.394318164419041217e-03
-3.326388115789669087e-03
-3.257745186924676517e-03
-3.188382298561165396e-03
-3.118292368653352575e-03
-3.047468312387224820e-03
-2.975903042174543600e-03
-2.903589467646017219e-03
-2.830520495666677405e-03
-2.756689030318199007e-03
-2.682087972915109253e-03
-2.606710221995517385e-03
-2.530548673319282793e-03
-2.453596219876924556e-03
-2.375845751883376433e-03
-2.297290156775544379e-03
-2.217922319221105054e-03
-2.137735121107708913e-03
-2.056721441553693852e-03
-1.974874156901756939e-03
-1.892186140716622944e-03
-1.808650263793731838e-03
-1.724259394148552893e-03
-1.639006397027187312e-03
-1.552884134900150981e-03
-1.465885467459918101e-03
-1.378003251629816850e-03
-1.289230341552954906e-03
-1.199559588603391069e-03
-1.108983841379307389e-03
-1.017495945701010762e-03
-9.250887446196204289e-04
-8.317550784060628866e-04
-7.374877845621324868e-04
-6.422796978138647916e-04
-5.461236501093161277e-04
-4.490124706273967981e-04
-3.509389857672857993e-04
-2.518960191572501561e-04
-1.518763916524105972e-04
-5.087292132820251528e-05
5.112157650826332916e-05
1.541142893312971024e-04
2.581124073835483479e-04
3.631231236825398223e-04
4.691536340254778836e-04
5.762111369761596658e-04
6.843028338823983758e-04
7.934359288586240178e-04
9.036176287945535401e-04
1.014855143359638667e-03
1.127155684989847306e-03
1.240526468905212010e-03
1.354974713092385596e-03
1.470507638313287013e-03
1.587132468109569983e-03
1.704856428789397471e-03
1.823686749445052602e-03
1.943630661935341619e-03
2.064695400894461796e-03
2.186888203736192526e-03
2.310216310640988979e-03
2.434686964573273826e-03
2.560307411264117761e-03
2.687084899219871481e-03
2.815026679726551073e-03
2.944140006836820644e-03
3.074432137387311803e-03
3.205910330981304179e-03
3.338581849997357409e-03
3.472453959593696515e-03
3.607533927695194542e-03
3.743829025010692035e-03
3.881346525015649807e-03
4.020093703960891940e-03
4.160077840876852395e-03
4.301306217560474376e-03
4.443786118593084922e-03
4.587524831322020713e-03
4.732529645870509061e-03
4.878807855141165106e-03
5.026366754803224257e-03
5.175213643309917178e-03
5.325355821881261331e-03
5.476800594512276632e-03
5.629555267978036959e-03
5.783627151819792367e-03
5.939023558363232258e-03
6.095751802700277722e-03
6.253819202698462920e-03
6.413233079003932691e-03
6.574000755033004850e-03
6.736129556980663402e-03
6.899626813812231862e-03
7.064499857267259042e-03
7.230756021864070959e-03
7.398402644891277635e-03
7.567447066416210788e-03
7.737896629276097560e-03
7.909758679082834476e-03
8.083040564227150782e-03
8.257749635869615634e-03
8.433893247949741934e-03
8.611478757177160048e-03
8.790513523035836663e-03
8.971004907788793226e-03
9.152960276468724565e-03
9.336386996887324763e-03
9.521292439626627413e-03
9.707683978042780382e-03
9.895568988270597721e-03
1.008495484921545504e-02
1.027584894256117209e-02
1.046825865276190815e-02
1.066219136704582571e-02
1.085765447542041962e-02
1.105465537066296910e-02
1.125320144832953062e-02
1.145330010674627808e-02
1.165495874701405477e-02
1.185818477301214813e-02
1.206298559139018511e-02
1.226936861157645886e-02
1.247734124576949100e-02
1.268691090894191742e-02
1.289808501884570635e-02
1.311087099600238837e-02
1.332527626371249330e-02
1.354130824804677946e-02
1.375897437785045252e-02
1.397828208474694023e-02
1.419923880313056497e-02
1.442185197017398224e-02
1.464612902582007603e-02
1.487207741278606665e-02
1.509970457656806264e-02
1.532901796543217898e-02
1.556002503042341889e-02
1.579273322535690305e-02
1.602715000682197743e-02
1.626328283418709830e-02
1.650113916959050631e-02
1.674072647794944135e-02
1.698205222695114980e-02
1.722512388705732533e-02
1.746994893150843886e-02
1.771653483631685511e-02
1.796488908026672160e-02
1.821501914492273944e-02
1.846693251461617447e-02
1.872063667646228780e-02
1.897613933912567497e-02
1.923346701142636395e-02
1.949263887206786894e-02
1.975366157127511624e-02
2.001654170275257716e-02
2.028128580366650446e-02
2.054790035465392517e-02
2.081639177982719247e-02
2.108676644676010792e-02
2.135903066650646220e-02
2.163319069358149438e-02
2.190925272597155082e-02
2.218722290513786000e-02
2.246710731600376487e-02
2.274891198697182038e-02
2.303264288990669595e-02
2.331830594014372426e-02
2.360590699649334212e-02
2.389545186122798981e-02
2.418694628009943060e-02
2.448039594232143124e-02
2.477580648057853274e-02
2.507318347103026923e-02
2.537253243329828933e-02
2.567385883048345363e-02
2.597716806914851517e-02
2.628246549932744536e-02
2.658975641452876459e-02
2.689904605172310781e-02
2.721033959136076597e-02
2.752364215735370045e-02
2.783895881708464692e-02
2.815629458141177821e-02
2.847565440465449349e-02
2.879704318461229207e-02
2.912046576254634367e-02
2.944592692318837024e-02
2.977343139474575295e-02
3.010298384888754342e-02
3.043458890076178314e-02
3.076825110897862814e-02
3.110397497561967484e-02
3.144176494624106866e-02
3.178162540986062545e-02
3.212356069897603916e-02
3.246757508954689619e-02
3.281367280100311312e-02
3.316185799625048780e-02
3.351213478165604442e-02
3.386450720706601913e-02
3.421897926578987281e-02
3.457555489460650833e-02
3.493423797377026574e-02
3.529503232699804371e-02
3.565794172148528673e-02
3.602296986788999789e-02
3.639012042034051042e-02
3.675939697644059478e-02
3.713080307725569185e-02
3.750434220733089852e-02
3.788001779467298213e-02
3.825783321075992838e-02
3.863779177054404990e-02
3.901989673244043999e-02
3.940415129834295982e-02
3.979055861360802915e-02
4.017912176706195382e-02
4.056984379100625482e-02
4.096272766120723219e-02
4.135777629690551294e-02
4.175499256080716926e-02
4.215437925908815942e-02
4.255593914139876865e-02
4.295967490085428331e-02
4.336558917404498281e-02
4.377368454102592565e-02
4.418396352532205640e-02
4.459642859393309067e-02
4.501108215732330109e-02
4.542792656943217544e-02
4.584696412766331441e-02
4.626819707289175909e-02
4.669162758946576730e-02
4.711725780519904205e-02
4.754508979137983538e-02
4.797512556276162243e-02
4.840736707756776447e-02
4.884181623749617174e-02
4.927847488770953355e-02
4.971734481684508822e-02
5.015842775700596334e-02
5.060172538376428442e-02
5.104723931616694799e-02
5.149497111672629579e-02
5.194492229142833040e-02
5.239709428972538774e-02
5.285148850453857960e-02
5.330810627226445497e-02
5.376694887276389778e-02
5.422801752937256303e-02
5.469131340889155091e-02
5.515683762159162562e-02
5.562459122121787836e-02
5.609457520498062344e-02
5.656679051356472421e-02
5.704123803112026714e-02
5.751791858526722478e-02
5.799683294709989667e-02
5.847798183117758342e-02
5.896136589553457874e-02
5.944698574166995542e-02
5.993484191455267229e-02
6.042493490262645928e-02
6.091726513779982533e-02
6.141183299545538432e-02
6.190863879444230555e-02
6.240768279707875621e-02
6.290896520915656431e-02
6.341248617993611170e-02
6.391824580214389151e-02
6.442624411198294432e-02
6.493648108911886929e-02
6.544895665669314688e-02
6.596367068131492317e-02
6.648062297305989965e-02
6.699981328548010318e-02
6.752124131558967512e-02
6.804490670388196882e-02
6.857080903431200802e-02
6.909894783430625687e-02
6.962932257476572850e-02
7.016193267005332856e-02
7.069677747801184076e-02
7.123385629994549717e-02
7.177316838062974824e-02
7.231471290831459342e-02
7.285848901471259076e-02
7.340449577501528822e-02
7.395273220787634827e-02
7.450319727541976356e-02
7.505588988324563005e-02
7.561080888041482595e-02
7.616795305946810757e-02
7.672732115640878980e-02
7.728891185070985159e-02
7.785272376531993110e-02
7.841875546664978103e-02
7.898700546458936600e-02
7.955747221249054313e-02
8.013015410717572173e-02
8.070504948894297037e-02
8.128215664155180598e-02
8.186147379224117948e-02
8.244299911171260042e-02
8.302673071413746442e-02
8.361266665716282631e-02
8.420080494189718934e-02
8.479114351292915686e-02
8.538368025830900265e-02
8.597841300955755273e-02
8.657533954167062618e-02
8.717445757310660071e-02
8.777576476580239984e-02
8.837925872515794978e-02
8.898493700004239670e-02
8.959279708280210031e-02
9.020283640924331436e-02
9.081505235865305892e-02
9.142944225377913625e-02
9.204600336084167722e-02
9.266473288953447351e-02
9.328562799301431951e-02
9.390868576791611133e-02
9.453390325433774777e-02
9.516127743584812393e-02
9.579080523949023984e-02
9.642248353576965414e-02
9.705630913867047127e-02
9.769227880564068656e-02
9.833038923759751526e-02
9.897063707893316575e-02
9.961301891750240500e-02
1.002575312846389899e-01
1.009041706551392359e-01
1.015529334472691225e-01
1.022038160227713988e-01
1.028568146868491517e-01
1.035119256881857908e-01
1.041691452189263956e-01
1.048284694146861540e-01
1.054898943545570233e-01
1.061534160610908550e-01
1.068190305003202667e-01
1.074867335817399905e-01
1.081565211583144226e-01
1.088283890264829523e-01
1.095023329261501921e-01
1.101783485406944152e-01
1.108564314969608944e-01
1.115365773652627901e-01
1.122187816593891441e-01
1.129030398365933330e-01
1.135893472976032825e-01
1.142776993866125856e-01
1.149680913912840552e-01
1.156605185427559412e-01
1.163549760156303847e-01
1.170514589279854079e-01
1.177499623413624796e-01
1.184504812607740654e-01
1.191530106347080675e-01
1.198575453551149472e-01
1.205640802574219350e-01
1.212726101205205964e-01
1.219831296667721610e-01
1.226956335620128513e-01
1.234101164155432251e-01
1.241265727801392771e-01
1.248449971520413371e-01
1.255653839709602870e-01
1.262877276200815579e-01
1.270120224260549158e-01
1.277382626590046755e-01
1.284664425325212633e-01
1.291965562036647697e-01
1.299285977729685015e-01
1.306625612844327655e-01
1.313984407255301967e-01
1.321362300272013179e-01
1.328759230638536515e-01
1.336175136533714891e-01
1.343609955571030135e-01
1.351063624798714002e-01
1.358536080699641602e-01
1.366027259191402443e-01
1.373537095626318205e-01
1.381065524791362797e-01
1.388612480908255620e-01
1.396177897633377185e-01
1.403761708057795765e-01
1.411363844707329562e-01
1.418984239542444570e-01
1.426622823958352271e-01
1.434279528784920821e-01
1.441954284286710575e-01
1.449647020163031819e-01
1.457357665547842629e-01
1.465086149009846572e-01
1.472832398552399447e-01
1.480596341613562572e-01
1.488377905066129436e-01
1.496177015217567963e-01
1.503993597810020511e-01
1.511827578020392693e-01
1.519678880460202386e-01
1.527547429175761806e-01
1.535433147648013197e-01
1.543335958792591001e-01
1.551255784959892914e-01
1.559192547934928896e-01
1.567146168937507689e-01
1.575116568622054736e-01
1.583103667077701004e-01
1.591107383828336275e-01
1.599127637832462590e-01
1.607164347483371891e-01
1.615217430608990590e-01
1.623286804471937295e-01
1.631372385769593869e-01
1.639474090633949999e-01
1.647591834631798591e-01
1.655725532764544816e-01
1.663875099468308250e-01
1.672040448613958397e-01
1.680221493506981467e-01
1.688418146887653570e-01
1.696630320930880842e-01
1.704857927246266058e-01
1.713100876878170808e-01
1.721359080305573386e-01
1.729632447442246423e-01
1.737920887636583700e-01
1.746224309671680075e-01
1.754542621765389221e-01
1.762875731570181514e-01
1.771223546173321672e-01
1.779585972096686675e-01
1.787962915296872346e-01
1.796354281165220002e-01
1.804759974527692101e-01
1.813179899645041004e-01
1.821613960212644656e-01
1.830062059360582083e-01
1.838524099653691124e-01
1.846999983091417441e-01
1.855489611108014358e-01
1.863992884572347464e-01
1.872509703787987867e-01
1.881039968493265491e-01
1.889583577861113639e-01
1.898140430499282161e-01
1.906710424450124286e-01
1.915293457190703208e-01
1.923889425632840933e-01
1.932498226122967289e-01
1.941119754442310885e-01
1.949753905806725918e-01
1.958400574866772104e-01
1.967059655707750210e-01
1.975731041849586589e-01
1.984414626247006375e-01
1.993110301289351405e-01
2.001817958800669039e-01
2.010537490039752129e-01
2.019268785700027991e-01
2.028011735909704960e-01
2.036766230231616959e-01
2.045532157663303430e-01
2.054309406637049307e-01
2.063097865019773991e-01
2.071897420113177901e-01
2.080707958653578160e-01
2.089529366812015176e-01
2.098361530194261526e-01
2.107204333840742017e-01
2.116057662226622504e-01
2.124921399261729960e-01
2.133795428290587992e-01
2.142679632092465702e-01
2.151573892881271099e-01
2.160478092305675446e-01
2.169392111448988913e-01
2.178315830829227195e-01
2.187249130399147035e-01
2.196191889546157405e-01
2.205143987092408331e-01
2.214105301294710948e-01
2.223075709844573034e-01
2.232055089868234532e-01
2.241043317926605383e-01
2.250040270015323252e-01
2.259045821564686918e-01
2.268059847439696242e-01
2.277082221940092133e-01
2.286112818800263291e-01
2.295151511189348348e-01
2.304198171711133725e-01
2.313252672404111365e-01
2.322314884741514263e-01
2.331384679631218759e-01
2.340461927415855570e-01
2.349546497872707640e-01
2.358638260213754556e-01
2.367737083085721395e-01
2.376842834569976581e-01
2.385955382182647355e-01
2.395074592874495423e-01
2.404200333031001335e-01
2.413332468472377812e-01
2.422470864453489803e-01
2.431615385663947748e-01
2.440765896228014320e-01
2.449922259704653271e-01
2.459084339087573845e-01
2.468251996805133075e-01
2.477425094720429044e-01
2.486603494131216507e-01
2.495787055769955742e-01
2.504975639803839194e-01
2.514169105834720419e-01
2.523367312899189585e-01
2.532570119468493530e-01
2.541777383448580174e-01
2.550988962180134045e-01
2.560204712438514107e-01
2.569424490433758201e-01
2.578648151810654099e-01
2.587875551648624040e-01
2.597106544461840194e-01
2.606340984199162492e-01
2.615578724244107534e-01
2.624819617414959616e-01
2.634063515964624180e-01
2.643310271580792126e-01
2.652559735385784379e-01
2.661811757936622946e-01
2.671066189225088650e-01
2.680322878677561249e-01
2.689581675155241491e-01
2.698842426953933504e-01
