-8.847791888956646478e-02
-8.847791898061496685e-02
-8.847791928298343045e-02
-8.847791872393007129e-02
-8.847791485751899110e-02
-8.847790415973100231e-02
-8.847788203018480679e-02
-8.847784279213444236e-02
-8.847777969247272445e-02
-8.847768490172824851e-02
-8.847754951406716639e-02
-8.847736354729340835e-02
-8.847711239744271428e-02
-8.847677242527030028e-02
-8.847632063865262797e-02
-8.847573438251699063e-02
-8.847499132015934631e-02
-8.847406943324331863e-02
-8.847294702180197312e-02
-8.847160270423581885e-02
-8.847001541731525087e-02
-8.846816441617855187e-02
-8.846602927433222519e-02
-8.846358988365177201e-02
-8.846082645438091419e-02
-8.845771951513214937e-02
-8.845424991288686201e-02
-8.845039881299388007e-02
-8.844614769917169550e-02
-8.844147837350668784e-02
-8.843637295645390139e-02
-8.843081388683760036e-02
-8.842478392184893732e-02
-8.841826613704983906e-02
-8.841124392636845464e-02
-8.840370100210304116e-02
-8.839562139492063153e-02
-8.838698945385492500e-02
-8.837778984631050605e-02
-8.836800755805818142e-02
-8.835762789323897692e-02
-8.834663647436258316e-02
-8.833501924230546809e-02
-8.832276245631487388e-02
-8.830985269400415394e-02
-8.829627685135732484e-02
-8.828202214272651283e-02
-8.826707610083095457e-02
-8.825142657676043889e-02
-8.823506173997142099e-02
-8.821797007829013104e-02
-8.820014039791168603e-02
-8.818156182339798033e-02
-8.816222379768146045e-02
-8.814211608206112825e-02
-8.812122875620620466e-02
-8.809955221815413129e-02
-8.807707718430979327e-02
-8.805379468944818377e-02
-8.802969608671118440e-02
-8.800477304761056274e-02
-8.797901756202630708e-02
-8.795242193820629328e-02
-8.792497880276795019e-02
-8.789668110069603912e-02
-8.786752209534476332e-02
-8.783749536843732386e-02
-8.780659482006358818e-02
-8.777481466868419790e-02
-8.774214945112623898e-02
-8.770859402258701643e-02
-8.767414355663216696e-02
-8.763879354519421572e-02
-8.760253979857668405e-02
-8.756537844544931559e-02
-8.752730593285185101e-02
-8.748831902619280676e-02
-8.744841480924747668e-02
-8.740759068416203981e-02
-8.736584398989466482e-02
-8.732316710444576469e-02
-8.727955787162411383e-02
-8.723501650966425380e-02
-8.718954325730543520e-02
-8.714313837378762084e-02
-8.709580213885492750e-02
-8.704753485275418257e-02
-8.699833683623336977e-02
-8.694820843054529291e-02
-8.689714999744302393e-02
-8.684516191918445482e-02
-8.679224459852963314e-02
-8.673839845873998478e-02
-8.668362394358108958e-02
-8.662792151732112700e-02
-8.657129166472976589e-02
-8.651373489108094006e-02
-8.645525172214985066e-02
-8.639584270421507561e-02
-8.633550840405823656e-02
-8.627424940896277761e-02
-8.621206632671563064e-02
-8.614895978560555001e-02
-8.608493043442444481e-02
-8.601997894246771192e-02
-8.595410599953157149e-02
-8.588731231591695270e-02
-8.581959862242560799e-02
-8.575096567036322170e-02
-8.568141423153829983e-02
-8.561094509826083776e-02
-8.553955908334476277e-02
-8.546725702010549153e-02
-8.539403976236203953e-02
-8.531990818443635494e-02
-8.524486318115165329e-02
-8.516890566783563710e-02
-8.509203658031683215e-02
-8.501425687492780714e-02
-8.493556752850384139e-02
-8.485596953838170364e-02
-8.477546392240231654e-02
-8.469405171890775907e-02
-8.461173398674393109e-02
-8.452851180525955410e-02
-8.444438627430495004e-02
-8.435935851423415066e-02
-8.427342966590289919e-02
-8.418660089067031560e-02
-8.409887337039878563e-02
-8.401024830745162930e-02
-8.392072692469676465e-02
-8.383031046550315502e-02
-8.373900019374336257e-02
-8.364679739379288215e-02
-8.355370337052914209e-02
-8.345971944933261444e-02
-8.336484697608625982e-02
-8.326908731717574952e-02
-8.317244185949035362e-02
-8.307491201042038753e-02
-8.297649919786032058e-02
-8.287720487020588944e-02
-8.277703049635676269e-02
-8.267597756571531953e-02
-8.257404758818520651e-02
-8.247124209417466822e-02
-8.236756263459255045e-02
-8.226301078085196394e-02
-8.215758812486873008e-02
-8.205129627906004863e-02
-8.194413687634738430e-02
-8.183611157015291404e-02
-8.172722203440352384e-02
-8.161746996352814421e-02
-8.150685707245741707e-02
-8.139538509662624932e-02
-8.128305579197048214e-02
-8.116987093492999961e-02
-8.105583232244728542e-02
-8.094094177196653472e-02
-8.082520112143598556e-02
-8.070861222930469925e-02
-8.059117697452622409e-02
-8.047289725655648596e-02
-8.035377499535290013e-02
-8.023381213137703583e-02
-8.011301062559184061e-02
-7.999137245946386088e-02
-7.986889963496235367e-02
-7.974559417455862054e-02
-7.962145812122722877e-02
-7.949649353844445709e-02
-7.937070251019073819e-02
-7.924408714094832717e-02
-7.911664955570207880e-02
-7.898839189994000254e-02
-7.885931633965181931e-02
-7.872942506133107088e-02
-7.859872027197400968e-02
-7.846720419907815547e-02
-7.833487909064562604e-02
-7.820174721517914040e-02
-7.806781086168579353e-02
-7.793307233967528003e-02
-7.779753397915833979e-02
-7.766119813065069932e-02
-7.752406716516840879e-02
-7.738614347423200535e-02
-7.724742946986457026e-02
-7.710792758459028562e-02
-7.696764027143832010e-02
-7.682657000393799951e-02
-7.668471927612341421e-02
-7.654209060253097663e-02
-7.639868651819836654e-02
-7.625450957866797275e-02
-7.610956235998278530e-02
-7.596384745869011468e-02
-7.581736749183992652e-02
-7.567012509698312073e-02
-7.552212293217575034e-02
-7.537336367597402553e-02
-7.522385002743869897e-02
-7.507358470613306745e-02
-7.492257045212186162e-02
-7.477081002597385506e-02
-7.461830620875931075e-02
-7.446506180205214598e-02
-7.431107962792898869e-02
-7.415636252896812275e-02
-7.400091336825148636e-02
-7.384473502936306222e-02
-7.368783041638993225e-02
-7.353020245392238863e-02
-7.337185408705182432e-02
-7.321278828137345318e-02
-7.305300802298569929e-02
-7.289251631848792101e-02
-7.273131619498424127e-02
-7.256941070007943972e-02
-7.240680248506969896e-02
-7.224347880141013256e-02
-7.207943359515722737e-02
-7.191466847755234593e-02
-7.174918504035399103e-02
-7.158298485584113635e-02
-7.141606947681244932e-02
-7.124844043658407067e-02
-7.108009924899350018e-02
-7.091104740839532239e-02
-7.074128638966487026e-02
-7.057081764819661540e-02
-7.039964261990305783e-02
-7.022776272121766805e-02
-7.005517934909138988e-02
-6.988189388099547150e-02
-6.970790767492046625e-02
-6.953322206937528893e-02
-6.935783838338926977e-02
-6.918175791650960083e-02
-6.900498194880350100e-02
-6.882751174085804946e-02
-6.864934853377774315e-02
-6.847049354918849362e-02
-6.829094798923335263e-02
-6.811071303657584286e-02
-6.792978985439895867e-02
-6.774817958640366733e-02
-6.756588335681157353e-02
-6.738290227036208835e-02
-6.719923741231498271e-02
-6.701488984844916619e-02
-6.682986062506190983e-02
-6.664415076897078904e-02
-6.645776128751157419e-02
-6.627069316853978487e-02
-6.608294738043074545e-02
-6.589452487207780873e-02
-6.570542657289463184e-02
-6.551565339281306688e-02
-6.532520622228493723e-02
-6.513408593228164900e-02
-6.494229337429247018e-02
-6.474982938032747271e-02
-6.455669476291436837e-02
-6.436289031510133984e-02
-6.416841681045576395e-02
-6.397327500306310144e-02
-6.377746562752961701e-02
-6.358098939897899315e-02
-6.338384701305571634e-02
-6.318603914592313409e-02
-6.298756645426301093e-02
-6.278842957527747126e-02
-6.258862912668677891e-02
-6.238816570673100248e-02
-6.218703989417007083e-02
-6.198525224828144164e-02
-6.178280330886370963e-02
-6.157969359623316485e-02
-6.137592361122601314e-02
-6.117149383519837613e-02
-6.096640473002368221e-02
-6.076065673809682988e-02
-6.055425028233002438e-02
-6.034718576615577534e-02
-6.013946357352617511e-02
-5.993108406891101136e-02
-5.972204759730115331e-02
-5.951235448420494345e-02
-5.930200503565113967e-02
-5.909099953818786055e-02
-5.887933825888103101e-02
-5.866702144531749097e-02
-5.845404932560199773e-02
-5.824042210835922440e-02
-5.802613998273353779e-02
-5.781120311838683357e-02
-5.759561166550236644e-02
-5.737936575478075341e-02
-5.716246549744291583e-02
-5.694491098522930228e-02
-5.672670229039805667e-02
-5.650783946572845995e-02
-5.628832254451715533e-02
-5.606815154058131245e-02
-5.584732644825751713e-02
-5.562584724239999501e-02
-5.540371387838427530e-02
-5.518092629210297195e-02
-5.495748439996955836e-02
-5.473338809891653556e-02
-5.450863726639443296e-02
-5.428323176037469500e-02
-5.405717141934629488e-02
-5.383045606231867675e-02
-5.360308548882064539e-02
-5.337505947889858993e-02
-5.314637779312042509e-02
-5.291704017257092829e-02
-5.268704633885584743e-02
-5.245639599410006904e-02
-5.222508882094617499e-02
-5.199312448255810626e-02
-5.176050262261683299e-02
-5.152722286532424034e-02
-5.129328481540129658e-02
-5.105868805808677635e-02
-5.082343215914064682e-02
-5.058751666484007092e-02
-5.035094110198312656e-02
-5.011370497788675271e-02
-4.987580778038602780e-02
-4.963724897783688972e-02
-4.939802801911274965e-02
-4.915814433360768398e-02
-4.891759733123493548e-02
-4.867638640242549775e-02
-4.843451091813166798e-02
-4.819197022982282808e-02
-4.794876366948924717e-02
-4.770489054964022202e-02
-4.746035016330293899e-02
-4.721514178402580475e-02
-4.696926466587433846e-02
-4.672271804343505752e-02
-4.647550113181306286e-02
-4.622761312663206668e-02
-4.597905320403589124e-02
-4.572982052068760850e-02
-4.547991421376842980e-02
-4.522933340098017618e-02
-4.497807718054258608e-02
-4.472614463119570227e-02
-4.447353481219865068e-02
-4.422024676332877990e-02
-4.396627950488410375e-02
-4.371163203768035910e-02
-4.345630334305378151e-02
-4.320029238285968964e-02
-4.294359809947145834e-02
-4.268621941578329415e-02
-4.242815523520712673e-02
-4.216940444167519009e-02
-4.190996589963894015e-02
-4.164983845406797225e-02
-4.138902093045257469e-02
-4.112751213480081436e-02
-4.086531085364092375e-02
-4.060241585402066256e-02
-4.033882588350579113e-02
-4.007453967018251295e-02
-3.980955592265519871e-02
-3.954387333004810712e-02
-3.927749056200524613e-02
-3.901040626868829131e-02
-3.874261908077983318e-02
-3.847412760948015764e-02
-3.820493044650988268e-02
-3.793502616410882045e-02
-3.766441331503511680e-02
-3.739309043256724974e-02
-3.712105603050175340e-02
-3.684830860315527201e-02
-3.657484662536394926e-02
-3.630066855248176294e-02
-3.602577282038355033e-02
-3.575015784546189956e-02
-3.547382202462956435e-02
-3.519676373531879787e-02
-3.491898133547988170e-02
-3.464047316358351281e-02
-3.436123753861858310e-02
-3.408127276009395579e-02
-3.380057710803796578e-02
-3.351914884299697639e-02
-3.323698620603798837e-02
-3.295408741874589209e-02
-3.267045068322566026e-02
-3.238607418210182054e-02
-3.210095607851684574e-02
-3.181509451613381834e-02
-3.152848761913382147e-02
-3.124113349221793734e-02
-3.095303022060688636e-02
-3.066417587003908429e-02
-3.037456848677391741e-02
-3.008420609758849507e-02
-2.979308670978011997e-02
-2.950120831116556652e-02
-2.920856887007941549e-02
-2.891516633537713488e-02
-2.862099863643208231e-02
-2.832606368313753120e-02
-2.803035936590647648e-02
-2.773388355566958063e-02
-2.743663410387853219e-02
-2.713860884250268724e-02
-2.683980558403152583e-02
-2.654022212147416626e-02
-2.623985622835740827e-02
-2.593870565872902212e-02
-2.563676814715450114e-02
-2.533404140871954591e-02
-2.503052313902928705e-02
-2.472621101420667544e-02
-2.442110269089563246e-02
-2.411519580625784420e-02
-2.380848797797496808e-02
-2.350097680424842461e-02
-2.319265986379717703e-02
-2.288353471586151988e-02
-2.257359890019880466e-02
-2.226284993708727011e-02
-2.195128532732425197e-02
-2.163890255222490622e-02
-2.132569907362558137e-02
-2.101167233387980782e-02
-2.069681975586194767e-02
-2.038113874296548778e-02
-2.006462667910169362e-02
-1.974728092870298157e-02
-1.942909883671913029e-02
-1.911007772862054199e-02
-1.879021491039685465e-02
-1.846950766855547099e-02
-1.814795327012491688e-02
-1.782554896265112210e-02
-1.750229197420059835e-02
-1.717817951335912086e-02
-1.685320876923018796e-02
-1.652737691143854604e-02
-1.620068109012615110e-02
-1.587311843595569372e-02
-1.554468606010907250e-02
-1.521538105428592302e-02
-1.488520049070705953e-02
-1.455414142211065853e-02
-1.422220088175547847e-02
-1.388937588341952745e-02
-1.355566342139863378e-02
-1.322106047050973510e-02
-1.288556398608707576e-02
-1.254917090398556534e-02
-1.221187814057936305e-02
-1.187368259276042753e-02
-1.153458113794180590e-02
-1.119457063405384506e-02
-1.085364791954774449e-02
-1.051180981339348841e-02
-1.016905311507939474e-02
-9.825374604614176000e-03
-9.480771042525544534e-03
-9.135239169859553365e-03
-8.788775708182774982e-03
-8.441377359579650685e-03
-8.093040806654974717e-03
-7.743762712532659132e-03
-7.393539720854838682e-03
-7.042368455784209225e-03
-6.690245522001349310e-03
-6.337167504707197363e-03
-5.983130969621767992e-03
-5.628132462983347073e-03
-5.272168511550753833e-03
-4.915235622600686721e-03
-4.557330283930238757e-03
-4.198448963855499344e-03
-3.838588111210922832e-03
-3.477744155351458755e-03
-3.115913506149889031e-03
-2.753092553999497705e-03
-2.389277669812473262e-03
-2.024465205019383013e-03
-1.658651491571336289e-03
-1.291832841937298228e-03
-9.240055491064602666e-04
-5.551658865873641130e-04
-1.853101084066293217e-04
1.855655508884412582e-04
5.574648762329600243e-04
9.303916720414112662e-04
1.304349762209158423e-03
1.679342990113560918e-03
2.055375218610929616e-03
2.432450330040502803e-03
2.810572226220553471e-03
3.189744828450321798e-03
3.569972077511043840e-03
3.951257933662893213e-03
4.333606376648972691e-03
4.717021405691440572e-03
5.101507039493403256e-03
5.487067316239963022e-03
5.873706293595164912e-03
6.261428048705972721e-03
6.650236678198473417e-03
7.040136298179566765e-03
7.431131044238287187e-03
7.823225071442535539e-03
8.216422554343134899e-03
8.610739824484431315e-03
9.006199113078386387e-03
9.402802633143594879e-03
9.800552329535167084e-03
1.019945013355628288e-02
1.059949796295443780e-02
1.100069772192332346e-02
1.140305130110379206e-02
1.180656057758093513e-02
1.221122741488792768e-02
1.261705366300229503e-02
1.302404115834766146e-02
1.343219172379489512e-02
1.384150716865907571e-02
1.425198928870338722e-02
1.466363986613532233e-02
1.507646066960850739e-02
1.549045345422378483e-02
1.590561996152625723e-02
1.632196191950906206e-02
1.673948104260970793e-02
1.715817903171180936e-02
1.757805757414621084e-02
1.799911834368797536e-02
1.842136300056025633e-02
1.884479319143053666e-02
1.926941054941241904e-02
1.969521669406659736e-02
2.012221323139860851e-02
2.055040175386109447e-02
2.097978384035170674e-02
2.141036105621402230e-02
2.184213495323875098e-02
2.227510706966137621e-02
2.270927893016459753e-02
2.314465204587599911e-02
2.358122791436918775e-02
2.401900801966481980e-02
2.445799383222842238e-02
2.489818680897262770e-02
2.533958839325506363e-02
2.578220001487929736e-02
2.622602309009600119e-02
2.667105902160064879e-02
2.711730919853592991e-02
2.756477499648940510e-02
2.801345777749465749e-02
2.846335889003234754e-02
2.891447966902795097e-02
2.936682143585409022e-02
2.982038549832836949e-02
3.027517315071438786e-02
3.073118567372271071e-02
3.118842433450888518e-02
3.164689038667552190e-02
3.210658507027021324e-02
3.256750961178647708e-02
3.302966522416496409e-02
3.349305310679114023e-02
3.395767444549761815e-02
3.442353041256197843e-02
3.489062216670779648e-02
3.535895085310562791e-02
3.582851760337101010e-02
3.629932353556648839e-02
3.677136975419968701e-02
3.724465735022404467e-02
3.771918740104032719e-02
3.819496097049385197e-02
3.867197910887723578e-02
3.915024285292806328e-02
3.962975322582987237e-02
4.011051123721326439e-02
4.059251788315368370e-02
4.107577414617369360e-02
4.156028099524083919e-02
4.204603938576867428e-02
4.253305025961778840e-02
4.302131454509355857e-02
4.351083315694864728e-02
4.400160699638053230e-02
4.449363695103275562e-02
4.498692389499589495e-02
4.548146868880578730e-02
4.597727217944372335e-02
4.647433520033852905e-02
4.697265857136315170e-02
4.747224309883860127e-02
4.797308957553014785e-02
4.847519878064945886e-02
4.897857147985512638e-02
4.948320842525019692e-02
4.998911035538561309e-02
5.049627799525677196e-02
5.100471205630507932e-02
5.151441323641942072e-02
5.202538221993258105e-02
5.253761967762565765e-02
5.305112626672395248e-02
5.356590263089894277e-02
5.408194940026936348e-02
5.459926719139818196e-02
5.511785660729626168e-02
5.563771823741908706e-02
5.615885265766804024e-02
5.668126043039184436e-02
5.720494210438345495e-02
5.772989821488380691e-02
5.825612928357826181e-02
5.878363581859827325e-02
5.931241831452255253e-02
5.984247725237398785e-02
6.037381309962353004e-02
6.090642631018652886e-02
6.144031732442445382e-02
6.197548656914597665e-02
6.251193445760405698e-02
6.304966138949957832e-02
6.358866775097782309e-02
6.412895391463030448e-02
6.467052023949571016e-02
6.521336707105690467e-02
6.575749474124475968e-02
6.630290356843476784e-02
6.684959385744831950e-02
6.739756589955386845e-02
6.794681997246454497e-02
6.849735634034115339e-02
6.904917525378911902e-02
6.960227694985970937e-02
7.015666165205169946e-02
7.071232957030793020e-02
7.126928090101936064e-02
7.182751582702123772e-02
7.238703451759492813e-02
7.294783712846925061e-02
7.350992380181692321e-02
7.407329466625889314e-02
7.463794983686045104e-02
7.520388941513306280e-02
7.577111348903525778e-02
7.633962213297001975e-02
7.690941540778817309e-02
7.748049336078499660e-02
7.805285602570194436e-02
7.862650342272758941e-02
7.920143555849479267e-02
7.977765242608447771e-02
8.035515400502191152e-02
8.093394026127848084e-02
8.151401114727280239e-02
8.209536660186761425e-02
8.267800655037405022e-02
8.326193090454714341e-02
8.384713956258832424e-02
8.443363240914619761e-02
8.502140931531387835e-02
8.561047013863182231e-02
8.620081472308538384e-02
8.679244289910614807e-02
8.738535448357231950e-02
8.797954927980733419e-02
8.857502707758152516e-02
8.917178765311040145e-02
8.976983076905514780e-02
9.036915617452434546e-02
9.096976360507119663e-02
9.157165278269613351e-02
9.217482341584454231e-02
9.277927519940776246e-02
9.338500781472430790e-02
9.399202092957720245e-02
9.460031419819714404e-02
9.520988726125928503e-02
9.582073974588500853e-02
9.643287126564292766e-02
9.704628142054605444e-02
9.766096979705490844e-02
9.827693596807474119e-02
9.889417949295709054e-02
9.951269991750011368e-02
1.001324967739472549e-01
1.007535695809887999e-01
1.013759178437600994e-01
1.019995410538425129e-01
1.026244386892645188e-01
1.032506102144991611e-01
1.038780550804669911e-01
1.045067727245332923e-01
1.051367625705093567e-01
1.057680240286536510e-01
1.064005564956692074e-01
1.070343593547066208e-01
1.076694319753610518e-01
1.083057737136740029e-01
1.089433839121336511e-01
1.095822618996733500e-01
1.102224069916734606e-01
1.108638184899591317e-01
1.115064956828019094e-01
1.121504378449199590e-01
1.127956442374766777e-01
1.134421141080821926e-01
1.140898466907920294e-01
1.147388412061073337e-01
1.153890968609765921e-01
1.160406128487933008e-01
1.166933883493966317e-01
1.173474225290730977e-01
1.180027145405535549e-01
1.186592635230165338e-01
1.193170686020852966e-01
1.199761288898292255e-01
1.206364434847646550e-01
1.212980114718524849e-01
1.219608319225013449e-01
1.226249038945644854e-01
1.232902264323411101e-01
1.239567985665777639e-01
1.246246193144651127e-01
1.252936876796419963e-01
1.259640026521914313e-01
1.266355632086427763e-01
1.273083683119724530e-01
1.279824169116012267e-01
1.286577079433978144e-01
1.293342403296753873e-01
1.300120129791931256e-01
1.306910247871575503e-01
1.313712746352193594e-01
1.320527613914773135e-01
1.327354839104744610e-01
1.334194410332001368e-01
1.341046315870906835e-01
1.347910543860269539e-01
1.354787082303375301e-01
1.361675919067956708e-01
1.368577041886204770e-01
1.375490438354785017e-01
1.382416095934803080e-01
1.389354001951847994e-01
1.396304143595949454e-01
1.403266507921599460e-01
1.410241081847763978e-01
1.417227852157848522e-01
1.424226805499740345e-01
1.431237928385770131e-01
1.438261207192730873e-01
1.445296628161886199e-01
1.452344177398943725e-01
1.459403840874089475e-01
1.466475604421954015e-01
1.473559453741631331e-01
1.480655374396683266e-01
1.487763351815117874e-01
1.494883371289423279e-01
1.502015417976527156e-01
1.509159476897822816e-01
1.516315532939175870e-01
1.523483570850890922e-01
1.530663575247756536e-01
1.537855530609001931e-01
1.545059421278319189e-01
1.552275231463873251e-01
1.559502945238268601e-01
1.566742546538594238e-01
1.573994019166379821e-01
1.581257346787617313e-01
1.588532512932769869e-01
1.595819500996745188e-01
1.603118294238929376e-01
1.610428875783151970e-01
1.617751228617706483e-01
1.625085335595354841e-01
1.632431179433305735e-01
1.639788742713243486e-01
1.647158007881297515e-01
1.654538957248063991e-01
1.661931572988601391e-01
1.669335837142419954e-01
1.676751731613503882e-01
1.684179238170284143e-01
1.691618338445652903e-01
1.699069013936971295e-01
1.706531246006051106e-01
1.714005015879171423e-01
1.721490304647067537e-01
1.728987093264928721e-01
1.736495362552418764e-01
1.744015093193646004e-01
1.751546265737193853e-01
1.759088860596093595e-01
1.766642858047835496e-01
1.774208238234383228e-01
1.781784981162146120e-01
1.789373066702005799e-01
1.796972474589294544e-01
1.804583184423803055e-01
1.812205175669793777e-01
1.819838427655975921e-01
1.827482919575532661e-01
1.835138630486094491e-01
1.842805539309751439e-01
1.850483624833068053e-01
1.858172865707052313e-01
1.865873240447186165e-01
1.873584727433402763e-01
1.881307304910089795e-01
1.889040950986112244e-01
1.896785643634777974e-01
1.904541360693869922e-01
1.912308079865618349e-01
1.920085778716714708e-01
1.927874434678321647e-01
1.935674025046046909e-01
1.943484526979973870e-01
1.951305917504630449e-01
1.959138173509012981e-01
1.966981271746577886e-01
1.974835188835238342e-01
1.982699901257373165e-01
1.990575385359816263e-01
1.998461617353855524e-01
2.006358573315255023e-01
2.014266229184222268e-01
2.022184560765440953e-01
2.030113543728039316e-01
2.038053153605609014e-01
2.046003365796213447e-01
2.053964155562358895e-01
2.061935498031028935e-01
2.069917368193654461e-01
2.077909740906124236e-01
2.085912590888800988e-01
2.093925892726494209e-01
2.101949620868485136e-01
2.109983749628503436e-01
2.118028253184740528e-01
2.126083105579857913e-01
2.134148280720968294e-01
2.142223752379641133e-01
2.150309494191918747e-01
2.158405479658286885e-01
2.166511682143709705e-01
2.174628074877597017e-01
2.182754630953819830e-01
2.190891323330719231e-01
2.199038124831081964e-01
2.207195008142172066e-01
2.215361945815697009e-01
2.223538910267831570e-01
2.231725873779213387e-01
2.239922808494930750e-01
2.248129686424545914e-01
2.256346479442070674e-01
2.264573159285974691e-01
2.272809697559197151e-01
2.281056065729127891e-01
2.289312235127627382e-01
2.297578176951007856e-01
2.305853862260036635e-01
2.314139261979957785e-01
2.322434346900456026e-01
2.330739087675695598e-01
2.339053454824285838e-01
2.347377418729296172e-01
2.355710949638268881e-01
2.364054017663189122e-01
2.372406592780521017e-01
2.380768644831174341e-01
2.389140143520516735e-01
2.397521058418393136e-01
2.405911358959086366e-01
2.414311014441362091e-01
2.422719994028427748e-01
2.431138266747953081e-01
2.439565801492081798e-01
2.448002567017396602e-01
2.456448531944963598e-01
2.464903664760291213e-01
2.473367933813346853e-01
2.481841307318574663e-01
2.490323753354858893e-01
2.498815239865563309e-01
2.507315734658496775e-01
2.515825205405928799e-01
2.524343619644601189e-01
2.532870944775699185e-01
2.541407148064886434e-01
2.549952196642268354e-01
2.558506057502419884e-01
2.567068697504377717e-01
2.575640083371630862e-01
2.584220181692140628e-01
2.592808958918314532e-01
2.601406381367024068e-01
2.610012415219612469e-01
2.618627026521858081e-01
2.627250181184030975e-01
2.635881844980836330e-01
2.644521983551443300e-01
2.653170562399496113e-01
2.661827546893075214e-01
2.670492902264747226e-01
2.679166593611519431e-01
2.687848585894860864e-01
2.696538843940713415e-01
2.705237332439460740e-01
2.713944015945968236e-01
2.722658858879541954e-01
2.731381825523950813e-01
2.740112880027436582e-01
2.748851986402686132e-01
2.757599108526860299e-01
2.766354210141567238e-01
2.775117254852874638e-01
2.783888206131327481e-01
2.792667027311908079e-01
2.801453681594078260e-01
2.810248132041748281e-01
2.819050341583285713e-01
2.827860273011533199e-01
2.836677888983772933e-01
2.845503152021769955e-01
2.854336024511729963e-01
2.863176468704324851e-01
2.872024446714690482e-01
2.880879920522417814e-01
2.889742851971565107e-01
2.898613202770640163e-01
2.907490934492615864e-01
2.916376008574926848e-01
2.925268386319463954e-01
2.934168028892586433e-01
2.943074897325100858e-01
2.951988952512277775e-01
2.960910155213857253e-01
2.969838466054025572e-01
2.978773845521442976e-01
2.987716253969218139e-01
2.996665651614918158e-01
3.005621998540585205e-01
3.014585254692703220e-01
3.023555379882235661e-01
3.032532333784587752e-01
3.041516075939629804e-01
3.050506565751700538e-01
3.059503762489588219e-01
3.068507625286551743e-01
3.077518113140297329e-01
3.086535184912996277e-01
3.095558799331287192e-01
3.104588914986257109e-01
3.113625490333465917e-01
3.122668483692919716e-01
3.131717853249088579e-01
3.140773557050913212e-01
3.149835553011778311e-01
3.158903798909543648e-01
3.167978252386517424e-01
3.177058870949467373e-01
3.186145611969637415e-01
3.195238432682711016e-01
3.204337290188840059e-01
3.213442141452641510e-01
3.222552943303184092e-01
3.231669652434002726e-01
3.240792225403090754e-01
3.249920618632892166e-01
3.259054788410331582e-01
3.268194690886767617e-01
3.277340282078047284e-01
3.286491517864452705e-01
3.295648353990736634e-01
3.304809173727044636e-01
3.313970407455180123e-01
3.323131828745138350e-01
3.332293342210419507e-01
