-1.043026628681838486e-01
-1.043026628245041776e-01
-1.043026621991285374e-01
-1.043026591856691110e-01
-1.043026506680074794e-01
-1.043026325014588251e-01
-1.043025995144106211e-01
-1.043025455083222419e-01
-1.043024632577259636e-01
-1.043023445102263524e-01
-1.043021799865002097e-01
-1.043019593802972933e-01
-1.043016681273485902e-01
-1.043012831397027163e-01
-1.043007817555583472e-01
-1.043001416280131544e-01
-1.042993407086006963e-01
-1.042983572472898079e-01
-1.042971697924857111e-01
-1.042957571910288483e-01
-1.042940985881957716e-01
-1.042921734276990864e-01
-1.042899614516865081e-01
-1.042874427007422500e-01
-1.042845975138855796e-01
-1.042814065285720959e-01
-1.042778506806933958e-01
-1.042739112045759642e-01
-1.042695696329830612e-01
-1.042648077971129461e-01
-1.042596078266000981e-01
-1.042539521495149946e-01
-1.042478234923631675e-01
-1.042412048800867574e-01
-1.042340796360630151e-01
-1.042264313821053001e-01
-1.042182440384631370e-01
-1.042095018238208826e-01
-1.042001892552997799e-01
-1.041902911484557936e-01
-1.041797926172813860e-01
-1.041686790742049618e-01
-1.041569362300898138e-01
-1.041445500942361768e-01
-1.041315069743788957e-01
-1.041177934766895352e-01
-1.041033965057752697e-01
-1.040883032646783835e-01
-1.040725012548780470e-01
-1.040559782762880969e-01
-1.040387224272588673e-01
-1.040207221045767461e-01
-1.040019660034627869e-01
-1.039824431175751518e-01
-1.039621427390065578e-01
-1.039410544582864415e-01
-1.039191681643799048e-01
-1.038964740446871038e-01
-1.038729625850450811e-01
-1.038486245697256005e-01
-1.038234510814368128e-01
-1.037974335013230331e-01
-1.037705635089631873e-01
-1.037428330823733647e-01
-1.037142344980040432e-01
-1.036847603307426979e-01
-1.036544034539121917e-01
-1.036231570392707191e-01
-1.035910145570130836e-01
-1.035579697757688100e-01
-1.035240167626043095e-01
-1.034891498830213807e-01
-1.034533638009570988e-01
-1.034166534787852587e-01
-1.033790141773144877e-01
-1.033404414557897999e-01
-1.033009311718922074e-01
-1.032604794817376659e-01
-1.032190828398788507e-01
-1.031767379993033806e-01
-1.031334416566766499e-01
-1.030891906299422622e-01
-1.030439839432397697e-01
-1.029978207922759292e-01
-1.029507003863811554e-01
-1.029026219485113525e-01
-1.028535847152473037e-01
-1.028035879367935612e-01
-1.027526308769804997e-01
-1.027007128132620406e-01
-1.026478330367179281e-01
-1.025939908520523969e-01
-1.025391855775936167e-01
-1.024834165452953583e-01
-1.024266831007359935e-01
-1.023689846031179962e-01
-1.023103204252694964e-01
-1.022506899536423930e-01
-1.021900925883139077e-01
-1.021285277429860860e-01
-1.020659948449850196e-01
-1.020024933352624563e-01
-1.019380226683939128e-01
-1.018725823125801733e-01
-1.018061717496469565e-01
-1.017387904750440830e-01
-1.016704379978466410e-01
-1.016011138407539316e-01
-1.015308175400903012e-01
-1.014595486458051976e-01
-1.013873067214718371e-01
-1.013140913442890922e-01
-1.012399021050798265e-01
-1.011647386082920042e-01
-1.010886004719986908e-01
-1.010114873278967207e-01
-1.009333988213085842e-01
-1.008543346111807071e-01
-1.007742943700847826e-01
-1.006932777842172722e-01
-1.006112845533988498e-01
-1.005283143910755128e-01
-1.004443670243173048e-01
-1.003594421938195924e-01
-1.002735396539023993e-01
-1.001866591725099620e-01
-1.000988005312120066e-01
-1.000099635252021391e-01
-9.992014796329923287e-02
-9.982935366794709608e-02
-9.973758047521352754e-02
-9.964482823479181572e-02
-9.955109680999918442e-02
-9.945638607777823603e-02
-9.936069592869622991e-02
-9.926402626694463827e-02
-9.916637701034036745e-02
-9.906774809032431461e-02
-9.896813945196253348e-02
-9.886755105394612331e-02
-9.876598286859000764e-02
-9.866343488183482169e-02
-9.855990709324485843e-02
-9.845539951601006701e-02
-9.834991217694494248e-02
-9.824344511648813727e-02
-9.813599838870384895e-02
-9.802757206128004386e-02
-9.791816621553017796e-02
-9.780778094639247522e-02
-9.769641636242915039e-02
-9.758407258582796340e-02
-9.747074975240055394e-02
-9.735644801158405137e-02
-9.724116752644013095e-02
-9.712490847365479185e-02
-9.700767104353930081e-02
-9.688945544002897092e-02
-9.677026188068443835e-02
-9.665009059669116276e-02
-9.652894183285853913e-02
-9.640681584762167411e-02
-9.628371291303930435e-02
-9.615963331479582266e-02
-9.603457735220022329e-02
-9.590854533818554684e-02
-9.578153759931049005e-02
-9.565355447575743519e-02
-9.552459632133436518e-02
-9.539466350347383661e-02
-9.526375640323261895e-02
-9.513187541529291580e-02
-9.499902094796081053e-02
-9.486519342316779291e-02
-9.473039327647014840e-02
-9.459462095704820883e-02
-9.445787692770779564e-02
-9.432016166487855457e-02
-9.418147565861567649e-02
-9.404181941259900923e-02
-9.390119344413250246e-02
-9.375959828414556774e-02
-9.361703447719149640e-02
-9.347350258144912494e-02
-9.332900316872191904e-02
-9.318353682443725194e-02
-9.303710414764840286e-02
-9.288970575103216998e-02
-9.274134226089097988e-02
-9.259201431715191610e-02
-9.244172257336602527e-02
-9.229046769671014894e-02
-9.213825036798470314e-02
-9.198507128161570456e-02
-9.183093114565393789e-02
-9.167583068177398431e-02
-9.151977062527627549e-02
-9.136275172508490083e-02
-9.120477474374952265e-02
-9.104584045744443244e-02
-9.088594965596791253e-02
-9.072510314274395693e-02
-9.056330173482035617e-02
-9.040054626287025163e-02
-9.023683757119160820e-02
-9.007217651770640932e-02
-8.990656397396207256e-02
-8.974000082513014509e-02
-8.957248797000738616e-02
-8.940402632101532299e-02
-8.923461680419952913e-02
-8.906426035923115103e-02
-8.889295793940515944e-02
-8.872071051164209798e-02
-8.854751905648705623e-02
-8.837338456810922560e-02
-8.819830805430306508e-02
-8.802229053648802370e-02
-8.784533304970726375e-02
-8.766743664263002001e-02
-8.748860237754896296e-02
-8.730883133038219723e-02
-8.712812459067270643e-02
-8.694648326158746499e-02
-8.676390845991910350e-02
-8.658040131608396583e-02
-8.639596297412382997e-02
-8.621059017179388828e-02
-8.602427196644568674e-02
-8.583700774709565606e-02
-8.564879748348647182e-02
-8.545964114383458599e-02
-8.526953869482967185e-02
-8.507849010163381909e-02
-8.488649532788317131e-02
-8.469355433568598324e-02
-8.449966708562428597e-02
-8.430483353675349845e-02
-8.410905364660103967e-02
-8.391232737116890994e-02
-8.371465466493085983e-02
-8.351603548083458284e-02
-8.331646977030093826e-02
-8.311595748322320176e-02
-8.291449856796878626e-02
-8.271209297137707694e-02
-8.250874063876137421e-02
-8.230444151390817198e-02
-8.209919553907640832e-02
-8.189300265499888098e-02
-8.168586280088077634e-02
-8.147777591440094613e-02
-8.126874193171146343e-02
-8.105876078743687319e-02
-8.084783241467558002e-02
-8.063595674499837718e-02
-8.042313370844975107e-02
-8.020936323354729836e-02
-7.999464524728125414e-02
-7.977897967511554667e-02
-7.956236644098663158e-02
-7.934480546730451889e-02
-7.912629667495252317e-02
-7.890683998328634763e-02
-7.868643531013563841e-02
-7.846508257180240253e-02
-7.824278168306225689e-02
-7.801953255716412294e-02
-7.779533510582928302e-02
-7.757018923925301790e-02
-7.734409486610291373e-02
-7.711705189352022205e-02
-7.688906022711938792e-02
-7.666011977098741159e-02
-7.643023042768506969e-02
-7.619939209824561077e-02
-7.596760468217586548e-02
-7.573486807745596905e-02
-7.550118218053830654e-02
-7.526654688634945578e-02
-7.503096208828818892e-02
-7.479442767822697125e-02
-7.455694354651151712e-02
-7.431850958195981849e-02
-7.407912567186406005e-02
-7.383879170198862085e-02
-7.359750755657154531e-02
-7.335527311832412689e-02
-7.311208826843004771e-02
-7.286795288654704383e-02
-7.262286685080507342e-02
-7.237683003780781554e-02
-7.212984232263217055e-02
-7.188190357882739967e-02
-7.163301367841681810e-02
-7.138317249189604641e-02
-7.113237988823431501e-02
-7.088063573487415892e-02
-7.062793989773041847e-02
-7.037429224119204352e-02
-7.011969262812023373e-02
-6.986414091984979868e-02
-6.960763697618893575e-02
-6.935018065541803667e-02
-6.909177181429168590e-02
-6.883241030803660676e-02
-6.857209599035332670e-02
-6.831082871341553897e-02
-6.804860832786932545e-02
-6.778543468283484974e-02
-6.752130762590438651e-02
-6.725622700314409785e-02
-6.699019265909333942e-02
-6.672320443676368895e-02
-6.645526217764095855e-02
-6.618636572168304366e-02
-6.591651490732171326e-02
-6.564570957146187435e-02
-6.537394954948073933e-02
-6.510123467522972718e-02
-6.482756478103232634e-02
-6.455293969768589879e-02
-6.427735925446097232e-02
-6.400082327910036617e-02
-6.372333159782106460e-02
-6.344488403531220455e-02
-6.316548041473672714e-02
-6.288512055773073928e-02
-6.260380428440269485e-02
-6.232153141333518498e-02
-6.203830176158291188e-02
-6.175411514467446517e-02
-6.146897137661150312e-02
-6.118287026986812815e-02
-6.089581163539252440e-02
-6.060779528260495930e-02
-6.031882101939964325e-02
-6.002888865214386915e-02
-5.973799798567730468e-02
-5.944614882331374084e-02
-5.915334096683906584e-02
-5.885957421651311083e-02
-5.856484837106867847e-02
-5.826916322771111267e-02
-5.797251858211981135e-02
-5.767491422844625570e-02
-5.737634995931584214e-02
-5.707682556582702182e-02
-5.677634083755073169e-02
-5.647489556253171283e-02
-5.617248952728774725e-02
-5.586912251680921371e-02
-5.556479431456025353e-02
-5.525950470247753543e-02
-5.495325346097135188e-02
-5.464604036892507788e-02
-5.433786520369468520e-02
-5.402872774111000531e-02
-5.371862775547317503e-02
-5.340756501956019087e-02
-5.309553930461999305e-02
-5.278255038037418800e-02
-5.246859801501810305e-02
-5.215368197521960680e-02
-5.183780202612021937e-02
-5.152095793133451562e-02
-5.120314945294965336e-02
-5.088437635152667782e-02
-5.056463838609900896e-02
-5.024393531417364889e-02
-4.992226689173093201e-02
-4.959963287322353975e-02
-4.927603301157812421e-02
-4.895146705819369837e-02
-4.862593476294292671e-02
-4.829943587417168116e-02
-4.797197013869830551e-02
-4.764353730181500324e-02
-4.731413710728644972e-02
-4.698376929735080532e-02
-4.665243361271963207e-02
-4.632012979257683905e-02
-4.598685757458025047e-02
-4.565261669486012086e-02
-4.531740688802027295e-02
-4.498122788713776465e-02
-4.464407942376219518e-02
-4.430596122791699565e-02
-4.396687302809794418e-02
-4.362681455127449814e-02
-4.328578552288937786e-02
-4.294378566685773391e-02
-4.260081470556857652e-02
-4.225687235988331847e-02
-4.191195834913705176e-02
-4.156607239113802033e-02
-4.121921420216700938e-02
-4.087138349697864992e-02
-4.052257998879997547e-02
-4.017280338933158779e-02
-3.982205340874744870e-02
-3.947032975569388091e-02
-3.911763213729112232e-02
-3.876396025913181331e-02
-3.840931382528216254e-02
-3.805369253828178033e-02
-3.769709609914242976e-02
-3.733952420735013600e-02
-3.698097656086304919e-02
-3.662145285611301260e-02
-3.626095278800520183e-02
-3.589947604991702845e-02
-3.553702233370008290e-02
-3.517359132967813606e-02
-3.480918272664861035e-02
-3.444379621188232987e-02
-3.407743147112227144e-02
-3.371008818858561851e-02
-3.334176604696173496e-02
-3.297246472741374723e-02
-3.260218390957794754e-02
-3.223092327156298897e-02
-3.185868248995164798e-02
-3.148546123979888145e-02
-3.111125919463340883e-02
-3.073607602645712922e-02
-3.035991140574430258e-02
-2.998276500144334000e-02
-2.960463648097473588e-02
-2.922552551023285816e-02
-2.884543175358519895e-02
-2.846435487387161123e-02
-2.808229453240612683e-02
-2.769925038897477765e-02
-2.731522210183759403e-02
-2.693020932772768883e-02
-2.654421172185048028e-02
-2.615722893788562098e-02
-2.576926062798473582e-02
-2.538030644277344816e-02
-2.499036603135044998e-02
-2.459943904128681497e-02
-2.420752511862775402e-02
-2.381462390789054751e-02
-2.342073505206636319e-02
-2.302585819261955546e-02
-2.262999296948674938e-02
-2.223313902107873496e-02
-2.183529598427845497e-02
-2.143646349444269794e-02
-2.103664118540131411e-02
-2.063582868945661869e-02
-2.023402563738499471e-02
-1.983123165843497099e-02
-1.942744638032890825e-02
-1.902266942926231219e-02
-1.861690042990309796e-02
-1.821013900539319996e-02
-1.780238477734678165e-02
-1.739363736585179676e-02
-1.698389638946941338e-02
-1.657316146523304251e-02
-1.616143220865028096e-02
-1.574870823370089906e-02
-1.533498915283845743e-02
-1.492027457698966858e-02
-1.450456411555357816e-02
-1.408785737640347313e-02
-1.367015396588457804e-02
-1.325145348881614019e-02
-1.283175554849043734e-02
-1.241105974667217060e-02
-1.198936568359991461e-02
-1.156667295798527451e-02
-1.114298116701240363e-02
-1.071828990633930459e-02
-1.029259877009640334e-02
-9.865907350887825888e-03
-9.438215239790784250e-03
-9.009522026354997021e-03
-8.579827298604143088e-03
-8.149130643034189353e-03
-7.717431644614927699e-03
-7.284729886789048647e-03
-6.851024951472026864e-03
-6.416316419053035361e-03
-5.980603868393720782e-03
-5.543886876829356991e-03
-5.106165020168378435e-03
-4.667437872691790335e-03
-4.227705007154362177e-03
-3.786965994783356160e-03
-3.345220405279653031e-03
-2.902467806817301925e-03
-2.458707766042831679e-03
-2.013939848076756571e-03
-1.568163616511813411e-03
-1.121378633414507608e-03
-6.735844593245437530e-04
-2.247806532540152797e-04
2.250332273109429890e-04
6.758576264120747489e-04
1.127692989617137820e-03
1.580539764020919610e-03
2.034398398245707007e-03
2.489269342439685666e-03
2.945153048279065475e-03
3.402049968966036619e-03
3.859960559229725849e-03
4.318885275326853068e-03
4.778824575039999217e-03
5.239778917679748654e-03
5.701744357950733200e-03
6.164705008761412960e-03
6.628660236808858741e-03
7.093611000573409042e-03
7.559558250772310112e-03
8.026502930357684584e-03
8.494445974517522008e-03
8.963388310676265180e-03
9.433330858493189919e-03
9.904274529864431215e-03
1.037622022892104034e-02
1.084916885202990774e-02
1.132312128779441873e-02
1.179807841705272226e-02
1.227404111287989583e-02
1.275101024058590549e-02
1.322898665771654256e-02
1.370797121405410712e-02
1.418796475161567677e-02
1.466896810465523338e-02
1.515098209966164733e-02
1.563400755535965247e-02
1.611804528271043591e-02
1.660309608491000039e-02
1.708916075739122520e-02
1.757624008782192326e-02
1.806433485610571543e-02
1.855344583438271744e-02
1.904357378702786069e-02
1.953471947065291148e-02
2.002688363410459749e-02
2.052006701846548209e-02
2.101427035705455415e-02
2.150949437542570147e-02
2.200573979136957736e-02
2.250300731491183814e-02
2.300129764831396195e-02
2.350061148607379691e-02
2.400094951492425660e-02
2.450231241383482583e-02
2.500470085401007569e-02
2.550811549889039909e-02
2.601255700415261440e-02
2.651802601770849449e-02
2.702452317970643891e-02
2.753204912252998904e-02
2.804060447079836926e-02
2.855018984136734050e-02
2.906080584332764588e-02
2.957245307800653034e-02
3.008513213896646388e-02
3.059884361200565506e-02
3.111358807515868241e-02
3.162936609869519688e-02
3.214617824512146227e-02
3.266402506917878701e-02
3.318290711784427360e-02
3.370282493033149862e-02
3.422377903808897226e-02
3.474576996480184532e-02
3.526879822639039652e-02
3.579286433101058762e-02
3.631796877905496546e-02
3.684411206315092724e-02
3.737129466816253853e-02
3.789951707118899282e-02
3.842877974156519438e-02
3.895908314086252155e-02
3.949042772288736958e-02
4.002281393368269102e-02
4.055624221152659414e-02
4.109071298693287022e-02
4.162622668265186787e-02
4.216278371366884159e-02
4.270038448720570035e-02
4.323902940271939777e-02
4.377871885190276480e-02
4.431945321868493992e-02
4.486123287923017566e-02
4.540405820193924025e-02
4.594792954744802982e-02
4.649284726862823458e-02
4.703881171058799104e-02
4.758582321067041099e-02
4.813388209845520516e-02
4.868298869575715671e-02
4.923314331662692611e-02
4.978434626735150914e-02
5.033659784645290458e-02
5.088989834468982121e-02
5.144424804505587367e-02
5.199964722278069273e-02
5.255609614533018892e-02
5.311359507240548394e-02
5.367214425594346583e-02
5.423174394011748278e-02
5.479239436133567787e-02
5.535409574824301515e-02
5.591684832171953112e-02
5.648065229488094530e-02
5.704550787307952064e-02
5.761141525390237050e-02
5.817837462717334596e-02
5.874638617495139825e-02
5.931545007153116167e-02
5.988556648344381395e-02
6.045673556945538318e-02
6.102895748056866299e-02
6.160223236002143610e-02
6.217656034328736259e-02
6.275194155807647944e-02
6.332837612433370178e-02
6.390586415424076572e-02
6.448440575221436877e-02
6.506400101490705801e-02
6.564465003120781295e-02
6.622635288224046346e-02
6.680910964136568819e-02
6.739292037417904391e-02
6.797778513851199245e-02
6.856370398443245584e-02
6.915067695424320648e-02
6.973870408248375452e-02
7.032778539592859923e-02
7.091792091358822825e-02
7.150911064670933959e-02
7.210135459877356490e-02
7.269465276549955113e-02
7.328900513484057355e-02
7.388441168698597905e-02
7.448087239436146367e-02
7.507838722162762934e-02
7.567695612568187125e-02
7.627657905565654595e-02
7.687725595291983183e-02
7.747898675107633970e-02
7.808177137596558626e-02
7.868560974566388144e-02
7.929050177048252435e-02
7.989644735296855260e-02
8.050344638790557505e-02
8.111149876231193989e-02
8.172060435544292734e-02
8.233076303878872348e-02
8.294197467607525298e-02
8.355423912326509495e-02
8.416755622855548458e-02
8.478192583238061686e-02
8.539734776740959266e-02
8.601382185854727913e-02
8.663134792293508690e-02
8.724992576994927695e-02
8.786955520120287577e-02
8.849023601054387123e-02
8.911196798405612851e-02
8.973475090006000077e-02
9.035858452911055272e-02
9.098346863399978113e-02
9.160940296975461639e-02
9.223638728363778294e-02
9.286442131514854870e-02
9.349350479602092090e-02
9.412363745022578332e-02
9.475481899396903662e-02
9.538704913569226451e-02
9.602032757607362190e-02
9.665465400802616958e-02
9.729002811669956730e-02
9.792644957947865825e-02
9.856391806598396865e-02
9.920243323807259594e-02
9.984199474983640465e-02
1.004826022476040803e-01
1.011242553699392976e-01
1.017669537476415809e-01
1.024106970037468034e-01
1.030554847535259666e-01
1.037013166044865042e-01
1.043481921563710058e-01
1.049961110011579657e-01
1.056450727230621722e-01
1.062950768985334582e-01
1.069461230962582832e-01
1.075982108771580958e-01
1.082513397943902778e-01
1.089055093933485596e-01
1.095607192116617723e-01
1.102169687791951236e-01
1.108742576180490880e-01
1.115325852425599618e-01
1.121919511593003627e-01
1.128523548670780086e-01
1.135137958569370498e-01
1.141762736121568755e-01
1.148397876082526969e-01
1.155043373129760187e-01
1.161699221863135567e-01
1.168365416804882928e-01
1.175041952399585310e-01
1.181728823014184526e-01
1.188426022937984494e-01
1.195133546382640688e-01
1.201851387482173183e-01
1.208579540292954446e-01
1.215317998793713772e-01
1.222066756885546168e-01
1.228825808391895147e-01
1.235595147058569654e-01
1.242374766553732135e-01
1.249164660467900756e-01
1.255964822313959117e-01
1.262775245527140155e-01
1.269595923465042520e-01
1.276426849407616970e-01
1.283268016557171098e-01
1.290119418038378207e-01
1.296981046898262602e-01
1.303852896106204584e-01
1.310734958553951002e-01
1.317627227055596650e-01
1.324529694347603148e-01
1.331442353088784780e-01
1.338365195860310997e-01
1.345298215165717515e-01
1.352241403430888000e-01
1.359194753004074607e-01
1.366158256155879103e-01
1.373131905079260640e-01
1.380115691889544083e-01
1.387109608624402246e-01
1.394113647243876430e-01
1.401127799630357273e-01
1.408152057588593631e-01
1.415186412845699515e-01
1.422230857051136610e-01
1.429285381776734809e-01
1.436349978516674175e-01
1.443424638687494099e-01
1.450509353628095799e-01
1.457604114599730938e-01
1.464708912786018558e-01
1.471823739292928424e-01
1.478948585148787687e-01
1.486083441304287267e-01
1.493228298632469087e-01
1.500383147928740502e-01
1.507547979910858760e-01
1.514722785218943213e-01
1.521907554415471431e-01
1.529102277985275316e-01
1.536306946335552204e-01
1.543521549795848213e-01
1.550746078618071011e-01
1.557980522976488147e-01
1.565224872967720393e-01
1.572479118610752846e-01
1.579743249846923825e-01
1.587017256539925980e-01
1.594301128475820173e-01
1.601594855363013270e-01
1.608898426832281459e-01
1.616211832436750817e-01
1.623535061651904532e-01
1.630868103875591779e-01
1.638210948428008851e-01
1.645563584551719694e-01
1.652926001411641477e-01
1.660298188095045702e-01
1.667680133611570414e-01
1.675071826893201332e-01
1.682473256794292937e-01
1.689884412091548493e-01
1.697305281484031148e-01
1.704735853593167816e-01
1.712176116962731975e-01
1.719626060058868089e-01
1.727085671270068845e-01
1.734554938907185706e-01
1.742033851203434458e-01
1.749522396314380224e-01
1.757020562317954671e-01
1.764528337214439357e-01
1.772045708926475727e-01
1.779572665299068990e-01
1.787109194099571474e-01
1.794655283017705938e-01
1.802210919665542255e-01
1.809776091577511847e-01
1.817350786210407132e-01
1.824934990943371527e-01
1.832528693077916104e-01
1.840131879837900719e-01
1.847744538369544554e-01
1.855366655741430004e-01
1.862998218944489914e-01
1.870639214892024227e-01
1.878289630419681111e-01
1.885949452285469730e-01
1.893618667169761904e-01
1.901297261675278794e-01
1.908985222327109765e-01
1.916682535572692969e-01
1.924389187781825328e-01
1.932105165246668643e-01
1.939830454181732944e-01
1.947565040723896468e-01
1.955308910932386790e-01
1.963062050788790258e-01
1.970824446197057545e-01
1.978596082983488658e-01
1.986376946896750151e-01
1.994167023607857359e-01
2.001966298710188830e-01
2.009774757719481886e-01
2.017592386073826516e-01
2.025419169133678143e-01
2.033255092181842083e-01
2.041100140423484643e-01
2.048954298986134237e-01
2.056817552919668057e-01
2.064689887196331508e-01
2.072571286710719884e-01
2.080461736279787255e-01
2.088361220642850902e-01
2.096269724461579109e-01
2.104187232320004486e-01
2.112113728724512862e-01
2.120049198103846622e-01
2.127993624809111917e-01
2.135946993113767012e-01
2.143909287213632830e-01
2.151880491226884629e-01
2.159860589194054215e-01
2.167849565078037721e-01
2.175847402764081173e-01
2.183854086059795474e-01
2.191869598695144750e-01
2.199893924322448568e-01
2.207927046516394154e-01
2.215968948774015845e-01
2.224019614514713417e-01
2.232079027080240974e-01
2.240147169734706956e-01
2.248224025664587455e-01
2.256309577978705683e-01
2.264403809708251392e-01
2.272506703806767003e-01
2.280618243150150382e-01
2.288738410536665935e-01
2.296867188686931294e-01
2.305004560243915090e-01
2.313150507772956943e-01
2.321305013761743030e-01
2.329468060620324965e-01
2.337639630681108693e-01
2.345819706198855048e-01
2.354008269350689742e-01
2.362205302236089488e-01
2.370410786876896991e-01
2.378624705217303181e-01
2.386847039123861092e-01
2.395077770385485860e-01
2.403316880713441406e-01
2.411564351741359302e-01
2.419820165025222125e-01
2.428084302043370113e-01
2.436356744196507274e-01
2.444637472807688061e-01
2.452926469122331810e-01
2.461223714308212740e-01
2.469529189455457741e-01
2.477842875576560799e-01
2.486164753606364686e-01
2.494494804402079269e-01
2.502833008743266530e-01
2.511179347331843892e-01
2.519533800792092548e-01
2.527896349670647469e-01
2.536266974436506283e-01
2.544645655481017621e-01
2.553032373117891107e-01
2.561427107583196805e-01
2.569829839035356334e-01
2.578240547555159523e-01
2.586659213145741654e-01
2.595085815732603440e-01
2.603520335163604371e-01
2.611962751208953271e-01
2.620413043561229394e-01
2.628871191835359666e-01
2.637337175568630343e-01
2.645810974220691447e-01
2.654292567173542894e-01
2.662781933731550033e-01
2.671279053121431990e-01
2.679783904492261115e-01
2.688296466915477967e-01
2.696816719384871330e-01
2.705344640816597090e-01
2.713880210049162134e-01
2.722423405843428235e-01
2.730974206882624267e-01
2.739532591772330661e-01
2.748098539040489952e-01
2.756672027137397341e-01
2.765253034435707358e-01
2.773841539230436082e-01
2.782437519738951703e-01
2.791040954100987848e-01
2.799651820378628031e-01
2.808270096556316209e-01
2.816895760540858440e-01
2.825528790161410675e-01
2.834169163169494854e-01
2.842816857238986694e-01
2.851471849966116245e-01
2.860134118869480657e-01
2.868803641390023640e-01
2.877480394891057669e-01
2.886164356658246777e-01
2.894855503899610438e-01
2.903553813745534118e-01
2.912259263248752061e-01
2.920971829384366170e-01
2.929691489049826014e-01
2.938418219064944936e-01
2.947151996171893940e-01
2.955892797035198916e-01
2.964640598241748970e-01
2.973395376300785320e-01
2.982157107643907401e-01
2.990925768625077863e-01
2.999701335520609802e-01
3.008483784529182858e-01
3.017273091771827120e-01
3.026069233291930338e-01
3.034872185055245142e-01
3.043681922949872942e-01
3.052498422786283916e-01
3.061321660297296465e-01
3.070151611138086656e-01
3.078988250886197098e-01
3.087831555041520293e-01
3.096681499026311402e-01
3.105538058185179917e-01
3.114401207785092995e-01
3.123270923015380451e-01
3.132147178987723102e-01
3.141029950736166643e-01
3.149919213217109992e-01
3.158814941309308622e-01
3.167717109813881771e-01
3.176625693454298016e-01
3.185540666876394700e-01
3.194462004648358500e-01
3.203389681260734312e-01
3.212323671126430247e-01
3.221263948580704306e-01
3.230210487881183257e-01
3.239163263207842647e-01
3.248122248663014577e-01
3.257087418271399359e-01
3.266058745980044420e-01
3.275036205658362065e-01
3.284019771098118934e-01
3.293009416013438218e-01
3.302005114040805211e-01
3.311006838739060099e-01
3.320014563589403500e-01
3.329028261995389260e-01
3.338047907282931659e-01
3.347073472700305974e-01
3.356104931418140702e-01
3.365142256529421450e-01
3.374185421049498701e-01
3.383234397916068947e-01
3.392289159989202441e-01
3.401349680051312663e-01
3.410415930807175755e-01
3.419487884883930517e-01
3.428565514831065086e-01
3.437648793120436364e-01
3.446737692146247811e-01
3.455832184225064441e-01
3.464932241595815032e-01
3.474037836419776593e-01
3.483148940780593783e-01
3.492265526684261712e-01
