9.034647574115288293e+00
9.016629554903170529e+00
8.998611528647122881e+00
8.980593488775845401e+00
8.962575429222923162e+00
8.944557344312363156e+00
8.926539228757919275e+00
8.908521077663099419e+00
8.890502886521170822e+00
8.872484651215145846e+00
8.854466368017797961e+00
8.836448033591643991e+00
8.818429648828493228e+00
8.800411218579071715e+00
8.782392743693856474e+00
8.764374224878604736e+00
8.746355662726175595e+00
8.728337057716526459e+00
8.710318410216727258e+00
8.692299720480942682e+00
8.674280988650448165e+00
8.656262214753613904e+00
8.638243398705915510e+00
8.620224540309930461e+00
8.602205639255345204e+00
8.584186695118942723e+00
8.566167707364607864e+00
8.548148675343334446e+00
8.530129598293212823e+00
8.512110475339440541e+00
8.494091305494317012e+00
8.476072087657239962e+00
8.458052820614719636e+00
8.440033503040359264e+00
8.422014133494867494e+00
8.403994710426061943e+00
8.385975232168854987e+00
8.367955696945266197e+00
8.349936102864413456e+00
8.331916447922525393e+00
8.313896730002928948e+00
8.295876946876049374e+00
8.277857096199422671e+00
8.259837175517683150e+00
8.241817182262566988e+00
8.223797113752921106e+00
8.205776967194681859e+00
8.187756739680901674e+00
8.169736428191725963e+00
8.151716029594409108e+00
8.133695540643305577e+00
8.115674957979873483e+00
8.097654278132672800e+00
8.079633497517365370e+00
8.061612612436720227e+00
8.043591619080608268e+00
8.025570513525995153e+00
8.007549291736960839e+00
7.989527949564680043e+00
7.971506482747434674e+00
7.953484886910607621e+00
7.935463157566683634e+00
7.917441290115252883e+00
7.899419279843006514e+00
7.881397121923738425e+00
7.863374811418347043e+00
7.845352343274829998e+00
7.827329712328292999e+00
7.809306913300940067e+00
7.791283940802080643e+00
7.773260789328125142e+00
7.755237453262586733e+00
7.737213926876084003e+00
7.719190204326336513e+00
7.701166279658166580e+00
7.683142146803498385e+00
7.665117799581361524e+00
7.647093231697886573e+00
7.629068436746306858e+00
7.611043408206960237e+00
7.593018139447284653e+00
7.574992623721822582e+00
7.556966854172219250e+00
7.538940823827223525e+00
7.520914525602685252e+00
7.502887952301557029e+00
7.484861096613895981e+00
7.466833951116861101e+00
7.448806508274715021e+00
7.430778760438821351e+00
7.412750699847649116e+00
7.394722318626765656e+00
7.376693608788847278e+00
7.358664562956533040e+00
7.340635200899804147e+00
7.322605527001003978e+00
7.304575530720635257e+00
7.286545201635344249e+00
7.268514529437919869e+00
7.250483503937286578e+00
7.232452115058515041e+00
7.214420352842815021e+00
7.196388207447537155e+00
7.178355669146176510e+00
7.160322728328364583e+00
7.142289375499875526e+00
7.124255601282627914e+00
7.106221396414675873e+00
7.088186751750222392e+00
7.070151658259602456e+00
7.052116107029298142e+00
7.034080089261932400e+00
7.016043596276266392e+00
6.998006619507207482e+00
6.979969150505797693e+00
6.961931180939225250e+00
6.943892702590817478e+00
6.925853707360043465e+00
6.907814187262514061e+00
6.889774134429980101e+00
6.871733541110332411e+00
6.853692399667606239e+00
6.835650702581975935e+00
6.817608442449759387e+00
6.799565611983410029e+00
6.781522204011528387e+00
6.763478211478853197e+00
6.745433627446265845e+00
6.727388445090788593e+00
6.709342657705582802e+00
6.691296258699952482e+00
6.673249241599345183e+00
6.655201600045344890e+00
6.637153327795682678e+00
6.619104418724223393e+00
6.601054866820978972e+00
6.583004666192100451e+00
6.564953811059879740e+00
6.546902295762752289e+00
6.528850114755290868e+00
6.510797262608210900e+00
6.492743734008369572e+00
6.474689523758767606e+00
6.456634626778543051e+00
6.438579038102974827e+00
6.420522752883485396e+00
6.402465766387638091e+00
6.384408073999138011e+00
6.366349671217830242e+00
6.348290553659698965e+00
6.330230717056871903e+00
6.312170157257620318e+00
6.294108870226352792e+00
6.276046852043621449e+00
6.257984098906116621e+00
6.239920607126672181e+00
6.221856373134263762e+00
6.203791393474006988e+00
6.185725664807159241e+00
6.167659183911117005e+00
6.149591947679419413e+00
6.131523953121748249e+00
6.113455197363926175e+00
6.095385677647914946e+00
6.077315391331818084e+00
6.059244335889879096e+00
6.041172508912486805e+00
6.023099908106169131e+00
6.005026531293594871e+00
5.986952376413571031e+00
5.968877441521049931e+00
5.950801724787123881e+00
5.932725224499026950e+00
5.914647939060134973e+00
5.896569866989960218e+00
5.878491006924161155e+00
5.860411357614535355e+00
5.842330917929023926e+00
5.824249686851706187e+00
5.806167663482802332e+00
5.788084847038676095e+00
5.770001236851830306e+00
5.751916832370913113e+00
5.733831633160709096e+00
5.715745638902143710e+00
5.697658849392288616e+00
5.679571264544351017e+00
5.661482884387683434e+00
5.643393709067779263e+00
5.625303738846267443e+00
5.607212974100925784e+00
5.589121415325669417e+00
5.571029063130554349e+00
5.552935918241781010e+00
5.534841981501684494e+00
5.516747253868747869e+00
5.498651736417590641e+00
5.480555430338978518e+00
5.462458336939813641e+00
5.444360457643139917e+00
5.426261793988144788e+00
5.408162347630153910e+00
5.390062120340639140e+00
5.371961114007207883e+00
5.353859330633610192e+00
5.335756772339739662e+00
5.317653441361628985e+00
5.299549340051452617e+00
5.281444470877526776e+00
5.263338836424305889e+00
5.245232439392389701e+00
5.227125282598517053e+00
5.209017368975568552e+00
5.190908701572565676e+00
5.172799283554668115e+00
5.154689118203181764e+00
5.136578208915553390e+00
5.118466559205367084e+00
5.100354172702350475e+00
5.082241053152370291e+00
5.064127204417437689e+00
5.046012630475703808e+00
5.027897335421460667e+00
5.009781323465142044e+00
4.991664598933318153e+00
4.973547166268708075e+00
4.955429022226496727e+00
4.937310099099235572e+00
4.919190391746584901e+00
4.901069914565898245e+00
4.882948681869969221e+00
4.864826707887023538e+00
4.846704006760722550e+00
4.828580592550164141e+00
4.810456479229875626e+00
4.792331680689826179e+00
4.774206210735418843e+00
4.756080083087489641e+00
4.737953311382310240e+00
4.719825909171586176e+00
4.701697889922461293e+00
4.683569267017513305e+00
4.665440053754752903e+00
4.647310263347629977e+00
4.629179908925022957e+00
4.611049003531252133e+00
4.592917560126070775e+00
4.574785591584666022e+00
4.556653110697658882e+00
4.538520130171111333e+00
4.520386662626512120e+00
4.502252720600792735e+00
4.484118316546314986e+00
4.465983462830876327e+00
4.447848171737712519e+00
4.429712455465489640e+00
4.411576326128313852e+00
4.393439795755721633e+00
4.375302876292687770e+00
4.357165579599623584e+00
4.339027917452368044e+00
4.320889901542203759e+00
4.302751543475845430e+00
4.284612854775438961e+00
4.266473846878573895e+00
4.248334531138264758e+00
4.230194918822968830e+00
4.212055021116576370e+00
4.193914849118408839e+00
4.175774413843231336e+00
4.157633726221233061e+00
4.139492797098048626e+00
4.121351637234741183e+00
4.103210257307811304e+00
4.085068667909195206e+00
4.066926879546261198e+00
4.048784902641817673e+00
4.030642747534102455e+00
4.012500424476794336e+00
3.994357943639002428e+00
3.976215315105272374e+00
3.958072548875585905e+00
3.939929654865358177e+00
3.921786642905442655e+00
3.903643522742124006e+00
3.885500304037123431e+00
3.867356996367598221e+00
3.849213609226139088e+00
3.831070152020774611e+00
3.812926634074965015e+00
3.794783064627607505e+00
3.776639452833034483e+00
3.758495807761011775e+00
3.740352138396744408e+00
3.722208453640866832e+00
3.704064762309452252e+00
3.685921073134009074e+00
3.667777394761478238e+00
3.649633735754239883e+00
3.631490104590104906e+00
3.613346509662320738e+00
3.595202959279572230e+00
3.577059461665974993e+00
3.558916024961085611e+00
3.540772657219888320e+00
3.522629366412810548e+00
3.504486160425707819e+00
3.486343047059873967e+00
3.468200034032039358e+00
3.450057128974365117e+00
3.431914339434453343e+00
3.413771672875335561e+00
3.395629136675480719e+00
3.377486738128794741e+00
3.359344484444614753e+00
3.341202382747717081e+00
3.323060440078310140e+00
3.304918663392037104e+00
3.286777059559980785e+00
3.268635635368652093e+00
3.250494397520004242e+00
3.232353352631420318e+00
3.214212507235719940e+00
3.196071867781159703e+00
3.177931440631428295e+00
3.159791232065652267e+00
3.141651248278391151e+00
3.123511495379639680e+00
3.105371979394830895e+00
3.087232706264827709e+00
3.069093681845933119e+00
3.050954911909881329e+00
3.032816402143843515e+00
3.014678158150426945e+00
2.996540185447670979e+00
2.978402489469053727e+00
2.960265075563485393e+00
2.942127948995311826e+00
2.923991114944316294e+00
2.905854578505713270e+00
2.887718344690156869e+00
2.869582418423731518e+00
2.851446804547960845e+00
2.833311507819801900e+00
2.815176532911644713e+00
2.797041884411318957e+00
2.778907566822085062e+00
2.760773584562641769e+00
2.742639941967121242e+00
2.724506643285089957e+00
2.706373692681552701e+00
2.688241094236944129e+00
2.670108851947140316e+00
2.651976969723448097e+00
2.633845451392609061e+00
2.615714300696803996e+00
2.597583521293643560e+00
2.579453116756178055e+00
2.561323090572890315e+00
2.543193446147697490e+00
2.525064186799955923e+00
2.506935315764450944e+00
2.488806836191409744e+00
2.470678751146490271e+00
2.452551063610784343e+00
2.434423776480824309e+00
2.416296892568571053e+00
2.398170414601426881e+00
2.380044345222224411e+00
2.361918686989234573e+00
2.343793442376161273e+00
2.325668613772142290e+00
2.307544203481755485e+00
2.289420213725008146e+00
2.271296646637347649e+00
2.253173504269653016e+00
2.235050788588238024e+00
2.216928501474855207e+00
2.198806644726687853e+00
2.180685220056358897e+00
2.162564229091922030e+00
2.144443673376867476e+00
2.126323554370122437e+00
2.108203873446046206e+00
2.090084631894436829e+00
2.071965830920524443e+00
2.053847471644973499e+00
2.035729555103887201e+00
2.017612082248800398e+00
1.999495053946686918e+00
1.981378470979951345e+00
1.963262334046434798e+00
1.945146643759415372e+00
1.927031400647603698e+00
1.908916605155148050e+00
1.890802257641629680e+00
1.872688358382064822e+00
1.854574907566907127e+00
1.836461905302042341e+00
1.818349351608794739e+00
1.800237246423920690e+00
1.782125589599611981e+00
1.764014380903497603e+00
1.745903620018639302e+00
1.727793306543536245e+00
1.709683439992119469e+00
1.691574019793759431e+00
1.673465045293257569e+00
1.655356515750851631e+00
1.637248430342216787e+00
1.619140788158459410e+00
1.601033588206125291e+00
1.582926829407191649e+00
1.564820510599071568e+00
1.546714630534615553e+00
1.528609187882105536e+00
1.510504181225263087e+00
1.492399609063240318e+00
1.474295469810626091e+00
1.456191761797446693e+00
1.438088546000267254e+00
1.419985943540092110e+00
1.401883946758240684e+00
1.383782544207332377e+00
1.365681724505615424e+00
1.347581476336962902e+00
1.329481788450880275e+00
1.311382649662496069e+00
1.293284048852568535e+00
1.275185974967485869e+00
1.257088417019260218e+00
1.238991364085536118e+00
1.220894805309580722e+00
1.202798729900294683e+00
1.184703127132202161e+00
1.166607986345455927e+00
1.148513296945839590e+00
1.130419048404760041e+00
1.112325230259256559e+00
1.094231832111993485e+00
1.076138843631262221e+00
1.058046254550986109e+00
1.039954054670711336e+00
1.021862233855616253e+00
1.003770782036504716e+00
9.856796892098076412e-01
9.675889454375871113e-01
9.494985408475291599e-01
9.314084656329515433e-01
9.133187100527968560e-01
8.952292644316358627e-01
8.771401191596697178e-01
8.590512646927238594e-01
8.409626915522554480e-01
8.228743903253463721e-01
8.047863516647064674e-01
7.866985662886766262e-01
7.686110249812213580e-01
7.505237185919371168e-01
7.324366380360451956e-01
7.143497742943949458e-01
6.962631184134662199e-01
6.781766615053631542e-01
6.600903947478213851e-01
6.420043093842016102e-01
6.239183967234922523e-01
6.058326481403129016e-01
5.877470550749066547e-01
5.696616090331487747e-01
5.515763015865380314e-01
5.334911243722053609e-01
5.154060690929065380e-01
4.973211275170250634e-01
4.792362914785753825e-01
4.611515528771958916e-01
4.430669036781566539e-01
4.249823359123527378e-01
4.068978416763070483e-01
3.888134131321733800e-01
3.707290425077293672e-01
3.526447220963844220e-01
3.345604442571730175e-01
3.164762014147572966e-01
2.983919860594304030e-01
2.803077907471092645e-01
2.622236080993426977e-01
2.441394308033044136e-01
2.260552516117959598e-01
2.079710633432497735e-01
1.898868588817221037e-01
1.718026311769011438e-01
1.537183732440998429e-01
1.356340781642591253e-01
1.175497390839507217e-01
9.946534921537025786e-02
8.138090183634519303e-02
6.329639029032685382e-02
4.521180798639847648e-02
2.712714839926810839e-02
9.042405069271688967e-03
-9.042428397624979741e-03
-2.712735832982822448e-02
-4.521239099011852697e-02
-6.329753257564749158e-02
-8.138278921793884457e-02
-9.946816698289047409e-02
-1.175536718707663741e-01
-1.356393098162086974e-01
-1.537250866882297340e-01
-1.718110082902138680e-01
-1.898970803599196733e-01
-2.079833085694718364e-01
-2.260696985253731472e-01
-2.441562557684965606e-01
-2.622429857740872228e-01
-2.803298939517642752e-01
-2.984169856455131109e-01
-3.165042661336971985e-01
-3.345917406290502272e-01
-3.526794142786778830e-01
-3.707672921640601249e-01
-3.888553793010429693e-01
-4.069436806398505357e-01
-4.250322010650772198e-01
-4.431209453956893585e-01
-4.612099183850275619e-01
-4.792991247207984973e-01
-4.973885690250871017e-01
-5.154782558543482551e-01
-5.335681896994091122e-01
-5.516583749854708785e-01
-5.697488160721010386e-01
-5.878395172532450141e-01
-6.059304827572185026e-01
-6.240217167467091430e-01
-6.421132233187790694e-01
-6.602050065048562510e-01
-6.782970702707468158e-01
-6.963894185166270567e-01
-7.144820550770456524e-01
-7.325749837209249993e-01
-7.506682081515538840e-01
-7.687617320065991411e-01
-7.868555588580977700e-01
-8.049496922124589338e-01
-8.230441355104659573e-01
-8.411388921272681118e-01
-8.592339653723930493e-01
-8.773293584897383646e-01
-8.954250746575758146e-01
-9.135211169885435467e-01
-9.316174885296574226e-01
-9.497141922623038024e-01
-9.678112311022408765e-01
-9.859086078996013303e-01
-1.004006325438883573e+00
-1.022104386438964507e+00
-1.040202793553090865e+00
-1.058301549368881878e+00
-1.076400656408330603e+00
-1.094500117127796379e+00
-1.112599933918016371e+00
-1.130700109104098461e+00
-1.148800644945522142e+00
-1.166901543636141403e+00
-1.185002807304176065e+00
-1.203104438012224220e+00
-1.221206437757254237e+00
-1.239308808470606316e+00
-1.257411552017995149e+00
-1.275514670199501266e+00
-1.293618164749583466e+00
-1.311722037337070823e+00
-1.329826289565164021e+00
-1.347930922971438461e+00
-1.366035939027835378e+00
-1.384141339140674276e+00
-1.402247124650644716e+00
-1.420353296832808310e+00
-1.438459856896601163e+00
-1.456566805985825219e+00
-1.474674145178660245e+00
-1.492781875487656951e+00
-1.510889997859737433e+00
-1.528998513176198282e+00
-1.547107422252702147e+00
-1.565216725839289946e+00
-1.583326424620372652e+00
-1.601436519214733067e+00
-1.619547010175528490e+00
-1.637657897990282496e+00
-1.655769183080896045e+00
-1.673880865803641260e+00
-1.691992946449161650e+00
-1.710105425242475219e+00
-1.728218302342965806e+00
-1.746331577844395522e+00
-1.764445251774896750e+00
-1.782559324096973929e+00
-1.800673794707505548e+00
-1.818788663437736375e+00
-1.836903930053289224e+00
-1.855019594254156967e+00
-1.873135655674704525e+00
-1.891252113883671537e+00
-1.909368968384163034e+00
-1.927486218613662761e+00
-1.945603863944024070e+00
-1.963721903681474812e+00
-1.981840337066609115e+00
-1.999959163274398710e+00
-2.018078381414185607e+00
-2.036197990529684976e+00
-2.054317989598984262e+00
-2.072438377534538745e+00
-2.090559153183180197e+00
-2.108680315326111998e+00
-2.126801862678910027e+00
-2.144923793891522212e+00
-2.163046107548264096e+00
-2.181168802167829046e+00
-2.199291876203280705e+00
-2.217415328042054767e+00
-2.235539156005960759e+00
-2.253663358351175372e+00
-2.271787933268250903e+00
-2.289912878882113034e+00
-2.308038193252058612e+00
-2.326163874371756535e+00
-2.344289920169244201e+00
-2.362416328506935947e+00
-2.380543097181617274e+00
-2.398670223924444844e+00
-2.416797706400949597e+00
-2.434925542211029192e+00
-2.453053728888958229e+00
-2.471182263903382914e+00
-2.489311144657321506e+00
-2.507440368488164761e+00
-2.525569932667671047e+00
-2.543699834401976112e+00
-2.561830070831586426e+00
-2.579960639031380953e+00
-2.598091536010611158e+00
-2.616222758712896557e+00
-2.634354304016232717e+00
-2.652486168732987259e+00
-2.670618349609899855e+00
-2.688750843328082230e+00
-2.706883646503015051e+00
-2.725016755684554592e+00
-2.743150167356929181e+00
-2.761283877938738307e+00
-2.779417883782955734e+00
-2.797552181176921948e+00
-2.815686766342353486e+00
-2.833821635435340269e+00
-2.851956784546342050e+00
-2.870092209700193298e+00
-2.888227906856094762e+00
-2.906363871907625018e+00
-2.924500100682732917e+00
-2.942636588943739806e+00
-2.960773332387340862e+00
-2.978910326644597539e+00
-2.997047567280948677e+00
-3.015185049796203831e+00
-3.033322769624545945e+00
-3.051460722134529568e+00
-3.069598902629077308e+00
-3.087737306345488708e+00
-3.105875928455434476e+00
-3.124014764064957372e+00
-3.142153808214473543e+00
-3.160293055878765411e+00
-3.178432501966993673e+00
-3.196572141322689742e+00
-3.214711968723758417e+00
-3.232851978882471666e+00
-3.250992166445477949e+00
-3.269132525993796445e+00
-3.287273052042818833e+00
-3.305413739042311949e+00
-3.323554581376407135e+00
-3.341695573363614447e+00
-3.359836709256813325e+00
-3.377977983243256599e+00
-3.396119389444570480e+00
-3.414260921916748348e+00
-3.432402574650160076e+00
-3.450544341569546258e+00
-3.468686216534019984e+00
-3.486828193337069060e+00
-3.504970265706546240e+00
-3.523112427304682992e+00
-3.541254671728080172e+00
-3.559396992507712021e+00
-3.577539383108926163e+00
-3.595681836931436948e+00
-3.613824347309336105e+00
-3.631966907511085196e+00
-3.650109510739519170e+00
-3.668252150131846356e+00
-3.686394818759641367e+00
-3.704537509628857084e+00
-3.722680215679815330e+00
-3.740822929787212203e+00
-3.758965644760116298e+00
-3.777108353341963820e+00
-3.795251048210566580e+00
-3.813393721978108886e+00
-3.831536367191146653e+00
-3.849678976330609181e+00
-3.867821541811792940e+00
-3.885964055984371335e+00
-3.904106511132388491e+00
-3.922248899474261474e+00
-3.940391213162780293e+00
-3.958533444285101677e+00
-3.976675584862760626e+00
-3.994817626851661085e+00
-4.012959562142080827e+00
-4.031101382558670565e+00
-4.049243028370176134e+00
-4.067384275184434905e+00
-4.085525093334153368e+00
-4.103665477613837709e+00
-4.121805422873592306e+00
-4.139944924019116179e+00
-4.158083976011710092e+00
-4.176222573868270338e+00
-4.194360712661295842e+00
-4.212498387518881948e+00
-4.230635593624717750e+00
-4.248772326218095863e+00
-4.266908580593904432e+00
-4.285044352102635123e+00
-4.303179636150367138e+00
-4.321314428198787638e+00
-4.339448723765179317e+00
-4.357582518422420392e+00
-4.375715807798995272e+00
-4.393848587578972342e+00
-4.411980853502032396e+00
-4.430112601363446423e+00
-4.448243827014086271e+00
-4.466374526360425534e+00
-4.484504695364525340e+00
-4.502634330044057442e+00
-4.520763426472283797e+00
-4.538891980778067214e+00
-4.557019989145873140e+00
-4.575147447815753665e+00
-4.593274353083370620e+00
-4.611400701299978699e+00
-4.629526488872431678e+00
-4.647651712263185075e+00
-4.665776367990283724e+00
-4.683900452627379529e+00
-4.702023962803719037e+00
-4.720146895204146098e+00
-4.738269246569109860e+00
-4.756391013694643455e+00
-4.774512193432391527e+00
-4.792632782689592474e+00
-4.810752778429080223e+00
-4.828872177669293997e+00
-4.846990977484260554e+00
-4.865109175003615505e+00
-4.883226767412586433e+00
-4.901343751952000005e+00
-4.919460125918287297e+00
-4.937575886663465141e+00
-4.955691031595159224e+00
-4.973805558176590758e+00
-4.991919463926576483e+00
-5.010032746419538441e+00
-5.028145403285484427e+00
-5.046257432210032867e+00
-5.064368830934393273e+00
-5.082479597255376902e+00
-5.100589729025395869e+00
-5.118699224152448046e+00
-5.136808080600143711e+00
-5.154916296387685115e+00
-5.173023869589872703e+00
-5.191130798337108665e+00
-5.209237080815386278e+00
-5.227342715266303230e+00
-5.245447699987054513e+00
-5.263552033330431534e+00
-5.281655713704828337e+00
-5.299758739574228272e+00
-5.317861109458220881e+00
-5.335962821931993005e+00
-5.354063875626325242e+00
-5.372164269227605260e+00
-5.390264001477804712e+00
-5.408363071174507652e+00
-5.426461477170889225e+00
-5.444559218375723653e+00
-5.462656293753387793e+00
-5.480752702323846925e+00
-5.498848443162673405e+00
-5.516943515401036002e+00
-5.535037918225700793e+00
-5.553131650879029380e+00
-5.571224712658985112e+00
-5.589317102919130420e+00
-5.607408821068623261e+00
-5.625499866572222452e+00
-5.643590238950280558e+00
-5.661679937778751892e+00
-5.679768962689189848e+00
-5.697857313368743348e+00
-5.715944989560163947e+00
-5.734031991061793399e+00
-5.752118317727577868e+00
-5.770203969467063487e+00
-5.788288946245388367e+00
-5.806373248083295913e+00
-5.824456875057119731e+00
-5.842539827298796951e+00
-5.860622104995862891e+00
-5.878703708391451066e+00
-5.896784637784292293e+00
-5.914864893528712031e+00
-5.932944476034640147e+00
-5.951023385767602925e+00
-5.969101623248723065e+00
-5.987179189054725015e+00
-6.005256083817924306e+00
-6.023332308226241771e+00
-6.041407863023194658e+00
-6.059482749007898406e+00
-6.077556967035066648e+00
-6.095630518015008548e+00
-6.113703402913634122e+00
-6.131775622752453359e+00
-6.149847178608570886e+00
-6.167918071614693076e+00
-6.185988302959119167e+00
-6.204057873885751917e+00
-6.222126785694091389e+00
-6.240195039739233174e+00
-6.258262637431876385e+00
-6.276329580238310335e+00
-6.294395869680428746e+00
-6.312461507335722644e+00
-6.330526494837281248e+00
-6.348590833873791972e+00
-6.366654526189536867e+00
-6.384717573584399730e+00
-6.402779977913864329e+00
-6.420841741089009069e+00
-6.438902865076514104e+00
-6.456963351898652448e+00
-6.475023203633298863e+00
-6.493082422413928079e+00
-6.511141010429611242e+00
-6.529198969925017693e+00
-6.547256303200413186e+00
-6.565313012611662558e+00
-6.583369100570232391e+00
-6.601424569543185683e+00
-6.619479422053179185e+00
-6.637533660678474057e+00
-6.655587288052925210e+00
-6.673640306865991079e+00
-6.691692719862723848e+00
-6.709744529843773897e+00
-6.727795739665391572e+00
-6.745846352239424526e+00
-6.763896370533320379e+00
-6.781945797570124945e+00
-6.799994636428477790e+00
-6.818042890242622001e+00
-6.836090562202395304e+00
-6.854137655553237174e+00
-6.872184173596184387e+00
-6.890230119687868360e+00
-6.908275497240522256e+00
-6.926320309721974766e+00
-6.944364560655658991e+00
-6.962408253620600007e+00
-6.980451392251421971e+00
-6.998493980238349010e+00
-7.016536021327201667e+00
-7.034577519319402228e+00
-7.052618478071969399e+00
-7.070658901497516524e+00
-7.088698793564259582e+00
-7.106738158296010965e+00
-7.124776999772183927e+00
-7.142815322127789024e+00
-7.160853129553428786e+00
-7.178890426295312821e+00
-7.196927216655242709e+00
-7.214963504990623555e+00
-7.232999295714456878e+00
-7.251034593295337949e+00
-7.269069402257465562e+00
-7.287103727180634039e+00
-7.305137572700239446e+00
-7.323170943507273378e+00
-7.341203844348322960e+00
-7.359236280025577948e+00
-7.377268255396824514e+00
-7.395299775375448803e+00
-7.413330844930435148e+00
-7.431361469086361637e+00
-7.449391652923408103e+00
-7.467421401577352569e+00
-7.485450720239573030e+00
-7.503479614157043009e+00
-7.521508088632333333e+00
-7.539536149023615685e+00
-7.557563800744658167e+00
-7.575591049264829735e+00
-7.593617900109096652e+00
-7.611644358858018933e+00
-7.629670431147760112e+00
-7.647696122670080143e+00
-7.665721439172338947e+00
-7.683746386457494637e+00
-7.701770970384097303e+00
-7.719795196866302334e+00
-7.737819071873859755e+00
-7.755842601432122230e+00
-7.773865791622037946e+00
-7.791888648580148846e+00
-7.809911178498601281e+00
-7.827933387625138018e+00
-7.845955282263101793e+00
-7.863976868771427320e+00
-7.881998153564655496e+00
-7.900019143112920084e+00
-7.918039843941953926e+00
-7.936060262633093387e+00
-7.954080405823265032e+00
-7.972100280204997169e+00
-7.990119892526417189e+00
-8.008139249591250675e+00
-8.026158358258822290e+00
-8.044177225444050450e+00
-8.062195858117455316e+00
-8.080214263305157019e+00
-8.098232448088868551e+00
-8.116250419605909983e+00
-8.134268185049187139e+00
-8.152285751667212921e+00
-8.170303126764100199e+00
-8.188320317699551154e+00
-8.206337331888878595e+00
-8.224354176802975758e+00
-8.242370859968353614e+00
-8.260387388967108890e+00
-8.278403771436940062e+00
-8.296420015071149123e+00
-8.314436127618622052e+00
-8.332452116883857229e+00
-8.350467990726947676e+00
-8.368483757063579276e+00
-8.386499423865044989e+00
-8.404514999158225308e+00
-8.422530491025607802e+00
-8.440545907605276454e+00
-8.458561257090909891e+00
-8.476576547731790257e+00
-8.494591787832790786e+00
-8.512606985754390010e+00
-8.530622149912661101e+00
-8.548637288779275423e+00
-8.566652410881509638e+00
-8.584667524802222616e+00
-8.602682639179885626e+00
-8.620697762708566358e+00
-8.638712904137923587e+00
-8.656728072273224939e+00
-8.674743275975323797e+00
-8.692758524160680622e+00
-8.710773825801354064e+00
-8.728789189924995640e+00
-8.746804625614862161e+00
-8.764820142009797976e+00
-8.782835748304258061e+00
-8.800851453748290254e+00
-8.818867267647535257e+00
-8.836883199363244401e+00
-8.854899258312252996e+00
-8.872915453967005206e+00
-8.890931795855539832e+00
-8.908948293561492093e+00
-8.926964956724100730e+00
-8.944981795038192018e+00
-8.962998818254204636e+00
-8.981016036178168349e+00
-8.999033458671707564e+00
-9.017051095652051984e+00
-9.035068957092022401e+00
