8.609563879431147981e+00
8.592546859643524826e+00
8.575529823506153448e+00
8.558512755751475964e+00
8.541495642267475930e+00
8.524478469830167882e+00
8.507461226102030594e+00
8.490443899632012403e+00
8.473426479855531213e+00
8.456408957094470935e+00
8.439391322557186825e+00
8.422373568338496597e+00
8.405355695904153990e+00
8.388337716014758527e+00
8.371319630891454366e+00
8.354301442378313070e+00
8.337283152011462306e+00
8.320264761019089406e+00
8.303246270321446687e+00
8.286227680530844353e+00
8.269208991951655818e+00
8.252190204580312383e+00
8.235171318105303229e+00
8.218152331907186081e+00
8.201133245058571219e+00
8.184114056324135689e+00
8.167094764160610865e+00
8.150075366716794889e+00
8.133055861833543787e+00
8.116036247043769691e+00
8.099016519572455053e+00
8.081996676336634877e+00
8.064976713945407383e+00
8.047956628699930448e+00
8.030936416593423388e+00
8.013916073311168731e+00
7.996895594230503335e+00
7.979874974420829936e+00
7.962854208643608267e+00
7.945833291352362160e+00
7.928812216692674220e+00
7.911790978502184934e+00
7.894769570310600670e+00
7.877747985339683900e+00
7.860726216503260311e+00
7.843704256407215247e+00
7.826682097349494605e+00
7.809659731320103049e+00
7.792637150001109347e+00
7.775614344766641040e+00
7.758591306682886213e+00
7.741568026508092615e+00
7.724544494692569430e+00
7.707520701378686390e+00
7.690496636400874664e+00
7.673472289285625969e+00
7.656447649251489018e+00
7.639422705209076625e+00
7.622397445761062151e+00
7.605371859202177731e+00
7.588345933519218711e+00
7.571319656391037434e+00
7.554293015188549454e+00
7.537265996974729099e+00
7.520238588504613908e+00
7.503210776225299306e+00
7.486182546275942151e+00
7.469153884487758965e+00
7.452124776384029481e+00
7.435095207180092203e+00
7.418065161783346184e+00
7.401034624793250138e+00
7.384003580501324215e+00
7.366972012891150889e+00
7.349939905638370519e+00
7.332907242110685786e+00
7.315874005367858146e+00
7.298840178161710490e+00
7.281805742936127146e+00
7.264770681827052101e+00
7.247734976662491668e+00
7.230698630784351266e+00
7.213661654200571149e+00
7.196624026766642146e+00
7.179585728345095674e+00
7.162546738980190675e+00
7.145507038897915386e+00
7.128466608505989122e+00
7.111425428393863157e+00
7.094383479332715403e+00
7.077340742275455732e+00
7.060297198356721537e+00
7.043252828892882178e+00
7.026207615382038085e+00
7.009161539504016325e+00
6.992114583120376814e+00
6.975066728274406103e+00
6.958017957191122704e+00
6.940968252277278872e+00
6.923917596121348161e+00
6.906865971493541423e+00
6.889813361345796139e+00
6.872759748811778202e+00
6.855705117206889021e+00
6.838649450028253973e+00
6.821592730954732176e+00
6.804534943846911155e+00
6.787476072747105071e+00
6.770416101879367154e+00
6.753355015649470161e+00
6.736292798644922364e+00
6.719229435634963110e+00
6.702164911570555716e+00
6.685099211584400791e+00
6.668032320990922024e+00
6.650964225286278619e+00
6.633894910148357305e+00
6.616824361436771440e+00
6.599752565192871678e+00
6.582679507639731753e+00
6.565605175182159137e+00
6.548529554406689712e+00
6.531452632081588661e+00
6.514374395156854902e+00
6.497294830764210438e+00
6.480213926217113674e+00
6.463131669010751423e+00
6.446048046822035360e+00
6.428963047509615336e+00
6.411876659113863397e+00
6.394788869856887104e+00
6.377699668142522427e+00
6.360609042556331083e+00
6.343516981865612081e+00
6.326423475019387510e+00
6.309328511148414087e+00
6.292232079565176939e+00
6.275134169763888714e+00
6.258034771420496689e+00
6.240933874392672998e+00
6.223831468719823512e+00
6.206727544623081627e+00
6.189622092505312700e+00
6.172515102951112276e+00
6.155406566726800754e+00
6.138296474780434053e+00
6.121184818241797387e+00
6.104071588422401717e+00
6.086956776815494408e+00
6.069840375096045904e+00
6.052722375120761278e+00
6.035602768928073125e+00
6.018481548738145115e+00
6.001358706952871991e+00
5.984234236155875131e+00
5.967108129112507875e+00
5.949980378769853750e+00
5.932850978256724694e+00
5.915719920883665495e+00
5.898587200142947573e+00
5.881452809708572538e+00
5.864316743436274848e+00
5.847178995363515597e+00
5.830039559709488728e+00
5.812898430875113931e+00
5.795755603443045523e+00
5.778611072177664454e+00
5.761464832025083638e+00
5.744316878113145286e+00
5.727167205751420020e+00
5.710015810431208649e+00
5.692862687825544832e+00
5.675707833789189749e+00
5.658551244358634769e+00
5.641392915752100556e+00
5.624232844369537965e+00
5.607071026792628921e+00
5.589907459784784649e+00
5.572742140291146562e+00
5.555575065438584481e+00
5.538406232535699303e+00
5.521235639072822110e+00
5.504063282722013284e+00
5.486889161337064280e+00
5.469713272953493188e+00
5.452535615788552725e+00
5.435356122442684068e+00
5.418174665360166564e+00
5.400991251501384482e+00
5.383805891676090916e+00
5.366618596674999964e+00
5.349429377269776076e+00
5.332238244213046485e+00
5.315045208238395880e+00
5.297850280060361072e+00
5.280653470374443437e+00
5.263454789857095584e+00
5.246254249165729355e+00
5.229051858938715824e+00
5.211847629795379078e+00
5.194641572336005986e+00
5.177433697141837321e+00
5.160224014775070422e+00
5.143012535778862748e+00
5.125799270677324770e+00
5.108584229975529745e+00
5.091367424159505717e+00
5.074148863696236411e+00
5.056928559033664783e+00
5.039706520600689466e+00
5.022482758807168324e+00
5.005257284043916677e+00
4.988030106682704634e+00
4.970801237076261536e+00
4.953570685558272402e+00
4.936338462443382369e+00
4.919104578027193142e+00
4.901869042586259440e+00
4.884631866378099652e+00
4.867393059641184294e+00
4.850152632594944002e+00
4.832910595439767754e+00
4.815666958356997540e+00
4.798421731508936361e+00
4.781174925038842005e+00
4.763926549070933270e+00
4.746676613710383741e+00
4.729425129043321796e+00
4.712172105136838596e+00
4.694917552038976538e+00
4.677661479778740805e+00
4.660403898366093145e+00
4.643144817791947432e+00
4.625884248028181212e+00
4.608622199027624156e+00
4.591358680724066943e+00
4.574093703032257707e+00
4.556827275847897596e+00
4.539559409047650540e+00
4.522290112489131708e+00
4.505019396010919941e+00
4.487747269432548869e+00
4.470473742554506025e+00
4.453198825158241725e+00
4.435922527006157523e+00
4.418644857841619533e+00
4.401365827388946883e+00
4.384085445353414379e+00
4.366803721421257833e+00
4.349520665259667851e+00
4.332236286516793378e+00
4.314950594821741703e+00
4.297663599784574906e+00
4.280375310996314298e+00
4.263085738028936866e+00
4.245794890435379720e+00
4.228502777749533870e+00
4.211209409486249555e+00
4.193914795141334473e+00
4.176618944191551996e+00
4.159321866094624731e+00
4.142023570289231849e+00
4.124724066195009087e+00
4.107423363212550527e+00
4.090121470723405928e+00
4.072818398090085168e+00
4.055514154656053805e+00
4.038208749745733961e+00
4.020902192664504327e+00
4.003594492698705487e+00
3.986285659115628821e+00
3.968975701163528935e+00
3.951664628071613894e+00
3.934352449050049660e+00
3.917039173289961873e+00
3.899724809963429628e+00
3.882409368223493473e+00
3.865092857204147414e+00
3.847775286020346019e+00
3.830456663767999537e+00
3.813136999523973891e+00
3.795816302346095572e+00
3.778494581273145858e+00
3.761171845324865259e+00
3.743848103501951297e+00
3.726523364786055392e+00
3.709197638139791309e+00
3.691870932506725822e+00
3.674543256811387604e+00
3.657214619959258783e+00
3.639885030836778057e+00
3.622554498311346460e+00
3.605223031231316266e+00
3.587890638426002532e+00
3.570557328705674216e+00
3.553223110861556400e+00
3.535887993665836504e+00
3.518551985871653631e+00
3.501215096213108779e+00
3.483877333405258181e+00
3.466538706144112858e+00
3.449199223106646617e+00
3.431858892950785389e+00
3.414517724315416114e+00
3.397175725820380521e+00
3.379832906066480458e+00
3.362489273635471232e+00
3.345144837090067380e+00
3.327799604973942227e+00
3.310453585811723887e+00
3.293106788109000593e+00
3.275759220352314038e+00
3.258410891009165589e+00
3.241061808528014954e+00
3.223711981338276633e+00
3.206361417850324802e+00
3.189010126455488869e+00
3.171658115526055699e+00
3.154305393415271830e+00
3.136951968457337259e+00
3.119597848967414766e+00
3.102243043241618370e+00
3.084887559557021763e+00
3.067531406171658759e+00
3.050174591324515294e+00
3.032817123235540091e+00
3.015459010105634885e+00
2.998100260116658866e+00
2.980740881431432232e+00
2.963380882193728194e+00
2.946020270528281415e+00
2.928659054540780016e+00
2.911297242317870015e+00
2.893934841927157997e+00
2.876571861417203557e+00
2.859208308817528188e+00
2.841844192138605507e+00
2.824479519371869252e+00
2.807114298489711501e+00
2.789748537445478682e+00
2.772382244173478671e+00
2.755015426588971028e+00
2.737648092588178095e+00
2.720280250048276560e+00
2.702911906827399680e+00
2.685543070764641715e+00
2.668173749680048612e+00
2.650803951374629985e+00
2.633433683630348021e+00
2.616062954210122804e+00
2.598691770857834982e+00
2.581320141298317772e+00
2.563948073237365843e+00
2.546575574361728656e+00
2.529202652339113122e+00
2.511829314818186276e+00
2.494455569428566832e+00
2.477081423780837177e+00
2.459706885466532711e+00
2.442331962058146289e+00
2.424956661109131772e+00
2.407580990153895151e+00
2.390204956707804307e+00
2.372828568267181470e+00
2.355451832309306326e+00
2.338074756292418677e+00
2.320697347655710896e+00
2.303319613819337697e+00
2.285941562184406806e+00
2.268563200132986957e+00
2.251184535028101674e+00
2.233805574213731493e+00
2.216426325014816623e+00
2.199046794737251620e+00
2.181666990667891604e+00
2.164286920074547371e+00
2.146906590205984067e+00
2.129526008291930506e+00
2.112145181543066297e+00
2.094764117151033833e+00
2.077382822288429409e+00
2.060001304108805886e+00
2.042619569746677577e+00
2.025237626317511364e+00
2.007855480917735136e+00
1.990473140624732684e+00
1.973090612496842811e+00
1.955707903573365991e+00
1.938325020874556159e+00
1.920941971401628034e+00
1.903558762136750682e+00
1.886175400043050177e+00
1.868791892064613602e+00
1.851408245126480834e+00
1.834024466134653419e+00
1.816640561976086587e+00
1.799256539518693465e+00
1.781872405611347077e+00
1.764488167083873904e+00
1.747103830747062103e+00
1.729719403392653509e+00
1.712334891793347191e+00
1.694950302702803002e+00
1.677565642855634032e+00
1.660180918967414598e+00
1.642796137734672035e+00
1.625411305834895348e+00
1.608026429926527223e+00
1.590641516648968690e+00
1.573256572622580451e+00
1.555871604448676226e+00
1.538486618709531406e+00
1.521101621968375506e+00
1.503716620769395718e+00
1.486331621637739131e+00
1.468946631079506071e+00
1.451561655581758759e+00
1.434176701612512650e+00
1.416791775635425132e+00
1.399406922850051416e+00
1.382022178356142605e+00
1.364637537955404989e+00
1.347252997498455729e+00
1.329868552884826416e+00
1.312484200062965067e+00
1.295099935030230132e+00
1.277715753832898260e+00
1.260331652566156313e+00
1.242947627374106245e+00
1.225563674449766438e+00
1.208179790035065038e+00
1.190795970420849281e+00
1.173412211946875283e+00
1.156028511001817582e+00
1.138644864023262482e+00
1.121261267497708936e+00
1.103877717960574323e+00
1.086494211996184900e+00
1.069110746237785570e+00
1.051727317367532777e+00
1.034343922116495618e+00
1.016960557264661391e+00
9.995772196409269394e-01
9.821939061231073076e-01
9.648106136379285269e-01
9.474273391610305017e-01
9.300440797169706730e-01
9.126608323792158028e-01
8.952775942701513001e-01
8.778943625610731161e-01
8.605111344721917410e-01
8.431279072726344248e-01
8.257446782804381824e-01
8.083614448625585647e-01
7.909782044348619978e-01
7.735949544621287810e-01
7.562116924580565280e-01
7.388284159852523958e-01
7.214451226552420771e-01
7.040618101284622510e-01
6.866784761142632476e-01
6.692951183709130447e-01
6.519117347055889411e-01
6.345283229743867714e-01
6.171448810823131348e-01
5.997614069832889472e-01
5.823778986801521063e-01
5.649943542246501638e-01
5.476107717174492073e-01
5.302271493081249787e-01
5.128434851951714224e-01
4.954597776259936914e-01
4.780760248969105897e-01
4.606922253531582911e-01
4.433083773888827905e-01
4.259244794471482298e-01
4.085405300199297374e-01
3.911565276481165920e-01
3.737724709215148322e-01
3.563883584788408720e-01
3.390041890077288844e-01
3.216199612447243061e-01
3.042356739752863914e-01
2.868513260337915982e-01
2.694669163035263160e-01
2.520824437166950260e-01
2.346979072544131961e-01
2.173133059467104444e-01
1.999286388725332597e-01
1.825439051597382845e-01
1.651591039851000864e-01
1.477742345743044416e-01
1.303892962019510271e-01
1.130042881915565289e-01
9.561920991554781479e-02
7.823406079526962209e-02
6.084884030097686969e-02
4.346354795184237396e-02
2.607818331595010419e-02
8.692746010298027515e-03
-8.692764299199906564e-03
-2.607834789771566741e-02
-4.346400502150919720e-02
-6.084973585792538553e-02
-7.823554054539511027e-02
-9.562141917343711106e-02
-1.130073717826503427e-01
-1.303933983647254935e-01
-1.477794988624372974e-01
-1.651656731696464486e-01
-1.825519211313015311e-01
-1.999382425434313160e-01
-2.173246371531563081e-01
-2.347111046586810579e-01
-2.520976447092960759e-01
-2.694842569053798043e-01
-2.868709407983908166e-01
-3.042576958908794205e-01
-3.216445216364800519e-01
-3.390314174399129965e-01
-3.564183826569865543e-01
-3.738054165945890461e-01
-3.911925185107006930e-01
-4.085796876143856782e-01
-4.259669230657942562e-01
-4.433542239761643633e-01
-4.607415894078142893e-01
-4.781290183741540023e-01
-4.955165098396775436e-01
-5.129040627199649149e-01
-5.302916758816840215e-01
-5.476793481425827892e-01
-5.650670782715012663e-01
-5.824548649883630747e-01
-5.998427069641780740e-01
-6.172306028210441387e-01
-6.346185511321389416e-01
-6.520065504217322783e-01
-6.693945991651777394e-01
-6.867826957889149320e-01
-7.041708386704714773e-01
-7.215590261384550175e-01
-7.389472564725649839e-01
-7.563355279035850476e-01
-7.737238386133844514e-01
-7.911121867349207859e-01
-8.085005703522313292e-01
-8.258889875004455927e-01
-8.432774361657766615e-01
-8.606659142855259681e-01
-8.780544197480748547e-01
-8.954429503928963419e-01
-9.128315040105478007e-01
-9.302200783426721742e-01
-9.476086710820006420e-01
-9.649972798723445155e-01
-9.823859023086064512e-01
-9.997745359367737894e-01
-1.017163178253919220e+00
-1.034551826708203892e+00
-1.051940478698868420e+00
-1.069329131576245873e+00
-1.086717782641753338e+00
-1.104106429147893476e+00
-1.121495068298256514e+00
-1.138883697247513593e+00
-1.156272313101427418e+00
-1.173660912916844934e+00
-1.191049493701698214e+00
-1.208438052415008013e+00
-1.225826585966874882e+00
-1.243215091218491386e+00
-1.260603564982134328e+00
-1.277992004021165640e+00
-1.295380405050035710e+00
-1.312768764734275173e+00
-1.330157079690506450e+00
-1.347545346486435536e+00
-1.364933561640855109e+00
-1.382321721623644972e+00
-1.399709822855765395e+00
-1.417097861709268658e+00
-1.434485834507291058e+00
-1.451873737524054686e+00
-1.469261566984868983e+00
-1.486649319066124519e+00
-1.504036989895302989e+00
-1.521424575550970770e+00
-1.538812072062779590e+00
-1.556199475411469191e+00
-1.573586781528859335e+00
-1.590973986297862020e+00
-1.608361085552473035e+00
-1.625748075077774191e+00
-1.643134950609934863e+00
-1.660521707836204897e+00
-1.677908342394925922e+00
-1.695294849875523813e+00
-1.712681225818510011e+00
-1.730067465715483532e+00
-1.747453565009124521e+00
-1.764839519093203801e+00
-1.782225323312577547e+00
-1.799610972963186839e+00
-1.816996463292060771e+00
-1.834381789497308901e+00
-1.851766946728132135e+00
-1.869151930084816504e+00
-1.886536734618734501e+00
-1.903921355332339749e+00
-1.921305787179176994e+00
-1.938690025063875666e+00
-1.956074063842150768e+00
-1.973457898320805093e+00
-1.990841523257722123e+00
-2.008224933361876463e+00
-2.025608123293326734e+00
-2.042991087663218686e+00
-2.060373821033784747e+00
-2.077756317918337370e+00
-2.095138572781281461e+00
-2.112520580038106388e+00
-2.129902334055386870e+00
-2.147283829150784751e+00
-2.164665059593043228e+00
-2.182046019601996178e+00
-2.199426703348563716e+00
-2.216807104954749086e+00
-2.234187218493645322e+00
-2.251567037989424591e+00
-2.268946557417351517e+00
-2.286325770703774740e+00
-2.303704671726128250e+00
-2.321083254312934496e+00
-2.338461512243795948e+00
-2.355839439249406198e+00
-2.373217029011544632e+00
-2.390594275163074656e+00
-2.407971171287948131e+00
-2.425347710921198274e+00
-2.442723887548947648e+00
-2.460099694608405940e+00
-2.477475125487866414e+00
-2.494850173526710790e+00
-2.512224832015401255e+00
-2.529599094195491560e+00
-2.546972953259619921e+00
-2.564346402351509902e+00
-2.581719434565973526e+00
-2.599092042948902836e+00
-2.616464220497280557e+00
-2.633835960159175205e+00
-2.651207254833740201e+00
-2.668578097371217428e+00
-2.685948480572928343e+00
-2.703318397191285971e+00
-2.720687839929788687e+00
-2.738056801443019772e+00
-2.755425274336650077e+00
-2.772793251167431805e+00
-2.790160724443207396e+00
-2.807527686622905527e+00
-2.824894130116538449e+00
-2.842260047285207758e+00
-2.859625430441094629e+00
-2.876990271847472247e+00
-2.894354563718697815e+00
-2.911718298220215217e+00
-2.929081467468554134e+00
-2.946444063531326929e+00
-2.963806078427235313e+00
-2.981167504126067680e+00
-2.998528332548696440e+00
-3.015888555567082019e+00
-3.033248165004266195e+00
-3.050607152634380537e+00
-3.067965510182643296e+00
-3.085323229325358518e+00
-3.102680301689911602e+00
-3.120036718854778179e+00
-3.137392472349519235e+00
-3.154747553654781989e+00
-3.172101954202300789e+00
-3.189455665374890447e+00
-3.206808678506456900e+00
-3.224160984881990544e+00
-3.241512575737568902e+00
-3.258863442260355736e+00
-3.276213575588595273e+00
-3.293562966811624193e+00
-3.310911606969862309e+00
-3.328259487054817001e+00
-3.345606598009081445e+00
-3.362952930726330170e+00
-3.380298476051330159e+00
-3.397643224779929749e+00
-3.414987167659067069e+00
-3.432330295386765151e+00
-3.449672598612127938e+00
-3.467014067935351829e+00
-3.484354693907716349e+00
-3.501694467031588598e+00
-3.519033377760421022e+00
-3.536371416498748310e+00
-3.553708573602196275e+00
-3.571044839377473856e+00
-3.588380204082378011e+00
-3.605714657925791933e+00
-3.623048191067679724e+00
-3.640380793619096611e+00
-3.657712455642181393e+00
-3.675043167150161771e+00
-3.692372918107349467e+00
-3.709701698429138439e+00
-3.727029497982015105e+00
-3.744356306583547234e+00
-3.761682114002391497e+00
-3.779006909958291249e+00
-3.796330684122069421e+00
-3.813653426115641398e+00
-3.830975125512006141e+00
-3.848295771835249734e+00
-3.865615354560544503e+00
-3.882933863114144568e+00
-3.900251286873394285e+00
-3.917567615166722472e+00
-3.934882837273645073e+00
-3.952196942424764714e+00
-3.969509919801764042e+00
-3.986821758537419047e+00
-4.004132447715587517e+00
-4.021441976371214366e+00
-4.038750333490333411e+00
-4.056057508010057155e+00
-4.073363488818589673e+00
-4.090668264755220385e+00
-4.107971824610325839e+00
-4.125274157125362606e+00
-4.142575250992880598e+00
-4.159875094856509747e+00
-4.177173677310969779e+00
-4.194470986902068432e+00
-4.211767012126690801e+00
-4.229061741432817101e+00
-4.246355163219507567e+00
-4.263647257234889132e+00
-4.280937857543563041e+00
-4.298226901377053544e+00
-4.315514384971303130e+00
-4.332800304652832502e+00
-4.350084656838754782e+00
-4.367367438036771077e+00
-4.384648644845158927e+00
-4.401928273952794513e+00
-4.419206322139134002e+00
-4.436482786274221546e+00
-4.453757663318692828e+00
-4.471030950323760855e+00
-4.488302644431231947e+00
-4.505572742873497738e+00
-4.522841242973536957e+00
-4.540108142144917203e+00
-4.557373437891785173e+00
-4.574637127808881765e+00
-4.591899209581531416e+00
-4.609159680985647434e+00
-4.626418539887729331e+00
-4.643675784244857496e+00
-4.660931412104709182e+00
-4.678185421605538963e+00
-4.695437810976195614e+00
-4.712688578536111450e+00
-4.729937722695302327e+00
-4.747185241954376522e+00
-4.764431134904524079e+00
-4.781675400227524797e+00
-4.798918036695748235e+00
-4.816159043172141274e+00
-4.833398418610245884e+00
-4.850636162054187572e+00
-4.867872272638678055e+00
-4.885106749589021469e+00
-4.902339592221096609e+00
-4.919570799941380912e+00
-4.936800372246930912e+00
-4.954028308725395569e+00
-4.971254609055010043e+00
-4.988479273004587711e+00
-5.005702300433538809e+00
-5.022923691291854453e+00
-5.040143445620116402e+00
-5.057361563549493511e+00
-5.074578045301732843e+00
-5.091792891189179215e+00
-5.109006101614756545e+00
-5.126217677071979395e+00
-5.143427618144950308e+00
-5.160635925508351818e+00
-5.177842599927459766e+00
-5.195047642258133536e+00
-5.212251053446820492e+00
-5.229452834530556871e+00
-5.246652986636958893e+00
-5.263851510984236093e+00
-5.281048408881180656e+00
-5.298243681727177190e+00
-5.315437331012188515e+00
-5.332629358316769874e+00
-5.349819765312062714e+00
-5.367008553759793799e+00
-5.384195725512279651e+00
-5.401381282512418558e+00
-5.418565226793698564e+00
-5.435747560480194807e+00
-5.452928285786565965e+00
-5.470107405018064917e+00
-5.487284920570520974e+00
-5.504460834930357649e+00
-5.521635150674581993e+00
-5.538807870470789929e+00
-5.555978997077162695e+00
-5.573148533342466848e+00
-5.590316482206057813e+00
-5.607482846697878109e+00
-5.624647629938454685e+00
-5.641810835138904245e+00
-5.658972465600927038e+00
-5.676132524716810401e+00
-5.693291015969431434e+00
-5.710447942932250776e+00
-5.727603309269318821e+00
-5.744757118735269508e+00
-5.761909375175322978e+00
-5.779060082525290909e+00
-5.796209244811566741e+00
-5.813356866151135449e+00
-5.830502950751561997e+00
-5.847647502911003770e+00
-5.864790527018203470e+00
-5.881932027552489117e+00
-5.899072009083779378e+00
-5.916210476272572905e+00
-5.933347433869958998e+00
-5.950482886717615827e+00
-5.967616839747805102e+00
-5.984749297983376515e+00
-6.001880266537765074e+00
-6.019009750614993770e+00
-6.036137755509672687e+00
-6.053264286606997224e+00
-6.070389349382752542e+00
-6.087512949403304674e+00
-6.104635092325611190e+00
-6.121755783897217640e+00
-6.138875029956249563e+00
-6.155992836431428472e+00
-6.173109209342053205e+00
-6.190224154798015022e+00
-6.207337678999792274e+00
-6.224449788238445080e+00
-6.241560488895627756e+00
-6.258669787443572829e+00
-6.275777690445106138e+00
-6.292884204553637950e+00
-6.309989336513164737e+00
-6.327093093158270065e+00
-6.344195481414123705e+00
-6.361296508296483410e+00
-6.378396180911694024e+00
-6.395494506456686601e+00
-6.412591492218973954e+00
-6.429687145576664875e+00
-6.446781473998447254e+00
-6.463874485043600515e+00
-6.480966186361988512e+00
-6.498056585694059528e+00
-6.515145690870854267e+00
-6.532233509813994310e+00
-6.549320050535693660e+00
-6.566405321138748974e+00
-6.583489329816542224e+00
-6.600572084853047805e+00
-6.617653594622820989e+00
-6.634733867591008583e+00
-6.651812912313342707e+00
-6.668890737436137250e+00
-6.685967351696301186e+00
-6.703042763921322589e+00
-6.720116983029281954e+00
-6.737190018028845095e+00
-6.754261878019259591e+00
-6.771332572190368104e+00
-6.788402109822592401e+00
-6.805470500286946667e+00
-6.822537753045028630e+00
-6.839603877649022223e+00
-6.856668883741701137e+00
-6.873732781056422603e+00
-6.890795579417133609e+00
-6.907857288738366464e+00
-6.924917919025237012e+00
-6.941977480373453524e+00
-6.959035982969306033e+00
-6.976093437089676108e+00
-6.993149853102027969e+00
-7.010205241464413817e+00
-7.027259612725472948e+00
-7.044312977524430863e+00
-7.061365346591101932e+00
-7.078416730745884067e+00
-7.095467140899762271e+00
-7.112516588054310418e+00
-7.129565083301686812e+00
-7.146612637824640402e+00
-7.163659262896501900e+00
-7.180704969881190003e+00
-7.197749770233212274e+00
-7.214793675497661596e+00
-7.231836697310217943e+00
-7.248878847397148384e+00
-7.265920137575304416e+00
-7.282960579752126407e+00
-7.300000185925640928e+00
-7.317038968184461645e+00
-7.334076938707790205e+00
-7.351114109765410021e+00
-7.368150493717696925e+00
-7.385186103015609405e+00
-7.402220950200696592e+00
-7.419255047905091160e+00
-7.436288408851511988e+00
-7.453321045853268600e+00
-7.470352971814251397e+00
-7.487384199728946754e+00
-7.504414742682414818e+00
-7.521444613850313488e+00
-7.538473826498883312e+00
-7.555502393984949272e+00
-7.572530329755931433e+00
-7.589557647349822744e+00
-7.606584360395214794e+00
-7.623610482611282713e+00
-7.640636027807785169e+00
-7.657661009885073256e+00
-7.674685442834076277e+00
-7.691709340736317735e+00
-7.708732717763907338e+00
-7.725755588179536559e+00
-7.742777966336491069e+00
-7.759799866678633862e+00
-7.776821303740421243e+00
-7.793842292146895723e+00
-7.810862846613684241e+00
-7.827882981947005270e+00
-7.844902713043654607e+00
-7.861922054891023137e+00
-7.878941022567087060e+00
-7.895959631240405230e+00
-7.912977896170131586e+00
-7.929995832705994729e+00
-7.947013456288320121e+00
-7.964030782448015877e+00
-7.981047826806576317e+00
-7.998064605076086409e+00
-8.015081133059210217e+00
-8.032097426649206895e+00
-8.049113501829918249e+00
-8.066129374675771402e+00
-8.083145061351784122e+00
-8.100160578113555943e+00
-8.117175941307278819e+00
-8.134191167369726472e+00
-8.151206272828265043e+00
-8.168221274300838886e+00
-8.185236188495986553e+00
-8.202251032212828363e+00
-8.219265822341077055e+00
-8.236280575861027131e+00
-8.253295309843561967e+00
-8.270310041450150251e+00
-8.287324787932847769e+00
-8.304339566634297398e+00
-8.321354394987732661e+00
-8.338369290516965293e+00
-8.355384270836399452e+00
-8.372399353651026388e+00
-8.389414556756420893e+00
-8.406429898038748405e+00
-8.423445395474757902e+00
-8.440461067131785455e+00
-8.457476931167754231e+00
-8.474493005831174486e+00
-8.491509309461147126e+00
-8.508525860487349490e+00
-8.525542677430053118e+00
-8.542559778900118417e+00
-8.559577183598985783e+00
-8.576594910318691589e+00
-8.593612977941843312e+00
-8.610631405441651509e+00
