-1.089690076477348168e-01
-1.089690075642268940e-01
-1.089690066648118516e-01
-1.089690029272815108e-01
-1.089689930393556438e-01
-1.089689726755319055e-01
-1.089689364987004305e-01
-1.089688781601425571e-01
-1.089687902995321589e-01
-1.089686645449344793e-01
-1.089684915128072418e-01
-1.089682608080002058e-01
-1.089679578882798983e-01
-1.089675598442496063e-01
-1.089670441259575906e-01
-1.089663884916755587e-01
-1.089655709921098503e-01
-1.089645699704003268e-01
-1.089633640621217037e-01
-1.089619321952823849e-01
-1.089602535903251290e-01
-1.089583077601272154e-01
-1.089560745099995009e-01
-1.089535339376876966e-01
-1.089506664333709240e-01
-1.089474526796632703e-01
-1.089438736516127881e-01
-1.089399106167012188e-01
-1.089355451348452686e-01
-1.089307590583953322e-01
-1.089255345321359925e-01
-1.089198539932866305e-01
-1.089137001714998165e-01
-1.089070560888632522e-01
-1.088999050598981055e-01
-1.088922306915601768e-01
-1.088840168832397315e-01
-1.088752478267602242e-01
-1.088659080063804629e-01
-1.088559821987924447e-01
-1.088454554731230761e-01
-1.088343131909334516e-01
-1.088225410062180210e-01
-1.088101248654066988e-01
-1.087970510073623109e-01
-1.087833059633826482e-01
-1.087688765571998561e-01
-1.087537499049795464e-01
-1.087379134153222404e-01
-1.087213547892618704e-01
-1.087040620202673891e-01
-1.086860233942417153e-01
-1.086672274895213453e-01
-1.086476631768779066e-01
-1.086273196195164381e-01
-1.086061862730764438e-01
-1.085842528856321154e-01
-1.085615094976909445e-01
-1.085379464421953322e-01
-1.085135543445213679e-01
-1.084883241224796069e-01
-1.084622469863150140e-01
-1.084353144387062151e-01
-1.084075182747665234e-01
-1.083788505820429127e-01
-1.083493037405171000e-01
-1.083188704226049071e-01
-1.082875435931557051e-01
-1.082553165094541914e-01
-1.082221827212180298e-01
-1.081881360705998774e-01
-1.081531706921866343e-01
-1.081172810129987227e-01
-1.080804617524916134e-01
-1.080427079225538822e-01
-1.080040148275094869e-01
-1.079643780641160455e-01
-1.079237935215648925e-01
-1.078822573814825492e-01
-1.078397661179287259e-01
-1.077963165230804710e-01
-1.077519064272418059e-01
-1.077065346531813628e-01
-1.076602000869826548e-01
-1.076129016263313587e-01
-1.075646381805173413e-01
-1.075154086704339651e-01
-1.074652120285774504e-01
-1.074140471990481238e-01
-1.073619131375488367e-01
-1.073088088113869076e-01
-1.072547331994727071e-01
-1.071996852923194909e-01
-1.071436640920446492e-01
-1.070866686123689293e-01
-1.070286978786159360e-01
-1.069697509277135472e-01
-1.069098268081923042e-01
-1.068489245801865217e-01
-1.067870433154342602e-01
-1.067241820972762156e-01
-1.066603400206574681e-01
-1.065955161921257055e-01
-1.065297097298323892e-01
-1.064629197635326985e-01
-1.063951454345847258e-01
-1.063263858959504204e-01
-1.062566403121946168e-01
-1.061859078594862560e-01
-1.061141877255974419e-01
-1.060414791099033582e-01
-1.059677812233832950e-01
-1.058930932886192888e-01
-1.058174145397971500e-01
-1.057407442227063787e-01
-1.056630815947393609e-01
-1.055844259248923944e-01
-1.055047764937646071e-01
-1.054241325935592888e-01
-1.053424935280828922e-01
-1.052598586127448388e-01
-1.051762271745587674e-01
-1.050915985521410911e-01
-1.050059720957118858e-01
-1.049193471670950562e-01
-1.048317231397171700e-01
-1.047430993986088743e-01
-1.046534753404038676e-01
-1.045628503733393722e-01
-1.044712239172563284e-01
-1.043785954035986729e-01
-1.042849642754141715e-01
-1.041903299873533917e-01
-1.040946920056711467e-01
-1.039980498082253291e-01
-1.039004028844769389e-01
-1.038017507354909719e-01
-1.037020928739353920e-01
-1.036014288240817982e-01
-1.034997581218054519e-01
-1.033970803145844997e-01
-1.032933949615011393e-01
-1.031887016332403151e-01
-1.030829999120909113e-01
-1.029762893919453637e-01
-1.028685696782990489e-01
-1.027598403882511724e-01
-1.026501011505038807e-01
-1.025393516053633436e-01
-1.024275914047390601e-01
-1.023148202121433592e-01
-1.022010377026929817e-01
-1.020862435631070819e-01
-1.019704374917088652e-01
-1.018536191984250883e-01
-1.017357884047854211e-01
-1.016169448439235290e-01
-1.014970882605756297e-01
-1.013762184110824360e-01
-1.012543350633876571e-01
-1.011314379970381094e-01
-1.010075270031846051e-01
-1.008826018845807582e-01
-1.007566624555840951e-01
-1.006297085421557214e-01
-1.005017399818595170e-01
-1.003727566238634683e-01
-1.002427583289384194e-01
-1.001117449694589601e-01
-9.997971642940337023e-02
-9.984667260435281522e-02
-9.971261340149228936e-02
-9.957753873960978330e-02
-9.944144854909731102e-02
-9.930434277195004933e-02
-9.916622136176622693e-02
-9.902708428374837335e-02
-9.888693151470140386e-02
-9.874576304303439578e-02
-9.860357886875992239e-02
-9.846037900349330352e-02
-9.831616347045413207e-02
-9.817093230446446994e-02
-9.802468555195070765e-02
-9.787742327094250960e-02
-9.772914553107228675e-02
-9.757985241357686190e-02
-9.742954401129549913e-02
-9.727822042867173558e-02
-9.712588178175229903e-02
-9.697252819818680258e-02
-9.681815981722929898e-02
-9.666277678973622667e-02
-9.650637927816807515e-02
-9.634896745658894091e-02
-9.619054151066563918e-02
-9.603110163766911955e-02
-9.587064804647316141e-02
-9.570918095755548416e-02
-9.554670060299721990e-02
-9.538320722648230277e-02
-9.521870108329905102e-02
-9.505318244033825192e-02
-9.488665157609477152e-02
-9.471910878066691630e-02
-9.455055435575590583e-02
-9.438098861466701073e-02
-9.421041188230827590e-02
-9.403882449519176956e-02
-9.386622680143300035e-02
-9.369261916075022345e-02
-9.351800194446591163e-02
-9.334237553550528421e-02
-9.316574032839758379e-02
-9.298809672927543790e-02
-9.280944515587433163e-02
-9.262978603753360685e-02
-9.244911981519635114e-02
-9.226744694140823211e-02
-9.208476788031938476e-02
-9.190108310768230204e-02
-9.171639311085369450e-02
-9.153069838879357434e-02
-9.134399945206497784e-02
-9.115629682283502011e-02
-9.096759103487350728e-02
-9.077788263355415777e-02
-9.058717217585429693e-02
-9.039546023035405220e-02
-9.020274183665233370e-02
-9.000900978164849686e-02
-8.981426349301785406e-02
-8.961850242812724465e-02
-8.942172604865492036e-02
-8.922393382059157219e-02
-8.902512521423891489e-02
-8.882529970421101928e-02
-8.862445676943392359e-02
-8.842259589314471757e-02
-8.821971656289327723e-02
-8.801581827054033580e-02
-8.781090051225895476e-02
-8.760496278853421859e-02
-8.739800460416236039e-02
-8.719002546825217748e-02
-8.698102489422346317e-02
-8.677100239980842233e-02
-8.655995750705108849e-02
-8.634788974230678260e-02
-8.613479863624326494e-02
-8.592068372383945829e-02
-8.570554454438658598e-02
-8.548938064148770000e-02
-8.527219156305720915e-02
-8.505397686132185053e-02
-8.483473609281963479e-02
-8.461446881840083145e-02
-8.439317460322753872e-02
-8.417085301677315612e-02
-8.394750363282346695e-02
-8.372312602947565296e-02
-8.349771978913883563e-02
-8.327128449853427039e-02
-8.304381974869440297e-02
-8.281532513496404901e-02
-8.258580025699932547e-02
-8.235524471876856656e-02
-8.212365812855196290e-02
-8.189104009894099256e-02
-8.165739024683962843e-02
-8.142270819346292265e-02
-8.118699356433825565e-02
-8.095024598930490589e-02
-8.071246510251339767e-02
-8.047365054242663907e-02
-8.023380195181885333e-02
-7.999291897777643934e-02
-7.975100127169770792e-02
-7.950804848929211854e-02
-7.926406029058175040e-02
-7.901903633989991460e-02
-7.877297630589187583e-02
-7.852587986151508825e-02
-7.827774668403811309e-02
-7.802857645504200634e-02
-7.777836886041902820e-02
-7.752712359037365608e-02
-7.727484033942232100e-02
-7.702151880639253323e-02
-7.676715869442454765e-02
-7.651175971096955963e-02
-7.625532156779113446e-02
-7.599784398096472160e-02
-7.573932667087691917e-02
-7.547976936222693112e-02
-7.521917178402506843e-02
-7.495753366959394259e-02
-7.469485475656800766e-02
-7.443113478689292184e-02
-7.416637350682694918e-02
-7.390057066693944687e-02
-7.363372602211197548e-02
-7.336583933153811854e-02
-7.309691035872262210e-02
-7.282693887148268541e-02
-7.255592464194672575e-02
-7.228386744655543317e-02
-7.201076706606138189e-02
-7.173662328552825318e-02
-7.146143589433247290e-02
-7.118520468616139352e-02
-7.090792945901477906e-02
-7.062961001520420834e-02
-7.035024616135245046e-02
-7.006983770839499137e-02
-6.978838447157811875e-02
-6.950588627046073997e-02
-6.922234292891346619e-02
-6.893775427511808496e-02
-6.865212014156910070e-02
-6.836544036507191668e-02
-6.807771478674437549e-02
-6.778894325201620386e-02
-6.749912561062823557e-02
-6.720826171663396575e-02
-6.691635142839789940e-02
-6.662339460859692530e-02
-6.632939112421978867e-02
-6.603434084656631398e-02
-6.573824365124912583e-02
-6.544109941819171994e-02
-6.514290803163003130e-02
-6.484366938011183745e-02
-6.454338335649605074e-02
-6.424204985795432810e-02
-6.393966878596912817e-02
-6.363624004633552933e-02
-6.333176354916029982e-02
-6.302623920886142594e-02
-6.271966694416952759e-02
-6.241204667812624840e-02
-6.210337833808558805e-02
-6.179366185571333325e-02
-6.148289716698662755e-02
-6.117108421219506764e-02
-6.085822293593937116e-02
-6.054431328713254234e-02
-6.022935521899944189e-02
-5.991334868907620403e-02
-5.959629365921137456e-02
-5.927819009556514751e-02
-5.895903796860911539e-02
-5.863883725312734468e-02
-5.831758792821498810e-02
-5.799528997727963070e-02
-5.767194338804051273e-02
-5.734754815252831456e-02
-5.702210426708607949e-02
-5.669561173236804114e-02
-5.636807055334080996e-02
-5.603948073928270018e-02
-5.570984230378336205e-02
-5.537915526474494754e-02
-5.504741964438072954e-02
-5.471463546921633003e-02
-5.438080277008910945e-02
-5.404592158214780589e-02
-5.370999194485355510e-02
-5.337301390197872475e-02
-5.303498750160789282e-02
-5.269591279613754925e-02
-5.235578984227542282e-02
-5.201461870104174406e-02
-5.167239943776787137e-02
-5.132913212209746362e-02
-5.098481682798600145e-02
-5.063945363370032926e-02
-5.029304262181966134e-02
-4.994558387923440923e-02
-4.959707749714728497e-02
-4.924752357107282930e-02
-4.889692220083689117e-02
-4.854527349057773111e-02
-4.819257754874484156e-02
-4.783883448809991834e-02
-4.748404442571657613e-02
-4.712820748297971707e-02
-4.677132378558664094e-02
-4.641339346354585171e-02
-4.605441665117813999e-02
-4.569439348711615279e-02
-4.533332411430374131e-02
-4.497120867999736260e-02
-4.460804733576455294e-02
-4.424384023748505201e-02
-4.387858754535063632e-02
-4.351228942386421716e-02
-4.314494604184120063e-02
-4.277655757240818313e-02
-4.240712419300404767e-02
-4.203664608537951985e-02
-4.166512343559652942e-02
-4.129255643402962583e-02
-4.091894527536441006e-02
-4.054429015859874197e-02
-4.016859128704246273e-02
-3.979184886831652057e-02
-3.941406311435449727e-02
-3.903523424140101228e-02
-3.865536247001305492e-02
-3.827444802505944321e-02
-3.789249113572015770e-02
-3.750949203548786803e-02
-3.712545096216623985e-02
-3.674036815787121157e-02
-3.635424386903071681e-02
-3.596707834638383783e-02
-3.557887184498213784e-02
-3.518962462418841197e-02
-3.479933694767768648e-02
-3.440800908343687181e-02
-3.401564130376404094e-02
-3.362223388526994206e-02
-3.322778710887631937e-02
-3.283230125981724534e-02
-3.243577662763867664e-02
-3.203821350619774633e-02
-3.163961219366422106e-02
-3.123997299251890514e-02
-3.083929620955488948e-02
-3.043758215587720473e-02
-3.003483114690203015e-02
-2.963104350235817863e-02
-2.922621954628542434e-02
-2.882035960703598076e-02
-2.841346401727389004e-02
-2.800553311397437073e-02
-2.759656723842525416e-02
-2.718656673622541625e-02
-2.677553195728607505e-02
-2.636346325583036054e-02
-2.595036099039242650e-02
-2.553622552381927535e-02
-2.512105722326871821e-02
-2.470485646021108872e-02
-2.428762361042850759e-02
-2.386935905401421643e-02
-2.345006317537422225e-02
-2.302973636322542400e-02
-2.260837901059714605e-02
-2.218599151483056919e-02
-2.176257427757801594e-02
-2.133812770480446319e-02
-2.091265220678590470e-02
-2.048614819811069021e-02
-2.005861609767904674e-02
-1.963005632870234302e-02
-1.920046931870458828e-02
-1.876985549952080862e-02
-1.833821530729842775e-02
-1.790554918249667726e-02
-1.747185756988599986e-02
-1.703714091854945448e-02
-1.660139968188106135e-02
-1.616463431758732860e-02
-1.572684528768651321e-02
-1.528803305850811103e-02
-1.484819810069421334e-02
-1.440734088919787964e-02
-1.396546190328472672e-02
-1.352256162653190860e-02
-1.307864054682804714e-02
-1.263369915637414798e-02
-1.218773795168277135e-02
-1.174075743357805637e-02
-1.129275810719642878e-02
-1.084374048198550461e-02
-1.039370507170528368e-02
-9.942652394427480000e-03
-9.490582972535233780e-03
-9.037497332723964938e-03
-8.583396006000363482e-03
-8.128279527683482386e-03
-7.672148437404067989e-03
-7.215003279104296313e-03
-6.756844601038657777e-03
-6.297672955772843500e-03
-5.837488900184983898e-03
-5.376292995464861113e-03
-4.914085807113657486e-03
-4.450867904944933069e-03
-3.986639863083483309e-03
-3.521402259966333048e-03
-3.055155678342449423e-03
-2.587900705271987262e-03
-2.119637932127560638e-03
-1.650367954592981291e-03
-1.180091372664393568e-03
-7.088087906497251688e-04
-2.365208171682019124e-04
2.367719348485275150e-04
7.110688481575737178e-04
1.186369301203776816e-03
1.662672668120166418e-03
2.139978318728530393e-03
2.618285618538009583e-03
3.097593928746845970e-03
3.577902606240787597e-03
4.059211003593792000e-03
4.541518469068611674e-03
5.024824346615356860e-03
5.509127975873238936e-03
5.994428692168943251e-03
6.480725826517409749e-03
6.968018705622330833e-03
7.456306651874758384e-03
7.945598023339266180e-03
8.435917006093654469e-03
8.927264321842813544e-03
9.419639257257070297e-03
9.913041099982033977e-03
1.040746913864017825e-02
1.090292266282937017e-02
1.139940096312355017e-02
1.189690333107323861e-02
1.239542905920421045e-02
1.289497744101913285e-02
1.339554777099606631e-02
1.389713934458911698e-02
1.439975145822897096e-02
1.490338340932163830e-02
1.540803449624992411e-02
1.591370401837208237e-02
1.642039127602241272e-02
1.692809557051179470e-02
1.743681620412637634e-02
1.794655248012916662e-02
1.845730370275862342e-02
1.896906917722918084e-02
1.948184820973196396e-02
1.999564010743326570e-02
2.051044417847631279e-02
2.102625973197967679e-02
2.154308607803804426e-02
2.206092252772264006e-02
2.257976839308004080e-02
2.309962298713359036e-02
2.362048562388206763e-02
2.414235561830031102e-02
2.466523228633977355e-02
2.518911494492720449e-02
2.571400291196607873e-02
2.623989550633541723e-02
2.676679204789023797e-02
2.729469185746214582e-02
2.782359425685806964e-02
2.835349856886171943e-02
2.888440411723224022e-02
2.941631022670485734e-02
2.994921622299135527e-02
3.048312143277887021e-02
3.101802518373122930e-02
3.155392680448783349e-02
3.209082562466403915e-02
3.262872097485181727e-02
3.316761218661851141e-02
3.370749859250815605e-02
3.424837952604027624e-02
3.479025432171046345e-02
3.533312231499081274e-02
3.587698284232890278e-02
3.642183524114889909e-02
3.696767884985054098e-02
3.751451300780959258e-02
3.806233705537837714e-02
3.861115033388459739e-02
3.916095218563266089e-02
3.971174195390238248e-02
4.026351898294983078e-02
4.081628261800744617e-02
4.137003220528308323e-02
4.192476709196141238e-02
4.248048662620242111e-02
4.303719015714228824e-02
4.359487703489367538e-02
4.415354661054468610e-02
4.471319823616005940e-02
4.527383126478003172e-02
4.583544505042094763e-02
4.639803894807568996e-02
4.696161231371245859e-02
4.752616450427624151e-02
4.809169487768748252e-02
4.865820279284263639e-02
4.922568760961479328e-02
4.979414868885237433e-02
5.036358539238049159e-02
5.093399708299979622e-02
5.150538312448693645e-02
5.207774288159520981e-02
5.265107572005314762e-02
5.322538100656609705e-02
5.380065810881488886e-02
5.437690639545633697e-02
5.495412523612391853e-02
5.553231400142656649e-02
5.611147206294923862e-02
5.669159879325345874e-02
5.727269356587608162e-02
5.785475575533079173e-02
5.843778473710665999e-02
5.902177988766882377e-02
5.960674058445906975e-02
6.019266620589433514e-02
6.077955613136848401e-02
6.136740974125086401e-02
6.195622641688669496e-02
6.254600554059801254e-02
6.313674649568193353e-02
6.372844866641248773e-02
6.432111143803918851e-02
6.491473419678747692e-02
6.550931632985949882e-02
6.610485722543263387e-02
6.670135627266110534e-02
6.729881286167450904e-02
6.789722638357856277e-02
6.849659623045555035e-02
6.909692179536305878e-02
6.969820247233544930e-02
7.030043765638253894e-02
7.090362674349025285e-02
7.150776913062099893e-02
7.211286421571252991e-02
7.271891139767946988e-02
7.332591007641180159e-02
7.393385965277557426e-02
7.454275952861343091e-02
7.515260910674334549e-02
7.576340779096003841e-02
7.637515498603365816e-02
7.698785009771051679e-02
7.760149253271340919e-02
7.821608169874041949e-02
7.883161700446661424e-02
7.944809785954225212e-02
8.006552367459374153e-02
8.068389386122414020e-02
8.130320783201175350e-02
8.192346500051173042e-02
8.254466478125453699e-02
8.316680658974685836e-02
8.378988984247183469e-02
8.441391395688795096e-02
8.503887835143060514e-02
8.566478244551038734e-02
8.629162565951421782e-02
8.691940741480534693e-02
8.754812713372255029e-02
8.817778423958129441e-02
8.880837815667243229e-02
8.943990831026298050e-02
9.007237412659653553e-02
9.070577503289188603e-02
9.134011045734467815e-02
9.197537982912613874e-02
9.261158257838332519e-02
9.324871813623990258e-02
9.388678593479508894e-02
9.452578540712462674e-02
9.516571598727978365e-02
9.580657711028790768e-02
9.644836821215295453e-02
9.709108872985412753e-02
9.773473810134748752e-02
9.837931576556445401e-02
9.902482116241252685e-02
9.967125373277586908e-02
1.003186129185138636e-01
1.009668981624626954e-01
1.016161089084340746e-01
1.022662446012156251e-01
1.029173046865717173e-01
1.035692886112419137e-01
1.042221958229424678e-01
1.048760257703654636e-01
1.055307779031786214e-01
1.061864516720263801e-01
1.068430465285286485e-01
1.075005619252818873e-01
1.081589973158581380e-01
1.088183521548055227e-01
1.094786258976486043e-01
1.101398180008874156e-01
1.108019279219986802e-01
1.114649551194345917e-01
1.121288990526233681e-01
1.127937591819698909e-01
1.134595349688543170e-01
1.141262258756335496e-01
1.147938313656399340e-01
1.154623509031819512e-01
1.161317839535446345e-01
1.168021299829882370e-01
1.174733884587499250e-01
1.181455588490423064e-01
1.188186406230539310e-01
1.194926332509499284e-01
1.201675362038709810e-01
1.208433489539342681e-01
1.215200709742325497e-01
1.221977017388346659e-01
1.228762407227858983e-01
1.235556874021070534e-01
1.242360412537955455e-01
1.249173017558243143e-01
1.255994683871423934e-01
1.262825406276752715e-01
1.269665179583238379e-01
1.276513998609658251e-01
1.283371858184542691e-01
1.290238753146182860e-01
1.297114678342637661e-01
1.303999628631715979e-01
1.310893598880997768e-01
1.317796583967815738e-01
1.324708578779263124e-01
1.331629578212197851e-01
1.338559577173236148e-01
1.345498570578752273e-01
1.352446553354885173e-01
1.359403520437530155e-01
1.366369466772347774e-01
1.373344387314752724e-01
1.380328277029923278e-01
1.387321130892800736e-01
1.394322943888080812e-01
1.401333711010226135e-01
1.408353427263455138e-01
1.415382087661744837e-01
1.422419687228840823e-01
1.429466220998238668e-01
1.436521684013204736e-01
1.443586071326757314e-01
1.450659378001677435e-01
1.457741599110510822e-01
1.464832729735555950e-01
1.471932764968880147e-01
1.479041699912304053e-01
1.486159529677410218e-01
1.493286249385545883e-01
1.500421854167812707e-01
1.507566339165078706e-01
1.514719699527966590e-01
1.521881930416860429e-01
1.529053027001909815e-01
1.536232984463017925e-01
1.543421797989853739e-01
1.550619462781844260e-01
1.557825974048173412e-01
1.565041327007792860e-01
1.572265516889407577e-01
1.579498538931489449e-01
1.586740388382265055e-01
1.593991060499722057e-01
1.601250550551613916e-01
1.608518853815446847e-01
1.615795965578494253e-01
1.623081881137785620e-01
1.630376595800109851e-01
1.637680104882022203e-01
1.644992403709829576e-01
1.652313487619609111e-01
1.659643351957190704e-01
1.666981992078166164e-01
1.674329403347891154e-01
1.681685581141476593e-01
1.689050520843799752e-01
1.696424217849492599e-01
1.703806667562949018e-01
1.711197865398327300e-01
1.718597806779537940e-01
1.726006487140262224e-01
1.733423901923933363e-01
1.740850046583745925e-01
1.748284916582660831e-01
1.755728507393391202e-01
1.763180814498419013e-01
1.770641833389979825e-01
1.778111559570070277e-01
1.785589988550453922e-01
1.793077115852643733e-01
1.800572937007923202e-01
1.808077447557332462e-01
1.815590643051668007e-01
1.823112519051494074e-01
1.830643071127128207e-01
1.838182294858654864e-01
1.845730185835914305e-01
1.853286739658507043e-01
1.860851951935799109e-01
1.868425818286908180e-01
1.876008334340721617e-01
1.883599495735881479e-01
1.891199298120789518e-01
1.898807737153613284e-01
1.906424808502274471e-01
1.914050507844460292e-01
1.921684830867614879e-01
1.929327773268941781e-01
1.936979330755412287e-01
1.944639499043746000e-01
1.952308273860435262e-01
1.959985650941725166e-01
1.967671626033621890e-01
1.975366194891894356e-01
1.983069353282069791e-01
1.990781096979440390e-01
1.998501421769051101e-01
2.006230323445710728e-01
2.013967797813993044e-01
2.021713840688223462e-01
2.029468447892495697e-01
2.037231615260659545e-01
2.045003338636323664e-01
2.052783613872863344e-01
2.060572436833407739e-01
2.068369803390851525e-01
2.076175709427845462e-01
2.083990150836800836e-01
2.091813123519894457e-01
2.099644623389056997e-01
2.107484646365986314e-01
2.115333188382132468e-01
2.123190245378710483e-01
2.131055813306700353e-01
2.138929888126830936e-01
2.146812465809603276e-01
2.154703542335271726e-01
2.162603113693851165e-01
2.170511175885121991e-01
2.178427724918617914e-01
2.186352756813639275e-01
2.194286267599244167e-01
2.202228253314247874e-01
2.210178710007232317e-01
2.218137633736534386e-01
2.226105020570256499e-01
2.234080866586256042e-01
2.242065167872152598e-01
2.250057920525330157e-01
2.258059120652926022e-01
2.266068764371844124e-01
2.274086847808745593e-01
2.282113367100050416e-01
2.290148318391943549e-01
2.298191697840364922e-01
2.306243501611022761e-01
2.314303725879375828e-01
2.322372366830648405e-01
2.330449420659828075e-01
2.338534883571656842e-01
2.346628751780637789e-01
2.354731021511040634e-01
2.362841688996887290e-01
2.370960750481966861e-01
2.379088202219825088e-01
2.387224040473765463e-01
2.395368261516860331e-01
2.403520861631932570e-01
2.411681837111573357e-01
2.419851184258130505e-01
2.428028899383710693e-01
2.436214978810184451e-01
2.444409418869178952e-01
2.452612215902088555e-01
2.460823366260059819e-01
2.469042866304002048e-01
2.477270712404590070e-01
2.485506900942251463e-01
2.493751428307179885e-01
2.502004290899326744e-01
2.510265485128402863e-01
2.518535007413884586e-01
2.526812854184998791e-01
2.535099021880745096e-01
2.543393506949874761e-01
2.551696305850900126e-01
2.560007415052099056e-01
2.568326831031502167e-01
2.576654550276909483e-01
2.584990569285874340e-01
2.593334884565710041e-01
2.601687492633498189e-01
2.610048390016069808e-01
2.618417573250025887e-01
2.626795038881724054e-01
2.635180783467278576e-01
2.643574803572570353e-01
2.651977095773235815e-01
2.660387656654676913e-01
2.668806482812051128e-01
2.677233570850275912e-01
2.685668917384036458e-01
2.694112519037766829e-01
2.702564372445672158e-01
2.711024474251713112e-01
2.719492821109606440e-01
2.727969409682840518e-01
2.736454236644653149e-01
2.744947298678049319e-01
2.753448592475791212e-01
2.761958114740399872e-01
2.770475862184161309e-01
2.779001831529117617e-01
2.787536019507076412e-01
2.796078422859599177e-01
2.804629038338010694e-01
2.813187862703399045e-01
2.821754892726608399e-01
2.830330125188245116e-01
2.838913556878677191e-01
2.847505184598027594e-01
2.856105005156187593e-01
2.864713015372801763e-01
2.873329212077281314e-01
2.881953592108794093e-01
2.890586152316263480e-01
2.899226889558385034e-01
2.907875800703605407e-01
2.916532882630135104e-01
2.925198132225944048e-01
2.933871546388761020e-01
2.942553122026081991e-01
2.951242856055151242e-01
2.959940745402985796e-01
2.968646787006355980e-01
2.977360977811792098e-01
2.986083314775590525e-01
2.994813794863801504e-01
3.003552415052241353e-01
3.012299172326480812e-01
3.021054063681853918e-01
3.029817086123459680e-01
3.038588236666147080e-01
3.047367512334536177e-01
3.056154910163000338e-01
3.064950427195674565e-01
3.073754060486458273e-01
3.082565807099005295e-01
3.091385664106735542e-01
3.100213628592825010e-01
3.109049697650209665e-01
3.117893868381590994e-01
3.126746137899424349e-01
3.135606503325932826e-01
3.144474961793092271e-01
3.153351510442641836e-01
3.162236146426085082e-01
3.171128866904678323e-01
3.180029669049445618e-01
3.188938550041167663e-01
3.197855507070383463e-01
3.206780537337397541e-01
3.215713638052269396e-01
3.224654806434826271e-01
3.233604039714647049e-01
3.242561335131074474e-01
3.251526689933216252e-01
3.260500101379931182e-01
3.269481566739848577e-01
3.278471083291351618e-01
3.287468648322582898e-01
3.296474259131452755e-01
3.305487913025622060e-01
3.314509607322521090e-01
3.323539339349333988e-01
3.332577106443007087e-01
3.341622905950250577e-01
3.350676735227529068e-01
3.359738591641074357e-01
3.368808472566871548e-01
3.377886375390669604e-01
3.386972297507980789e-01
3.396066236324071785e-01
3.405168189253970912e-01
3.414278153722473119e-01
3.423396127164124447e-01
3.432522107023239788e-01
3.441656090753889008e-01
3.450798075819901389e-01
3.459948059694873401e-01
3.469106039862152602e-01
3.478272013814856511e-01
3.487445979055857070e-01
3.496627933097785079e-01
3.505817873463036860e-01
3.515015797683764820e-01
3.524221703301886888e-01
3.533435587869075412e-01
