-4.766228794119875545e-02
-4.766228846497755356e-02
-4.766229175121061701e-02
-4.766229910420749505e-02
-4.766231026894462985e-02
-4.766232376657519865e-02
-4.766233689637866533e-02
-4.766234573576166866e-02
-4.766234514026024272e-02
-4.766232874353582005e-02
-4.766228895738144899e-02
-4.766221697171690863e-02
-4.766209848401681271e-02
-4.766190871872177937e-02
-4.766162391142092503e-02
-4.766122069697775743e-02
-4.766067608624702245e-02
-4.765996746606981915e-02
-4.765907259928248152e-02
-4.765796962470592035e-02
-4.765663705715583731e-02
-4.765505378743650766e-02
-4.765319908234122437e-02
-4.765105258465496263e-02
-4.764859431315171534e-02
-4.764580466259538127e-02
-4.764266440374331779e-02
-4.763915468333657088e-02
-4.763525702411364193e-02
-4.763095332479716504e-02
-4.762622586010367698e-02
-4.762105728073917632e-02
-4.761543061339734706e-02
-4.760932926076577587e-02
-4.760273700151840259e-02
-4.759563799032173748e-02
-4.758801675783397300e-02
-4.757985821069832255e-02
-4.757114763155412263e-02
-4.756187067902484245e-02
-4.755201338772785391e-02
-4.754156216827265524e-02
-4.753050380725243329e-02
-4.751882546725738621e-02
-4.750651468686184487e-02
-4.749355938063448690e-02
-4.747994783913345174e-02
-4.746566872890545241e-02
-4.745071109248977237e-02
-4.743506434841071595e-02
-4.741871829118871062e-02
-4.740166309133320155e-02
-4.738388929533998706e-02
-4.736538782569876815e-02
-4.734614998088693127e-02
-4.732616743537443327e-02
-4.730543223962069277e-02
-4.728393682007192567e-02
-4.726167397917047097e-02
-4.723863689534280041e-02
-4.721481912300928840e-02
-4.719021459258110340e-02
-4.716481761045510090e-02
-4.713862285902337135e-02
-4.711162539666369220e-02
-4.708382065774729952e-02
-4.705520445263577933e-02
-4.702577296767640469e-02
-4.699552276521234973e-02
-4.696445078357203151e-02
-4.693255433707710367e-02
-4.689983111604001387e-02
-4.686627918675867477e-02
-4.683189699152734420e-02
-4.679668334862463475e-02
-4.676063745232283964e-02
-4.672375887288549023e-02
-4.668604755470417977e-02
-4.664749466014739276e-02
-4.660809370043628164e-02
-4.656784767748201048e-02
-4.652675963364028000e-02
-4.648483265170511025e-02
-4.644206985491838857e-02
-4.639847440696165393e-02
-4.635404951196209211e-02
-4.630879841449009326e-02
-4.626272439955525506e-02
-4.621583079261570859e-02
-4.616812095956746020e-02
-4.611959830675349536e-02
-4.607026628096022591e-02
-4.602012836941238305e-02
-4.596918809978234322e-02
-4.591744904018502105e-02
-4.586491479917587100e-02
-4.581158902575710457e-02
-4.575747540937014080e-02
-4.570257767990204556e-02
-4.564689960768353316e-02
-4.559044500348496953e-02
-4.553321771852480992e-02
-4.547522164445960691e-02
-4.541646071339200397e-02
-4.535693889786807098e-02
-4.529666021087441763e-02
-4.523562870584352247e-02
-4.517384847664840386e-02
-4.511132365760706087e-02
-4.504805842348158507e-02
-4.498405698947283149e-02
-4.491932361122996653e-02
-4.485386258484114208e-02
-4.478767824683949073e-02
-4.472077497420245962e-02
-4.465315718434759162e-02
-4.458482933513852053e-02
-4.451579592487875381e-02
-4.444606149231766778e-02
-4.437563061664762110e-02
-4.430450791750195627e-02
-4.423269805495966267e-02
-4.416020572953982537e-02
-4.408703568220695423e-02
-4.401319269436965165e-02
-4.393868158787594957e-02
-4.386350722502085908e-02
-4.378767450853904286e-02
-4.371118838160992226e-02
-4.363405382785789932e-02
-4.355627587134680567e-02
-4.347785957658678591e-02
-4.339881004852785829e-02
-4.331913243256546586e-02
-4.323883191453914421e-02
-4.315791372072830256e-02
-4.307638311785821905e-02
-4.299424541309515568e-02
-4.291150595404968904e-02
-4.282817012877671026e-02
-4.274424336577098416e-02
-4.265973113397403260e-02
-4.257463894276636296e-02
-4.248897234197523964e-02
-4.240273692187068733e-02
-4.231593831316260435e-02
-4.222858218700831223e-02
-4.214067425500367392e-02
-4.205222026919175349e-02
-4.196322602205770913e-02
-4.187369734652723885e-02
-4.178364011597301975e-02
-4.169306024420627033e-02
-4.160196368548563228e-02
-4.151035643451184143e-02
-4.141824452642595134e-02
-4.132563403681643877e-02
-4.123253108170965575e-02
-4.113894181757982160e-02
-4.104487244134324975e-02
-4.095032919035679342e-02
-4.085531834242384086e-02
-4.075984621578676581e-02
-4.066391916913469906e-02
-4.056754360159997574e-02
-4.047072595275458262e-02
-4.037347270261770760e-02
-4.027579037164707998e-02
-4.017768552074718613e-02
-4.007916475126571676e-02
-3.998023470499090237e-02
-3.988090206415662031e-02
-3.978117355143662159e-02
-3.968105592995052611e-02
-3.958055600326182422e-02
-3.947968061537387996e-02
-3.937843665073659238e-02
-3.927683103423840194e-02
-3.917487073121539431e-02
-3.907256274744597135e-02
-3.896991412914907471e-02
-3.886693196298973696e-02
-3.876362337607286435e-02
-3.865999553594923199e-02
-3.855605565061348550e-02
-3.845181096849836777e-02
-3.834726877848604332e-02
-3.824243640989655191e-02
-3.813732123249602424e-02
-3.803193065649446147e-02
-3.792627213254062823e-02
-3.782035315173160051e-02
-3.771418124560299567e-02
-3.760776398613696614e-02
-3.750110898575820251e-02
-3.739422389733171315e-02
-3.728711641416948552e-02
-3.717979427002293669e-02
-3.707226523908935256e-02
-3.696453713600966751e-02
-3.685661781586335728e-02
-3.674851517417931923e-02
-3.664023714692299372e-02
-3.653179171050813245e-02
-3.642318688179035924e-02
-3.631443071806605971e-02
-3.620553131707771044e-02
-3.609649681700788371e-02
-3.598733539648457658e-02
-3.587805527457965660e-02
-3.576865467694978484e-02
-3.565907432948556277e-02
-3.554930765851915808e-02
-3.543936013150195130e-02
-3.532923715127234132e-02
-3.521894405605263678e-02
-3.510848611945460718e-02
-3.499786855047792855e-02
-3.488709649350529851e-02
-3.477617502831198415e-02
-3.466510917005494186e-02
-3.455390386928125501e-02
-3.444256401192524741e-02
-3.433109441930581873e-02
-3.421949984813243972e-02
-3.410778499049693657e-02
-3.399595447388215064e-02
-3.388401286115771960e-02
-3.377196465057696884e-02
-3.365981427578490504e-02
-3.354756610580844622e-02
-3.343522444506508151e-02
-3.332279353335998451e-02
-3.321027754588157244e-02
-3.309768059320994382e-02
-3.298500672130710853e-02
-3.287225991152564752e-02
-3.275944408060582624e-02
-3.264656308067137580e-02
-3.253362069923704247e-02
-3.242062065920059410e-02
-3.230756661884903735e-02
-3.219446217185817360e-02
-3.208131084728660376e-02
-3.196811610958461003e-02
-3.185488135858416392e-02
-3.174160992950891824e-02
-3.162830509296843395e-02
-3.151497005495706993e-02
-3.140160795685931205e-02
-3.128822187544377798e-02
-3.117481482286810213e-02
-3.106138974667738140e-02
-3.094794952980062241e-02
-3.083449699055784698e-02
-3.072103488265276461e-02
-3.060756589517787951e-02
-3.049409265261382451e-02
-3.038061771482447604e-02
-3.026714357706472569e-02
-3.015367266997381890e-02
-3.004020735957912969e-02
-2.992674994729638271e-02
-2.981330266992454625e-02
-2.969986769965404783e-02
-2.958644714405855858e-02
-2.947304304610098846e-02
-2.935965738413193193e-02
-2.924629207188611524e-02
-2.913294895848839161e-02
-2.901962982844752403e-02
-2.890633640166195839e-02
-2.879307033341693689e-02
-2.867983321438272171e-02
-2.856662657061925792e-02
-2.845345186357017830e-02
-2.834031049006902059e-02
-2.822720378233656291e-02
-2.811413300797727111e-02
-2.800109936998707028e-02
-2.788810400674468504e-02
-2.777514799201807882e-02
-2.766223233496378775e-02
-2.754935798012125847e-02
-2.743652580742139691e-02
-2.732373663217779747e-02
-2.721099120509418157e-02
-2.709829021226195511e-02
-2.698563427515532354e-02
-2.687302395064028460e-02
-2.676045973096619068e-02
-2.664794204377129994e-02
-2.653547125208233215e-02
-2.642304765430858460e-02
-2.631067148425114688e-02
-2.619834291109446323e-02
-2.608606203941199464e-02
-2.597382890916544174e-02
-2.586164349569919363e-02
-2.574950570974987585e-02
-2.563741539743646936e-02
-2.552537234026797108e-02
-2.541337625514084042e-02
-2.530142679433478037e-02
-2.518952354552161932e-02
-2.507766603175509701e-02
-2.496585371147952426e-02
-2.485408597852667434e-02
-2.474236216211112005e-02
-2.463068152683989265e-02
-2.451904327270182371e-02
-2.440744653507631590e-02
-2.429589038473012330e-02
-2.418437382781335465e-02
-2.407289580586757793e-02
-2.396145519581704963e-02
-2.385005080997626425e-02
-2.373868139604728977e-02
-2.362734563711477165e-02
-2.351604215165625789e-02
-2.340476949353009761e-02
-2.329352615198687637e-02
-2.318231055166297683e-02
-2.307112105257869139e-02
-2.295995595014621582e-02
-2.284881347515954619e-02
-2.273769179380391581e-02
-2.262658900765113223e-02
-2.251550315365635768e-02
-2.240443220416710179e-02
-2.229337406691245249e-02
-2.218232658501251287e-02
-2.207128753697440438e-02
-2.196025463668860311e-02
-2.184922553343704443e-02
-2.173819781188468525e-02
-2.162716899208638743e-02
-2.151613652948447530e-02
-2.140509781490429475e-02
-2.129405017456353910e-02
-2.118299087006136894e-02
-2.107191709838851512e-02
-2.096082599192161666e-02
-2.084971461842199947e-02
-2.073857998104200462e-02
-2.062741901831610658e-02
-2.051622860417001704e-02
-2.040500554791557786e-02
-2.029374659424898475e-02
-2.018244842325678245e-02
-2.007110765041186795e-02
-1.995972082657171409e-02
-1.984828443798436481e-02
-1.973679490628110766e-02
-1.962524858848380127e-02
-1.951364177700010138e-02
-1.940197069962301679e-02
-1.929023151953512816e-02
-1.917842033530348100e-02
-1.906653318088447069e-02
-1.895456602562139992e-02
-1.884251477424181420e-02
-1.873037526686405219e-02
-1.861814327898969612e-02
-1.850581452151067730e-02
-1.839338464070494616e-02
-1.828084921823569520e-02
-1.816820377115602181e-02
-1.805544375190282214e-02
-1.794256454830267522e-02
-1.782956148356928949e-02
-1.771642981630050517e-02
-1.760316474048473356e-02
-1.748976138549418469e-02
-1.737621481608997431e-02
-1.726252003242145783e-02
-1.714867197002134525e-02
-1.703466549981313971e-02
-1.692049542810425411e-02
-1.680615649659089605e-02
-1.669164338235740175e-02
-1.657695069787190612e-02
-1.646207299099267107e-02
-1.634700474496231237e-02
-1.623174037841246253e-02
-1.611627424536210551e-02
-1.600060063521480114e-02
-1.588471377276390317e-02
-1.576860781818700818e-02
-1.565227686705084054e-02
-1.553571495030958705e-02
-1.541891603430184388e-02
-1.530187402075622316e-02
-1.518458274678530229e-02
-1.506703598489089746e-02
-1.494922744296245387e-02
-1.483115076427354850e-02
-1.471279952748788533e-02
-1.459416724665330012e-02
-1.447524737120647886e-02
-1.435603328597234718e-02
-1.423651831115907429e-02
-1.411669570236595561e-02
-1.399655865057575221e-02
-1.387610028216035296e-02
-1.375531365887977531e-02
-1.363419177787700276e-02
-1.351272757168670013e-02
-1.339091390822677585e-02
-1.326874359080409960e-02
-1.314620935811389169e-02
-1.302330388423417196e-02
-1.290001977863491911e-02
-1.277634958616880034e-02
-1.265228578707816576e-02
-1.252782079699316098e-02
-1.240294696692689769e-02
-1.227765658328444642e-02
-1.215194186785373276e-02
-1.202579497781203210e-02
-1.189920800572469295e-02
-1.177217297953991881e-02
-1.164468186259798310e-02
-1.151672655362179221e-02
-1.138829888672387991e-02
-1.125939063140457552e-02
-1.112999349254728543e-02
-1.100016913339557645e-02
-1.086998975057507089e-02
-1.073944474970955909e-02
-1.060852344285784232e-02
-1.047721517653099621e-02
-1.034550933170164111e-02
-1.021339532379339499e-02
-1.008086260269025480e-02
-9.947900652732433180e-03
-9.814498992712694658e-03
-9.680647175885126465e-03
-9.546334789955257527e-03
-9.411551457088551675e-03
-9.276286833906910445e-03
-9.140530611484731782e-03
-9.004272515357847340e-03
-8.867502305513308425e-03
-8.730209776398212274e-03
-8.592384756916232602e-03
-8.454017110423345249e-03
-8.315096734737043027e-03
-8.175613562125982892e-03
-8.035557559319062015e-03
-7.894918727501420985e-03
-7.753687102310752310e-03
-7.611852753846209962e-03
-7.469405786658056545e-03
-7.326336339756878147e-03
-7.182634586609476512e-03
-7.038290735135122045e-03
-6.893295027714657630e-03
-6.747637741180034787e-03
-6.601309186823417496e-03
-6.454299710393296419e-03
-6.306599692090603115e-03
-6.158199546577758365e-03
-6.009089722968430358e-03
-5.859260704836416478e-03
-5.708703010211840789e-03
-5.557407191577296013e-03
-5.405363835876836331e-03
-5.252563564505791094e-03
-5.098997033319868644e-03
-4.944654932630021538e-03
-4.789527987201308568e-03
-4.633606956258154441e-03
-4.476882633480602780e-03
-4.319345847002886707e-03
-4.160987459418702406e-03
-4.001798367774728193e-03
-3.841769503577049938e-03
-3.680891832787316909e-03
-3.519156355821451143e-03
-3.356554107554796107e-03
-3.193076157315649644e-03
-3.028713608891758780e-03
-2.863457600526433944e-03
-2.697299304917216700e-03
-2.530229929221139429e-03
-2.362240715048119499e-03
-2.193322938467544281e-03
-2.023467910004385362e-03
-1.852666974637838526e-03
-1.680911511806555680e-03
-1.508192935402129231e-03
-1.334502693775600768e-03
-1.159832269733578752e-03
-9.841731805368958419e-04
-8.075169779058651021e-04
-6.298552480139725518e-04
-4.511796114931507229e-04
-2.714817234324177694e-04
-9.075327337399775873e-05
9.101401467989699359e-05
2.738283822748856233e-04
4.576980364966246051e-04
6.426311499747212885e-04
8.286358608855307062e-04
1.015720272944463376e-03
1.203892455416223639e-03
1.393160443104571322e-03
1.583532236357466927e-03
1.775015801069632082e-03
1.967619068674819616e-03
2.161349936156076179e-03
2.356216266035542073e-03
2.552225886379488884e-03
2.749386590801025654e-03
2.947706138452244051e-03
3.147192254034550385e-03
3.347852627788402979e-03
3.549694915498488590e-03
3.752726738496206527e-03
3.956955683652021993e-03
4.162389303385707895e-03
4.369035115656061397e-03
4.576900603966135850e-03
4.785993217365669405e-03
4.996320370443466108e-03
5.207889443337679336e-03
5.420707781725431218e-03
5.634782696828127824e-03
5.850121465413915534e-03
6.066731329789909477e-03
6.284619497812560240e-03
6.503793142877467570e-03
6.724259403924293110e-03
6.946025385439535960e-03
7.169098157448677844e-03
7.393484755526563701e-03
7.619192180787104363e-03
7.846227399888300313e-03
8.074597345035045004e-03
8.304308913971159001e-03
8.535368969989853838e-03
8.767784341923323677e-03
9.001561824147991109e-03
9.236708176587088426e-03
9.473230124702747279e-03
9.711134359506573555e-03
9.950427537549128010e-03
1.019111628092514432e-02
1.043320717727574953e-02
1.067670677978288518e-02
1.092162160717499719e-02
1.116795814372154028e-02
1.141572283923558695e-02
1.166492210907660310e-02
1.191556233414495236e-02
1.216764986088736400e-02
1.242119100129157605e-02
1.267619203288916641e-02
1.293265919875780101e-02
1.319059870751632113e-02
1.345001673332973935e-02
1.371091941590429908e-02
1.397331286048969501e-02
1.423720313788218172e-02
1.450259628441863402e-02
1.476949830198276414e-02
1.503791515799884904e-02
1.530785278543517203e-02
1.557931708280613226e-02
1.585231391416730418e-02
1.612684910912032255e-02
1.640292846280821948e-02
1.668055773591731183e-02
1.695974265468064290e-02
1.724048891087182067e-02
1.752280216181106853e-02
1.780668803035961867e-02
1.809215210492226555e-02
1.837919993945030805e-02
1.866783705343577626e-02
1.895806893191714915e-02
1.924990102547408100e-02
1.954333875022978839e-02
1.983838748785382577e-02
2.013505258555653432e-02
2.043333935609498164e-02
2.073325307776685555e-02
2.103479899441396128e-02
2.133798231542399781e-02
2.164280821572595048e-02
2.194928183579486491e-02
2.225740828164712859e-02
2.256719262484269128e-02
2.287863990248761858e-02
2.319175511722931793e-02
2.350654323726125705e-02
2.382300919631802349e-02
2.414115789367798914e-02
2.446099419416564169e-02
2.478252292814653313e-02
2.510574889153260880e-02
2.543067684577682286e-02
2.575731151787585826e-02
2.608565760037256931e-02
2.641571975135204031e-02
2.674750259444125255e-02
2.708101071881474642e-02
2.741624867918596165e-02
2.775322099581756241e-02
2.809193215451150083e-02
2.843238660661367989e-02
2.877458876901706208e-02
2.911854302415323170e-02
2.946425372000327503e-02
2.981172517008767731e-02
3.016096165347048608e-02
3.051196741476303043e-02
3.086474666411520573e-02
3.121930357722679794e-02
3.157564229533615929e-02
3.193376692522598148e-02
3.229368153922584916e-02
3.265539017520413534e-02
3.301889683657899255e-02
3.338420549230669554e-02
3.375132007688896874e-02
3.412024449037298623e-02
3.449098259834626479e-02
3.486353823194454638e-02
3.523791518784313848e-02
3.561411722826146597e-02
3.599214808096584672e-02
3.637201143926138691e-02
3.675371096200252818e-02
3.713725027358294462e-02
3.752263296394042769e-02
3.790986258855955082e-02
3.829894266846389783e-02
3.868987669022594389e-02
3.908266810595817375e-02
3.947732033331641244e-02
3.987383675550371098e-02
4.027222072126168673e-02
4.067247554488206962e-02
4.107460450619448977e-02
4.147861085057402697e-02
4.188449778894154374e-02
4.229226849775746810e-02
4.270192611903134150e-02
4.311347376031182677e-02
4.352691449469170415e-02
4.394225136081053584e-02
4.435948736284711647e-02
4.477862547052913200e-02
4.519966861912372291e-02
4.562261970944203604e-02
4.604748160784211120e-02
4.647425714622088755e-02
4.690294912202441768e-02
4.733356029823831967e-02
4.776609340339199594e-02
4.820055113156185289e-02
4.863693614236297424e-02
4.907525106096033429e-02
4.951549847805747362e-02
4.995768094990205022e-02
5.040180099828905913e-02
5.084786111055195068e-02
5.129586373957395473e-02
5.174581130377686744e-02
5.219770618712704646e-02
5.265155073913729833e-02
5.310734727486010609e-02
5.356509807489617803e-02
5.402480538538656507e-02
5.448647141801532534e-02
5.495009835001363196e-02
5.541568832415333379e-02
5.588324344875239547e-02
5.635276579767045657e-02
5.682425741031005284e-02
5.729772029162061298e-02
5.777315641209235242e-02
5.825056770776171344e-02
5.872995608020648017e-02
5.921132339654777699e-02
5.969467148945328816e-02
6.018000215713137369e-02
6.066731716333728652e-02
6.115661823736662228e-02
6.164790707405931602e-02
6.214118533380119658e-02
6.263645464251899053e-02
6.313371659168620642e-02
6.363297273831691747e-02
6.413422460496942534e-02
6.463747367974770341e-02
6.514272141629728896e-02
6.564996923380961302e-02
6.615921851701733747e-02
6.667047061619690851e-02
6.718372684717088816e-02
6.769898849130295826e-02
6.821625679550291643e-02
6.873553297222201319e-02
6.925681819945461726e-02
6.978011362074210133e-02
7.030542034516618077e-02
7.083273944735524186e-02
7.136207196747879067e-02
7.189341891124967354e-02
7.242678124992718569e-02
7.296215992031185316e-02
7.349955582475020677e-02
7.403896983112989716e-02
7.458040277288224829e-02
7.512385544898547707e-02
7.566932862395781001e-02
7.621682302786458862e-02
7.676633935631127503e-02
7.731787827044800387e-02
7.787144039697124764e-02
7.842702632811715535e-02
7.898463662166987920e-02
7.954427180095324790e-02
8.010593235483587371e-02
8.066961873773170755e-02
8.123533136959726342e-02
8.180307063593128536e-02
8.237283688777985446e-02
8.294463044172806221e-02
8.351845157990878121e-02
8.409430054999655901e-02
8.467217756520861727e-02
8.525208280430929264e-02
8.583401641160159912e-02
8.641797849693810818e-02
8.700396913571051272e-02
8.759198836885473405e-02
8.818203620285358646e-02
8.877411260972811746e-02
8.936821752704982025e-02
8.996435085792797715e-02
9.056251247101765323e-02
9.116270220051903017e-02
9.176491984617229924e-02
9.236916517326720921e-02
9.297543791263152002e-02
9.358373776063788618e-02
9.419406437920585518e-02
9.480636031197930969e-02
9.542050702011239949e-02
9.603650001326990981e-02
9.665433833196979130e-02
9.727402096619131022e-02
9.789554685536749901e-02
9.851891488839470412e-02
9.914412390362237204e-02
9.977117268885904444e-02
1.004000599813734684e-01
1.010307844678886013e-01
1.016633447845907146e-01
1.022977395171196235e-01
1.029339672005733508e-01
1.035720263195105684e-01
1.042119153079448246e-01
1.048536325493516497e-01
1.054971763766605619e-01
1.061425450722603969e-01
1.067897368679995296e-01
1.074387499451809891e-01
1.080895824345706746e-01
1.087422324163880294e-01
1.093966979203113699e-01
1.100529769254798840e-01
1.107110673604860818e-01
1.113709671033855653e-01
1.120326739816881467e-01
1.126961857723616234e-01
1.133615002018357742e-01
1.140286149459921461e-01
1.146975276301771540e-01
1.153682358291903132e-01
1.160407370672891236e-01
1.167150288181932893e-01
1.173911085050747261e-01
1.180689735005697738e-01
1.187486211267672065e-01
1.194300486552155594e-01
1.201132533069233510e-01
1.207982322523530883e-01
1.214849826114308140e-01
1.221735014535354491e-01
1.228637857975054537e-01
1.235558326116390493e-01
1.242496388136891117e-01
1.249452012708709425e-01
1.256425167998547199e-01
1.263415821667672745e-01
1.270423940871978630e-01
1.277449492261886199e-01
1.284492441982454380e-01
1.291552755673277542e-01
1.298630398468529901e-01
1.305725334996996612e-01
1.312837529382009372e-01
1.319966945241517475e-01
1.327113545688014540e-01
1.334277293328578473e-01
1.341458150264889237e-01
1.348656078093186661e-01
1.355871037904308185e-01
1.363102990283653337e-01
1.370351895311201496e-01
1.377617712561525209e-01
1.384900401103772438e-01
1.392199919501675431e-01
1.399516225813530745e-01
1.406849277592217007e-01
1.414199031885214897e-01
1.421565445234564962e-01
1.428948473676896480e-01
1.436348072743411919e-01
1.443764197459884713e-01
1.451196802346697012e-01
1.458645841418786393e-01
1.466111268185688044e-01
1.473593035651497019e-01
1.481091096314888222e-01
1.488605402169149716e-01
1.496135904702102781e-01
1.503682554896197399e-01
1.511245303228421211e-01
1.518824099670352812e-01
1.526418893688172851e-01
1.534029634242608520e-01
1.541656269789004607e-01
1.549298748277254667e-01
1.556957017151832101e-01
1.564631023351814587e-01
1.572320713310833007e-01
1.580026032957129178e-01
1.587746927713500344e-01
1.595483342497312496e-01
1.603235221720549220e-01
1.611002509289738427e-01
1.618785148606021185e-01
1.626583082565093985e-01
1.634396253557224288e-01
1.642224603467290489e-01
1.650068073674724189e-01
1.657926605053565705e-01
1.665800137972406336e-01
1.673688612294419453e-01
1.681591967377380481e-01
1.689510142073620269e-01
1.697443074730078383e-01
1.705390703188245372e-01
1.713352964784191634e-01
1.721329796348596286e-01
1.729321134206700528e-01
1.737326914178309867e-01
1.745347071577845188e-01
1.753381541214262818e-01
1.761430257391154441e-01
1.769493153906647187e-01
1.777570164053450252e-01
1.785661220618883771e-01
1.793766255884803318e-01
1.801885201627702049e-01
1.810017989118604120e-01
1.818164549123117979e-01
1.826324811901465228e-01
1.834498707208400692e-01
1.842686164293318996e-01
1.850887111900136883e-01
1.859101478267368712e-01
1.867329191128133115e-01
1.875570177710086384e-01
1.883824364735515733e-01
1.892091678421246037e-01
1.900372044478686462e-01
1.908665388113859329e-01
1.916971634027317961e-01
1.925290706414244379e-01
1.933622528964369369e-01
1.941967024861999125e-01
1.950324116786055217e-01
1.958693726909990218e-01
1.967075776901887618e-01
1.975470187924375232e-01
1.983876880634660722e-01
1.992295775184562689e-01
2.000726791220432954e-01
2.009169847883263138e-01
2.017624863808566982e-01
2.026091757126462500e-01
2.034570445461660881e-01
2.043060845933415415e-01
2.051562875155616972e-01
2.060076449236685203e-01
2.068601483779626271e-01
2.077137893882057273e-01
2.085685594136132970e-01
2.094244498628636819e-01
2.102814520940896603e-01
2.111395574148811072e-01
2.119987570822901013e-01
2.128590423028215994e-01
2.137204042324445386e-01
2.145828339765809556e-01
2.154463225901110945e-01
2.163108610773769591e-01
2.171764403921734310e-01
2.180430514377589279e-01
2.189106850668463000e-01
2.197793320816052720e-01
2.206489832336675505e-01
2.215196292241186082e-01
2.223912607035063438e-01
2.232638682718330880e-01
2.241374424785593789e-01
2.250119738226066257e-01
2.258874527523502262e-01
2.267638696656277819e-01
2.276412149097319926e-01
2.285194787814128770e-01
2.293986515268824355e-01
2.302787233418051027e-01
2.311596843713092930e-01
2.320415247099771872e-01
2.329242344018489508e-01
2.338078034404258432e-01
2.346922217686633338e-01
2.355774792789795402e-01
2.364635658132463458e-01
2.373504711627938413e-01
2.382381850684127667e-01
2.391266972203498486e-01
2.400159972583115753e-01
2.409060747714604211e-01
2.417969192984166238e-01
2.426885203272612923e-01
2.435808672955301901e-01
2.444739495902201742e-01
2.453677565477836442e-01
2.462622774541305404e-01
2.471575015446323409e-01
2.480534180041151782e-01
2.489500159668647239e-01
2.498472845166239686e-01
2.507452126865929998e-01
2.516437894594325542e-01
2.525430037672586892e-01
2.534428444916478895e-01
2.543433004636324046e-01
2.552443604637022467e-01
2.561460132218091879e-01
2.570482474173572118e-01
2.579510516792151709e-01
2.588544145857034628e-01
2.597583246646029131e-01
2.606627703931541085e-01
2.615677401980531780e-01
2.624732224554562343e-01
2.633792054909753766e-01
2.642856775796809110e-01
2.651926269461035712e-01
2.661000417642283011e-01
2.670079101575031366e-01
2.679162201988292136e-01
2.688249599105665411e-01
2.697341172645355556e-01
2.706436801820122362e-01
2.715536365337332114e-01
2.724639741398899861e-01
2.733746807701331605e-01
2.742857441435724297e-01
2.751971519287739198e-01
2.761088917437644064e-01
2.770209511560257631e-01
2.779333176824974050e-01
2.788459787895800623e-01
2.797589218931300081e-01
2.806721343584612782e-01
2.815856035003481139e-01
2.824993165830198549e-01
2.834132608201667125e-01
2.843274233749351065e-01
2.852417913599287758e-01
2.861563518372123305e-01
2.870710918183032589e-01
2.879859982641845839e-01
2.889010580852917620e-01
2.898162581415171246e-01
2.907315852422160951e-01
2.916470261461969748e-01
2.925625675617311572e-01
2.934781961465438016e-01
