-6.809887907128642226e-02
-6.809887935087965971e-02
-6.809888095260552276e-02
-6.809888383560780412e-02
-6.809888650145845546e-02
-6.809888630771054885e-02
-6.809887946972614792e-02
-6.809886106067541967e-02
-6.809882501153818879e-02
-6.809876411110171723e-02
-6.809867000596403486e-02
-6.809853320053105286e-02
-6.809833912683083135e-02
-6.809806350917324558e-02
-6.809768296336660143e-02
-6.809717447153729175e-02
-6.809651536082350631e-02
-6.809568330337367748e-02
-6.809465631635003291e-02
-6.809341276192393266e-02
-6.809193134728075414e-02
-6.809019112461744960e-02
-6.808817149114143596e-02
-6.808585218907325931e-02
-6.808321330564393037e-02
-6.808023527309692291e-02
-6.807689886868906193e-02
-6.807318521468497252e-02
-6.806907577836551759e-02
-6.806455237201980424e-02
-6.805959715295051282e-02
-6.805419262347278675e-02
-6.804832163091112385e-02
-6.804196736760403930e-02
-6.803511337090029087e-02
-6.802774352316087736e-02
-6.801984205176014875e-02
-6.801139352908136537e-02
-6.800238287252202696e-02
-6.799279534448876561e-02
-6.798261655240311896e-02
-6.797183244869686725e-02
-6.796042933081247739e-02
-6.794839384120643366e-02
-6.793571296734457476e-02
-6.792237404170631265e-02
-6.790836474178330029e-02
-6.789367309007632301e-02
-6.787828745410084963e-02
-6.786219654638103727e-02
-6.784538942445617060e-02
-6.782785549087577692e-02
-6.780958449319962611e-02
-6.779056652400261562e-02
-6.777079202086766507e-02
-6.775025176639215552e-02
-6.772893688818504287e-02
-6.770683885886485953e-02
-6.768394949606548749e-02
-6.766026096242838683e-02
-6.763576576560970111e-02
-6.761045675827781487e-02
-6.758432713810935688e-02
-6.755737044779741574e-02
-6.752958057504221401e-02
-6.750095175255887980e-02
-6.747147855807478223e-02
-6.744115591432509049e-02
-6.740997908906165570e-02
-6.737794369504390701e-02
-6.734504569004551300e-02
-6.731128137685238322e-02
-6.727664740325955961e-02
-6.724114076207676760e-02
-6.720475879112264295e-02
-6.716749917322961672e-02
-6.712935993624258302e-02
-6.709033945301534629e-02
-6.705043634954988008e-02
-6.700964144064980310e-02
-6.696795016810197509e-02
-6.692536400604764957e-02
-6.688188445937348625e-02
-6.683751306371776835e-02
-6.679225138546396323e-02
-6.674610102174560744e-02
-6.669906360044475235e-02
-6.665114078018907762e-02
-6.660233425035788635e-02
-6.655264573107477766e-02
-6.650207697321497413e-02
-6.645062975840110298e-02
-6.639830589900164171e-02
-6.634510723813558108e-02
-6.629103564967020468e-02
-6.623609303821909045e-02
-6.618028133914655164e-02
-6.612360251856164162e-02
-6.606605857332437104e-02
-6.600765153104326544e-02
-6.594838345007181246e-02
-6.588825641951601142e-02
-6.582727255922549148e-02
-6.576543401980106118e-02
-6.570274298259204393e-02
-6.563920165969316933e-02
-6.557481229395012434e-02
-6.550957715895511235e-02
-6.544349855904862956e-02
-6.537657882932101927e-02
-6.530882033560780897e-02
-6.524022547449592757e-02
-6.517079667331793225e-02
-6.510053639015533911e-02
-6.502944711383951137e-02
-6.495753136394677441e-02
-6.488479169080485498e-02
-6.481123067548666405e-02
-6.473685092981562583e-02
-6.466165509636279118e-02
-6.458564584844639356e-02
-6.450882589013406943e-02
-6.443119795624019375e-02
-6.435276481232876655e-02
-6.427352925471163658e-02
-6.419349411044783515e-02
-6.411266223734646275e-02
-6.403103652396202605e-02
-6.394861988959976706e-02
-6.386541528431211034e-02
-6.378142568889910713e-02
-6.369665411491043372e-02
-6.361110360464183877e-02
-6.352477723113914010e-02
-6.343767809819600423e-02
-6.334980934035283617e-02
-6.326117412290033215e-02
-6.317177564187503869e-02
-6.308161712406312738e-02
-6.299070182700017284e-02
-6.289903303896671183e-02
-6.280661407899468252e-02
-6.271344829686120725e-02
-6.261953907309347755e-02
-6.252488981896742182e-02
-6.242950397650504080e-02
-6.233338501847884849e-02
-6.223653644840676513e-02
-6.213896180055678009e-02
-6.204066463994606373e-02
-6.194164856233697058e-02
-6.184191719424303457e-02
-6.174147419292308481e-02
-6.164032324638613058e-02
-6.153846807338958502e-02
-6.143591242343748871e-02
-6.133266007678339626e-02
-6.122871484442726775e-02
-6.112408056811935442e-02
-6.101876112035753419e-02
-6.091276040438664552e-02
-6.080608235420126295e-02
-6.069873093454203339e-02
-6.059071014090033902e-02
-6.048202399951452257e-02
-6.037267656737022037e-02
-6.026267193220358198e-02
-6.015201421249538605e-02
-6.004070755747803467e-02
-5.992875614713066845e-02
-5.981616419218005465e-02
-5.970293593410291866e-02
-5.958907564512094801e-02
-5.947458762820712064e-02
-5.935947621708215216e-02
-5.924374577621283056e-02
-5.912740070081701216e-02
-5.901044541685751543e-02
-5.889288438104789414e-02
-5.877472208084977279e-02
-5.865596303447073723e-02
-5.853661179086955269e-02
-5.841667292974994652e-02
-5.829615106156604831e-02
-5.817505082752072454e-02
-5.805337689956202585e-02
-5.793113398038951534e-02
-5.780832680344805130e-02
-5.768496013293278324e-02
-5.756103876378693140e-02
-5.743656752169967739e-02
-5.731155126311149317e-02
-5.718599487520781288e-02
-5.705990327592469491e-02
-5.693328141394637942e-02
-5.680613426870284588e-02
-5.667846685037536414e-02
-5.655028419989016619e-02
-5.642159138892421932e-02
-5.629239351990256157e-02
-5.616269572599597026e-02
-5.603250317112684620e-02
-5.590182104996188617e-02
-5.577065458791907737e-02
-5.563900904116436674e-02
-5.550688969660932948e-02
-5.537430187191672015e-02
-5.524125091549503264e-02
-5.510774220650238586e-02
-5.497378115484596872e-02
-5.483937320117793224e-02
-5.470452381690193988e-02
-5.456923850416728339e-02
-5.443352279587310161e-02
-5.429738225566715926e-02
-5.416082110959385965e-02
-5.402380657897498661e-02
-5.388632562361894696e-02
-5.374838222066868898e-02
-5.360998030431018968e-02
-5.347112376576712567e-02
-5.333181645330542509e-02
-5.319206217223171329e-02
-5.305186468489098139e-02
-5.291122771067136021e-02
-5.277015492599834712e-02
-5.262864996434002407e-02
-5.248671641620505923e-02
-5.234435782914048652e-02
-5.220157770773636852e-02
-5.205837951362013438e-02
-5.191476666546213092e-02
-5.177074253897295808e-02
-5.162631046690147052e-02
-5.148147373903988466e-02
-5.133623560221811655e-02
-5.119059926030777863e-02
-5.104456787422184671e-02
-5.089814456191132930e-02
-5.075133239837048560e-02
-5.060413441563071935e-02
-5.045655360276624091e-02
-5.030859290589173582e-02
-5.016025522816047744e-02
-5.001154342976843470e-02
-4.986246032794938721e-02
-4.971300869697936609e-02
-4.956319126817521070e-02
-4.941301072989212617e-02
-4.926246972752790221e-02
-4.911157086351869427e-02
-4.896031669734235425e-02
-4.880870974551787533e-02
-4.865675248160228339e-02
-4.850444733619563298e-02
-4.835179669693590032e-02
-4.819880290850320215e-02
-4.804546827261824138e-02
-4.789179504804041976e-02
-4.773778545057150158e-02
-4.758344165305161688e-02
-4.742876578536292520e-02
-4.727375993442806124e-02
-4.711842614420858055e-02
-4.696276641570817922e-02
-4.680678270696903009e-02
-4.665047693307522447e-02
-4.649385096615177293e-02
-4.633690663536182974e-02
-4.617964572691124481e-02
-4.602206998404445581e-02
-4.586418110704726381e-02
-4.570598075324683318e-02
-4.554747053700824999e-02
-4.538865202973951796e-02
-4.522952675988711757e-02
-4.507009621293878165e-02
-4.491036183142371740e-02
-4.475032501490894266e-02
-4.458998712000483700e-02
-4.442934946035925758e-02
-4.426841330666253516e-02
-4.410717988664580869e-02
-4.394565038507791677e-02
-4.378382594377128179e-02
-4.362170766157602575e-02
-4.345929659438441117e-02
-4.329659375512939778e-02
-4.313360011378208902e-02
-4.297031659735661702e-02
-4.280674408990559066e-02
-4.264288343252298219e-02
-4.247873542334379415e-02
-4.231430081754117278e-02
-4.214958032733151505e-02
-4.198457462196913959e-02
-4.181928432775006144e-02
-4.165371002801154798e-02
-4.148785226312845520e-02
-4.132171153051944490e-02
-4.115528828464054545e-02
-4.098858293699014776e-02
-4.082159585610756203e-02
-4.065432736756946497e-02
-4.048677775399656120e-02
-4.031894725504692190e-02
-4.015083606742109179e-02
-3.998244434486009080e-02
-3.981377219814286050e-02
-3.964481969509237036e-02
-3.947558686056829025e-02
-3.930607367647320771e-02
-3.913628008175040751e-02
-3.896620597238076300e-02
-3.879585120138928644e-02
-3.862521557883746848e-02
-3.845429887183027251e-02
-3.828310080451280406e-02
-3.811162105806797928e-02
-3.793985927072252018e-02
-3.776781503774051529e-02
-3.759548791142863777e-02
-3.742287740113403594e-02
-3.724998297324166874e-02
-3.707680405118041200e-02
-3.690334001541617504e-02
-3.672959020345772929e-02
-3.655555390985415487e-02
-3.638123038619267557e-02
-3.620661884110415452e-02
-3.603171844025632176e-02
-3.585652830635999155e-02
-3.568104751916645334e-02
-3.550527511546480719e-02
-3.532921008908795901e-02
-3.515285139090568167e-02
-3.497619792883088774e-02
-3.479924856781674292e-02
-3.462200212985450110e-02
-3.444445739397894446e-02
-3.426661309626205520e-02
-3.408846792981884422e-02
-3.391002054480396488e-02
-3.373126954841121350e-02
-3.355221350487724852e-02
-3.337285093547609494e-02
-3.319318031852469542e-02
-3.301320008937996819e-02
-3.283290864043747481e-02
-3.265230432113530590e-02
-3.247138543795158316e-02
-3.229015025440312714e-02
-3.210859699104962051e-02
-3.192672382548866761e-02
-3.174452889236040187e-02
-3.156201028334487679e-02
-3.137916604716117774e-02
-3.119599418957069714e-02
-3.101249267337330418e-02
-3.082865941841095303e-02
-3.064449230156590653e-02
-3.045998915675907082e-02
-3.027514777495404763e-02
-3.008996590415263794e-02
-2.990444124939889425e-02
-2.971857147277695566e-02
-2.953235419340993761e-02
-2.934578698746337366e-02
-2.915886738814116308e-02
-2.897159288568906810e-02
-2.878396092739365919e-02
-2.859596891757987258e-02
-2.840761421761528460e-02
-2.821889414590589285e-02
-2.802980597789944683e-02
-2.784034694608444882e-02
-2.765051423998793334e-02
-2.746030500617951953e-02
-2.726971634826724777e-02
-2.707874532690074387e-02
-2.688738895977071941e-02
-2.669564422160614070e-02
-2.650350804417872519e-02
-2.631097731629838954e-02
-2.611804888381685785e-02
-2.592471954962694003e-02
-2.573098607365953416e-02
-2.553684517288834499e-02
-2.534229352132544300e-02
-2.514732775002453957e-02
-2.495194444708037640e-02
-2.475614015762594988e-02
-2.455991138383700756e-02
-2.436325458492755169e-02
-2.416616617715344750e-02
-2.396864253381136844e-02
-2.377067998523635373e-02
-2.357227481880619369e-02
-2.337342327893693339e-02
-2.317412156708631432e-02
-2.297436584175316376e-02
-2.277415221847461924e-02
-2.257347676983029183e-02
-2.237233552543838044e-02
-2.217072447195872487e-02
-2.196863955309219518e-02
-2.176607666957747211e-02
-2.156303167919687569e-02
-2.135950039677020351e-02
-2.115547859415933818e-02
-2.095096200026735911e-02
-2.074594630103482329e-02
-2.054042713944609355e-02
-2.033440011552306581e-02
-2.012786078632966547e-02
-1.992080466597084820e-02
-1.971322722558935259e-02
-1.950512389337147323e-02
-1.929649005454109334e-02
-1.908732105136423662e-02
-1.887761218314792933e-02
-1.866735870623675853e-02
-1.845655583401917266e-02
-1.824519873692109773e-02
-1.803328254241054474e-02
-1.782080233499652722e-02
-1.760775315622573056e-02
-1.739413000468853499e-02
-1.717992783601299256e-02
-1.696514156286904607e-02
-1.674976605496775184e-02
-1.653379613905786583e-02
-1.631722659893192207e-02
-1.610005217541948808e-02
-1.588226756639310455e-02
-1.566386742676556532e-02
-1.544484636848775239e-02
-1.522519896055415933e-02
-1.500491972899645199e-02
-1.478400315688907507e-02
-1.456244368434694847e-02
-1.434023570852296925e-02
-1.411737358361361827e-02
-1.389385162085254866e-02
-1.366966408851633119e-02
-1.344480521192184530e-02
-1.321926917342397534e-02
-1.299305011242132823e-02
-1.276614212534951665e-02
-1.253853926568709864e-02
-1.231023554395307973e-02
-1.208122492770430378e-02
-1.185150134154136503e-02
-1.162105866710194668e-02
-1.138989074306667737e-02
-1.115799136515648049e-02
-1.092535428613031212e-02
-1.069197321579073989e-02
-1.045784182097754533e-02
-1.022295372557323334e-02
-9.987302510500867259e-03
-9.750881713721404331e-03
-9.513684830239468870e-03
-9.275705312096746424e-03
-9.036936568377937351e-03
-8.797371965208022893e-03
-8.557004825749961463e-03
-8.315828430210461808e-03
-8.073836015833210644e-03
-7.831020776905076031e-03
-7.587375864752610166e-03
-7.342894387741286111e-03
-7.097569411278939477e-03
-6.851393957813381452e-03
-6.604361006831427350e-03
-6.356463494862352182e-03
-6.107694315473630176e-03
-5.858046319275139746e-03
-5.607512313916700186e-03
-5.356085064087176550e-03
-5.103757291517858896e-03
-4.850521674978222619e-03
-4.596370850280195874e-03
-4.341297410275619939e-03
-4.085293904855347158e-03
-3.828352840952738145e-03
-3.570467460839860108e-03
-3.311678582674448812e-03
-3.052007416737737011e-03
-2.791446529808949695e-03
-2.529988523541353007e-03
-2.267626034458018053e-03
-2.004351733956008519e-03
-1.740158328304021451e-03
-1.475038558641256214e-03
-1.208985200981109454e-03
-9.419910662068382845e-04
-6.740490000751442334e-04
-4.051518832151922503e-04
-1.352926311261348248e-04
1.355358058184371467e-04
4.073404423756655721e-04
6.801282584283085964e-04
9.539061989873118957e-04
1.228681174193585468e-03
1.504460059313046660e-03
1.781249694743216455e-03
2.059056886006646603e-03
2.337888403754199984e-03
2.617750983766764517e-03
2.898651326950156537e-03
3.180596099341854999e-03
3.463591932104354010e-03
3.747645421528424114e-03
4.032763129034902527e-03
4.318951581169565290e-03
4.606217269609816367e-03
4.894566651158060999e-03
5.184006147745057191e-03
5.474542146431532474e-03
5.766180999403229535e-03
6.058929023977463468e-03
6.352792502596613100e-03
6.647777682831340629e-03
6.943890777382333290e-03
7.241137964075258782e-03
7.539525385867371088e-03
7.839059150840987922e-03
8.139745332206724249e-03
8.441589968305171499e-03
8.744599062601970951e-03
9.048778583694280786e-03
9.354134465304364543e-03
9.660672606282783015e-03
9.968398870610087337e-03
1.027731908739180910e-02
1.058743905086508008e-02
1.089876452039208188e-02
1.121130122046332112e-02
1.152505484069928088e-02
1.184003103584543859e-02
1.215623542577884408e-02
1.247367359550165256e-02
1.279235109514427482e-02
1.311227343996713979e-02
1.343344611035562908e-02
1.375587455182683549e-02
1.407956417502276292e-02
1.440452035571376799e-02
1.473074843479990625e-02
1.505825371830746273e-02
1.538704147739247685e-02
1.571711694833724526e-02
1.604848533255207044e-02
1.638115179657692599e-02
1.671512147207804277e-02
1.705039945585137828e-02
1.738699080981914724e-02
1.772490056103165346e-02
1.806413370166878862e-02
1.840469518903667390e-02
1.874658994557126812e-02
1.908982285883470409e-02
1.943439878151717592e-02
1.978032253143852115e-02
2.012759889154491777e-02
2.047623260991210392e-02
2.082622839974224149e-02
2.117759093936544268e-02
2.153032487224146307e-02
2.188443480695642651e-02
2.223992531722598920e-02
2.259680094189231436e-02
2.295506618492537676e-02
2.331472551542496108e-02
2.367578336761702595e-02
2.403824414085725669e-02
2.440211219962762357e-02
2.476739187353818594e-02
2.513408745732859106e-02
2.550220321086474340e-02
2.587174335914230183e-02
2.624271209228312696e-02
2.661511356553722396e-02
2.698895189928418592e-02
2.736423117902980762e-02
2.774095545540974928e-02
2.811912874418581731e-02
2.849875502624793500e-02
2.887983824761558571e-02
2.926238231943451007e-02
2.964639111798042515e-02
3.003186848465499992e-02
3.041881822598796470e-02
3.080724411363894299e-02
3.119714988439359349e-02
3.158853924016735704e-02
3.198141584800195947e-02
3.237578334006718794e-02
3.277164531366250078e-02
3.316900533121341921e-02
3.356786692027557972e-02
3.396823357353040418e-02
3.437010874878770883e-02
3.477349586898675904e-02
3.517839832219388230e-02
3.558481946160246823e-02
3.599276260553602169e-02
3.640223103744327782e-02
3.681322800590430822e-02
3.722575672462452578e-02
3.763982037243751577e-02
3.805542209330670111e-02
3.847256499632084603e-02
3.889125215569994021e-02
3.931148661078931461e-02
3.973327136606236154e-02
4.015660939112264405e-02
4.058150362069873340e-02
4.100795695465059287e-02
4.143597225796352701e-02
4.186555236075084618e-02
4.229670005825608703e-02
4.272941811084762787e-02
4.316370924402551656e-02
4.359957614841486473e-02
4.403702147976901182e-02
4.447604785897135704e-02
4.491665787203030780e-02
4.535885407008583003e-02
4.580263896940300894e-02
4.624801505137499102e-02
4.669498476252520458e-02
4.714355051450203060e-02
4.759371468408524208e-02
4.804547961317989779e-02
4.849884760881917334e-02
4.895382094316641508e-02
4.941040185350981107e-02
4.986859254226921889e-02
5.032839517698955989e-02
5.078981189034409427e-02
5.125284478013586442e-02
5.171749590929314300e-02
5.218376730587570567e-02
5.265166096306839183e-02
5.312117883918437977e-02
5.359232285766668547e-02
5.406509490708349963e-02
5.453949684113462704e-02
5.501553047864471413e-02
5.549319760356685727e-02
5.597249996498421254e-02
5.645343927710477772e-02
5.693601721926816461e-02
5.742023543593915980e-02
5.790609553671077769e-02
5.839359909630592593e-02
5.888274765457268689e-02
5.937354271649070148e-02
5.986598575216456330e-02
6.036007819682714937e-02
6.085582145084145189e-02
6.135321687969552684e-02
6.185226581400871115e-02
6.235296954952573856e-02
6.285532934711940412e-02
6.335934643279267364e-02
6.386502199767335464e-02
6.437235719802092415e-02
6.488135315521992297e-02
6.539201095578317524e-02
6.590433165135345384e-02
6.641831625869870637e-02
6.693396575971816143e-02
6.745128110143638889e-02
6.797026319600613098e-02
6.849091292070985659e-02
6.901323111795615306e-02
6.953721859528350091e-02
7.006287612535661014e-02
7.059020444596808552e-02
7.111920426004048057e-02
7.164987623562246721e-02
7.218222100589211099e-02
7.271623916915415098e-02
7.325193128884138760e-02
7.378929789351601487e-02
7.432833947686656728e-02
7.486905649771136151e-02
7.541144937999488818e-02
7.595551851279003230e-02
7.650126425029868393e-02
7.704868691184962870e-02
7.759778678190076828e-02
7.814856411003689995e-02
7.870101911097049374e-02
7.925515196454369082e-02
7.981096281572486184e-02
8.036845177461215961e-02
8.092761891643018846e-02
8.148846428153133647e-02
8.205098787539777394e-02
8.261518966863767854e-02
8.318106959698934322e-02
8.374862756131717934e-02
8.431786342761338204e-02
8.488877702700026173e-02
8.546136815572591416e-02
8.603563657516843932e-02
8.661158201183216665e-02
8.718920415734954243e-02
8.776850266848257309e-02
8.834947716711927246e-02
8.893212724027765859e-02
8.951645244010220104e-02
9.010245228386504213e-02
9.069012625396810634e-02
9.127947379793954763e-02
9.187049432843741315e-02
9.246318722324586847e-02
9.305755182527697400e-02
9.365358744257268331e-02
9.425129334830117944e-02
9.485066878076020558e-02
9.545171294337406742e-02
9.605442500469485445e-02
9.665880409840421628e-02
9.726484932331103117e-02
9.787255974335096198e-02
9.848193438759023088e-02
9.909297225022029032e-02
9.970567229056270797e-02
1.003200334330662802e-01
1.009360545673065879e-01
1.015537345479897713e-01
1.021730721949468679e-01
1.027940662931403626e-01
1.034167155926581927e-01
1.040410188087158572e-01
1.046669746216599695e-01
1.052945816769611520e-01
1.059238385852218078e-01
1.065547439221695702e-01
1.071872962286606334e-01
1.078214940106806408e-01
1.084573357393406878e-01
1.090948198508832068e-01
1.097339447466756379e-01
1.103747087932138715e-01
1.110171103221238020e-01
1.116611476301562211e-01
1.123068189791935900e-01
1.129541225962433781e-01
1.136030566734412828e-01
1.142536193680533385e-01
1.149058088024700330e-01
1.155596230642138567e-01
1.162150602059321969e-01
1.168721182454008911e-01
1.175307951655254479e-01
1.181910889143368282e-01
1.188529974049969962e-01
1.195165185157937016e-01
1.201816500901423668e-01
1.208483899365886405e-01
1.215167358288032906e-01
1.221866855055885326e-01
1.228582366708714790e-01
1.235313869937079145e-01
1.242061341082834058e-01
1.248824756139086389e-01
1.255604090750255253e-01
1.262399320212014286e-01
1.269210419471319407e-01
1.276037363126425461e-01
1.282880125426838491e-01
1.289738680273377902e-01
1.296613001218116512e-01
1.303503061464409418e-01
1.310408833866909539e-01
1.317330290931524317e-01
1.324267404815471227e-01
1.331220147327223380e-01
1.338188489926533942e-01
1.345172403724457233e-01
1.352171859483297656e-01
1.359186827616675197e-01
1.366217278189458817e-01
1.373263180917801973e-01
1.380324505169160387e-01
1.387401219962237642e-01
1.394493293967048464e-01
1.401600695504867655e-01
1.408723392548245634e-01
1.415861352721035082e-01
1.423014543298338763e-01
1.430182931206576136e-01
1.437366483023417851e-01
1.444565164977813509e-01
1.451778942950014972e-01
1.459007782471526404e-01
1.466251648725165335e-01
1.473510506544999377e-01
1.480784320416379529e-01
1.488073054475956836e-01
1.495376672511640193e-01
1.502695137962637428e-01
1.510028413919420887e-01
1.517376463123740749e-01
1.524739247968645017e-01
1.532116730498442880e-01
1.539508872408743567e-01
1.546915635046416382e-01
1.554336979409611796e-01
1.561772866147776995e-01
1.569223255561621455e-01
1.576688107603153588e-01
1.584167381875639657e-01
1.591661037633632647e-01
1.599169033782977811e-01
1.606691328880783809e-01
1.614227881135457121e-01
1.621778648406666523e-01
1.629343588205361959e-01
1.636922657693790084e-01
1.644515813685456518e-01
1.652123012645169142e-01
1.659744210688995913e-01
1.667379363584282626e-01
1.675028426749680666e-01
1.682691355255092613e-01
1.690368103821724421e-01
1.698058626822045447e-01
1.705762878279800665e-01
1.713480811870038423e-01
1.721212380919063811e-01
1.728957538404479743e-01
1.736716236955156978e-01
1.744488428851238560e-01
1.752274066024172017e-01
1.760073100056663842e-01
1.767885482182713908e-01
1.775711163287593264e-01
1.783550093907844136e-01
1.791402224231315454e-01
1.799267504097108450e-01
1.807145882995628838e-01
1.815037310068539078e-01
1.822941734108789458e-01
1.830859103560620316e-01
1.838789366519535395e-01
1.846732470732341813e-01
1.854688363597101208e-01
1.862656992163160830e-01
1.870638303131160196e-01
1.878632242853005563e-01
1.886638757331899896e-01
1.894657792222305126e-01
1.902689292829971013e-01
1.910733204111934036e-01
1.918789470676504072e-01
1.926858036783267725e-01
1.934938846343103869e-01
1.943031842918148122e-01
1.951136969721856129e-01
1.959254169618922514e-01
1.967383385125329731e-01
1.975524558408368048e-01
1.983677631286564491e-01
1.991842545229771666e-01
2.000019241359090039e-01
2.008207660446901244e-01
2.016407742916888068e-01
2.024619428843986713e-01
2.032842657954440080e-01
2.041077369625754478e-01
2.049323502886706283e-01
2.057580996417383012e-01
2.065849788549114496e-01
2.074129817264547260e-01
2.082421020197582351e-01
2.090723334633401986e-01
2.099036697508487315e-01
2.107361045410569567e-01
2.115696314578696668e-01
2.124042440903166629e-01
2.132399359925560844e-01
2.140767006838757425e-01
2.149145316486894552e-01
2.157534223365413784e-01
2.165933661621013417e-01
2.174343565051675142e-01
2.182763867106678468e-01
2.191194500886554097e-01
2.199635399143149428e-01
2.208086494279559719e-01
2.216547718350165841e-01
2.225019003060646483e-01
2.233500279767934860e-01
2.241991479480274219e-01
2.250492532857157890e-01
2.259003370209369255e-01
2.267523921498988404e-01
2.276054116339343292e-01
2.284593883995076347e-01
2.293143153382088961e-01
2.301701853067552594e-01
2.310269911269950960e-01
2.318847255859011192e-01
2.327433814355774899e-01
2.336029893142619329e-01
2.344636615731909846e-01
2.353253984692607048e-01
2.361881912603938094e-01
2.370520311197499286e-01
2.379169091357196120e-01
2.387828163119258829e-01
2.396497435672282350e-01
2.405176817357153052e-01
2.413866215667130888e-01
2.422565537247778344e-01
2.431274687896991527e-01
2.439993572565020141e-01
2.448722095354418649e-01
2.457460159520108434e-01
2.466207667469304532e-01
2.474964520761577802e-01
2.483730620108830500e-01
2.492505865375278518e-01
2.501290155577506891e-01
2.510083388884396527e-01
2.518885462617168614e-01
2.527696273249393499e-01
2.536515716406952947e-01
2.545343686868084543e-01
2.554180078563335066e-01
2.563024784575584913e-01
2.571877697140070307e-01
2.580738707644327778e-01
2.589607706628260786e-01
2.598484583784077540e-01
2.607369227956317648e-01
2.616261527141878762e-01
2.625161368489965508e-01
2.634068638302131671e-01
2.642983222032253554e-01
2.651905004286532197e-01
2.660833868823524462e-01
2.669769698554096404e-01
2.678712375541463242e-01
2.687661781001164929e-01
2.696617795301061715e-01
2.705580297961374114e-01
2.714549167654625172e-01
2.723524282205695979e-01
2.732505518591785698e-01
2.741492752942416011e-01
2.750485860539466643e-01
2.759484715817126510e-01
2.768489192361935913e-01
2.777499162912755448e-01
2.786514499360770447e-01
2.795535072749517624e-01
2.804560753274847329e-01
2.813591410284967953e-01
2.822626912280392641e-01
2.831667126913972599e-01
2.840711920990905970e-01
2.849761160468706755e-01
2.858814710457240338e-01
2.867872435218681293e-01
2.876934198167546697e-01
2.885999861870691685e-01
2.895069288047293909e-01
2.904142337568877963e-01
2.913218870459284293e-01
2.922298745894684746e-01
2.931381822203600329e-01
2.940467956866867905e-01
2.949557006517675717e-01
2.958648826941525645e-01
2.967743273076248745e-01
2.976840199012029675e-01
2.985939457991373391e-01
2.995040902409107364e-01
3.004144383812412666e-01
3.013249752900779566e-01
3.022356859526054151e-01
3.031465552692400589e-01
3.040575680556305560e-01
3.049687090426618230e-01
3.058799628764481415e-01
3.067913141183411518e-01
3.077027472449229695e-01
3.086142466480081836e-01
3.095257966346482981e-01
3.104373814271237375e-01
3.113489851629516192e-01
3.122605918948808679e-01
