-2.329334989909970233e-02
-2.329335087660044934e-02
-2.329335729656367704e-02
-2.329337298247935450e-02
-2.329340002643576213e-02
-2.329343916077242227e-02
-2.329348976024281370e-02
-2.329354984200548984e-02
-2.329361606564273046e-02
-2.329368373313833729e-02
-2.329374678889628569e-02
-2.329379781973539565e-02
-2.329382397245183256e-02
-2.329380092799215873e-02
-2.329370451181578261e-02
-2.329351099017751281e-02
-2.329319705077637082e-02
-2.329273980274715328e-02
-2.329211677666975788e-02
-2.329130592456252202e-02
-2.329028561988399915e-02
-2.328903465753962010e-02
-2.328753225386659409e-02
-2.328575804665033999e-02
-2.328369209511205185e-02
-2.328131487991713655e-02
-2.327860730317299343e-02
-2.327555068842146468e-02
-2.327212678065349039e-02
-2.326831774629356531e-02
-2.326410617321128527e-02
-2.325947507071868259e-02
-2.325440786956223249e-02
-2.324888842193706395e-02
-2.324290100147186067e-02
-2.323643030324085146e-02
-2.322946144376025757e-02
-2.322197996097985495e-02
-2.321397181430073786e-02
-2.320542338455444664e-02
-2.319632147402028721e-02
-2.318665330641866973e-02
-2.317640652690444725e-02
-2.316556920208157067e-02
-2.315412981998665742e-02
-2.314207729010364645e-02
-2.312940094335669272e-02
-2.311609053210528231e-02
-2.310213623015799911e-02
-2.308752863275520539e-02
-2.307225875658502900e-02
-2.305631803977670202e-02
-2.303969834189301125e-02
-2.302239194394717359e-02
-2.300439154838507250e-02
-2.298569027909724838e-02
-2.296628168141845450e-02
-2.294615972211611066e-02
-2.292531878940717860e-02
-2.290375369294084251e-02
-2.288145966381449625e-02
-2.285843235456486155e-02
-2.283466783916443532e-02
-2.281016261303481230e-02
-2.278491359302936559e-02
-2.275891811744923388e-02
-2.273217394603621599e-02
-2.270467925996699776e-02
-2.267643266186691875e-02
-2.264743317579442916e-02
-2.261768024725441251e-02
-2.258717374319374471e-02
-2.255591395199241234e-02
-2.252390158348038796e-02
-2.249113776892075478e-02
-2.245762406102302933e-02
-2.242335955617358323e-02
-2.238831289988185702e-02
-2.235248101948439370e-02
-2.231587170478999127e-02
-2.227849276036319992e-02
-2.224035200551854885e-02
-2.220145727431344085e-02
-2.216181641556413950e-02
-2.212143729282622928e-02
-2.208032778441326727e-02
-2.203849578338790138e-02
-2.199594919755343270e-02
-2.195269594947513170e-02
-2.190874397645758975e-02
-2.186410123055937405e-02
-2.181877567859258349e-02
-2.177277530210952605e-02
-2.172610809741870597e-02
-2.167878207557949466e-02
-2.163080526239369306e-02
-2.158218569842107470e-02
-2.153293143896339856e-02
-2.148305055407595532e-02
-2.143255112856623512e-02
-2.138144126198371353e-02
-2.132972906863672691e-02
-2.127742267757337657e-02
-2.122453023259840421e-02
-2.117105989226564233e-02
-2.111701982987357340e-02
-2.106241823347687614e-02
-2.100726330587310287e-02
-2.095156326461378171e-02
-2.089532634200086392e-02
-2.083856078508095067e-02
-2.078127485565595123e-02
-2.072347683027153664e-02
-2.066517500022646558e-02
-2.060637767157169620e-02
-2.054709316510017203e-02
-2.048732981636280925e-02
-2.042709597565206536e-02
-2.036640000801570594e-02
-2.030525029325147557e-02
-2.024365522590088062e-02
-2.018162321526206782e-02
-2.011916268537516927e-02
-2.005628207503651339e-02
-1.999298983779107530e-02
-1.992929444192803601e-02
-1.986520437049321686e-02
-1.980072812127575688e-02
-1.973587420681832683e-02
-1.967065115441446466e-02
-1.960506750610102600e-02
-1.953913181867195092e-02
-1.947285266366360901e-02
-1.940623862736723382e-02
-1.933929831082270567e-02
-1.927204032981677528e-02
-1.920447331488928100e-02
-1.913660591132559929e-02
-1.906844677916330610e-02
-1.900000459319217683e-02
-1.893128804294530454e-02
-1.886230583271109040e-02
-1.879306668152169735e-02
-1.872357932316415230e-02
-1.865385250617412893e-02
-1.858389499383372723e-02
-1.851371556417902298e-02
-1.844332300998940966e-02
-1.837272613880003291e-02
-1.830193377289512924e-02
-1.823095474930402915e-02
-1.815979791980959490e-02
-1.808847215094067096e-02
-1.801698632397918942e-02
-1.794534933495750550e-02
-1.787357009465218027e-02
-1.780165752859597106e-02
-1.772962057706228833e-02
-1.765746819508340337e-02
-1.758520935243890193e-02
-1.751285303365213153e-02
-1.744040823800441231e-02
-1.736788397951771756e-02
-1.729528928697110501e-02
-1.722263320389139096e-02
-1.714992478855137392e-02
-1.707717311397916049e-02
-1.700438726794484268e-02
-1.693157635297515284e-02
-1.685874948634458192e-02
-1.678591580007404716e-02
-1.671308444093888568e-02
-1.664026457045775231e-02
-1.656746536490416588e-02
-1.649469601530206830e-02
-1.642196572741827509e-02
-1.634928372177713030e-02
-1.627665923364496336e-02
-1.620410151304296775e-02
-1.613161982474231593e-02
-1.605922344825883030e-02
-1.598692167786364138e-02
-1.591472382257119733e-02
-1.584263920615036625e-02
-1.577067716712088341e-02
-1.569884705874535769e-02
-1.562715824904259421e-02
-1.555562012077604805e-02
-1.548424207146137377e-02
-1.541303351336686944e-02
-1.534200387350193040e-02
-1.527116259363525685e-02
-1.520051913027486989e-02
-1.513008295468676323e-02
-1.505986355288602141e-02
-1.498987042563015848e-02
-1.492011308843510520e-02
-1.485060107155833364e-02
-1.478134392001173580e-02
-1.471235119355940313e-02
-1.464363246670563612e-02
-1.457519732871492835e-02
-1.450705538359198243e-02
-1.443921625009769727e-02
-1.437168956174250667e-02
-1.430448496678016213e-02
-1.423761212822061140e-02
-1.417108072381845219e-02
-1.410490044608136984e-02
-1.403908047906377021e-02
-1.397359739420389602e-02
-1.390843529272789425e-02
-1.384359565141757287e-02
-1.377907989546800493e-02
-1.371488939848086730e-02
-1.365102548245822334e-02
-1.358748941781495745e-02
-1.352428242337300190e-02
-1.346140566635600777e-02
-1.339886026240177941e-02
-1.333664727554761953e-02
-1.327476771824054325e-02
-1.321322255133861034e-02
-1.315201268409937896e-02
-1.309113897419456052e-02
-1.303060222769536480e-02
-1.297040319908493444e-02
-1.291054259125434811e-02
-1.285102105549507101e-02
-1.279183919151360982e-02
-1.273299754741508139e-02
-1.267449661971742358e-02
-1.261633685334562216e-02
-1.255851864162593756e-02
-1.250104232629878354e-02
-1.244390819750362809e-02
-1.238711649379276025e-02
-1.233066740212507284e-02
-1.227456105786117746e-02
-1.221879754477628310e-02
-1.216337689504420894e-02
-1.210829908925115106e-02
-1.205356405638990935e-02
-1.199917167385633476e-02
-1.194512176745954335e-02
-1.189141411140681726e-02
-1.183804842831959192e-02
-1.178502438922501838e-02
-1.173234161355285465e-02
-1.167999966914567977e-02
-1.162799807224690340e-02
-1.157633628751097987e-02
-1.152501372800029955e-02
-1.147402975517719526e-02
-1.142338367892037354e-02
-1.137307475750670704e-02
-1.132310219762411307e-02
-1.127346515437066543e-02
-1.122416273124304809e-02
-1.117519398015320853e-02
-1.112655790141281464e-02
-1.107825344374435694e-02
-1.103027950427937220e-02
-1.098263492855000578e-02
-1.093531851050122405e-02
-1.088832899247971220e-02
-1.084166506524253393e-02
-1.079532536795491104e-02
-1.074930848818334006e-02
-1.070361296190736056e-02
-1.065823727350756478e-02
-1.061317985577558964e-02
-1.056843908991100811e-02
-1.052401330551444580e-02
-1.047990078059979346e-02
-1.043609974158199449e-02
-1.039260836328703697e-02
-1.034942476894862295e-02
-1.030654703020106311e-02
-1.026397316709393159e-02
-1.022170114807519070e-02
-1.017972889000562375e-02
-1.013805425815372807e-02
-1.009667506618683319e-02
-1.005558907618975262e-02
-1.001479399864479980e-02
-9.974287492446887171e-03
-9.934067164898197078e-03
-9.894130571701520438e-03
-9.854475216974689644e-03
-9.815098553235479528e-03
-9.775997981412043458e-03
-9.737170850841581071e-03
-9.698614459260790355e-03
-9.660326052821854859e-03
-9.622302826077122617e-03
-9.584541921988432023e-03
-9.547040431927777959e-03
-9.509795395666209572e-03
-9.472803801390039524e-03
-9.436062585685522919e-03
-9.399568633549515440e-03
-9.363318778387919039e-03
-9.327309802005911976e-03
-9.291538434625046250e-03
-9.256001354863485631e-03
-9.220695189754879451e-03
-9.185616514738370597e-03
-9.150761853653710531e-03
-9.116127678756136277e-03
-9.081710410699272984e-03
-9.047506418550010920e-03
-9.013512019782066176e-03
-8.979723480269541369e-03
-8.946137014302246726e-03
-8.912748784567270377e-03
-8.879554902166519881e-03
-8.846551426608062485e-03
-8.813734365799463788e-03
-8.781099676065551307e-03
-8.748643262127764331e-03
-8.716360977121917486e-03
-8.684248622590429179e-03
-8.652301948475660254e-03
-8.620516653136123253e-03
-8.588888383327386578e-03
-8.557412734220282147e-03
-8.526085249390913390e-03
-8.494901420815992310e-03
-8.463856688888382607e-03
-8.432946442398892017e-03
-8.402166018550705218e-03
-8.371510702955831107e-03
-8.340975729624666712e-03
-8.310556280984648936e-03
-8.280247487860048494e-03
-8.250044429489733488e-03
-8.219942133518731708e-03
-8.189935575992235428e-03
-8.160019681371810663e-03
-8.130189322516523376e-03
-8.100439320699370782e-03
-8.070764445598399561e-03
-8.041159415295151547e-03
-8.011618896283767555e-03
-7.982137503458552885e-03
-7.952709800126411821e-03
-7.923330298000186289e-03
-7.893993457194881103e-03
-7.864693686238100057e-03
-7.835425342062940501e-03
-7.806182730005772896e-03
-7.776960103815344638e-03
-7.747751665640567609e-03
-7.718551566043840850e-03
-7.689353903992612871e-03
-7.660152726857161198e-03
-7.630942030420362343e-03
-7.601715758866367523e-03
-7.572467804791260804e-03
-7.543192009196397763e-03
-7.513882161486851174e-03
-7.484531999479848707e-03
-7.455135209393226603e-03
-7.425685425857642130e-03
-7.396176231909468157e-03
-7.366601158986796349e-03
-7.336953686942093711e-03
-7.307227244027769686e-03
-7.277415206907278389e-03
-7.247510900652009980e-03
-7.217507598735517504e-03
-7.187398523042842768e-03
-7.157176843861634552e-03
-7.126835679889476083e-03
-7.096368098232108679e-03
-7.065767114396992454e-03
-7.035025692303964462e-03
-7.004136744274802595e-03
-6.973093131040664083e-03
-6.941887661742529581e-03
-6.910506624803969267e-03
-6.878932862140696436e-03
-6.847159717257911282e-03
-6.815180667439801887e-03
-6.782989187729127067e-03
-6.750578750920332993e-03
-6.717942827571654618e-03
-6.685074885993125271e-03
-6.651968392255569462e-03
-6.618616810188715505e-03
-6.585013601374090086e-03
-6.551152225156786635e-03
-6.517026138633807975e-03
-6.482628796662615045e-03
-6.447953651860238722e-03
-6.412994154595175189e-03
-6.377743752999265325e-03
-6.342195892956481451e-03
-6.306344018111254002e-03
-6.270181569867472327e-03
-6.233701987380713128e-03
-6.196898707569564735e-03
-6.159765165105079987e-03
-6.122294792418658815e-03
-6.084481019701604154e-03
-6.046317274894907889e-03
-6.007796983705571137e-03
-5.968913569590839074e-03
-5.929660453769525219e-03
-5.890031055219568934e-03
-5.850018790668931601e-03
-5.809617074611805876e-03
-5.768819319291962344e-03
-5.727618934715517085e-03
-5.686009328647045891e-03
-5.643983906601590661e-03
-5.601536071860313548e-03
-5.558659225453843611e-03
-5.515346766175266424e-03
-5.471592090576238299e-03
-5.427388592958548585e-03
-5.382729665390106888e-03
-5.337608697689066872e-03
-5.292019077435039520e-03
-5.245954189966650638e-03
-5.199407418372548051e-03
-5.152372143507832902e-03
-5.104841743977406310e-03
-5.056809596147737729e-03
-5.008269074144644506e-03
-4.959213549843632940e-03
-4.909636392887106737e-03
-4.859530970665715266e-03
-4.808890648333896678e-03
-4.757708788804104749e-03
-4.705978752739037319e-03
-4.653693898567623499e-03
-4.600847582467815222e-03
-4.547433158380798091e-03
-4.493443978006050887e-03
-4.438873390792963392e-03
-4.383714743957822790e-03
-4.327961382465050910e-03
-4.271606649043135917e-03
-4.214643884178304045e-03
-4.157066426106970081e-03
-4.098867610832390707e-03
-4.040040772105735201e-03
-3.980579241442683269e-03
-3.920476348116208598e-03
-3.859725419149806491e-03
-3.798319779333425572e-03
-3.736252751205371148e-03
-3.673517655068292420e-03
-3.610107808982021549e-03
-3.546016528756967823e-03
-3.481237127970104872e-03
-3.415762917946707500e-03
-3.349587207776172360e-03
-3.282703304305356617e-03
-3.215104512131583547e-03
-3.146784133618907298e-03
-3.077735468879405634e-03
-3.007951815789389194e-03
-2.937426469982795663e-03
-2.866152724843806787e-03
-2.794123871523335190e-03
-2.721333198920428131e-03
-2.647773993698976369e-03
-2.573439540278221749e-03
-2.498323120830786559e-03
-2.422418015292221449e-03
-2.345717501354038781e-03
-2.268214854461436669e-03
-2.189903347822541591e-03
-2.110776252396973085e-03
-2.030826836907084765e-03
-1.950048367831386242e-03
-1.868434109402017373e-03
-1.785977323614046375e-03
-1.702671270213923504e-03
-1.618509206711082893e-03
-1.533484388370920382e-03
-1.447590068212517567e-03
-1.360819497017856650e-03
-1.273165923320385140e-03
-1.184622593416409519e-03
-1.095182751358253492e-03
-1.004839638951982028e-03
-9.135864957665051911e-04
-8.214165591221983531e-04
-7.283230641023166752e-04
-6.342992435461186629e-04
-5.393383280465902097e-04
-4.434335459596039364e-04
-3.465781233928967586e-04
-2.487652842153090238e-04
-1.499882500544200831e-04
-5.024024028966577599e-05
5.048552793566855879e-05
1.521958397282634212e-04
2.548974824309949150e-04
3.585972456298033850e-04
4.633019211587596775e-04
5.690183030862688840e-04
6.757531877334688186e-04
7.835133736558211326e-04
8.923056616523400431e-04
1.002136854770130370e-03
1.113013758290704036e-03
1.224943179748208544e-03
1.337931928911226254e-03
1.451986817791781070e-03
1.567114660650098523e-03
1.683322273980686345e-03
1.800616476530847443e-03
1.919004089282139169e-03
2.038491935459685322e-03
2.159086840536728058e-03
2.280795632220944391e-03
2.403625140472570587e-03
2.527582197486277771e-03
2.652673637700303511e-03
2.778906297800920466e-03
2.906287016708808402e-03
3.034822635597372864e-03
3.164519997874259971e-03
3.295385949190821062e-03
3.427427337446359301e-03
3.560651012774668223e-03
3.695063827562072856e-03
3.830672636429555133e-03
3.967484296241219344e-03
4.105505666109676710e-03
4.244743607381640249e-03
4.385204983656576516e-03
4.526896660768386926e-03
4.669825506794400560e-03
4.813998392060259146e-03
4.959422189125706204e-03
5.106103772803238794e-03
5.254050020139955368e-03
5.403267810426160001e-03
5.553764025200413901e-03
5.705545548235713138e-03
5.858619265557585276e-03
6.012992065426159272e-03
6.168670838344769702e-03
6.325662477064286637e-03
6.483973876573345674e-03
6.643611934107895856e-03
6.804583549141818288e-03
6.966895623391811121e-03
7.130555060821663904e-03
7.295568767633042739e-03
7.461943652275093708e-03
7.629686625434672909e-03
7.798804600041564505e-03
7.969304491272477531e-03
8.141193216542441657e-03
8.314477695513300404e-03
8.489164850085217928e-03
8.665261604400953388e-03
8.842774884850301831e-03
9.021711620061267922e-03
9.202078740909169774e-03
9.383883180506646937e-03
9.567131874209988673e-03
9.751831759621687468e-03
9.937989776583111556e-03
1.012561286718227649e-02
1.031470797574540743e-02
1.050528204884138006e-02
1.069734203528605043e-02
1.089089488613359524e-02
1.108594755468528259e-02
1.128250699648036814e-02
1.148058016930053604e-02
1.168017403317533898e-02
1.188129555037142904e-02
1.208395168540343789e-02
1.228814940502342967e-02
1.249389567822634106e-02
1.270119747625475526e-02
1.291006177258846588e-02
1.312049554295469100e-02
1.333250576531930243e-02
1.354609941989004529e-02
1.376128348912208921e-02
1.397806495770870239e-02
1.419645081259035546e-02
1.441644804294561766e-02
1.463806364019537565e-02
1.486130459800805159e-02
1.508617791228983318e-02
1.531269058119422155e-02
1.554084960511270541e-02
1.577066198667964603e-02
1.600213473077605197e-02
1.623527484452158554e-02
1.647008933728277835e-02
1.670658522066392759e-02
1.694476950851253605e-02
1.718464921692275382e-02
1.742623136422916108e-02
1.766952297100565783e-02
1.791453106007534490e-02
1.816126265649598004e-02
1.840972478757740838e-02
1.865992448286446503e-02
1.891186877414519074e-02
1.916556469545582786e-02
1.942101928306694258e-02
1.967823957550185465e-02
1.993723261351798559e-02
2.019800544011673971e-02
2.046056510054727884e-02
2.072491864229319969e-02
2.099107311509107454e-02
2.125903557091135543e-02
2.152881306396836614e-02
2.180041265072429901e-02
2.207384138987622535e-02
2.234910634237285976e-02
2.262621457139868397e-02
2.290517314238083024e-02
2.318598912299441039e-02
2.346866958314941520e-02
2.375322159500803387e-02
2.403965223296755660e-02
2.432796857366792409e-02
2.461817769599772276e-02
2.491028668107975186e-02
2.520430261228989721e-02
2.550023257523736930e-02
2.579808365777624957e-02
2.609786295000748879e-02
2.639957754426758285e-02
2.670323453514455991e-02
2.700884101946154914e-02
2.731640409628521837e-02
2.762593086692999300e-02
2.793742843494473327e-02
2.825090390613138602e-02
2.856636438852566684e-02
2.888381699240705203e-02
2.920326883030388565e-02
2.952472701697739232e-02
2.984819866944254940e-02
3.017369090694832501e-02
3.050121085098744800e-02
3.083076562530062681e-02
3.116236235586322678e-02
3.149600817090236760e-02
3.183171020088071401e-02
3.216947557850380335e-02
3.250931143872515250e-02
3.285122491873337935e-02
3.319522315796885614e-02
3.354131329810727813e-02
3.388950248306699109e-02
3.423979785901476447e-02
3.459220657435224666e-02
3.494673577973284040e-02
3.530339262804504941e-02
3.566218427442069405e-02
3.602311787623957429e-02
3.638620059311592492e-02
3.675143958691706736e-02
3.711884202174386971e-02
3.748841506394140488e-02
3.786016588210250333e-02
3.823410164705487446e-02
3.861022953187798201e-02
3.898855671188661276e-02
3.936909036463864808e-02
3.975183766993906076e-02
4.013680580983081114e-02
4.052400196860483916e-02
4.091343333278896210e-02
4.130510709115431389e-02
4.169903043471934190e-02
4.209521055673981493e-02
4.249365465271948139e-02
4.289436992039941110e-02
4.329736355976399054e-02
4.370264277304425349e-02
4.411021476470966540e-02
4.452008674147633904e-02
4.493226591229904088e-02
4.534675948837496584e-02
4.576357468314817822e-02
4.618271871230117398e-02
4.660419879376309638e-02
4.702802214770218647e-02
4.745419599652822562e-02
4.788272756489853066e-02
4.831368858380535869e-02
4.874717008278262043e-02
4.918317016880835446e-02
4.962168631545216257e-02
5.006271596261102630e-02
5.050625651649887082e-02
5.095230534965766722e-02
5.140085980094610818e-02
5.185191717554649138e-02
5.230547474496649585e-02
5.276152974703363085e-02
5.322007938590034293e-02
5.368112083203824270e-02
5.414465122224054738e-02
5.461066765962829805e-02
5.507916721363903534e-02
5.555014692003901189e-02
5.602360378091031379e-02
5.649953476465907620e-02
5.697793680601792587e-02
5.745880680603643320e-02
5.794214163209199242e-02
5.842793811787960756e-02
5.891619306341722151e-02
5.940690323504838055e-02
5.990006536543579507e-02
6.039567615356844499e-02
6.089373226475314205e-02
6.139423033061941481e-02
6.189716694912350547e-02
6.240253868454104236e-02
6.291034206746770607e-02
6.342057359482833334e-02
6.393322972986181796e-02
6.444830690213665392e-02
6.496580150754027727e-02
6.548570990828039839e-02
6.600802843289343969e-02
6.653275337622965857e-02
6.705988099947202130e-02
6.758940753011732916e-02
6.812132916198621047e-02
6.865564205522667329e-02
6.919234233630122688e-02
6.973142609800442315e-02
7.027288939944531521e-02
7.081672826605611704e-02
7.136293868959708853e-02
7.191151662814254664e-02
7.246245800609885102e-02
7.301575871418708452e-02
7.357141460945149092e-02
7.412942151526413781e-02
7.468977522131092783e-02
7.525247148361113858e-02
7.581750602449677245e-02
7.638487453262410298e-02
7.695457266297722754e-02
7.752659603685430056e-02
7.810094024188662942e-02
7.867760083201780219e-02
7.925657332751612216e-02
7.983785321497727239e-02
8.042143594731188116e-02
8.100731694376239744e-02
8.159549158988488315e-02
8.218595523755967136e-02
8.277870320499447487e-02
8.337373077671150767e-02
8.397103320356480438e-02
8.457060570272290079e-02
8.517244345767815972e-02
8.577654161824987966e-02
8.638289530057230436e-02
8.699149958711149822e-02
8.760234952664802677e-02
8.821544013428539444e-02
8.883076639145581765e-02
8.944832324590468176e-02
9.006810561171008089e-02
9.069010836926505448e-02
9.131432636528513669e-02
9.194075441281324146e-02
9.256938729120811615e-02
9.320021974615855243e-02
9.383324648967095172e-02
9.446846220007110162e-02
9.510586152201572219e-02
9.574543906647337010e-02
9.638718941074664315e-02
9.703110709845219617e-02
9.767718663952917879e-02
9.832542251024500857e-02
9.897580915318116013e-02
9.962834097725226101e-02
1.002830123576861077e-01
1.009398176360338795e-01
1.015987511201754678e-01
1.022598070843039331e-01
1.029229797689454884e-01
1.035882633809399600e-01
1.042556520934514452e-01
1.049251400459700889e-01
1.055967213443027575e-01
1.062703900605859175e-01
1.069461402332723132e-01
1.076239658671371835e-01
1.083038609332831470e-01
1.089858193691295440e-01
1.096698350784239828e-01
1.103559019312312373e-01
1.110440137639385760e-01
1.117341643792602035e-01
1.124263475462279338e-01
1.131205570002009608e-01
1.138167864428560883e-01
1.145150295421926145e-01
1.152152799325363297e-01
1.159175312145310777e-01
1.166217769551476380e-01
1.173280106876761764e-01
1.180362259117262447e-01
1.187464160932356627e-01
1.194585746644620805e-01
1.201726950239869751e-01
1.208887705367107657e-01
1.216067945338576983e-01
1.223267603129767345e-01
1.230486611379353334e-01
1.237724902389296666e-01
1.244982408124712947e-01
1.252259060213951614e-01
1.259554789948635900e-01
1.266869528283560697e-01
1.274203205836790254e-01
1.281555752889573796e-01
1.288927099386376618e-01
1.296317174934942251e-01
1.303725908806181444e-01
1.311153229934278741e-01
1.318599066916603668e-01
1.326063348013746257e-01
1.333546001149557014e-01
1.341046953911071427e-01
1.348566133548603219e-01
1.356103466975624450e-01
1.363658880768854331e-01
1.371232301168259227e-01
1.378823654076999361e-01
1.386432865061495434e-01
1.394059859351353126e-01
1.401704561839403063e-01
1.409366897081731906e-01
1.417046789297620180e-01
1.424744162369604439e-01
1.432458939843419543e-01
1.440191044927998654e-01
1.447940400495562052e-01
1.455706929081501677e-01
1.463490552884483265e-01
1.471291193766344207e-01
1.479108773252151288e-01
1.486943212530240643e-01
1.494794432452137833e-01
1.502662353532575601e-01
1.510546895949564927e-01
1.518447979544270687e-01
1.526365523821162640e-01
1.534299447947868877e-01
1.542249670755242441e-01
1.550216110737423492e-01
1.558198686051683879e-01
1.566197314518626982e-01
1.574211913621987868e-01
1.582242400508748759e-01
1.590288691989161229e-01
1.598350704536617428e-01
1.606428354287841032e-01
1.614521557042687405e-01
1.622630228264259067e-01
1.630754283078923450e-01
1.638893636276193000e-01
1.647048202308911691e-01
1.655217895293055186e-01
1.663402629007841860e-01
1.671602316895759444e-01
1.679816872062440680e-01
1.688046207276854282e-01
1.696290234971087330e-01
1.704548867240469612e-01
1.712822015843631362e-01
1.721109592202312299e-01
1.729411507401588111e-01
1.737727672189679495e-01
1.746057996978036542e-01
1.754402391841396458e-01
1.762760766517628142e-01
1.771133030407927578e-01
1.779519092576631323e-01
1.787918861751314203e-01
1.796332246322824844e-01
1.804759154345152439e-01
1.813199493535608831e-01
1.821653171274659755e-01
1.830120094605991454e-01
1.838600170236577291e-01
1.847093304536522318e-01
1.855599403539258674e-01
1.864118372941372392e-01
1.872650118102665573e-01
1.881194544046231876e-01
1.889751555458296650e-01
1.898321056688416775e-01
1.906902951749285258e-01
1.915497144316833378e-01
1.924103537730266211e-01
1.932722034991938287e-01
1.941352538767517899e-01
1.949994951385818354e-01
1.958649174838891227e-01
1.967315110782066334e-01
1.975992660533800738e-01
1.984681725075905234e-01
1.993382205053300105e-01
2.002094000774148341e-01
2.010817012209913379e-01
2.019551138995172579e-01
2.028296280427834830e-01
2.037052335468958475e-01
2.045819202742826803e-01
2.054596780537005785e-01
2.063384966802206399e-01
2.072183659152457835e-01
2.080992754864925409e-01
2.089812150880026032e-01
2.098641743801428206e-01
2.107481429895989855e-01
2.116331105093829379e-01
2.125190664988245715e-01
2.134060004835771629e-01
2.142939019556200364e-01
2.151827603732496819e-01
2.160725651610908571e-01
2.169633057100859297e-01
2.178549713774988739e-01
2.187475514869210436e-01
2.196410353282618466e-01
2.205354121577571824e-01
2.214306711979614484e-01
2.223268016377502043e-01
2.232237926323272781e-01
2.241216333032145513e-01
2.250203127382586210e-01
2.259198199916259142e-01
2.268201440838049088e-01
2.277212740016110182e-01
2.286231986981763775e-01
2.295259070929622780e-01
2.304293880717454002e-01
2.313336304866262516e-01
2.322386231560327197e-01
2.331443548647089692e-01
2.340508143637269889e-01
2.349579903704763773e-01
2.358658715686696716e-01
2.367744466083454569e-01
2.376837041058612598e-01
2.385936326439002109e-01
2.395042207714643823e-01
2.404154570038778971e-01
2.413273298227918140e-01
2.422398276761743574e-01
2.431529389783215755e-01
2.440666521098471264e-01
2.449809554176871629e-01
2.458958372151047733e-01
2.468112857816797678e-01
2.477272893633202244e-01
2.486438361722522750e-01
2.495609143870232138e-01
2.504785121525077152e-01
2.513966175798989511e-01
2.523152187467161411e-01
2.532343036967970029e-01
2.541538604403008605e-01
2.550738769537153061e-01
2.559943411798459856e-01
2.569152410278192633e-01
2.578365643730897716e-01
2.587582990574275321e-01
2.596804328889317226e-01
2.606029536420195747e-01
2.615258490574299266e-01
2.624491068422294404e-01
2.633727146697988353e-01
2.642966601798515391e-01
2.652209309784150371e-01
2.661455146378401970e-01
2.670703986968057109e-01
2.679955706603038834e-01
2.689210179996610606e-01
2.698467281525154249e-01
