1.249159772352120612e+00
1.246657269891912945e+00
1.244154767684946039e+00
1.241652265983740344e+00
1.239149765039974982e+00
1.236647265103890891e+00
1.234144766424287942e+00
1.231642269248524491e+00
1.229139773822516934e+00
1.226637280390740603e+00
1.224134789196229534e+00
1.221632300480575806e+00
1.219129814681894075e+00
1.216627332305019404e+00
1.214124853569942708e+00
1.211622378691699753e+00
1.209119907882278744e+00
1.206617441350619213e+00
1.204114979302613797e+00
1.201612521941106237e+00
1.199110069465892936e+00
1.196607622073722288e+00
1.194105179958294904e+00
1.191602743310262724e+00
1.189100312317231012e+00
1.186597887163756138e+00
1.184095468031346687e+00
1.181593055098464129e+00
1.179090648540521036e+00
1.176588248529882419e+00
1.174085855235865505e+00
1.171583468824739738e+00
1.169081089459726108e+00
1.166578717300998269e+00
1.164076352505681644e+00
1.161573995227853873e+00
1.159071645618544588e+00
1.156569303825735417e+00
1.154066969994360425e+00
1.151564644266305448e+00
1.149062326780408538e+00
1.146560017672459963e+00
1.144057717075201763e+00
1.141555425118328193e+00
1.139053141928485724e+00
1.136550867629272821e+00
1.134048602341240164e+00
1.131546346181890428e+00
1.129044099265678058e+00
1.126541861704010161e+00
1.124039633605245614e+00
1.121537415074695287e+00
1.119035206214622269e+00
1.116533007124242083e+00
1.114030817899721582e+00
1.111528638634180499e+00
1.109026469417689897e+00
1.106524310337273720e+00
1.104022161476907460e+00
1.101520022917518604e+00
1.099017894736987300e+00
1.096515777010145243e+00
1.094013669808776568e+00
1.091511573201617180e+00
1.089009487254355202e+00
1.086507412029631192e+00
1.084005347587037260e+00
1.081503293983117731e+00
1.079001251271369588e+00
1.076499219502240923e+00
1.073997198723132485e+00
1.071495188978397461e+00
1.068993190309340369e+00
1.066491202754218381e+00
1.063989226348240225e+00
1.061487261123567505e+00
1.058985307109313156e+00
1.056483364331542329e+00
1.053981432813272834e+00
1.051479512574474029e+00
1.048977603632067268e+00
1.046475705999926564e+00
1.043973819688877480e+00
1.041471944706697794e+00
1.038970081058117723e+00
1.036468228744819031e+00
1.033966387765436146e+00
1.031464558115554819e+00
1.028962739787713687e+00
1.026460932771402934e+00
1.023959137053065183e+00
1.021457352616095049e+00
1.018955579440838699e+00
1.016453817504595847e+00
1.013952066781616423e+00
1.011450327243103464e+00
1.008948598857212442e+00
1.006446881589049713e+00
1.003945175400675405e+00
1.001443480251100082e+00
9.989417960962874155e-01
9.964401228891525131e-01
9.939384605795632543e-01
9.914368091143392903e-01
9.889351684372521545e-01
9.864335384890255964e-01
9.839319192073356923e-01
9.814303105268101790e-01
9.789287123790294531e-01
9.764271246925255721e-01
9.739255473927825868e-01
9.714239804022691827e-01
9.689224239137437245e-01
9.664208781291192540e-01
9.639193429996496532e-01
9.614178184766927204e-01
9.589163045117101714e-01
9.564148010562667501e-01
9.539133080620313399e-01
9.514118254807761854e-01
9.489103532643766714e-01
9.464088913648126544e-01
9.439074397341669087e-01
9.414059983246263474e-01
9.389045670884809125e-01
9.364031459781241296e-01
9.339017349460538853e-01
9.314003339448707619e-01
9.288989429272798137e-01
9.263975618460890127e-01
9.238961906542096925e-01
9.213948293046577698e-01
9.188934777505518570e-01
9.163921359451149273e-01
9.138908038416728719e-01
9.113894813936551653e-01
9.088881685545956435e-01
9.063868652781308377e-01
9.038855715180016404e-01
9.013842872280520835e-01
8.988830123622294499e-01
8.963817468745856054e-01
8.938804907192752225e-01
8.913792438505571125e-01
8.888780062227930046e-01
8.863767777904485445e-01
8.838755585080932953e-01
8.813743483304000703e-01
8.788731472121454891e-01
8.763719551082095327e-01
8.738707719735755441e-01
8.713695977633311163e-01
8.688684324326672037e-01
8.663672759368783449e-01
8.638661282313623291e-01
8.613649892716206402e-01
8.588638590132587902e-01
8.563627374119857638e-01
8.538616244236139075e-01
8.513605200040591514e-01
8.488594241093410098e-01
8.463583366955829135e-01
8.438572577190116553e-01
8.413561871359578337e-01
8.388551249028551871e-01
8.363540709762411485e-01
8.338530253127572900e-01
8.313519878691483234e-01
8.288509586022626552e-01
8.263499374690522759e-01
8.238489244265725375e-01
8.213479194319828203e-01
8.188469224425459769e-01
8.163459334156283331e-01
8.138449523086997983e-01
8.113439790793337547e-01
8.088430136852076124e-01
8.063420560841020324e-01
8.038411062339015922e-01
8.013401640925938985e-01
7.988392296182704744e-01
7.963383027691266491e-01
7.938373835034611137e-01
7.913364717796763648e-01
7.888355675562778169e-01
7.863346707918755785e-01
7.838337814451822316e-01
7.813328994750148304e-01
7.788320248402936796e-01
7.763311575000423348e-01
7.738302974133888235e-01
7.713294445395636467e-01
7.688285988379018887e-01
7.663277602678417733e-01
7.638269287889248860e-01
7.613261043607971734e-01
7.588252869432072778e-01
7.563244764960080913e-01
7.538236729791558677e-01
7.513228763527102227e-01
7.488220865768349110e-01
7.463213036117967158e-01
7.438205274179663373e-01
7.413197579558182815e-01
7.388189951859299720e-01
7.363182390689829715e-01
7.338174895657624264e-01
7.313167466371568448e-01
7.288160102441585408e-01
7.263152803478629682e-01
7.238145569094699416e-01
7.213138398902823045e-01
7.188131292517065951e-01
7.163124249552531575e-01
7.138117269625353645e-01
7.113110352352710608e-01
7.088103497352810090e-01
7.063096704244897772e-01
7.038089972649257398e-01
7.013083302187201884e-01
6.988076692481087759e-01
6.963070143154305169e-01
6.938063653831278987e-01
6.913057224137471035e-01
6.888050853699374532e-01
6.863044542144528526e-01
6.838038289101499023e-01
6.813032094199892308e-01
6.788025957070350502e-01
6.763019877344547126e-01
6.738013854655198198e-01
6.713007888636052245e-01
6.688001978921893631e-01
6.662996125148545890e-01
6.637990326952860620e-01
6.612984583972735253e-01
6.587978895847096394e-01
6.562973262215909820e-01
6.537967682720177143e-01
6.512962157001931374e-01
6.487956684704248023e-01
6.462951265471235107e-01
6.437945898948037593e-01
6.412940584780836284e-01
6.387935322616844491e-01
6.362930112104318026e-01
6.337924952892542985e-01
6.312919844631845745e-01
6.287914786973585191e-01
6.262909779570157154e-01
6.237904822074994415e-01
6.212899914142565594e-01
6.187895055428372926e-01
6.162890245588957816e-01
6.137885484281896398e-01
6.112880771165800642e-01
6.087876105900317247e-01
6.062871488146130972e-01
6.037866917564960190e-01
6.012862393819562445e-01
5.987857916573728900e-01
5.962853485492286554e-01
5.937849100241099354e-01
5.912844760487067086e-01
5.887840465898124265e-01
5.862836216143243462e-01
5.837832010892430867e-01
5.812827849816731840e-01
5.787823732588223136e-01
5.762819658880021789e-01
5.737815628366278453e-01
5.712811640722180728e-01
5.687807695623950943e-01
5.662803792748848375e-01
5.637799931775168139e-01
5.612796112382241187e-01
5.587792334250435422e-01
5.562788597061150142e-01
5.537784900496830476e-01
5.512781244240945178e-01
5.487777627978008832e-01
5.462774051393565200e-01
5.437770514174198322e-01
5.412767016007528076e-01
5.387763556582207958e-01
5.362760135587927302e-01
5.337756752715414610e-01
5.312753407656428672e-01
5.287750100103774109e-01
5.262746829751279165e-01
5.237743596293817916e-01
5.212740399427294724e-01
5.187737238848650900e-01
5.162734114255868034e-01
5.137731025347956892e-01
5.112727971824969631e-01
5.087724953387989801e-01
5.062721969739141237e-01
5.037719020581583607e-01
5.012716105619506868e-01
4.987713224558142366e-01
4.962710377103757287e-01
4.937707562963650210e-01
4.912704781846163327e-01
4.887702033460665230e-01
4.862699317517569786e-01
4.837696633728321149e-01
4.812693981805398202e-01
4.787691361462322881e-01
4.762688772413644078e-01
4.737686214374954852e-01
4.712683687062879101e-01
4.687681190195076564e-01
4.662678723490247257e-01
4.637676286668121484e-01
4.612673879449470937e-01
4.587671501556099818e-01
4.562669152710847054e-01
4.537666832637594072e-01
4.512664541061248702e-01
4.487662277707763492e-01
4.462660042304122388e-01
4.437657834578344063e-01
4.412655654259489690e-01
4.387653501077646845e-01
4.362651374763948375e-01
4.337649275050556863e-01
4.312647201670671837e-01
4.287645154358533661e-01
4.262643132849409655e-01
4.237641136879612414e-01
4.212639166186484818e-01
4.187637220508405589e-01
4.162635299584794835e-01
4.137633403156100176e-01
4.112631530963813953e-01
4.087629682750458238e-01
4.062627858259592051e-01
4.037626057235814692e-01
4.012624279424754081e-01
3.987622524573081750e-01
3.962620792428499517e-01
3.937619082739748366e-01
3.912617395256604569e-01
3.887615729729876346e-01
3.862614085911416639e-01
3.837612463554104791e-01
3.812610862411862644e-01
3.787609282239646769e-01
3.762607722793444576e-01
3.737606183830288198e-01
3.712604665108238389e-01
3.687603166386395070e-01
3.662601687424895114e-01
3.637600227984906787e-01
3.612598787828639746e-01
3.587597366719336156e-01
3.562595964421275685e-01
3.537594580699774949e-01
3.512593215321180851e-01
3.487591868052884458e-01
3.462590538663306017e-01
3.437589226921906604e-01
3.412587932599180918e-01
3.387586655277918246e-01
3.362585390204242408e-01
3.337584135400034069e-01
3.312582890872092234e-01
3.287581656626353266e-01
3.262580432667893660e-01
3.237579219000925601e-01
3.212578015628799744e-01
3.187576822554007427e-01
3.162575639778176795e-01
3.137574467302076120e-01
3.112573305125609369e-01
3.087572153247818418e-01
3.062571011666887499e-01
3.037569880380135423e-01
3.012568759384022798e-01
2.987567648674144816e-01
2.962566548245236242e-01
2.937565458091172532e-01
2.912564378204964277e-01
2.887563308578763865e-01
2.862562249203858267e-01
2.837561200070674028e-01
2.812560161168778383e-01
2.787559132486873703e-01
2.762558114012803601e-01
2.737557105733547935e-01
2.712556107635225033e-01
2.687555119703092243e-01
2.662554141921545936e-01
2.637553174274120393e-01
2.612552216743487254e-01
2.587551269311456070e-01
2.562550331958977634e-01
2.537549404666137876e-01
2.512548487412165077e-01
2.487547580175421269e-01
2.462546682933408060e-01
2.437545795662769132e-01
2.412544918339280531e-01
2.387544050937862872e-01
2.362543193432569411e-01
2.337542345796596588e-01
2.312541508002276258e-01
2.287540680021077633e-01
2.262539861823613108e-01
2.237539053379627441e-01
2.212538254658009407e-01
2.187537465626782363e-01
2.162536686253107299e-01
2.137535916503288114e-01
2.112535156342761622e-01
2.087534405736108656e-01
2.062533664647043796e-01
2.037532933038420369e-01
2.012532210872233773e-01
1.987531498109612604e-01
1.962530794710829751e-01
1.937530100635291019e-01
1.912529415841542069e-01
1.887528740287270079e-01
1.862528073929295147e-01
1.837527416723581664e-01
1.812526768625228324e-01
1.787526129588471180e-01
1.762525499566690024e-01
1.737524878512397009e-01
1.712524266377247750e-01
1.687523663112031336e-01
1.662523068666680315e-01
1.637522482990261541e-01
1.612521906030980334e-01
1.587521337736184368e-01
1.562520778052354509e-01
1.537520226925114808e-01
1.512519684299224454e-01
1.487519150118580269e-01
1.462518624326221706e-01
1.437518106864321132e-01
1.412517597674195213e-01
1.387517096696293806e-01
1.362516603870206067e-01
1.337516119134663506e-01
1.312515642427530271e-01
1.287515173685813974e-01
1.262514712845657361e-01
1.237514259842340814e-01
1.212513814610287621e-01
1.187513377083053573e-01
1.162512947193338614e-01
1.137512524872976855e-01
1.112512110052940595e-01
1.087511702663344765e-01
1.062511302633437210e-01
1.037510909891609656e-01
1.012510524365387576e-01
9.875101459814356053e-02
9.625097746655601749e-02
9.375094103427009107e-02
9.125090529369411785e-02
8.875087023714986478e-02
8.625083585687294552e-02
8.375080214501319509e-02
8.125076909363375399e-02
7.875073669471212290e-02
7.625070494013913569e-02
7.375067382171997254e-02
7.125064333117324400e-02
6.875061346013140728e-02
6.625058420014115490e-02
6.375055554266247093e-02
6.125052747906973433e-02
5.875050000065073358e-02
5.625047309860709693e-02
5.375044676405470873e-02
5.125042098802272406e-02
4.875039576145469983e-02
4.625037107520760249e-02
4.375034692005224518e-02
4.125032328667368325e-02
3.875030016567026364e-02
3.625027754755470732e-02
3.375025542275316565e-02
3.125023378160563664e-02
2.875021261436634321e-02
2.625019191120281370e-02
2.375017166219695400e-02
2.125015185734409340e-02
1.875013248655340442e-02
1.625011353964829486e-02
1.375009500636546582e-02
1.125007687635600634e-02
8.750059139184286627e-03
6.250041784329065687e-03
3.750024801182524643e-03
1.250008179050678516e-03
-1.250008092846344046e-03
-3.750024025374578112e-03
-6.250039629486500888e-03
-8.750054916220615167e-03
-1.125006989670158594e-02
-1.375008458214052424e-02
-1.625009898383386955e-02
-1.875011311316505599e-02
-2.125012698160341079e-02
-2.375014060070441968e-02
-2.625015398211001313e-02
-2.875016713754744921e-02
-3.125018007883099275e-02
-3.375019281786078434e-02
-3.625020536662312831e-02
-3.875021773719078411e-02
-4.125022994172182489e-02
-4.375024199246133755e-02
-4.625025390174028472e-02
-4.875026568197579624e-02
-5.125027734567143972e-02
-5.375028890541612425e-02
-5.625030037388575183e-02
-5.875031176384210713e-02
-6.125032308813313509e-02
-6.375033435969323925e-02
-6.625034559154212299e-02
-6.875035679678653810e-02
-7.125036798861907050e-02
-7.375037918031850104e-02
-7.625039038525004143e-02
-7.875040161686422402e-02
-8.125041288869862266e-02
-8.375042421437663143e-02
-8.625043560760786709e-02
-8.875044708218836342e-02
-9.125045865199947481e-02
-9.375047033100956939e-02
-9.625048213327290492e-02
-9.875049407292987858e-02
-1.012505061642073600e-01
-1.037505184214175397e-01
-1.062505308589595937e-01
-1.087505434913185881e-01
-1.112505563330657699e-01
-1.137505693988588168e-01
-1.162505827034407274e-01
-1.187505962616415139e-01
-1.212506100883770643e-01
-1.237506241986497113e-01
-1.262506386075471221e-01
-1.287506533302439915e-01
-1.312506683820008069e-01
-1.337506837781643199e-01
-1.362506995341676852e-01
-1.387507156655293783e-01
-1.412507321878548883e-01
-1.437507491168355800e-01
-1.462507664682489994e-01
-1.487507842579591233e-01
-1.512508025019152214e-01
-1.537508212161536603e-01
-1.562508404167965714e-01
-1.587508601200523506e-01
-1.612508803422157966e-01
-1.637509010996670011e-01
-1.662509224088731252e-01
-1.687509442863871778e-01
-1.712509667488482934e-01
-1.737509898129821484e-01
-1.762510134955996566e-01
-1.787510378135988010e-01
-1.812510627839633570e-01
-1.837510884237633646e-01
-1.862511147501552666e-01
-1.887511417803807989e-01
-1.912511695317687666e-01
-1.937511980217337948e-01
-1.962512272677767455e-01
-1.987512572874848282e-01
-2.012512880985306563e-01
-2.037513197186738012e-01
-2.062513521657597659e-01
-2.087513854577202066e-01
-2.112514196125731547e-01
-2.137514546484220457e-01
-2.162514905834573009e-01
-2.187515274359551898e-01
-2.212515652242781905e-01
-2.237516039668752121e-01
-2.262516436822804844e-01
-2.287516843891152507e-01
-2.312517261060866025e-01
-2.337517688519878123e-01
-2.362518126456986389e-01
-2.387518575061841342e-01
-2.412519034524963357e-01
-2.437519505037731571e-01
-2.462519986792387483e-01
-2.487520479982036625e-01
-2.512520984800636903e-01
-2.537521501443018024e-01
-2.562522030104867343e-01
-2.587522570982733749e-01
-2.612523124274030994e-01
-2.637523690177026592e-01
-2.662524268890856805e-01
-2.687524860615517208e-01
-2.712525465551869353e-01
-2.737526083901625218e-01
-2.762526715867369420e-01
-2.787527361652544222e-01
-2.812528021461452865e-01
-2.837528695499264564e-01
-2.862529383972000629e-01
-2.887530087086552788e-01
-2.912530805050672078e-01
-2.937531538072970516e-01
-2.962532286362924983e-01
-2.987533050130864454e-01
-3.012533829587989986e-01
-3.037534624946359729e-01
-3.062535436418894474e-01
-3.087536264219379323e-01
-3.112537108562451471e-01
-3.137537969663620196e-01
-3.162538847739251313e-01
-3.187539743006574944e-01
-3.212540655683682744e-01
-3.237541585989521797e-01
-3.262542534143908490e-01
-3.287543500367517968e-01
-3.312544484881886908e-01
-3.337545487909416853e-01
-3.362546509673362549e-01
-3.387547550397848051e-01
-3.412548610307856722e-01
-3.437549689629234018e-01
-3.462550788588689699e-01
-3.487551907413786179e-01
-3.512553046332956286e-01
-3.537554205575491606e-01
-3.562555385371545258e-01
-3.587556585952135224e-01
-3.612557807549132693e-01
-3.637559050395278160e-01
-3.662560314724171984e-01
-3.687561600770275505e-01
-3.712562908768914371e-01
-3.737564238956267992e-01
-3.762565591569385637e-01
-3.787566966846174776e-01
-3.812568365025406081e-01
-3.837569786346713419e-01
-3.862571231050583864e-01
-3.887572699378374907e-01
-3.912574191572302795e-01
-3.937575707875445863e-01
-3.962577248531746199e-01
-3.987578813785999099e-01
-4.012580403883870828e-01
-4.037582019071885298e-01
-4.062583659597429064e-01
-4.087585325708751882e-01
-4.112587017654958932e-01
-4.137588735686023034e-01
-4.162590480052776876e-01
-4.187592251006915789e-01
-4.212594048800997193e-01
-4.237595873688433934e-01
-4.262597725923508163e-01
-4.287599605761360233e-01
-4.312601513457993141e-01
-4.337603449270273637e-01
-4.362605413455922232e-01
-4.387607406273528743e-01
-4.412609427982542853e-01
-4.437611478843277446e-01
-4.462613559116900275e-01
-4.487615669065447288e-01
-4.512617808951814302e-01
-4.537619979039759222e-01
-4.562622179593903149e-01
-4.587624410879721504e-01
-4.612626673163559565e-01
-4.637628966712620815e-01
-4.662631291794970267e-01
-4.687633648679538911e-01
-4.712636037636109831e-01
-4.737638458935335972e-01
-4.762640912848729036e-01
-4.787643399648663922e-01
-4.812645919608377620e-01
-4.837648473001961991e-01
-4.862651060104378753e-01
-4.887653681191448385e-01
-4.912656336539852342e-01
-4.937659026427136943e-01
-4.962661751131702270e-01
-4.987664510932818263e-01
-5.012667306110613064e-01
-5.037670136946075239e-01
-5.062673003721062104e-01
-5.087675906718280849e-01
-5.112678846221310192e-01
-5.137681822514582608e-01
-5.162684835883400991e-01
-5.187687886613926436e-01
-5.212690974993176019e-01
-5.237694101309035011e-01
-5.262697265850246886e-01
-5.287700468906419982e-01
-5.312703710768025278e-01
-5.337706991726388628e-01
-5.362710312073701857e-01
-5.387713672103017215e-01
-5.412717072108251815e-01
-5.437720512384185412e-01
-5.462723993226449304e-01
-5.487727514931545203e-01
-5.512731077796835244e-01
-5.537734682120541985e-01
-5.562738328201755067e-01
-5.587742016340413453e-01
-5.612745746837327632e-01
-5.637749519994166292e-01
-5.662753336113461877e-01
-5.687757195498611695e-01
-5.712761098453862374e-01
-5.737765045284334287e-01
-5.762769036296003788e-01
-5.787773071795709878e-01
-5.812777152091158639e-01
-5.837781277490906584e-01
-5.862785448304380642e-01
-5.887789664841865944e-01
-5.912793927414512485e-01
-5.937798236334326241e-01
-5.962802591914180272e-01
-5.987806994467805843e-01
-6.012811444309797970e-01
-6.037815941755615423e-01
-6.062820487121568513e-01
-6.087825080724843518e-01
-6.112829722883477146e-01
-6.137834413916372078e-01
-6.162839154143296971e-01
-6.187843943884869802e-01
-6.212848783462584512e-01
-6.237853673198786586e-01
-6.262858613416686371e-01
-6.287863604440361298e-01
-6.312868646594738120e-01
-6.337873740205616224e-01
-6.362878885599653200e-01
-6.387884083104365951e-01
-6.412889333048138463e-01
-6.437894635760207374e-01
-6.462899991570680847e-01
-6.487905400810523027e-01
-6.512910863811559592e-01
-6.537916380906484415e-01
-6.562921952428839578e-01
-6.587927578713044241e-01
-6.612933260094367993e-01
-6.637938996908946399e-01
-6.662944789493780995e-01
-6.687950638186722641e-01
-6.712956543326498160e-01
-6.737962505252685919e-01
-6.762968524305729145e-01
-6.787974600826937044e-01
-6.812980735158470358e-01
-6.837986927643362467e-01
-6.862993178625500512e-01
-6.887999488449636498e-01
-6.913005857461388404e-01
-6.938012286007223528e-01
-6.963018774434482916e-01
-6.988025323091364704e-01
-7.013031932326926343e-01
-7.038038602491095697e-01
-7.063045333934646619e-01
-7.088052127009231151e-01
-7.113058982067353986e-01
-7.138065899462380237e-01
-7.163072879548546545e-01
-7.188079922680935541e-01
-7.213087029215506929e-01
-7.238094199509071958e-01
-7.263101433919307848e-01
-7.288108732804755574e-01
-7.313116096524808762e-01
-7.338123525439732564e-01
-7.363131019910649222e-01
-7.388138580299542513e-01
-7.413146206969262186e-01
-7.438153900283510644e-01
-7.463161660606860703e-01
-7.488169488304742272e-01
-7.513177383743447901e-01
-7.538185347290135008e-01
-7.563193379312814768e-01
-7.588201480180367664e-01
-7.613209650262532380e-01
-7.638217889929913573e-01
-7.663226199553966334e-01
-7.688234579507018385e-01
-7.713243030162257874e-01
-7.738251551893730040e-01
-7.763260145076347207e-01
-7.788268810085874350e-01
-7.813277547298946857e-01
-7.838286357093060541e-01
-7.863295239846570528e-01
-7.888304195938694585e-01
-7.913313225749507573e-01
-7.938322329659952548e-01
-7.963331508051834096e-01
-7.988340761307813898e-01
-8.013350089811420718e-01
-8.038359493947034862e-01
-8.063368974099910380e-01
-8.088378530656158416e-01
-8.113388164002749425e-01
-8.138397874527518727e-01
-8.163407662619157623e-01
-8.188417528667226719e-01
-8.213427473062144824e-01
-8.238437496195191168e-01
-8.263447598458509846e-01
-8.288457780245099826e-01
-8.313468041948829379e-01
-8.338478383964427199e-01
-8.363488806687479071e-01
-8.388499310514438978e-01
-8.413509895842612440e-01
-8.438520563070176506e-01
-8.463531312596167533e-01
-8.488542144820481195e-01
-8.513553060143878026e-01
-8.538564058967973436e-01
-8.563575141695251025e-01
-8.588586308729054819e-01
-8.613597560473591486e-01
-8.638608897333927006e-01
-8.663620319715985563e-01
-8.688631828026560644e-01
-8.713643422673303940e-01
-8.738655104064727563e-01
-8.763666872610209602e-01
-8.788678728719980793e-01
-8.813690672805141180e-01
-8.838702705277653449e-01
-8.863714826550337378e-01
-8.888727037036877610e-01
-8.913739337151813658e-01
-8.938751727310556561e-01
-8.963764207577888943e-01
-8.988776778132778755e-01
-9.013789440105265394e-01
-9.038802194618823505e-01
-9.063815042771838915e-01
-9.088827985637596418e-01
-9.113841024264285329e-01
-9.138854159674988376e-01
-9.163867392867699468e-01
-9.188880724815312595e-01
-9.213894156465625151e-01
-9.238907688741335722e-01
-9.263921322540041858e-01
-9.288935058734245631e-01
-9.313948898171354740e-01
-9.338962841673678072e-01
-9.363976890038424594e-01
-9.388991044037703348e-01
-9.414005304418530118e-01
-9.439019671902820763e-01
-9.464034147187396773e-01
-9.489048730943979715e-01
-9.514063423819190124e-01
-9.539078226434553054e-01
-9.564093139386498077e-01
-9.589108163246357064e-01
-9.614123298560364184e-01
-9.639138545849649242e-01
-9.664153905610251005e-01
-9.689169378313110537e-01
-9.714184964404070088e-01
-9.739200664303875321e-01
-9.764216478408168642e-01
-9.789232407087499199e-01
-9.814248450687318437e-01
-9.839264609527983430e-01
-9.864280883904747999e-01
-9.889297274087767153e-01
-9.914313780322102643e-01
-9.939330402827717403e-01
-9.964347141799477781e-01
-9.989363997407151308e-01
-1.001438096979540227e+00
-1.003939805908380833e+00
-1.006441526536683728e+00
-1.008943258871387139e+00
-1.011445002916918856e+00
-1.013946758675196680e+00
-1.016448526145629083e+00
-1.018950305325114325e+00
-1.021452096208041782e+00
-1.023953898786290173e+00
-1.026455713049228669e+00
-1.028957538983716669e+00
-1.031459376574103803e+00
-1.033961225802230377e+00
-1.036463086647426701e+00
-1.038964959086512430e+00
-1.041466843093798778e+00
-1.043968738641085858e+00
-1.046470645697665791e+00
-1.048972564230319371e+00
-1.051474494203318066e+00
-1.053976435578423576e+00
-1.056478388314887829e+00
-1.058980352369453426e+00
-1.061482327696352979e+00
-1.063984314247308438e+00
-1.066486311971533318e+00
-1.068988320815730253e+00
-1.071490340724093215e+00
-1.073992371638305521e+00
-1.076494413497540936e+00
-1.078996466238463681e+00
-1.081498529795227537e+00
-1.084000604099478071e+00
-1.086502689080349082e+00
-1.089004784664465930e+00
-1.091506890775943761e+00
-1.094009007336387729e+00
-1.096511134264894327e+00
-1.099013271478048726e+00
-1.101515418889927211e+00
-1.104017576412096080e+00
-1.106519743953612078e+00
-1.109021921421022405e+00
-1.111524108718363379e+00
-1.114026305747162437e+00
-1.116528512406437468e+00
-1.119030728592695700e+00
-1.121532954199935705e+00
-1.124035189119645173e+00
-1.126537433240802910e+00
-1.129039686449877289e+00
-1.131541948630826910e+00
-1.134044219665101716e+00
-1.136546499431640544e+00
-1.139048787806872909e+00
-1.141551084664718774e+00
-1.144053389876587890e+00
-1.146555703311381347e+00
-1.149058024835488689e+00
-1.151560354312791024e+00
-1.154062691604659241e+00
-1.156565036569954463e+00
-1.159067389065028486e+00
-1.161569748943722669e+00
-1.164072116057368822e+00
-1.166574490254788987e+00
-1.169076871382295435e+00
-1.171579259283691332e+00
-1.174081653800268965e+00
-1.176584054770811294e+00
-1.179086462031591953e+00
-1.181588875416373696e+00
-1.184091294756411283e+00
-1.186593719880447928e+00
-1.189096150614717740e+00
-1.191598586782945501e+00
-1.194101028206345561e+00
-1.196603474703623160e+00
-1.199105926090972885e+00
-1.201608382182080437e+00
-1.204110842788121083e+00
-1.206613307717760541e+00
-1.209115776777155649e+00
-1.211618249769951472e+00
-1.214120726497285085e+00
-1.216623206757783127e+00
-1.219125690347562463e+00
-1.221628177060230414e+00
-1.224130666686884306e+00
-1.226633159016111474e+00
-1.229135653833989927e+00
-1.231638150924087904e+00
-1.234140650067463651e+00
-1.236643151042665423e+00
-1.239145653625732368e+00
-1.241648157590193202e+00
-1.244150662707067090e+00
-1.246653168744863871e+00
-1.249155675469582949e+00
