5.122970218375344054e+00
5.112703540850041861e+00
5.102436859794750035e+00
5.092170171669975431e+00
5.081903472931121435e+00
5.071636760084912154e+00
5.061370029689706840e+00
5.051103278355506987e+00
5.040836502743957226e+00
5.030569699568340880e+00
5.020302865593585295e+00
5.010035997636257399e+00
4.999769066421083430e+00
4.989502036013525377e+00
4.979234909223529293e+00
4.968967689096905893e+00
4.958700378658271291e+00
4.948432980911047885e+00
4.938165498837466139e+00
4.927897935398563689e+00
4.917630293534186237e+00
4.907362576162982215e+00
4.897094786182413451e+00
4.886826926468743615e+00
4.876558999877046219e+00
4.866291009241202836e+00
4.856022957373899551e+00
4.845754847066630511e+00
4.835486681089699701e+00
4.825218462192211177e+00
4.814950193102085940e+00
4.804681876526044171e+00
4.794413515149615890e+00
4.784145111637139181e+00
4.773876668631758413e+00
4.763608188755426021e+00
4.753339674608897170e+00
4.743071128771743084e+00
4.732802553802331502e+00
4.722533952237846222e+00
4.712265326594272885e+00
4.701996679366406084e+00
4.691728013027847588e+00
4.681459330031005450e+00
4.671190632807096677e+00
4.660921923766143671e+00
4.650653205296975123e+00
4.640384479767230452e+00
4.630115749523352697e+00
4.619847016890592961e+00
4.609578284173011298e+00
4.599309553653472271e+00
4.589040827593651173e+00
4.578772108234023364e+00
4.568503397793881149e+00
4.558234698471315127e+00
4.547966012443229289e+00
4.537697341865330358e+00
4.527428688872134899e+00
4.517160055576966649e+00
4.506891444071954744e+00
4.496622856428034609e+00
4.486354294694955058e+00
4.476085760901263200e+00
4.465817257054319533e+00
4.455548785140289070e+00
4.445280347124144882e+00
4.435011944949668994e+00
4.424743580539444388e+00
4.414475255794869213e+00
4.404206972596142577e+00
4.393938732802274316e+00
4.383670538251078774e+00
4.373402390759180136e+00
4.363134292122007984e+00
4.352866244113799965e+00
4.342598248487597346e+00
4.332330306975256562e+00
4.322062421287432343e+00
4.311794593113591034e+00
4.301526824122005266e+00
4.291259115959756620e+00
4.280991470252730302e+00
4.270723888605622243e+00
4.260456372601932884e+00
4.250188923803969843e+00
4.239921543752849686e+00
4.229654233968495269e+00
4.219386995949636621e+00
4.209119831173810944e+00
4.198852741097361729e+00
4.188585727155439642e+00
4.178318790762004298e+00
4.168051933309822488e+00
4.157785156170465513e+00
4.147518460694311848e+00
4.137251848210550698e+00
4.126985320027175774e+00
4.116718877430987966e+00
4.106452521687596224e+00
4.096186254041415786e+00
4.085920075715669064e+00
4.075653987912384757e+00
4.065387991812404067e+00
4.055122088575366490e+00
4.044856279339725802e+00
4.034590565839849319e+00
4.024324949788788075e+00
4.014059430790473115e+00
4.003794008383082748e+00
3.993528682110873973e+00
3.983263451524185594e+00
3.972998316179433331e+00
3.962733275639115149e+00
3.952468329471807706e+00
3.942203477252165911e+00
3.931938718560927359e+00
3.921674052984906567e+00
3.911409480116999848e+00
3.901144999556182658e+00
3.890880610907509141e+00
3.880616313782114357e+00
3.870352107797211616e+00
3.860087992576096916e+00
3.849823967748143172e+00
3.839560032948802437e+00
3.829296187819610342e+00
3.819032432008178102e+00
3.808768765168199621e+00
3.798505186959447055e+00
3.788241697047770806e+00
3.777978295105105300e+00
3.767714980809460545e+00
3.757451753844928355e+00
3.747188613901679677e+00
3.736925560675964597e+00
3.726662593870114115e+00
3.716399713192538368e+00
3.706136918357727517e+00
3.695874209086250417e+00
3.685611585104757282e+00
3.675349046145975684e+00
3.665086591948716332e+00
3.654824222257866850e+00
3.644561936824395332e+00
3.634299735405348564e+00
3.624037617763856023e+00
3.613775583669124547e+00
3.603513632896440999e+00
3.593251765227172712e+00
3.582989980448764378e+00
3.572728278354744269e+00
3.562466658744718018e+00
3.552205121424371281e+00
3.541943666205467967e+00
3.531682292905855114e+00
3.521421001349455793e+00
3.511159791366276650e+00
3.500898662792400806e+00
3.490637615469992294e+00
3.480376649247294285e+00
3.470115763978630863e+00
3.459854959524405693e+00
3.449594235751101134e+00
3.439333592531279571e+00
3.429073029743582968e+00
3.418812547272734648e+00
3.408552145009535739e+00
3.398291822850866950e+00
3.388031580699690792e+00
3.377771418465047581e+00
3.367511336062056770e+00
3.357251333411921390e+00
3.346991410441919612e+00
3.336731567085411410e+00
3.326471803281836781e+00
3.316212118976713974e+00
3.305952514121643926e+00
3.295692988674304047e+00
3.285433542598452661e+00
3.275174175863927228e+00
3.264914888446647012e+00
3.254655680328609080e+00
3.244396551497890524e+00
3.234137501948648463e+00
3.223878531681120041e+00
3.213619640701620206e+00
3.203360829022547485e+00
3.193102096662375988e+00
3.182843443645661186e+00
3.172584870003039903e+00
3.162326375771225440e+00
3.152067960993014673e+00
3.141809625717280507e+00
3.131551369998976320e+00
3.121293193899138618e+00
3.111035097484879053e+00
3.100777080829391519e+00
3.090519144011949937e+00
3.080261287117905589e+00
3.070003510238692002e+00
3.059745813471820952e+00
3.049488196920885130e+00
3.039230660695555475e+00
3.028973204911583839e+00
3.018715829690800767e+00
3.008458535161118164e+00
2.998201321456525736e+00
2.987944188717094551e+00
2.977687137088973035e+00
2.967430166724392304e+00
2.957173277781661280e+00
2.946916470425170242e+00
2.936659744825386831e+00
2.926403101158859599e+00
2.916146539608217125e+00
2.905890060362168015e+00
2.895633663615500009e+00
2.885377349569079541e+00
2.875121118429854850e+00
2.864864970410851974e+00
2.854608905731178758e+00
2.844352924406418737e+00
2.834097015582239809e+00
2.823841172975425362e+00
2.813585396493799795e+00
2.803329686041649893e+00
2.793074041519727491e+00
2.782818462825245476e+00
2.772562949851880898e+00
2.762307502489775857e+00
2.752052120625535281e+00
2.741796804142226041e+00
2.731541552919380056e+00
2.721286366832991632e+00
2.711031245755518349e+00
2.700776189555884166e+00
2.690521198099473210e+00
2.680266271248132881e+00
2.670011408860176516e+00
2.659756610790378506e+00
2.649501876889979624e+00
2.639247207006681251e+00
2.628992600984648931e+00
2.618738058664511481e+00
2.608483579883362768e+00
2.598229164474759489e+00
2.587974812268719393e+00
2.577720523091726612e+00
2.567466296766728107e+00
2.557212133113132335e+00
2.546958031946815026e+00
2.536703993080111630e+00
2.526450016321821757e+00
2.516196101477210956e+00
2.505942248348004497e+00
2.495688456732395366e+00
2.485434726425036267e+00
2.475181057217044067e+00
2.464927448896001572e+00
2.454673901245951750e+00
2.444420414047403067e+00
2.434166987077327704e+00
2.423913620109158895e+00
2.413660312912795813e+00
2.403407065254600017e+00
2.393153876897397225e+00
2.382900747600475100e+00
2.372647677119585907e+00
2.362394665206946076e+00
2.352141711611232644e+00
2.341888816077590363e+00
2.331635978347623706e+00
2.321383198159401751e+00
2.311130475247458183e+00
2.300877809342788183e+00
2.290625200172851983e+00
2.280372647461572200e+00
2.270120150929336500e+00
2.259867710292993603e+00
2.249615325265857724e+00
2.239362995557705904e+00
2.229110720874776685e+00
2.218858500919776322e+00
2.208606335391870790e+00
2.198354223986690226e+00
2.188102166396330261e+00
2.177850162309346693e+00
2.167598211410762588e+00
2.157346313382060732e+00
2.147094467901189407e+00
2.136842674642560613e+00
2.126590933277048290e+00
2.116339243471991427e+00
2.106087604891191400e+00
2.095836017194913303e+00
2.085584480039885946e+00
2.075332993079300969e+00
2.065081555962815063e+00
2.054830168336545526e+00
2.044578829843075596e+00
2.034327540121451339e+00
2.024076298807181207e+00
2.013825105532239146e+00
2.003573959925060155e+00
1.993322861610545393e+00
1.983071810210056407e+00
1.972820805341420014e+00
1.962569846618927194e+00
1.952318933653329980e+00
1.942068066051846342e+00
1.931817243418156416e+00
1.921566465352403386e+00
1.911315731451195044e+00
1.901065041307601788e+00
1.890814394511158403e+00
1.880563790647861611e+00
1.870313229300172297e+00
1.860062710047016177e+00
1.849812232463779793e+00
1.839561796122315407e+00
1.829311400590937664e+00
1.819061045434424262e+00
1.808810730214017726e+00
1.798560454487422300e+00
1.788310217808807723e+00
1.778060019728805230e+00
1.767809859794510219e+00
1.757559737549482470e+00
1.747309652533743485e+00
1.737059604283779590e+00
1.726809592332540610e+00
1.716559616209437644e+00
1.706309675440348839e+00
1.696059769547611840e+00
1.685809898050032007e+00
1.675560060462874423e+00
1.665310256297868774e+00
1.655060485063209574e+00
1.644810746263552614e+00
1.634561039400019622e+00
1.624311363970192712e+00
1.614061719468120604e+00
1.603812105384313291e+00
1.593562521205744487e+00
1.583312966415852729e+00
1.573063440494538057e+00
1.562813942918165999e+00
1.552564473159563807e+00
1.542315030688022448e+00
1.532065614969297718e+00
1.521816225465606909e+00
1.511566861635632586e+00
1.501317522934519921e+00
1.491068208813876250e+00
1.480818918721775068e+00
1.470569652102750924e+00
1.460320408397803860e+00
1.450071187044395415e+00
1.439821987476451071e+00
1.429572809124361354e+00
1.419323651414977849e+00
1.409074513771617410e+00
1.398825395614059941e+00
1.388576296358547291e+00
1.378327215417787688e+00
1.368078152200949305e+00
1.357829106113667139e+00
1.347580076558037021e+00
1.337331062932620274e+00
1.327082064658404947e+00
1.316833086351824500e+00
1.306584131717515307e+00
1.296335200710991620e+00
1.286086293285927828e+00
1.275837409394154465e+00
1.265588548985658646e+00
1.255339712008586739e+00
1.245090898409241031e+00
1.234842108132082394e+00
1.224593341119728285e+00
1.214344597312952967e+00
1.204095876650690622e+00
1.193847179070029352e+00
1.183598504506218063e+00
1.173349852892661138e+00
1.163101224160919989e+00
1.152852618240715055e+00
1.142604035059922918e+00
1.132355474544578744e+00
1.122106936618873618e+00
1.111858421205156766e+00
1.101609928223935997e+00
1.091361457593873929e+00
1.081113009231793320e+00
1.070864583052672625e+00
1.060616178969647772e+00
1.050367796894013717e+00
1.040119436735220226e+00
1.029871098400876983e+00
1.019622781796750033e+00
1.009374486826762007e+00
9.991262133929945666e-01
9.888779613956854009e-01
9.786297307332310069e-01
9.683815213021835788e-01
9.581333329972546720e-01
9.478851657113117612e-01
9.376370193353796845e-01
9.273888937586423076e-01
9.171407888684386389e-01
9.068927045502677142e-01
8.966446406877837116e-01
8.863965971627987273e-01
8.761485738552836633e-01
8.659005706433647864e-01
8.556525874033278356e-01
8.454046240096144693e-01
8.351566803348237089e-01
8.249087562497137149e-01
8.146608516231975683e-01
8.044129663223482662e-01
7.941651002123945036e-01
7.839172531567224489e-01
7.736694250168770770e-01
7.634216156525589492e-01
7.531738249216279879e-01
7.429260526800999243e-01
7.326782987821479631e-01
7.224305630801043376e-01
7.121828454244565343e-01
7.019351456638517339e-01
6.916874636450920377e-01
6.814397992131395743e-01
6.711921522111118366e-01
6.609445224802840135e-01
6.506969098600903223e-01
6.404493141881200113e-01
6.302017353001222455e-01
6.199541730300018871e-01
6.097066272098208284e-01
5.994590976698004336e-01
5.892115842383172097e-01
5.789640867419072467e-01
5.687166050052624433e-01
5.584691388512319499e-01
5.482216881008242781e-01
5.379742525732029712e-01
5.277268320856910444e-01
5.174794264537675437e-01
5.072320354910689888e-01
4.969846590093904837e-01
4.867372968186829407e-01
4.764899487270565226e-01
4.662426145407773115e-01
4.559952940642686969e-01
4.457479871001132077e-01
4.355006934490486814e-01
4.252534129099723170e-01
4.150061452799373440e-01
4.047588903541542438e-01
3.945116479259926923e-01
3.842644177869773969e-01
3.740171997267929260e-01
3.637699935332793788e-01
3.535227989924344394e-01
3.432756158884148201e-01
3.330284440035323756e-01
3.227812831182586550e-01
3.125341330112204052e-01
3.022869934592040120e-01
2.920398642371515585e-01
2.817927451181626020e-01
2.715456358734957831e-01
2.612985362725649408e-01
2.510514460829434968e-01
2.408043650703607097e-01
2.305572929987031450e-01
2.203102296300165353e-01
2.100631747245018111e-01
1.998161280405195139e-01
1.895690893345859662e-01
1.793220583613748254e-01
1.690750348737188880e-01
1.588280186226062041e-01
1.485810093571844070e-01
1.383340068247568277e-01
1.280870107707843264e-01
1.178400209388867498e-01
1.075930370708391981e-01
9.734605890657641036e-02
8.709908618418880921e-02
7.685211863992433279e-02
6.660515600818994741e-02
5.635819802154777569e-02
4.611124441071969005e-02
3.586429490458264979e-02
2.561734923017332938e-02
1.537040711268411117e-02
5.123468275464792415e-03
-5.123467559976275891e-03
-1.537040067397331747e-02
-2.561733134870428780e-02
-3.586425986818914113e-02
-4.611118651829043680e-02
-5.635811158671442944e-02
-6.660503536300656224e-02
-7.685195813855824620e-02
-8.709888020660237762e-02
-9.734580186221443443e-02
-1.075927234023135448e-01
-1.178396451256580879e-01
-1.280865673328523968e-01
-1.383334903263422899e-01
-1.485804144104160840e-01
-1.588273398912058987e-01
-1.690742670766830491e-01
-1.793211962766647072e-01
-1.895681278028095995e-01
-1.998150619686190343e-01
-2.100619990894380118e-01
-2.203089394824506442e-01
-2.305558834666872059e-01
-2.408028313630192485e-01
-2.510497834941609607e-01
-2.612967401846703064e-01
-2.715437017609443338e-01
-2.817906685512261422e-01
-2.920376408856002470e-01
-3.022846190959937451e-01
-3.125316035161775363e-01
-3.227785944817615493e-01
-3.330255923302017917e-01
-3.432725974007957426e-01
-3.535196100346832959e-01
-3.637666305748484263e-01
-3.740136593661138598e-01
-3.842606967551485120e-01
-3.945077430904628812e-01
-4.047547987224097699e-01
-4.150018640031858386e-01
-4.252489392868269991e-01
-4.354960249292150198e-01
-4.457431212880731408e-01
-4.559902287229672391e-01
-4.662373475953068835e-01
-4.764844782683408386e-01
-4.867316211071638365e-01
-4.969787764787119699e-01
-5.072259447517651898e-01
-5.174731262969426426e-01
-5.277203214867093317e-01
-5.379675306953717318e-01
-5.482147542990789546e-01
-5.584619926758238595e-01
-5.687092462054383901e-01
-5.789565152696004580e-01
-5.892038002518296125e-01
-5.994511015374877072e-01
-6.096984195137806761e-01
-6.199457545697533156e-01
-6.301931070962963899e-01
-6.404404774861424121e-01
-6.506878661338661995e-01
-6.609352734358864279e-01
-6.711826997904609682e-01
-6.814301455976935484e-01
-6.916776112595294235e-01
-7.019250971797563743e-01
-7.121726037640060403e-01
-7.224201314197491453e-01
-7.326676805563022699e-01
-7.429152515848237437e-01
-7.531628449183142004e-01
-7.634104609716181322e-01
-7.736581001614192266e-01
-7.839057629062471388e-01
-7.941534496264728293e-01
-8.044011607443098955e-01
-8.146488966838159040e-01
-8.248966578708872843e-01
-8.351444447332666554e-01
-8.453922577005379413e-01
-8.556400972041278141e-01
-8.658879636773063604e-01
-8.761358575551831951e-01
-8.863837792747137900e-01
-8.966317270348892476e-01
-9.068796865325861045e-01
-9.171276556043334027e-01
-9.273756347907434749e-01
-9.376236246301398181e-01
-9.478716256585517641e-01
-9.581196384097157015e-01
-9.683676634150762963e-01
-9.786157012037819403e-01
-9.888637523026914122e-01
-9.991118172363697703e-01
-1.009359896527088685e+00
-1.019607990694828770e+00
-1.029856100257273477e+00
-1.040104225729817866e+00
-1.050352367625561500e+00
-1.060600526455312442e+00
-1.070848702727586810e+00
-1.081096896948603447e+00
-1.091345109622292586e+00
-1.101593341250290070e+00
-1.111841592331940243e+00
-1.122089863364291062e+00
-1.132338154842101208e+00
-1.142586467257834304e+00
-1.152834801101662698e+00
-1.163083156861465683e+00
-1.173331535022827055e+00
-1.183579936069040439e+00
-1.193828360481106410e+00
-1.204076808737731152e+00
-1.214325281315330685e+00
-1.224573778688023751e+00
-1.234822301327640259e+00
-1.245070849703715288e+00
-1.255319424283491747e+00
-1.265568025531920160e+00
-1.275816653911655552e+00
-1.286065309883062779e+00
-1.296313993904213202e+00
-1.306562706430884457e+00
-1.316811447916563571e+00
-1.327060218812440295e+00
-1.337309019567415547e+00
-1.347557850628095633e+00
-1.357806712438794694e+00
-1.368055605441534484e+00
-1.378304530076040813e+00
-1.388553486779749768e+00
-1.398802475987803495e+00
-1.409051498133051528e+00
-1.419300553646051455e+00
-1.429549642955064037e+00
-1.439798766486061421e+00
-1.450047924662721588e+00
-1.460297117906428799e+00
-1.470546346636276702e+00
-1.480795611269061673e+00
-1.491044912219291474e+00
-1.501294249899178812e+00
-1.511543624718644896e+00
-1.521793037085317435e+00
-1.532042487404529751e+00
-1.542291976079323890e+00
-1.552541503510449505e+00
-1.562791070096361867e+00
-1.573040676233225410e+00
-1.583290322314908183e+00
-1.593540008732988511e+00
-1.603789735876750777e+00
-1.614039504133186975e+00
-1.624289313886995823e+00
-1.634539165520581872e+00
-1.644789059414058618e+00
-1.655038995945246061e+00
-1.665288975489671142e+00
-1.675538998420569525e+00
-1.685789065108879825e+00
-1.696039175923251818e+00
-1.706289331230041340e+00
-1.716539531393310503e+00
-1.726789776774830365e+00
-1.737040067734075599e+00
-1.747290404628231375e+00
-1.757540787812188254e+00
-1.767791217638545076e+00
-1.778041694457607846e+00
-1.788292218617387075e+00
-1.798542790463603103e+00
-1.808793410339682772e+00
-1.819044078586760538e+00
-1.829294795543675578e+00
-1.839545561546976460e+00
-1.849796376930918917e+00
-1.860047242027464298e+00
-1.870298157166283781e+00
-1.880549122674750828e+00
-1.890800138877950953e+00
-1.901051206098673729e+00
-1.911302324657417895e+00
-1.921553494872388690e+00
-1.931804717059496523e+00
-1.942055991532360748e+00
-1.952307318602308328e+00
-1.962558698578372063e+00
-1.972810131767293695e+00
-1.983061618473518362e+00
-1.993313158999202139e+00
-2.003564753644206053e+00
-2.013816402706100295e+00
-2.024068106480160445e+00
-2.034319865259368143e+00
-2.044571679334414416e+00
-2.054823548993697013e+00
-2.065075474523319521e+00
-2.075327456207095356e+00
-2.085579494326540662e+00
-2.095831589160882746e+00
-2.106083740987053421e+00
-2.116335950079692996e+00
-2.126588216711150281e+00
-2.136840541151476813e+00
-2.147092923668434405e+00
-2.157345364527492926e+00
-2.167597863991826745e+00
-2.177850422322319623e+00
-2.188103039777559822e+00
-2.198355716613844102e+00
-2.208608453085177725e+00
-2.218861249443271344e+00
-2.229114105937543222e+00
-2.239367022815118347e+00
-2.249620000320828872e+00
-2.259873038697214120e+00
-2.270126138184521469e+00
-2.280379299020705908e+00
-2.290632521441425595e+00
-2.300885805680049856e+00
-2.311139151967653405e+00
-2.321392560533018568e+00
-2.331646031602635727e+00
-2.341899565400699323e+00
-2.352153162149113630e+00
-2.362406822067489642e+00
-2.372660545373145080e+00
-2.382914332281105274e+00
-2.393168183004101390e+00
-2.403422097752571762e+00
-2.413676076734663667e+00
-2.423930120156231549e+00
-2.434184228220833024e+00
-2.444438401129736871e+00
-2.454692639081918593e+00
-2.464946942274058639e+00
-2.475201310900548179e+00
-2.485455745153479779e+00
-2.495710245222658052e+00
-2.505964811295593453e+00
-2.516219443557503599e+00
-2.526474142191312833e+00
-2.536728907377651776e+00
-2.546983739294859106e+00
-2.557238638118981111e+00
-2.567493604023770359e+00
-2.577748637180688362e+00
-2.588003737758899359e+00
-2.598258905925279638e+00
-2.608514141844409107e+00
-2.618769445678577057e+00
-2.629024817587780394e+00
-2.639280257729718748e+00
-2.649535766259802916e+00
-2.659791343331150415e+00
-2.670046989094585488e+00
-2.680302703698638656e+00
-2.690558487289548051e+00
-2.700814340011258086e+00
-2.711070262005422560e+00
-2.721326253411400220e+00
-2.731582314366259201e+00
-2.741838445004770808e+00
-2.752094645459417510e+00
-2.762350915860386724e+00
-2.772607256335573034e+00
-2.782863667010580855e+00
-2.793120148008716441e+00
-2.803376699450997656e+00
-2.813633321456148639e+00
-2.823890014140598481e+00
-2.834146777618487434e+00
-2.844403612001657145e+00
-2.854660517399660868e+00
-2.864917493919758140e+00
-2.875174541666915662e+00
-2.885431660743805971e+00
-2.895688851250809215e+00
-2.905946113286012711e+00
-2.916203446945211386e+00
-2.926460852321907335e+00
-2.936718329507310266e+00
-2.946975878590333942e+00
-2.957233499657602405e+00
-2.967491192793446864e+00
-2.977748958079902586e+00
-2.988006795596716891e+00
-2.998264705421338050e+00
-3.008522687628926384e+00
-3.018780742292347163e+00
-3.029038869482174157e+00
-3.039297069266686524e+00
-3.049555341711871481e+00
-3.059813686881422523e+00
-3.070072104836741644e+00
-3.080330595636937119e+00
-3.090589159338826164e+00
-3.100847795996927836e+00
-3.111106505663474575e+00
-3.121365288388401993e+00
-3.131624144219355976e+00
-3.141883073201684695e+00
-3.152142075378447483e+00
-3.162401150790409954e+00
-3.172660299476044887e+00
-3.182919521471532232e+00
-3.193178816810756881e+00
-3.203438185525313120e+00
-3.213697627644501953e+00
-3.223957143195331554e+00
-3.234216732202518152e+00
-3.244476394688481147e+00
-3.254736130673352434e+00
-3.264995940174966194e+00
-3.275255823208867767e+00
-3.285515779788307889e+00
-3.295775809924242239e+00
-3.306035913625337219e+00
-3.316296090897964177e+00
-3.326556341746202961e+00
-3.336816666171839696e+00
-3.347077064174366789e+00
-3.357337535750984703e+00
-3.367598080896601509e+00
-3.377858699603831560e+00
-3.388119391862997709e+00
-3.398380157662126866e+00
-3.408640996986956218e+00
-3.418901909820927898e+00
-3.429162896145192541e+00
-3.439423955938609279e+00
-3.449685089177739528e+00
-3.459946295836855867e+00
-3.470207575887937601e+00
-3.480468929300669423e+00
-3.490730356042446303e+00
-3.500991856078365050e+00
-3.511253429371234525e+00
-3.521515075881568535e+00
-3.531776795567588945e+00
-3.542038588385224784e+00
-3.552300454288109588e+00
-3.562562393227586277e+00
-3.572824405152705385e+00
-3.583086490010223724e+00
-3.593348647744606161e+00
-3.603610878298021181e+00
-3.613873181610348873e+00
-3.624135557619174275e+00
-3.634398006259789593e+00
-3.644660527465195532e+00
-3.654923121166095967e+00
-3.665185787290906383e+00
-3.675448525765747654e+00
-3.685711336514447822e+00
-3.695974219458542098e+00
-3.706237174517271526e+00
-3.716500201607586096e+00
-3.726763300644141630e+00
-3.737026471539303785e+00
-3.747289714420734885e+00
-3.757553044808592091e+00
-3.767816471883287832e+00
-3.778079995068455599e+00
-3.788343613776301133e+00
-3.798607327407599321e+00
-3.808871135351700854e+00
-3.819135036986526899e+00
-3.829399031678570875e+00
-3.839663118782898010e+00
-3.849927297643144453e+00
-3.860191567591519046e+00
-3.870455927948803776e+00
-3.880720378024351547e+00
-3.890984917116088848e+00
-3.901249544510509981e+00
-3.911514259482685496e+00
-3.921779061296256419e+00
-3.932043949203435584e+00
-3.942308922445009411e+00
-3.952573980250332575e+00
-3.962839121837335110e+00
-3.973104346412517973e+00
-3.983369653170954372e+00
-3.993635041296290211e+00
-4.003900509960740983e+00
-4.014166058325095321e+00
-4.024431685538715442e+00
-4.034697390739533596e+00
-4.044963173054056504e+00
-4.055229031597357370e+00
-4.065494965473088307e+00
-4.075760973773468798e+00
-4.086027055579292799e+00
-4.096293209959925186e+00
-4.106559435973301753e+00
-4.116825732665930104e+00
-4.127092099072894094e+00
-4.137358534217844941e+00
-4.147625037113009228e+00
-4.157891606759181791e+00
-4.168158242145731940e+00
-4.178424942250599017e+00
-4.188691706040299501e+00
-4.198958532469916349e+00
-4.209225420483104330e+00
-4.219492369012095345e+00
-4.229759376977686891e+00
-4.240026443289255376e+00
-4.250293566844744575e+00
-4.260560746530670073e+00
-4.270827981222119263e+00
-4.281095269782755786e+00
-4.291362611064809762e+00
-4.301630003909090227e+00
-4.311897447144969142e+00
-4.322164939590397381e+00
-4.332432480051894075e+00
-4.342700067324553714e+00
-4.352967700192040823e+00
-4.363235377426589956e+00
-4.373503097789012806e+00
-4.383770860028687544e+00
-4.394038662883567703e+00
-4.404306505080178624e+00
-4.414574385333615680e+00
-4.424842302347546941e+00
-4.435110254814214947e+00
-4.445378241414432274e+00
-4.455646260817580639e+00
-4.465914311681618898e+00
-4.476182392653075048e+00
-4.486450502367048898e+00
-4.496718639447215615e+00
-4.506986802505816847e+00
-4.517254990143669602e+00
-4.527523200950162696e+00
-4.537791433503257643e+00
-4.548059686369485100e+00
-4.558327958103951083e+00
-4.568596247250331643e+00
-4.578864552340873750e+00
-4.589132871896399735e+00
-4.599401204426301959e+00
-4.609669548428542818e+00
-4.619937902389660067e+00
-4.630206264784763270e+00
-4.640474634077530247e+00
-4.650743008720216842e+00
-4.661011387153643604e+00
-4.671279767807208216e+00
-4.681548149098881062e+00
-4.691816529435199890e+00
-4.702084907211278697e+00
-4.712353280810799738e+00
-4.722621648606021516e+00
-4.732890008957770789e+00
-4.743158360215448788e+00
-4.753426700717028552e+00
-4.763695028789053154e+00
-4.773963342746637473e+00
-4.784231640893471749e+00
-4.794499921521815367e+00
-4.804768182912503072e+00
-4.815036423334935201e+00
-4.825304641047089227e+00
-4.835572834295514433e+00
-4.845841001315331020e+00
-4.856109140330231000e+00
-4.866377249552476414e+00
-4.876645327182905554e+00
-4.886913371410925855e+00
-4.897181380414518337e+00
-4.907449352360234940e+00
-4.917717285403199412e+00
-4.927985177687106422e+00
-4.938253027344225998e+00
-4.948520832495397315e+00
-4.958788591250034017e+00
-4.969056301706118006e+00
-4.979323961950207433e+00
-4.989591570057426928e+00
-4.999859124091480922e+00
-5.010126622104639438e+00
-5.020394062137745195e+00
-5.030661442220216273e+00
-5.040928760370039896e+00
-5.051196014593775097e+00
-5.061463202886556267e+00
-5.071730323232085169e+00
-5.081997373602637147e+00
-5.092264351959062907e+00
-5.102531256250781411e+00
-5.112798084415783428e+00
-5.123064834380633314e+00
