7.946430973447984769e+00
7.930799953307900552e+00
7.915168906272204374e+00
7.899537805834345505e+00
7.883906625915825472e+00
7.868275340904943960e+00
7.852643925657015522e+00
7.837012355494376692e+00
7.821380606206388642e+00
7.805748654049426527e+00
7.790116475746889257e+00
7.774484048489195054e+00
7.758851262294355955e+00
7.743217985664188063e+00
7.727584217292917224e+00
7.711949956519517535e+00
7.696315202464605321e+00
7.680679954030448009e+00
7.665044209900964134e+00
7.649407968541712677e+00
7.633771228199907277e+00
7.618133986904407351e+00
7.602496242465717202e+00
7.586857992475993129e+00
7.571219234309036317e+00
7.555579965120299057e+00
7.539940181846877643e+00
7.524299881207518581e+00
7.508659059702616823e+00
7.493017713614211317e+00
7.477375839005993896e+00
7.461733431723302168e+00
7.446090487393120405e+00
7.430447001424082210e+00
7.414802969006466959e+00
7.399158385112207803e+00
7.383513244494876560e+00
7.367867541689700595e+00
7.352221271013552162e+00
7.336574426564951068e+00
7.320927002224065561e+00
7.305278991652712328e+00
7.289630388294353835e+00
7.273981185374101877e+00
7.258331375898718463e+00
7.242680952656608717e+00
7.227029908217827980e+00
7.211378234934080922e+00
7.195725924938717100e+00
7.180072970146737177e+00
7.164419362254785817e+00
7.148765092741159677e+00
7.133110152865799414e+00
7.117454533670295902e+00
7.101798225977888457e+00
7.086141220393462170e+00
7.070483507303550574e+00
7.054825076876336531e+00
7.039165919061648680e+00
7.023506023590964986e+00
7.007845379977410971e+00
6.992183977515759707e+00
6.976521805282431821e+00
6.960858852135496377e+00
6.945195106714671773e+00
6.929530557441320404e+00
6.913865192518454883e+00
6.898198999930738040e+00
6.882531967444474930e+00
6.866864082607624375e+00
6.851195332749789202e+00
6.835525704982219786e+00
6.819855186197818497e+00
6.804183763071130819e+00
6.788511422058352451e+00
6.772838149397328422e+00
6.757163931107545984e+00
6.741488752990149713e+00
6.725812600627920190e+00
6.710135459385297096e+00
6.694457314408361448e+00
6.678778150624841814e+00
6.663097952744117869e+00
6.647416705257216840e+00
6.631734392436810843e+00
6.616050998337223099e+00
6.600366506794421717e+00
6.584680901426025912e+00
6.568994165631299786e+00
6.553306282591157661e+00
6.537617235268161409e+00
6.521927006406516902e+00
6.506235578532082897e+00
6.490542933952366589e+00
6.474849054756516509e+00
6.459153922815334958e+00
6.443457519781270015e+00
6.427759827088417310e+00
6.412060825952520915e+00
6.396360497370975118e+00
6.380658822122816431e+00
6.364955780768733362e+00
6.349251353651061081e+00
6.333545520893784975e+00
6.317838262402533545e+00
6.302129557864587284e+00
6.286419386748873350e+00
6.270707728305964679e+00
6.254994561568086198e+00
6.239279865349107723e+00
6.223563618244544848e+00
6.207845798638773616e+00
6.192126445190294426e+00
6.176405596784590557e+00
6.160683236048775768e+00
6.144959345890233848e+00
6.129233909496622168e+00
6.113506910335861910e+00
6.097778332156150505e+00
6.082048158985952746e+00
6.066316375134002570e+00
6.050582965189307494e+00
6.034847914021144177e+00
6.019111206779056644e+00
6.003372828892862501e+00
5.987632766072649382e+00
5.971891004308772288e+00
5.956147529871859803e+00
5.940402329312808760e+00
5.924655389462788690e+00
5.908906697433234712e+00
5.893156240615856412e+00
5.877404006682632520e+00
5.861649983585811796e+00
5.845894159557912140e+00
5.830136523111723257e+00
5.814377063040304883e+00
5.798615768416985006e+00
5.782852628595366973e+00
5.767087633209317943e+00
5.751320772172977769e+00
5.735552035680758998e+00
5.719781414207343317e+00
5.704008898507679781e+00
5.688234479616991024e+00
5.672458148850767046e+00
5.656679897804769652e+00
5.640899718355033343e+00
5.625117602657859095e+00
5.609333543149818802e+00
5.593547532547755274e+00
5.577759563848782243e+00
5.561969630330283465e+00
5.546177725549911841e+00
5.530383843345590300e+00
5.514587977835514465e+00
5.498790123418145548e+00
5.482990274772221895e+00
5.467188426856748329e+00
5.451384574910996150e+00
5.435578714454512017e+00
5.419770841287112617e+00
5.403960951488882891e+00
5.388149041420178698e+00
5.372335107721626812e+00
5.356519147314122264e+00
5.340701157398831889e+00
5.324881135457195214e+00
5.309059079250917357e+00
5.293234986821976129e+00
5.277408856492616707e+00
5.261580686865361400e+00
5.245750476822995445e+00
5.229918225528577658e+00
5.214083932425438661e+00
5.198247597237172890e+00
5.182409219967652803e+00
5.166568800901018221e+00
5.150726340601677222e+00
5.134881839914309687e+00
5.119035299963865526e+00
5.103186722155565569e+00
5.087336108174900673e+00
5.071483459987630837e+00
5.055628779839787867e+00
5.039772070257672709e+00
5.023913334047856338e+00
5.008052574297181536e+00
4.992189794372760225e+00
4.976324997921972582e+00
4.960458188872475027e+00
4.944589371432185132e+00
4.928718550089301154e+00
4.912845729612282497e+00
4.896970915049864814e+00
4.881094111731051122e+00
4.865215325265113577e+00
4.849334561541600586e+00
4.833451826730322587e+00
4.817567127281365380e+00
4.801680469925085681e+00
4.785791861672104908e+00
4.769901309813322499e+00
4.754008821919902594e+00
4.738114405843279364e+00
4.722218069715160560e+00
4.706319821947523074e+00
4.690419671232612941e+00
4.674517626542946225e+00
4.658613697131310794e+00
4.642707892530763658e+00
4.626800222554632747e+00
4.610890697296516016e+00
4.594979327130282343e+00
4.579066122710067077e+00
4.563151094970280042e+00
4.547234255125602864e+00
4.531315614670981873e+00
4.515395185381636090e+00
4.499472979313056342e+00
4.483549008800999935e+00
4.467623286461500420e+00
4.451695825190856937e+00
4.435766638165639542e+00
4.419835737694596922e+00
4.403903082549999404e+00
4.387968657162252484e+00
4.372032476470696594e+00
4.356094555351008424e+00
4.340154908615198259e+00
4.324213551011608203e+00
4.308270497224919282e+00
4.292325761876143453e+00
4.276379359522624490e+00
4.260431304658044205e+00
4.244481611712415337e+00
4.228530295052090437e+00
4.212577368979748549e+00
4.196622847734405859e+00
4.180666745491413927e+00
4.164709076362456130e+00
4.148749854395552106e+00
4.132789093575055972e+00
4.116826807821651002e+00
4.100863010992358504e+00
4.084897716880534269e+00
4.068930939215868570e+00
4.052962691664380834e+00
4.036992987828429413e+00
4.021021841246706252e+00
4.005049265394234226e+00
3.989075273682373801e+00
3.973099879458817263e+00
3.957123096007591379e+00
3.941144936549057842e+00
3.925165414239910611e+00
3.909184542173180787e+00
3.893202333378229962e+00
3.877218800820755096e+00
3.861233957402789407e+00
3.845247815962695270e+00
3.829260389275174870e+00
3.813271690051259988e+00
3.797281730938317335e+00
3.781290524520050766e+00
3.765298083316492850e+00
3.749304419784015519e+00
3.733309546315322081e+00
3.717313475239447662e+00
3.701316218821767201e+00
3.685317789263983457e+00
3.669318198704138556e+00
3.653317459216605556e+00
3.637315582812090664e+00
3.621312581437638123e+00
3.605308466976621773e+00
3.589303251248753046e+00
3.573296946010074748e+00
3.557289562952965500e+00
3.541281113706137962e+00
3.525271609834636166e+00
3.509261062839842182e+00
3.493249484159469009e+00
3.477236885167566349e+00
3.461223277174514834e+00
3.445208671427030467e+00
3.429193079108165065e+00
3.413176511337301822e+00
3.397158979170160187e+00
3.381140493598791874e+00
3.365121065551582635e+00
3.349100705893254037e+00
3.333079425424859910e+00
3.317057234883790340e+00
3.301034144943766346e+00
3.285010166214844762e+00
3.268985309243417348e+00
3.252959584512206792e+00
3.236933002440274265e+00
3.220905573383011422e+00
3.204877307632144401e+00
3.188848215415735599e+00
3.172818306898178342e+00
3.156787592180203550e+00
3.140756081298871738e+00
3.124723784227582790e+00
3.108690710876066632e+00
3.092656871090386339e+00
3.076622274652944355e+00
3.060586931282471390e+00
3.044550850634036188e+00
3.028514042299040199e+00
3.012476515805216692e+00
2.996438280616637417e+00
2.980399346133704164e+00
2.964359721693155425e+00
2.948319416568062845e+00
2.932278439967829886e+00
2.916236801038198490e+00
2.900194508861241083e+00
2.884151572455365464e+00
2.868108000775314359e+00
2.852063802712160978e+00
2.836018987093317456e+00
2.819973562682526413e+00
2.803927538179865842e+00
2.787880922221748659e+00
2.771833723380919157e+00
2.755785950166458331e+00
2.739737611023779440e+00
2.723688714334631111e+00
2.707639268417096012e+00
2.691589281525588628e+00
2.675538761850860148e+00
2.659487717519994465e+00
2.643436156596410402e+00
2.627384087079859487e+00
2.611331516906428174e+00
2.595278453948536956e+00
2.579224906014939478e+00
2.563170880850726085e+00
2.547116386137316724e+00
2.531061429492470261e+00
2.515006018470276050e+00
2.498950160561157929e+00
2.482893863191876438e+00
2.466837133725521714e+00
2.450779979461523261e+00
2.434722407635640629e+00
2.418664425419966957e+00
2.402606039922933423e+00
2.386547258189301246e+00
2.370488087200169236e+00
2.354428533872966689e+00
2.338368605061458272e+00
2.322308307555744911e+00
2.306247648082257129e+00
2.290186633303764374e+00
2.274125269819367023e+00
2.258063564164498604e+00
2.242001522810931124e+00
2.225939152166765300e+00
2.209876458576440328e+00
2.193813448320727222e+00
2.177750127616729259e+00
2.161686502617888639e+00
2.145622579413977160e+00
2.129558364031102879e+00
2.113493862431706560e+00
2.097429080514565669e+00
2.081364024114788158e+00
2.065298699003817351e+00
2.049233110889432385e+00
2.033167265415743330e+00
2.017101168163197400e+00
2.001034824648574073e+00
1.984968240324986422e+00
1.968901420581883333e+00
1.952834370745045289e+00
1.936767096076589922e+00
1.920699601774966903e+00
1.904631892974958607e+00
1.888563974747685226e+00
1.872495852100596991e+00
1.856427529977482171e+00
1.840359013258459742e+00
1.824290306759982938e+00
1.808221415234841922e+00
1.792152343372157564e+00
1.776083095797387434e+00
1.760013677072321370e+00
1.743944091695082799e+00
1.727874344100132076e+00
1.711804438658259819e+00
1.695734379676594461e+00
1.679664171398595363e+00
1.663593818004056590e+00
1.647523323609108470e+00
1.631452692266212035e+00
1.615381927964165465e+00
1.599311034628098982e+00
1.583240016119476623e+00
1.567168876236098685e+00
1.551097618712096171e+00
1.535026247217938122e+00
1.518954765360423842e+00
1.502883176682689781e+00
1.486811484664204430e+00
1.470739692720769431e+00
1.454667804204524240e+00
1.438595822403938351e+00
1.422523750543818188e+00
1.406451591785302435e+00
1.390379349225863370e+00
1.374307025899310419e+00
1.358234624775782606e+00
1.342162148761757656e+00
1.326089600700043780e+00
1.310016983369783894e+00
1.293944299486456950e+00
1.277871551701872832e+00
1.261798742604179013e+00
1.245725874717854120e+00
1.229652950503711262e+00
1.213579972358899584e+00
1.197506942616898939e+00
1.181433863547527441e+00
1.165360737356933685e+00
1.149287566187600751e+00
1.133214352118348200e+00
1.117141097164326080e+00
1.101067803277022916e+00
1.084994472344256167e+00
1.068921106190181769e+00
1.052847706575287257e+00
1.036774275196393758e+00
1.020700813686659325e+00
1.004627323615572276e+00
9.885538064889586307e-01
9.724802637489761148e-01
9.564066967741156056e-01
9.403331068792059044e-01
9.242594953154051884e-01
9.081858632702100032e-01
8.921122118674478241e-01
8.760385421672802764e-01
8.599648551662057994e-01
8.438911517970532072e-01
8.278174329289889055e-01
8.117436993675106738e-01
7.956699518544505523e-01
7.795961910679768403e-01
7.635224176225888781e-01
7.474486320691229313e-01
7.313748348947474165e-01
7.153010265229640119e-01
6.992272073136117649e-01
6.831533775628595428e-01
6.670795375032146923e-01
6.510056873035149350e-01
6.349318270689328081e-01
6.188579568409771081e-01
6.027840765974874504e-01
5.867101862526404865e-01
5.706362856569450193e-01
5.545623745972434460e-01
5.384884527967145340e-01
5.224145199148684249e-01
5.063405755475520742e-01
4.902666192269430900e-01
4.741926504215568938e-01
4.581186685362402256e-01
4.420446729121737528e-01
4.259706628268748463e-01
4.098966374941914736e-01
3.938225960643090828e-01
3.777485376237444958e-01
3.616744611953487953e-01
3.456003657383094896e-01
3.295262501481446282e-01
3.134521132567099633e-01
2.973779538321925653e-01
2.813037705791135989e-01
2.652295621383306545e-01
2.491553270870323356e-01
2.330810639387443095e-01
2.170067711433239233e-01
2.009324470869625068e-01
1.848580900921879822e-01
1.687836984178588962e-01
1.527092702591713591e-01
1.366348037476528277e-01
1.205602969511647138e-01
1.044857478739052853e-01
8.841115445640326809e-02
7.233651457552488229e-02
5.626182604446691021e-02
4.018708661276377408e-02
2.411229396628111407e-02
8.037445727218740787e-03
-8.037460545887732330e-03
-2.411242735816870528e-02
-4.018745727842224641e-02
-5.626274935114174841e-02
-7.233878743027105651e-02
-8.841557989537726647e-02
-1.044931116960697709e-01
-1.205713678320784465e-01
-1.366503333532463060e-01
-1.527299933595315240e-01
-1.688103330010089220e-01
-1.848913374778630159e-01
-2.009729920403988401e-01
-2.170552819890343987e-01
-2.331381926743029687e-01
-2.492217094968544322e-01
-2.653058179074484491e-01
-2.813905034069650868e-01
-2.974757515463974378e-01
-3.135615479268538675e-01
-3.296478781995593743e-01
-3.457347280658485955e-01
-3.618220832771767426e-01
-3.779099296351120518e-01
-3.939982529913379494e-01
-4.100870392476543280e-01
-4.261762743559712185e-01
-4.422659443183186712e-01
-4.583560351868400939e-01
-4.744465330637939182e-01
-4.905374241015553194e-01
-5.066286945026091670e-01
-5.227203305195606831e-01
-5.388123184551284472e-01
-5.549046446621458406e-01
-5.709972955435631548e-01
-5.870902575524404865e-01
-6.031835171919580629e-01
-6.192770610154092470e-01
-6.353708756262029800e-01
-6.514649476778643367e-01
-6.675592638740285301e-01
-6.836538109684507925e-01
-6.997485757649999361e-01
-7.158435451176594633e-01
-7.319387059305300092e-01
-7.480340451578213479e-01
-7.641295498038644940e-01
-7.802252069231027098e-01
-7.963210036200967235e-01
-8.124169270495165129e-01
-8.285129644161529638e-01
-8.446091029749096535e-01
-8.607053300308052934e-01
-8.768016329389756169e-01
-8.928979991046659404e-01
-9.089944159832417103e-01
-9.250908710801819534e-01
-9.411873519510804975e-01
-9.572838462016479699e-01
-9.733803414877048032e-01
-9.894768255151915604e-01
-1.005573286040162495e+00
-1.021669710868786218e+00
-1.037766087857348474e+00
-1.053862404912245143e+00
-1.069958649989991573e+00
-1.086054811097217021e+00
-1.102150876290665549e+00
-1.118246833677197571e+00
-1.134342671413784309e+00
-1.150438377707516002e+00
-1.166533940815597248e+00
-1.182629349045346556e+00
-1.198724590754200570e+00
-1.214819654349704292e+00
-1.230914528289524190e+00
-1.247009201081438867e+00
-1.263103661283343060e+00
-1.279197897503247638e+00
-1.295291898399272945e+00
-1.311385652679660563e+00
-1.327479149102764211e+00
-1.343572376477053520e+00
-1.359665323661114478e+00
-1.375757979563642985e+00
-1.391850333143454632e+00
-1.407942373409479364e+00
-1.424034089420761484e+00
-1.440125470286462095e+00
-1.456216505165851549e+00
-1.472307183268321662e+00
-1.488397493853376830e+00
-1.504487426230636027e+00
-1.520576969759835917e+00
-1.536666113850822413e+00
-1.552754847963561557e+00
-1.568843161608133085e+00
-1.584931044344731310e+00
-1.601018485783667566e+00
-1.617105475585363106e+00
-1.633192003460359309e+00
-1.649278059169310584e+00
-1.665363632522986137e+00
-1.681448713382273308e+00
-1.697533291658167576e+00
-1.713617357311785439e+00
-1.729700900354356419e+00
-1.745783910847227505e+00
-1.761866378901854269e+00
-1.777948294679813745e+00
-1.794029648392795329e+00
-1.810110430302603657e+00
-1.826190630721160613e+00
-1.842270240010497329e+00
-1.858349248582765512e+00
-1.874427646900229449e+00
-1.890505425475269563e+00
-1.906582574870382407e+00
-1.922659085698174231e+00
-1.938734948621371190e+00
-1.954810154352814022e+00
-1.970884693655457376e+00
-1.986958557342372700e+00
-2.003031736276741359e+00
-2.019104221371865737e+00
-2.035176003591160132e+00
-2.051247073948154753e+00
-2.067317423506496610e+00
-2.083387043379941517e+00
-2.099455924732367418e+00
-2.115524058777763283e+00
-2.131591436780234883e+00
-2.147658050054003898e+00
-2.163723889963401703e+00
-2.179788947922880471e+00
-2.195853215397005620e+00
-2.211916683900456260e+00
-2.227979344998030520e+00
-2.244041190304634448e+00
-2.260102211485294887e+00
-2.276162400255152818e+00
-2.292221748379462465e+00
-2.308280247673596630e+00
-2.324337890003036922e+00
-2.340394667283385299e+00
-2.356450571480356970e+00
-2.372505594609782165e+00
-2.388559728737608356e+00
-2.404612965979892270e+00
-2.420665298502810980e+00
-2.436716718522654812e+00
-2.452767218305829111e+00
-2.468816790168856468e+00
-2.484865426478368278e+00
-2.500913119651117178e+00
-2.516959862153968608e+00
-2.533005646503902586e+00
-2.549050465268016374e+00
-2.565094311063518262e+00
-2.581137176557733781e+00
-2.597179054468104376e+00
-2.613219937562186068e+00
-2.629259818657650349e+00
-2.645298690622279736e+00
-2.661336546373976208e+00
-2.677373378880755883e+00
-2.693409181160749455e+00
-2.709443946282203974e+00
-2.725477667363476630e+00
-2.741510337573044964e+00
-2.757541950129499764e+00
-2.773572498301547284e+00
-2.789601975408008805e+00
-2.805630374817817518e+00
-2.821657689950025638e+00
-2.837683914273799068e+00
-2.853709041308420513e+00
-2.869733064623281926e+00
-2.885755977837896058e+00
-2.901777774621888906e+00
-2.917798448695001046e+00
-2.933817993827090298e+00
-2.949836403838125065e+00
-2.965853672598190993e+00
-2.981869794027490528e+00
-2.997884762096339362e+00
-3.013898570825169543e+00
-3.029911214284524590e+00
-3.045922686595066597e+00
-3.061932981927571795e+00
-3.077942094502930992e+00
-3.093950018592152240e+00
-3.109956748516353731e+00
-3.125962278646771786e+00
-3.141966603404758640e+00
-3.157969717261780662e+00
-3.173971614739419245e+00
-3.189972290409369027e+00
-3.205971738893441447e+00
-3.221969954863562968e+00
-3.237966933041775519e+00
-3.253962668200236052e+00
-3.269957155161213436e+00
-3.285950388797094668e+00
-3.301942364030380883e+00
-3.317933075833690015e+00
-3.333922519229753245e+00
-3.349910689291414112e+00
-3.365897581141636064e+00
-3.381883189953494906e+00
-3.397867510950182357e+00
-3.413850539405006046e+00
-3.429832270641384184e+00
-3.445812700032855780e+00
-3.461791823003070867e+00
-3.477769635025796724e+00
-3.493746131624916096e+00
-3.509721308374422311e+00
-3.525695160898428604e+00
-3.541667684871161015e+00
-3.557638876016961937e+00
-3.573608730110289233e+00
-3.589577242975710458e+00
-3.605544410487914853e+00
-3.621510228571703571e+00
-3.637474693201992793e+00
-3.653437800403816826e+00
-3.669399546252317901e+00
-3.685359926872759928e+00
-3.701318938440519624e+00
-3.717276577181088282e+00
-3.733232839370075329e+00
-3.749187721333197665e+00
-3.765141219446294318e+00
-3.781093330135317565e+00
-3.797044049876335148e+00
-3.812993375195526280e+00
-3.828941302669188307e+00
-3.844887828923734041e+00
-3.860832950635689986e+00
-3.876776664531699446e+00
-3.892718967388516305e+00
-3.908659856033013913e+00
-3.924599327342179311e+00
-3.940537378243114564e+00
-3.956474005713037645e+00
-3.972409206779277557e+00
-3.988342978519283211e+00
-4.004275318060615874e+00
-4.020206222580954503e+00
-4.036135689308089525e+00
-4.052063715519927278e+00
-4.067990298544490457e+00
-4.083915435759916335e+00
-4.099839124594456763e+00
-4.115761362526481726e+00
-4.131682147084467793e+00
-4.147601475847014996e+00
-4.163519346442836166e+00
-4.179435756550756942e+00
-4.195350703899721978e+00
-4.211264186268786069e+00
-4.227176201487121254e+00
-4.243086747434015926e+00
-4.258995822038872170e+00
-4.274903423281209314e+00
-4.290809549190655048e+00
-4.306714197846958747e+00
-4.322617367379983477e+00
-4.338519055969706884e+00
-4.354419261846221190e+00
-4.370317983289732311e+00
-4.386215218630562518e+00
-4.402110966249150437e+00
-4.418005224576048384e+00
-4.433897992091925921e+00
-4.449789267327560083e+00
-4.465679048863852252e+00
-4.481567335331813950e+00
-4.497454125412573056e+00
-4.513339417837372913e+00
-4.529223211387568782e+00
-4.545105504894634052e+00
-4.560986297240155807e+00
-4.576865587355837484e+00
-4.592743374223499764e+00
-4.608619656875068138e+00
-4.624494434392595998e+00
-4.640367705908243323e+00
-4.656239470604288222e+00
-4.672109727713126048e+00
-4.687978476517260518e+00
-4.703845716349315254e+00
-4.719711446592028459e+00
-4.735575666678253803e+00
-4.751438376090960425e+00
-4.767299574363225823e+00
-4.783159261078251845e+00
-4.799017435869350479e+00
-4.814874098419948290e+00
-4.830729248463592640e+00
-4.846582885783935701e+00
-4.862435010214751330e+00
-4.878285621639930625e+00
-4.894134719993475713e+00
-4.909982305259500635e+00
-4.925828377472241115e+00
-4.941672936716046571e+00
-4.957515983125377446e+00
-4.973357516884814089e+00
-4.989197538229046103e+00
-5.005036047442884772e+00
-5.020873044861250634e+00
-5.036708530869183242e+00
-5.052542505901837622e+00
-5.068374970444477157e+00
-5.084205925032487805e+00
-5.100035370251366551e+00
-5.115863306736728511e+00
-5.131689735174300715e+00
-5.147514656299924773e+00
-5.163338070899561316e+00
-5.179159979809280223e+00
-5.194980383915273947e+00
-5.210799284153845079e+00
-5.226616681511407236e+00
-5.242432577024498386e+00
-5.258246971779764856e+00
-5.274059866913969330e+00
-5.289871263613993513e+00
-5.305681163116827470e+00
-5.321489566709579400e+00
-5.337296475729473855e+00
-5.353101891563849080e+00
-5.368905815650160562e+00
-5.384708249475972153e+00
-5.400509194578970273e+00
-5.416308652546952374e+00
-5.432106625017831369e+00
-5.447903113679640086e+00
-5.463698120270516156e+00
-5.479491646578718900e+00
-5.495283694442624878e+00
-5.511074265750721679e+00
-5.526863362441612360e+00
-5.542650986504015442e+00
-5.558437139976763142e+00
-5.574221824948806692e+00
-5.590005043559206577e+00
-5.605786797997146742e+00
-5.621567090501915054e+00
-5.637345923362921951e+00
-5.653123298919691564e+00
-5.668899219561863490e+00
-5.684673687729191016e+00
-5.700446705911542011e+00
-5.716218276648900698e+00
-5.731988402531364102e+00
-5.747757086199149157e+00
-5.763524330342585600e+00
-5.779290137702112418e+00
-5.795054511068289393e+00
-5.810817453281793554e+00
-5.826578967233412953e+00
-5.842339055864048447e+00
-5.858097722164721688e+00
-5.873854969176566243e+00
-5.889610799990829371e+00
-5.905365217748879125e+00
-5.921118225642189259e+00
-5.936869826912356096e+00
-5.952620024851088765e+00
-5.968368822800211859e+00
-5.984116224151665442e+00
-5.999862232347498825e+00
-6.015606850879884782e+00
-6.031350083291107111e+00
-6.047091933173563305e+00
-6.062832404169771650e+00
-6.078571499972355241e+00
-6.094309224324061525e+00
-6.110045581017749861e+00
-6.125780573896393300e+00
-6.141514206853083024e+00
-6.157246483831020356e+00
-6.172977408823526524e+00
-6.188706985874034672e+00
-6.204435219076093411e+00
-6.220162112573371260e+00
-6.235887670559642437e+00
-6.251611897278801955e+00
-6.267334797024862070e+00
-6.283056374141944289e+00
-6.298776633024290916e+00
-6.314495578116252616e+00
-6.330213213912301740e+00
-6.345929544957019885e+00
-6.361644575845108562e+00
-6.377358311221383858e+00
-6.393070755780771108e+00
-6.408781914268316449e+00
-6.424491791479180591e+00
-6.440200392258636164e+00
-6.455907721502074814e+00
-6.471613784154999216e+00
-6.487318585213029287e+00
-6.503022129721899525e+00
-6.518724422777459893e+00
-6.534425469525677599e+00
-6.550125275162625549e+00
-6.565823844934504550e+00
-6.581521184137621105e+00
-6.597217298118401629e+00
-6.612912192273385337e+00
-6.628605872049225134e+00
-6.644298342942692948e+00
-6.659989610500671731e+00
-6.675679680320162568e+00
-6.691368558048281123e+00
-6.707056249382254087e+00
-6.722742760069428947e+00
-6.738428095907264215e+00
-6.754112262743333872e+00
-6.769795266475331807e+00
-6.785477113051058495e+00
-6.801157808468435206e+00
-6.816837358775496014e+00
-6.832515770070392236e+00
-6.848193048501389768e+00
-6.863869200266864645e+00
-6.879544231615315475e+00
-6.895218148845351003e+00
-6.910890958305696330e+00
-6.926562666395190249e+00
-6.942233279562789683e+00
-6.957902804307562583e+00
-6.973571247178695032e+00
-6.989238614775490355e+00
-7.004904913747356687e+00
-7.020570150793830067e+00
-7.036234332664552227e+00
-7.051897466159284811e+00
-7.067559558127904040e+00
-7.083220615470398052e+00
-7.098880645136871337e+00
-7.114539654127545631e+00
-7.130197649492756362e+00
-7.145854638332955311e+00
-7.161510627798703510e+00
-7.177165625090683676e+00
-7.192819637459690441e+00
-7.208472672206634790e+00
-7.224124736682543180e+00
-7.239775838288553089e+00
-7.255425984475921020e+00
-7.271075182746017163e+00
-7.286723440650327177e+00
-7.302370765790453966e+00
-7.318017165818107905e+00
-7.333662687223476695e+00
-7.349307489331007304e+00
-7.364951596818420931e+00
-7.380595019688010794e+00
-7.396237768383072009e+00
-7.411879853787914030e+00
-7.427521287227858870e+00
-7.443162080469232222e+00
-7.458802245719376778e+00
-7.474441795626636242e+00
-7.490080743280373099e+00
-7.505719102210953508e+00
-7.521356886389756191e+00
-7.536994110229173316e+00
-7.552630788582597177e+00
-7.568266936744437956e+00
-7.583902570450114844e+00
-7.599537705876055149e+00
-7.615172359639696964e+00
-7.630806548799486499e+00
-7.646440290854882527e+00
-7.662073603746351047e+00
-7.677706505855370622e+00
-7.693339016004429709e+00
-7.708971153457022218e+00
-7.724602937917656398e+00
-7.740234389531850390e+00
-7.755865528886128679e+00
-7.771496377008030976e+00
-7.787126955366101555e+00
-7.802757285869896364e+00
-7.818387390869982134e+00
-7.834017293157938155e+00
-7.849647015966346508e+00
-7.865276582968804497e+00
-7.880906018279917546e+00
-7.896535346455301863e+00
-7.912164592491586212e+00
-7.927793781826399488e+00
-7.943422940338392024e+00
