0.000000000000000000e+00
-1.004223932591109987e-02
-3.968516485315025377e-02
-8.811295472921859551e-02
-1.544015361105706974e-01
-2.375319858004135976e-01
-3.364050443906051457e-01
-4.498551540169865026e-01
-5.766640984967672523e-01
-7.155741788690359595e-01
-8.653008547906209103e-01
-1.024544791043369596e+00
-1.192003256943734435e+00
-1.366380834698353697e+00
-1.546399400706253813e+00
-1.730807351454766163e+00
-1.918388052978141189e+00
-2.107967499829424440e+00
-2.298417803433335127e+00
-2.488638196389683976e+00
-2.677597067748646253e+00
-2.864343961756675494e+00
-3.047992141627399398e+00
-3.227714487406081911e+00
-3.402744664741836456e+00
-3.572377927868114256e+00
-3.735971570136322306e+00
-3.892945036488157484e+00
-4.042779713196473779e+00
-4.185018411034003627e+00
-4.319264558745127047e+00
-4.445181124302113318e+00
-4.562489281925660833e+00
-4.670966843242827515e+00
-4.770446471246388320e+00
-4.860813695911462062e+00
-4.942004750421184589e+00
-5.014004246956626609e+00
-5.076842710920535851e+00
-5.130593992293627004e+00
-5.175372572567768614e+00
-5.211330785371710128e+00
-5.238655968483164393e+00
-5.257556430986392471e+00
-5.268185168654888173e+00
-5.270775817006023267e+00
-5.265595378372879942e+00
-5.252887696122701122e+00
-5.232902225746733471e+00
-5.205929627891031863e+00
-5.172263900160698036e+00
-5.132200836483844064e+00
-5.086036620819897713e+00
-5.034066544735090076e+00
-4.976583842102547450e+00
-4.913878634356381170e+00
-4.846236979986978000e+00
-4.773940022208520872e+00
-4.697263228960703252e+00
-4.616475719621173646e+00
-4.531839673028895454e+00
-4.443609811703363555e+00
-4.352032957324393436e+00
-4.257347652733917798e+00
-4.159783845965248084e+00
-4.059562632012302608e+00
-3.956896048239746388e+00
-3.851986919532622178e+00
-3.745028749477105734e+00
-3.636205654050645553e+00
-3.525692334481762114e+00
-3.413654086116054920e+00
-3.300246840296335638e+00
-3.185617236430677846e+00
-3.069902721582724592e+00
-2.953231675074083018e+00
-2.835723555738608237e+00
-2.717489069613405750e+00
-2.598630355991124574e+00
-2.479241189892796626e+00
-2.359407199150227452e+00
-2.239206094411678727e+00
-2.118707910504384451e+00
-1.997975257701689600e+00
-1.877063581554080374e+00
-1.756021430050723531e+00
-1.634890726979602249e+00
-1.513707050429313306e+00
-1.392499915451669068e+00
-1.271285766272984841e+00
-1.150067927361704267e+00
-1.028860426351299706e+00
-9.076740153383394683e-01
-7.865160152904584479e-01
-6.653906491437633353e-01
-5.442993743036635967e-01
-4.232412143548560657e-01
-3.022130898552092271e-01
-1.812101481326414409e-01
-6.022609203759912710e-02
6.074649236397028362e-02
1.817158091481168580e-01
3.026909179410302020e-01
4.236835031621459802e-01
5.447016674439697503e-01
6.657509462377786402e-01
7.868345707874606632e-01
9.079530932247210639e-01
1.029104011899390159e+00
1.150281397106221792e+00
1.271475517422006263e+00
1.392672466924918639e+00
1.513853793634425848e+00
1.634996129582701574e+00
1.756070823008411441e+00
1.877043573249475905e+00
1.997874069005145969e+00
2.118515630737829447e+00
2.238914858092040383e+00
2.359011283322949293e+00
2.478737031848799788e+00
2.598016491169564457e+00
2.716765989530812053e+00
2.834893485856473383e+00
2.952298272626632247e+00
3.068870693534331284e+00
3.184491877928458337e+00
3.299035557656121220e+00
3.412393943931158802e+00
3.524428143950417258e+00
3.634978960861293018e+00
3.743877205228089977e+00
3.850943758591868882e+00
3.955989668118861324e+00
4.058816275443568600e+00
4.159215382864071664e+00
4.256969460201810662e+00
4.351851895778056090e+00
4.443627295098912633e+00
4.532051830980240226e+00
4.616873648979146871e+00
4.697833332199279788e+00
4.774664429690782086e+00
4.847094052814870047e+00
4.914843544110945928e+00
4.977629223373927658e+00
5.035163215821516047e+00
5.087154367405212874e+00
5.133309252495103614e+00
5.173333279345975200e+00
5.206931898930729830e+00
5.233811922906230762e+00
5.253682956655487679e+00
5.266258953529282749e+00
5.271259896592744632e+00
5.268413614348546048e+00
5.257473613570482485e+00
5.238380881668859956e+00
5.210944304351787792e+00
5.174938894049251559e+00
5.130169587904795492e+00
5.076474172776061167e+00
5.013726194230164523e+00
4.941837833085263476e+00
4.860762733339141661e+00
4.770498765207788594e+00
4.671090707750291671e+00
4.562694344779845146e+00
4.445525469726788970e+00
4.319773608651440000e+00
4.185690083023080099e+00
4.043590084104581983e+00
3.893854105617148065e+00
3.736929028158227251e+00
3.573328829487414815e+00
3.403634895645311076e+00
3.228495908929514879e+00
3.048627290101066478e+00
2.864810173656328729e+00
2.677889896676421522e+00
2.488773983667969869e+00
2.298429611893773039e+00
2.107880544012130208e+00
1.918203517347558673e+00
1.730524081818252569e+00
1.546012373816060936e+00
1.365897118222660689e+00
1.191441090862198626e+00
1.023925556847001372e+00
8.646477249445480018e-01
7.149108716758539872e-01
5.760137653663812696e-01
4.492394261128331290e-01
3.358432652485653369e-01
2.370406557796132518e-01
1.539939934076966221e-01
8.779931614377831095e-02
3.947255913765680690e-02
9.935530197586948248e-03
1.700541717448969484e-06
