0.000000000000000000e+00
-1.998664424664255406e-03
-7.924096805537846760e-03
-1.765737556358007443e-02
-3.106336505389598393e-02
-4.799172008478510415e-02
-6.827854737005295549e-02
-9.174796716514505013e-02
-1.182136532834726639e-01
-1.474803496377836420e-01
-1.793453567447537145e-01
-2.135999821745015181e-01
-2.500309494579311398e-01
-2.884217604834270476e-01
-3.285540069202088076e-01
-3.702086266982607676e-01
-4.131671020538724703e-01
-4.572125961150786955e-01
-5.021310254523564387e-01
-5.477120664563343011e-01
-5.937500371767411300e-01
-6.400409507556777955e-01
-6.863893349863519067e-01
-7.326083910245366759e-01
-7.785180689247491737e-01
-8.239461354060495513e-01
-8.687279717804019530e-01
-9.127069167387872328e-01
-9.557345663730782981e-01
-9.976710297996937982e-01
-1.038385141154860580e+00
-1.077754628855800645e+00
-1.115666243139324942e+00
-1.152015842999144946e+00
-1.186708443745738917e+00
-1.219658226507803089e+00
-1.250788511082290277e+00
-1.280031693620821365e+00
-1.307329150713878008e+00
-1.332631111500805154e+00
-1.355896499493327356e+00
-1.377092745853068623e+00
-1.396195575909702669e+00
-1.413188770745789080e+00
-1.428063905707332770e+00
-1.440820067725743892e+00
-1.451463553357074998e+00
-1.460007549459036325e+00
-1.466471798432893880e+00
-1.470879977117963477e+00
-1.473236267598023286e+00
-1.473565932814124402e+00
-1.471904727424027781e+00
-1.468291198505633499e+00
-1.462766400050584004e+00
-1.455373619901789928e+00
-1.446158118878910548e+00
-1.435166881835591601e+00
-1.422448380392345113e+00
-1.408052347089231215e+00
-1.392029560703079483e+00
-1.374431642474740922e+00
-1.355310862992857190e+00
-1.334719959481805551e+00
-1.312711963242845892e+00
-1.289340036999031991e+00
-1.264657321896102360e+00
-1.238716793913411385e+00
-1.211571129440876637e+00
-1.183272579779949707e+00
-1.153872854328781283e+00
-1.123423012213907279e+00
-1.091973362133103587e+00
-1.059573370176334350e+00
-1.026271575394108515e+00
-9.921155128849075133e-01
-9.571516441757806914e-01
-9.214252946725530746e-01
-8.849805913265633706e-01
-8.478601424703829936e-01
-8.101060236374264534e-01
-7.717595866312729758e-01
-7.328611085353756716e-01
-6.934497910358281558e-01
-6.535637659172459646e-01
-6.132401064916211952e-01
-5.725148447182637490e-01
-5.314229937710839291e-01
-4.899985758073865383e-01
-4.482746546899641360e-01
-4.062833734117139439e-01
-3.640559959691033742e-01
-3.216229534278551849e-01
-2.790138939203291590e-01
-2.362566523726318812e-01
-1.933685028493251079e-01
-1.503722658834364956e-01
-1.072927821215111099e-01
-6.415467587940049121e-02
-2.098243495816465298e-02
2.219950904254752722e-02
6.536670019026336043e-02
1.084945777405466605e-01
1.515583959889653110e-01
1.945331447306649086e-01
2.373934706049484755e-01
2.801135996036612785e-01
3.226672610239698091e-01
3.650276131484368469e-01
4.071671709379906523e-01
4.490577360265737283e-01
4.906703293098998442e-01
5.319751264248202549e-01
5.729413964203488030e-01
6.135374439263980850e-01
6.537305551317352803e-01
6.934869478885754557e-01
7.327717262676172183e-01
7.715488398941382497e-01
8.097810484030969480e-01
8.474298913589013438e-01
8.844556639937517506e-01
9.208173991271109138e-01
9.564728556379978874e-01
9.913785138713786527e-01
1.025489578369966459e+00
1.058759988333210611e+00
1.091142436216216982e+00
1.122588394892652497e+00
1.153048153817557653e+00
1.182470864638159647e+00
1.210804596713448644e+00
1.237996403016352609e+00
1.263992396905748050e+00
1.288737840269475354e+00
1.312177243553603434e+00
1.334254478208057870e+00
1.354912902092824334e+00
1.374095498407053695e+00
1.391749137136228054e+00
1.407852381733029956e+00
1.422352591670987154e+00
1.435189445436340749e+00
1.446304752002947280e+00
1.455642785546839901e+00
1.463150623009476847e+00
1.468778483406587343e+00
1.472480067750693511e+00
1.474212898425484086e+00
1.473938656823927884e+00
1.471623518037969536e+00
1.467238481366253344e+00
1.460759695387589874e+00
1.452168776331814515e+00
1.441453118466344163e+00
1.428606195206282292e+00
1.413627849648240176e+00
1.396524573223411503e+00
1.377309771163764074e+00
1.356004013476685088e+00
1.332635270128072591e+00
1.307239129141804623e+00
1.279858996334818810e+00
1.250546275421806186e+00
1.219360527241818426e+00
1.186369606881036765e+00
1.151649777491576598e+00
1.115285799635683972e+00
1.077370995017946198e+00
1.038007283505445688e+00
9.973051923769760130e-01
9.553838367878315641e-01
9.123708704859800900e-01
8.684024058692857428e-01
8.236250606430116639e-01
7.782036650164114722e-01
7.323026023831922249e-01
6.860933699864313340e-01
6.397557597934916407e-01
5.934772654968569761e-01
5.474524194774679220e-01
5.018820596175423976e-01
4.569725261920865034e-01
4.129347894266327534e-01
3.699835086830919884e-01
3.283360246255198622e-01
2.882112861229808587e-01
2.498287140670577833e-01
2.134070047166354844e-01
1.791628756320551852e-01
1.473097577241468947e-01
1.180564374207546952e-01
9.160565344372914587e-02
6.815265319268926092e-02
4.788371424785214242e-02
3.097463703256147019e-02
1.758921521666617985e-02
7.877690994339757793e-03
1.975202934235900133e-03
2.346759342934207117e-07
