0.000000000000000000e+00
-5.717290397588500189e-03
-2.260327175265753816e-02
-5.020828069600807853e-02
-8.802132527511703775e-02
-1.354771353628003439e-01
-1.919641704216432654e-01
-2.568323380500037723e-01
-3.294005103412676050e-01
-4.089638035443887154e-01
-4.948005825221112319e-01
-5.861791561645001147e-01
-6.823641344290045652e-01
-7.826224220395111564e-01
-8.862288280805102891e-01
-9.924712747631374565e-01
-1.100655592512206349e+00
-1.210109892221233663e+00
-1.320186603238294509e+00
-1.430251681001486697e+00
-1.539718472954611395e+00
-1.648030504977230803e+00
-1.754668179311637655e+00
-1.859148552375438301e+00
-1.961022613688378602e+00
-2.059875900521498160e+00
-2.155328907200027011e+00
-2.247037296471193990e+00
-2.334691920939136800e+00
-2.418018663101395127e+00
-2.496778102994384962e+00
-2.570765022869931027e+00
-2.639807758681974814e+00
-2.703767408463021216e+00
-2.762536907914886264e+00
-2.816039983728943152e+00
-2.864229995288762431e+00
-2.907088675494062358e+00
-2.944624781480613684e+00
-2.976872665997696288e+00
-3.003890780143703587e+00
-3.025760118055021763e+00
-3.042582613986474005e+00
-3.054468760618366474e+00
-3.061490746661387874e+00
-3.063778267101474828e+00
-3.061478902369594302e+00
-3.054747326892155890e+00
-3.043744129728893633e+00
-3.028634700752965703e+00
-3.009587538573640586e+00
-2.986755831079554113e+00
-2.960303981585733712e+00
-2.930405073515657488e+00
-2.897231556095651417e+00
-2.860954582490847109e+00
-2.821743407530368231e+00
-2.779764841904172279e+00
-2.735182759817714526e+00
-2.688157657198990691e+00
-2.638846257656190186e+00
-2.587401163489315259e+00
-2.533970549160696972e+00
-2.478697894729608553e+00
-2.421721756854859464e+00
-2.363175575068571010e+00
-2.303187511116954855e+00
-2.241880319256950749e+00
-2.179371245489037268e+00
-2.115771953795205995e+00
-2.051188477537730037e+00
-1.985721194258601940e+00
-1.919464822201616405e+00
-1.852508436958835158e+00
-1.784935506720602749e+00
-1.716823944683547154e+00
-1.648246177243798627e+00
-1.579269226673303717e+00
-1.509954807045435832e+00
-1.440359432242145798e+00
-1.370534534938727012e+00
-1.300526595523948670e+00
-1.230377279972287630e+00
-1.160123585739031515e+00
-1.089797994808022530e+00
-1.019428633080682767e+00
-9.490387791412641105e-01
-8.786336041514226647e-01
-8.082222819103269673e-01
-7.378168154194492123e-01
-6.674265668514907102e-01
-5.970584567784108510e-01
-5.267171640610402994e-01
-4.564053261232089986e-01
-3.861237393664732065e-01
-3.158715595142925769e-01
-2.456465017038249876e-01
-1.754450401701916351e-01
-1.052626073919929739e-01
-3.509379258800382484e-02
3.506746052664752589e-02
1.052276568005275359e-01
1.753935535859258987e-01
2.455724375244418278e-01
3.157774318318588014e-01
3.860162401803262089e-01
4.562929500085283752e-01
5.266098772138908535e-01
5.969673339837742176e-01
6.673633977630172298e-01
7.377936816113822571e-01
8.082511062371356969e-01
8.787256740282474166e-01
9.492042454416335096e-01
1.019670318154336508e+00
1.090103809424303627e+00
1.160480842159426373e+00
1.230773535245677675e+00
1.300949798740350660e+00
1.370973134598185705e+00
1.440802443662160703e+00
1.510391839713939088e+00
1.579690471449625377e+00
1.648642353323590104e+00
1.717186206281486660e+00
1.785255309484715669e+00
1.852777364214390099e+00
1.919674371231933296e+00
1.985862522969171540e+00
2.051252112011033635e+00
2.115760681622350425e+00
2.179300647678198644e+00
2.241765022565608945e+00
2.303040936381092418e+00
2.363009748970604562e+00
2.421547183124548752e+00
2.478523481722048949e+00
2.533803590797865102e+00
2.587247370571423843e+00
2.638709836548581933e+00
2.688041432879014536e+00
2.735088340226624393e+00
2.779692820486524774e+00
2.821693600759883402e+00
2.860926299077652502e+00
2.897223894445230208e+00
2.930417243862500243e+00
2.960335649057282748e+00
2.986807475754844621e+00
3.009660828391734988e+00
3.028724283268289241e+00
3.043827683221085323e+00
3.054802996983034369e+00
3.061485246488996115e+00
3.063713505490199385e+00
3.061331972896264908e+00
3.054191124312608085e+00
3.042167533479290586e+00
3.025261887640518843e+00
3.003371457493864582e+00
2.976383847618086165e+00
2.944207649049328523e+00
2.906774144420731787e+00
2.864038967712124961e+00
2.815983706835248235e+00
2.762617437111492880e+00
2.703978173600170898e+00
2.640134230192153098e+00
2.571185473401607968e+00
2.497264458868315273e+00
2.418537438725959721e+00
2.335205228200508909e+00
2.247503920075495376e+00
2.155713750473306600e+00
2.060164968788555484e+00
1.961205104592333992e+00
1.859218064894738065e+00
1.754624759264399980e+00
1.647882362759442998e+00
1.539483308377540993e+00
1.429954000682909676e+00
1.319853243413504185e+00
1.209770375115174490e+00
1.100323108189937171e+00
9.921550681817319361e-01
8.859330316497516788e-01
7.823452842538002328e-01
6.821073935582759873e-01
5.859458105391274207e-01
4.945934177662821285e-01
4.087850103137102842e-01
3.292513763996841036e-01
2.567130254424249136e-01
1.918735881092756557e-01
1.354129171317466074e-01
8.797992199586066042e-02
5.018517509267730881e-02
2.259333152343996273e-02
5.715409494463535509e-03
9.831060904561022788e-07
