0.000000000000000000e+00
-1.837175418405946614e-02
-7.258075774976016636e-02
-1.611004339792334039e-01
-2.822040264771710216e-01
-4.339905361263980410e-01
-6.144120831212154243e-01
-8.213004263394462212e-01
-1.052392699859433511e+00
-1.305356233188602832e+00
-1.577812322255003785e+00
-1.867358835434633324e+00
-2.171591555632367943e+00
-2.488124175666615479e+00
-2.814606879889143265e+00
-3.148743460061145694e+00
-3.488306927966386972e+00
-3.831153601027780020e+00
-4.175230019750332922e+00
-4.518522991813990863e+00
-4.859166133643986640e+00
-5.195452000280718963e+00
-5.525783155794625756e+00
-5.848673994200801474e+00
-6.162752523164183316e+00
-6.466761474858158110e+00
-6.759558771040965475e+00
-7.040117371318762807e+00
-7.307524535240871977e+00
-7.560980530313791803e+00
-7.799796819228367539e+00
-8.023393760576086109e+00
-8.231297858091441100e+00
-8.423138594004539570e+00
-8.598644882430042102e+00
-8.757641178862476394e+00
-8.900043281803597495e+00
-9.025853862323177879e+00
-9.135157756959621622e+00
-9.228117058811262652e+00
-9.304966040956783146e+00
-9.366005945500999630e+00
-9.411599670511252569e+00
-9.442157162662553560e+00
-9.458004154045973166e+00
-9.459557596746348551e+00
-9.447212806278400876e+00
-9.421463954966313281e+00
-9.382830927381361263e+00
-9.331840993816125973e+00
-9.269025876096080196e+00
-9.194919067071484875e+00
-9.110053389603217866e+00
-9.014958781562226520e+00
-8.910160293864612058e+00
-8.796176288985035896e+00
-8.673516827879526048e+00
-8.542682233725560792e+00
-8.404161821352062134e+00
-8.258432781681543489e+00
-8.105959210959785111e+00
-7.947191275045012659e+00
-7.782564499438844763e+00
-7.612499176159897019e+00
-7.437399879010266446e+00
-7.257655079199852644e+00
-7.073636853687439441e+00
-6.885700678992121126e+00
-6.694185303612285587e+00
-6.499412692562055227e+00
-6.301688037895951666e+00
-6.101299829442480060e+00
-5.898519980306157429e+00
-5.693604002024391875e+00
-5.486791224581621940e+00
-5.278305056787827354e+00
-5.068353282821727035e+00
-4.857128391021519498e+00
-4.644807931277440183e+00
-4.431554897641095891e+00
-4.217518133016762150e+00
-4.002832753039605507e+00
-3.787620586475348716e+00
-3.571990629694944186e+00
-3.356039512988529872e+00
-3.139851976684676416e+00
-2.923501355232067667e+00
-2.707050067566047602e+00
-2.490550112242357450e+00
-2.274043565995825578e+00
-2.057563084417528554e+00
-1.841120836852585096e+00
-1.624718508894407165e+00
-1.408368122320823312e+00
-1.192076057011529411e+00
-9.758435386549412227e-01
-7.596672214443299653e-01
-5.435397688695433605e-01
-3.274504325794729831e-01
-1.113861086172562853e-01
1.046660524695674777e-01
3.207188214537687321e-01
5.367844543174900007e-01
7.528740064007760635e-01
9.689966551402974249e-01
1.185159022282944452e+00
1.401364495311711034e+00
1.617612548033598774e+00
1.833898060318994716e+00
2.050210637033883287e+00
2.266533926294746593e+00
2.482844937277116415e+00
2.699113357924860956e+00
2.915300873036575258e+00
3.131360483349230783e+00
3.347235826396062208e+00
3.562860500087922766e+00
3.778157390153300099e+00
3.993038002772988371e+00
4.207401803961820619e+00
4.421135567481169204e+00
4.634112733311996024e+00
4.846192778980854321e+00
5.057220606310673716e+00
5.267025946463765429e+00
5.475422786455378166e+00
5.682208820649891301e+00
5.887164931085221653e+00
6.090054701017550975e+00
6.290646865444633917e+00
6.488735980610963239e+00
6.684028948927478453e+00
6.876208868903257887e+00
7.064940196669679651e+00
7.249868934628139527e+00
7.430622887907852636e+00
7.606811995000706261e+00
7.778028739208650677e+00
7.943848647827007170e+00
8.103830886279089540e+00
8.257518954713116699e+00
8.404441494925398715e+00
8.544113215795977823e+00
8.676035945747548439e+00
8.799699821082665352e+00
8.914584619404415378e+00
9.020161247681794947e+00
9.115893394882224499e+00
9.201239359456561573e+00
9.275654062338469785e+00
9.338591256457183576e+00
9.389610308075244660e+00
9.428377688013384272e+00
9.454339736763222035e+00
9.466956415840014571e+00
9.465713598720208566e+00
9.450127413362864104e+00
9.419748685949627998e+00
9.374167473607133871e+00
9.313017673243292549e+00
9.235981692979869706e+00
9.142795172338658460e+00
9.033251736154445766e+00
8.907207765227347807e+00
8.764587166570510846e+00
8.605386125916020035e+00
8.429677825116375089e+00
8.237652077708993659e+00
8.029793234328604257e+00
7.806449985826678706e+00
7.568025212082589270e+00
7.315035001641374102e+00
7.048111932911583111e+00
6.768007810336330365e+00
6.475595807289874273e+00
6.171871968497102401e+00
5.857956026212813860e+00
5.535091486284663631e+00
5.204644942429396792e+00
4.868104579661894249e+00
4.527077830833896144e+00
4.183326604512123126e+00
3.838762486687318898e+00
3.495355439526459218e+00
3.155178831321445720e+00
2.820399157320674810e+00
2.493263402988748378e+00
2.176084910414341600e+00
1.871227761487749053e+00
1.581089704146882102e+00
1.308083661312797297e+00
1.054617876069475546e+00
8.230747611605626624e-01
6.157885359498014299e-01
4.350217495662176415e-01
2.829408049898835542e-01
1.615906152965465581e-01
7.286854013991864165e-02
1.849776778509808206e-02
3.255953235618428619e-07
