0.000000000000000000e+00
-2.600869696912485197e-03
-1.030238353011571698e-02
-2.293337888118993084e-02
-4.029869795561357576e-02
-6.218107033509110565e-02
-8.834381013864173182e-02
-1.185333750819522747e-01
-1.524818809097487626e-01
-1.899095648274955472e-01
-2.305271861281591728e-01
-2.740383533291111950e-01
-3.201417682244654950e-01
-3.685333783185848477e-01
-4.189084301364632834e-01
-4.709634169053700803e-01
-5.243979150687199109e-01
-5.789163050267899235e-01
-6.342293723985892306e-01
-6.900556994854734061e-01
-7.461172086908375300e-01
-8.021494530236680243e-01
-8.579024267154101713e-01
-9.131361136629371211e-01
-9.676219217531936145e-01
-1.021144591326928364e+00
-1.073501352189337066e+00
-1.124502289715093806e+00
-1.173970642686241517e+00
-1.221743029657747392e+00
-1.267669605820721301e+00
-1.311614152533508770e+00
-1.353454101875889881e+00
-1.393080498751622986e+00
-1.430397903219606803e+00
-1.465324235874167158e+00
-1.497790569220579515e+00
-1.527740868103103722e+00
-1.555131682339731869e+00
-1.579931794800839340e+00
-1.602121828238131762e+00
-1.621693814226047081e+00
-1.638650727620355685e+00
-1.653005989968150402e+00
-1.664782945320954610e+00
-1.674014311904955976e+00
-1.680741062471363678e+00
-1.684982942577032183e+00
-1.686774788706424832e+00
-1.686171273051700226e+00
-1.683230774110791472e+00
-1.678014927607986984e+00
-1.670588198769737520e+00
-1.661017475423308021e+00
-1.649371681382436616e+00
-1.635721409589451891e+00
-1.620138574485600058e+00
-1.602696083084619305e+00
-1.583467524228181933e+00
-1.562526875505863888e+00
-1.539948227326736863e+00
-1.515805523634464747e+00
-1.490172318762880588e+00
-1.463121549934413457e+00
-1.434725324909360333e+00
-1.405054724299877655e+00
-1.374179618068566366e+00
-1.342168495737759759e+00
-1.309088309841920372e+00
-1.275004332161953968e+00
-1.239980022286784722e+00
-1.204076908054004136e+00
-1.167354477428009352e+00
-1.129870081380569546e+00
-1.091678847345346037e+00
-1.052833713939125504e+00
-1.013386010401278625e+00
-9.733846130249813600e-01
-9.328760469043632098e-01
-8.919045491843679008e-01
-8.505120748652810203e-01
-8.087383122279852010e-01
-7.666207074991386872e-01
-7.241944983791892554e-01
-6.814927560581881538e-01
-6.385456527440314112e-01
-5.953704645512312155e-01
-5.519877915805438962e-01
-5.084197108561867573e-01
-4.646867708322127699e-01
-4.208081021755775142e-01
-3.768015321985851429e-01
-3.326837025762809374e-01
-2.884701900125348217e-01
-2.441756295207970218e-01
-1.998138399863196302e-01
-1.553979516862140642e-01
-1.109405354537819077e-01
-6.645373317614550190e-02
-2.194938931831458273e-02
2.256081682938920752e-02
6.706523848156425993e-02
1.115521285655867723e-01
1.560095071071065931e-01
2.004250290942724555e-01
2.447858531239221480e-01
2.890785111361947601e-01
3.332887795482409876e-01
3.774015521031000575e-01
4.214007147561407152e-01
4.652690229289754842e-01
5.089879814692697124e-01
5.525377276645085933e-01
5.958969176684698610e-01
6.390426167109790612e-01
6.819501934744035543e-01
7.245932190343498114e-01
7.669433707771675657e-01
8.089703417230693638e-01
8.506417557010904629e-01
8.919230888405697000e-01
9.327775978635164389e-01
9.731662556830068533e-01
1.013047694834667167e+00
1.052378040068969067e+00
1.091110645698432746e+00
1.129197369932471773e+00
1.166587638094614077e+00
1.203228304774240032e+00
1.239063684286750622e+00
1.274035591497445941e+00
1.308083393750723022e+00
1.341144074676681397e+00
1.373152310678281696e+00
1.404040560934068704e+00
1.433739171784161881e+00
1.462176496399846481e+00
1.489279030670362047e+00
1.514971566274571968e+00
1.539177361942124289e+00
1.561826080706232522e+00
1.582875578971689956e+00
1.602244497476199347e+00
1.619846479918167548e+00
1.635596716199655631e+00
1.649412393922949471e+00
1.661213160245501808e+00
1.670921592764732067e+00
1.678463678038822238e+00
1.683769296287386252e+00
1.686772710758044580e+00
1.687413060192291869e+00
1.685634852776066284e+00
1.681388459911468569e+00
1.674630608102291029e+00
1.665324867206370296e+00
1.653442133271688208e+00
1.638961104140754799e+00
1.621868745979226700e+00
1.602160748860077311e+00
1.579841969514030442e+00
1.554926859340583833e+00
1.527439875761917198e+00
1.497415874994388663e+00
1.464900484309488160e+00
1.429950451857993077e+00
1.392633972138045406e+00
1.353030985199897840e+00
1.311233447697521592e+00
1.267345573920143575e+00
1.221484044965328364e+00
1.173778184249478551e+00
1.124370097592270801e+00
1.073423812700635915e+00
1.021132642288703707e+00
9.676795970026021987e-01
9.132612843382764689e-01
8.580890612389278083e-01
8.023884256189625086e-01
7.463982880546419230e-01
6.903701215572418670e-01
6.345669879553548220e-01
5.792624400628620940e-01
5.247392994973741898e-01
4.712883107400935301e-01
4.192066727912797108e-01
3.687981561102753325e-01
3.203706183542663344e-01
2.742303999026056704e-01
2.306829820366994577e-01
1.900309433002655146e-01
1.525717824092279740e-01
1.185956494455883692e-01
8.838299407478052150e-02
6.220214060075866108e-02
4.030680077781628734e-02
2.293353643240632692e-02
1.029918511123948180e-02
2.598263163461689024e-03
3.618845022773375204e-07
