0.000000000000000000e+00
-1.232892319269165635e-02
-4.871714224046813646e-02
-1.081558274152287225e-01
-1.895029690830726254e-01
-2.915001262190645148e-01
-4.127903908465238580e-01
-5.519357759290011156e-01
-7.074341032605304669e-01
-8.777353070611704222e-01
-1.061257067045783486e+00
-1.256399695743811717e+00
-1.461560215528286966e+00
-1.675145571145523204e+00
-1.895584933503679181e+00
-2.121341060058540506e+00
-2.350920686308923369e+00
-2.582883931660506782e+00
-2.815848915828604859e+00
-3.048465313419639777e+00
-3.279469114455936918e+00
-3.507701823680185349e+00
-3.732080274686669696e+00
-3.951594971791925204e+00
-4.165311446333953782e+00
-4.372371164777501207e+00
-4.571992005480091770e+00
-4.763468322241484643e+00
-4.946170613897898249e+00
-5.119544820216617609e+00
-5.283111265198225048e+00
-5.436463269606634618e+00
-5.579265455124597040e+00
-5.711251762977328283e+00
-5.832223210183993700e+00
-5.942045406789714157e+00
-6.040645857503990079e+00
-6.128011071130327281e+00
-6.204183501019630675e+00
-6.269258339523455348e+00
-6.323380189063251500e+00
-6.366739631982261116e+00
-6.399569720779860305e+00
-6.422133418641635672e+00
-6.434629797080420488e+00
-6.437344649705455168e+00
-6.430590907784673682e+00
-6.414644061697746480e+00
-6.389847638047799094e+00
-6.356557172689759838e+00
-6.315131925992393036e+00
-6.265933025492049779e+00
-6.209321769508838074e+00
-6.145658082936139799e+00
-6.075299116746485595e+00
-5.998597983001115352e+00
-5.915902617470285563e+00
-5.827554762278477796e+00
-5.733889061283591104e+00
-5.635232261178435564e+00
-5.531902511589324334e+00
-5.424208757785375923e+00
-5.312450219856712508e+00
-5.196915952477898948e+00
-5.077884479670712992e+00
-4.955623499243970720e+00
-4.830389651833053577e+00
-4.702428349713001055e+00
-4.571973660803924311e+00
-4.439248243524768434e+00
-4.304463328382315268e+00
-4.167818742406027788e+00
-4.029502972756461965e+00
-3.889693266045046283e+00
-3.748555760106217605e+00
-3.606245645159399160e+00
-3.462907351487754859e+00
-3.318674760943671753e+00
-3.173671439767001168e+00
-3.028010890371720443e+00
-2.881796819919866692e+00
-2.735123423658309072e+00
-2.588075681144267115e+00
-2.440729663629082946e+00
-2.293152851008840809e+00
-2.145404456884185684e+00
-1.997535760398135629e+00
-1.849590443622549429e+00
-1.701604933362950600e+00
-1.553608746376985206e+00
-1.405613599587202112e+00
-1.257624473231974349e+00
-1.109654882022938160e+00
-9.617141493212805203e-01
-8.138077970459272059e-01
-6.659379495980023433e-01
-5.181037367873950750e-01
-3.703016956389094672e-01
-2.225261710105801982e-01
-7.476971499899592866e-02
7.297651485399470062e-02
2.207223789064658437e-01
3.684788262318771102e-01
5.162553134838152591e-01
6.640591961044645108e-01
8.118957132655399977e-01
9.597675289583300628e-01
1.107674272894765499e+00
1.255612081321234808e+00
1.403573137875450572e+00
1.551545214679935114e+00
1.699511213936777843e+00
1.847448710369452574e+00
1.995329494946830096e+00
2.143119120423100377e+00
2.290776449333800091e+00
2.438253205204619078e+00
2.585493527854525020e+00
2.732433533808729109e+00
2.879000882981029186e+00
3.025114352938204298e+00
3.170683422220760939e+00
3.315607864366728830e+00
3.459777354467899357e+00
3.603071090280798749e+00
3.745357430115143327e+00
3.886493549942094727e+00
4.026325122367675036e+00
4.164700827596041321e+00
4.301480542016479447e+00
4.436473205006472575e+00
4.569473201783237570e+00
4.700262593930945698e+00
4.828611223737394376e+00
4.954276860470940846e+00
5.077005392561202868e+00
5.196531069832889926e+00
5.312576800121817655e+00
5.424854504782077314e+00
5.533065537775916809e+00
5.636901173218269889e+00
5.736043166487984735e+00
5.830164394218352086e+00
5.918929578677373904e+00
6.001996102264664401e+00
6.079014918071095508e+00
6.149631562669855889e+00
6.213487277533157993e+00
6.270220245696938477e+00
6.319466950526104299e+00
6.360863663664112266e+00
6.394048069483330821e+00
6.418661033582708342e+00
6.434348523117664698e+00
6.440801857531373464e+00
6.437887030446857395e+00
6.425292569859676561e+00
6.402698065578196207e+00
6.369811689691410095e+00
6.326373566321429109e+00
6.272159163791563685e+00
6.206982695829601937e+00
6.130700517368719460e+00
6.043214498574187132e+00
5.944475360855303592e+00
5.834485958716387977e+00
5.713305167053812639e+00
5.581163104201159797e+00
5.438304830100435971e+00
5.284956118155423432e+00
5.121417782521115569e+00
4.948067920259678232e+00
4.765363782734773679e+00
4.573843244141844622e+00
4.374125835804775875e+00
4.166913315774894322e+00
3.952989744429131314e+00
3.733221038244058043e+00
3.508553975568202254e+00
3.280014630118004870e+00
3.048706210091529201e+00
2.815806283192356929e+00
2.582563370529982638e+00
2.350292981156631100e+00
2.120399842983871075e+00
1.894352883933074549e+00
1.673656268803188407e+00
1.459856204188738182e+00
1.254530568073242369e+00
1.059277601312780037e+00
8.757036875754600214e-01
7.054102571254294851e-01
5.499798590436137946e-01
4.109614560545550299e-01
2.898550060407927287e-01
1.880954045524254326e-01
1.070358731445681388e-01
4.793088918584656466e-02
1.191876386535425242e-02
3.986473603050611842e-06
