0.000000000000000000e+00
-3.471926430787350415e-03
-1.373982427514340229e-02
-3.055282311547344309e-02
-5.362465404573153738e-02
-8.263703899632610095e-02
-1.172440016822190872e-01
-1.570759909113923491e-01
-2.017439154584709793e-01
-2.508430756370742531e-01
-3.039569713043344112e-01
-3.606609682106188819e-01
-4.205258067226281815e-01
-4.831209389971756196e-01
-5.480176826644972410e-01
-6.147921809920335878e-01
-6.830281613405653207e-01
-7.523194854922884423e-01
-8.222724871239454059e-01
-8.925019050988010072e-01
-9.626376615482719057e-01
-1.032335518061483048e+00
-1.101268374531513716e+00
-1.169125569726985558e+00
-1.235614899174360293e+00
-1.300465404639921108e+00
-1.363425719121085677e+00
-1.424264393635762849e+00
-1.482770119107394757e+00
-1.538751839108990493e+00
-1.592038757642784796e+00
-1.642480246424301127e+00
-1.689945656403094576e+00
-1.734324038487627284e+00
-1.775523778649045203e+00
-1.813472152758350608e+00
-1.848114806664082010e+00
-1.879415167143684062e+00
-1.907353789461574634e+00
-1.931927647341278753e+00
-1.953149371208235952e+00
-1.971046440584311110e+00
-1.985660336516725355e+00
-1.997045659897406233e+00
-2.005266337390495313e+00
-2.010356147464345433e+00
-2.012379980858399087e+00
-2.011421390040479373e+00
-2.007568638734490207e+00
-2.000914024725449547e+00
-1.991553238858398744e+00
-1.979584759068747868e+00
-1.965109278291156780e+00
-1.948229165106803773e+00
-1.929047956000872865e+00
-1.907669878115089368e+00
-1.884199401393609641e+00
-1.858740819034555125e+00
-1.831397855173896305e+00
-1.802273298743162444e+00
-1.771468662457513998e+00
-1.739083865906035253e+00
-1.705214615797086219e+00
-1.669951602454765371e+00
-1.633389033786635247e+00
-1.595618660292070778e+00
-1.556729321576339142e+00
-1.516806793515618423e+00
-1.475933656139048367e+00
-1.434189181285102421e+00
-1.391649239121467652e+00
-1.348386222647971033e+00
-1.304468989331353246e+00
-1.259962819049105232e+00
-1.214929387546775041e+00
-1.169426754639423027e+00
-1.123509366413055988e+00
-1.077228070705992691e+00
-1.030630145173059287e+00
-9.837593372573270045e-01
-9.366559154153550892e-01
-8.893567309604195614e-01
-8.418934964853298508e-01
-7.942822787864478595e-01
-7.465443795183988041e-01
-6.987008603963521525e-01
-6.507703214652104107e-01
-6.027690427924338179e-01
-5.547111301215162937e-01
-5.066086640620794945e-01
-4.584718524179843824e-01
-4.103091852795481831e-01
-3.621275925283627961e-01
-3.139326034240916830e-01
-2.657285079612461964e-01
-2.175185197008034366e-01
-1.693049397967495984e-01
-1.210893219510775776e-01
-7.287263804239330067e-02
-2.465544418312709540e-02
2.356195303150193654e-02
7.177933031326022562e-02
1.199963817352821538e-01
1.682125532740629259e-01
2.164268780609230614e-01
2.646378125654256785e-01
3.128430739355976820e-01
3.610394787238905279e-01
4.092227832337187454e-01
4.573875257289946039e-01
5.055268707584913424e-01
5.536324558580048016e-01
6.016942409062322472e-01
6.497003604249920183e-01
6.976369791309474655e-01
7.454881510643580622e-01
7.932356826403108574e-01
8.408589999908152590e-01
8.883353731838480316e-01
9.356495025606117455e-01
9.827735743114884848e-01
1.029670944714345948e+00
1.076301194469249545e+00
1.122620152560813489e+00
1.168579945842515233e+00
1.214129004514290733e+00
1.259212077689925158e+00
1.303770259731879655e+00
1.347741028046098410e+00
1.391058293042201299e+00
1.433652460981410970e+00
1.475450510448460761e+00
1.516376083198609059e+00
1.556349590148776274e+00
1.595288333295858507e+00
1.633106644360641901e+00
1.669716040974148052e+00
1.705025401239317562e+00
1.738941157515628610e+00
1.771367510291204983e+00
1.802206663024801925e+00
1.831359078857122347e+00
1.858723760107708456e+00
1.884198551483401429e+00
1.907680467945129132e+00
1.929066048197715322e+00
1.948251734781600408e+00
1.965134281760124724e+00
1.979611191010726579e+00
1.991581178142595832e+00
2.000944669076915261e+00
2.007604328338870037e+00
2.011465620122817377e+00
2.012437403203602315e+00
2.010432560777109412e+00
2.005368666324544691e+00
1.997168686597179610e+00
1.985803402228893288e+00
1.971263027520174571e+00
1.953481985635464380e+00
1.932407663363420403e+00
1.908002018589868509e+00
1.880242526374725331e+00
1.849123080231749094e+00
1.814654841253746431e+00
1.776867027730167914e+00
1.735807637948138638e+00
1.691544098951576203e+00
1.644163834147100323e+00
1.593774742799718647e+00
1.540505584653960813e+00
1.484506263141893490e+00
1.425948000908331625e+00
1.365024347488412726e+00
1.301957670620877972e+00
1.236985793212501239e+00
1.170365612919238796e+00
1.102374418997341010e+00
1.033309232714238135e+00
9.634859970831936016e-01
8.932386129616407544e-01
8.229178192030442984e-01
7.528899152447431353e-01
6.835353252491824794e-01
6.152470036924928554e-01
5.484286831116178540e-01
4.834929655784873104e-01
4.208601088699669424e-01
3.609588357659073710e-01
3.042202194483895616e-01
2.510737232626982784e-01
2.019439436372305885e-01
1.572471667358796565e-01
1.173877750381992213e-01
8.275451937187425222e-02
5.371667391304570105e-02
3.062009371959096421e-02
1.378319646918910180e-02
3.492892237140290956e-03
4.873677034702490101e-07
