0.000000000000000000e+00
-2.003235343292199613e-02
-7.913870442962785134e-02
-1.756503456935425145e-01
-3.076799571686592571e-01
-4.731500642428065340e-01
-6.698229840523850509e-01
-8.953298554520859875e-01
-1.147198808515074386e+00
-1.422882126621596299e+00
-1.719782255309784569e+00
-2.035276530995176358e+00
-2.366740521081499349e+00
-2.711569884843361145e+00
-3.067200681717821009e+00
-3.431128070250037521e+00
-3.800923356854829738e+00
-4.174249368730488463e+00
-4.548868058823453353e+00
-4.922583541861030199e+00
-5.293364656571352356e+00
-5.659352508395313563e+00
-6.018808213230446569e+00
-6.370115206007794129e+00
-6.711781143621363910e+00
-7.042439073070093869e+00
-7.360847894688056670e+00
-7.665892152418555483e+00
-7.956581184913418703e+00
-8.232047672803428640e+00
-8.491545618792290639e+00
-8.734447798282278796e+00
-8.960242719051620952e+00
-9.168531129079255493e+00
-9.359022111961504464e+00
-9.531528809495952714e+00
-9.685963810931145446e+00
-9.822334248106301402e+00
-9.940736635243505148e+00
-1.004135149151726125e+01
-1.012443778371723546e+01
-1.019032722536965530e+01
-1.023941846752524043e+01
-1.027216210900574467e+01
-1.028891928850795878e+01
-1.029013304825819297e+01
-1.027623832797210746e+01
-1.024778237267363501e+01
-1.020533188615733877e+01
-1.014946142009100072e+01
-1.008075018958982305e+01
-9.999779165352917332e+00
-9.907128426843136992e+00
-9.803374761750768940e+00
-9.689089497529659312e+00
-9.564836551260842867e+00
-9.431170684633782386e+00
-9.288635951358875431e+00
-9.137764324835835339e+00
-8.979074494397847772e+00
-8.813070818949906737e+00
-8.640242427361947364e+00
-8.461062455431036966e+00
-8.275987409688505991e+00
-8.085456648819645764e+00
-7.889891973919933577e+00
-7.689697319245238916e+00
-7.485258535547417935e+00
-7.276943258508131507e+00
-7.065100855193064966e+00
-6.850062441845112815e+00
-6.632140966719359376e+00
-6.411631352034381948e+00
-6.188810689473377202e+00
-5.963938484014969177e+00
-5.737256941207884431e+00
-5.508991293324919880e+00
-5.279350160141361492e+00
-5.048525940380224952e+00
-4.816695230152131302e+00
-4.584019264991558984e+00
-4.350644382353500816e+00
-4.116702501685622906e+00
-3.882311619430588223e+00
-3.647576316543323482e+00
-3.412588276328396120e+00
-3.177426810611279961e+00
-2.942159392438961962e+00
-2.706842193680738973e+00
-2.471520626090532247e+00
-2.236229884439945970e+00
-2.000987703969120624e+00
-1.765792519108370984e+00
-1.530656055514340252e+00
-1.295584789764040456e+00
-1.060579553006878228e+00
-8.256361635998572535e-01
-5.907460576229255356e-01
-3.558969401901194152e-01
-1.210748362403045453e-01
1.137337550939419573e-01
3.485424434793035209e-01
5.833643502435802430e-01
8.182113712338829892e-01
1.053093439396687092e+00
1.288017786748967719e+00
1.522988205442789678e+00
1.758004307844365233e+00
1.993060785592194684e+00
2.228146667656003999e+00
2.463244577513584499e+00
2.698329989671998774e+00
2.933370485885288481e+00
3.168325011561108795e+00
3.403143133004710386e+00
3.637764296319343948e+00
3.872117088969431187e+00
4.106118505215528458e+00
4.339673216848904502e+00
4.572672850889635043e+00
4.804995276164614637e+00
5.036503900950672019e+00
5.267046984155113520e+00
5.496456962811449465e+00
5.724549798991622751e+00
5.951124349576446093e+00
6.175961762691402512e+00
6.398824904980823902e+00
6.619457824481370878e+00
6.837597010836380385e+00
7.053028227982710341e+00
7.265444417117468134e+00
7.474501084426915298e+00
7.679833295992995801e+00
7.881055883945915497e+00
8.077763726592507965e+00
8.269532109489466265e+00
8.455917174722346275e+00
8.636456465964297280e+00
8.810669577206423853e+00
8.978058913374320937e+00
9.138110571427478845e+00
9.290295350889723025e+00
9.434069903113671884e+00
9.568878028957534809e+00
9.694152134934906684e+00
9.809314858286374061e+00
9.913780871816946672e+00
1.000695887973674658e+01
1.008825381616284034e+01
1.015709301208898196e+01
1.021313323561117059e+01
1.025582553092183247e+01
1.028456357813346145e+01
1.029876441197204429e+01
1.029787295448111095e+01
1.028136667146489103e+01
1.024876034145166415e+01
1.019961092482595078e+01
1.013352252010206911e+01
1.005015139361759147e+01
9.949211068556966353e+00
9.830477457967250032e+00
9.693794024383622698e+00
9.539076948475056383e+00
9.366320288870511490e+00
9.175601115251174278e+00
8.967090826070450049e+00
8.741285906216706536e+00
8.498633528696164063e+00
8.239563134689824153e+00
7.964627362236972985e+00
7.674505730812333226e+00
7.370007741108926425e+00
7.052075336917491555e+00
6.721784677097128125e+00
6.380347167153573196e+00
6.029109701957434453e+00
5.669554073509215364e+00
5.303295500481940650e+00
4.932087554426962228e+00
4.557894477078871631e+00
4.182760623315695092e+00
3.808832422629751413e+00
3.438370687361438360e+00
3.073738461095505414e+00
2.717387222441718819e+00
2.371841445633583678e+00
2.039681532586616441e+00
1.723525145022394067e+00
1.426006979941269792e+00
1.149757047076134020e+00
8.973775229501945727e-01
6.714182727595404687e-01
4.743511484448759141e-01
3.085431889609905332e-01
1.762288668596757590e-01
7.948154383780647869e-02
2.018431683991454492e-02
4.556208055638209778e-07
