0.000000000000000000e+00
-1.520739426350701910e-02
-6.008570703938967417e-02
-1.333816321754957290e-01
-2.336770537142349724e-01
-3.594100749631288227e-01
-5.088973853583130813e-01
-6.803559239875602849e-01
-8.719239119342647726e-01
-1.081681146644509761e+00
-1.307668450492027734e+00
-1.547906179582756891e+00
-1.800411712305720169e+00
-2.063215850174791477e+00
-2.334378076089406395e+00
-2.612000627243015405e+00
-2.894241351498782144e+00
-3.179325327101954812e+00
-3.465550813187567414e+00
-3.751252139229390714e+00
-4.034875922973310658e+00
-4.315001356575101532e+00
-4.590298894712322664e+00
-4.859530575319895185e+00
-5.121551599466404703e+00
-5.375311357591257000e+00
-5.619853923579249511e+00
-5.854318039712261168e+00
-6.077936616928637292e+00
-6.290035776026790870e+00
-6.490033456472851903e+00
-6.677437620317938638e+00
-6.851844079403113241e+00
-7.012933974533623882e+00
-7.160470935645063761e+00
-7.294297952167731580e+00
-7.414333982828191338e+00
-7.520570334015645564e+00
-7.613066835590842629e+00
-7.691947842634941246e+00
-7.757398091127358342e+00
-7.809658434924116044e+00
-7.849021490641063359e+00
-7.875819579788529978e+00
-7.890311969845182460e+00
-7.892851111662194441e+00
-7.883777991051482914e+00
-7.863471112321750667e+00
-7.832361065726689553e+00
-7.790885076529013631e+00
-7.739484539136607388e+00
-7.678602761348557237e+00
-7.608682907066049772e+00
-7.530166126459308273e+00
-7.443489862997795470e+00
-7.349086327077080760e+00
-7.247381126375227467e+00
-7.138792043458220604e+00
-7.023727951528430324e+00
-6.902587859569182527e+00
-6.775760078502800710e+00
-6.643621500392429269e+00
-6.506536983039763911e+00
-6.364858832663935928e+00
-6.218926377715501275e+00
-6.069065627213828584e+00
-5.915589007310714464e+00
-5.758795170101475236e+00
-5.598968869014557370e+00
-5.436380895411565994e+00
-5.271288071321363233e+00
-5.103933293514998581e+00
-4.934545624402495889e+00
-4.763340425497597508e+00
-4.590519529453007230e+00
-4.416271446916131715e+00
-4.240771604693906127e+00
-4.064182611945319934e+00
-3.886654551341635955e+00
-3.708325292347025570e+00
-3.529320823977007748e+00
-3.349755604588275482e+00
-3.169732926441645837e+00
-2.989345292959447065e+00
-2.808674806772021082e+00
-2.627793566814325743e+00
-2.446764072891117969e+00
-2.265639636261274958e+00
-2.084464794920160902e+00
-1.903275732408392207e+00
-1.722099679286531959e+00
-1.540939704750877048e+00
-1.359805351459844269e+00
-1.178707838446683809e+00
-9.976536616662361467e-01
-8.166450857392990592e-01
-6.356806343728511610e-01
-4.547555793379730038e-01
-2.738624279544897844e-01
-9.299140908525138638e-02
8.786895196485944304e-02
2.687298138496607147e-01
4.496015557690182241e-01
6.304935207959581067e-01
8.114133381128805222e-01
9.923663556846679112e-01
1.173355072394457688e+00
1.354378569660814380e+00
1.535431942584708054e+00
1.716505730714378508e+00
1.897585348591699805e+00
2.078650516329536568e+00
2.259674690567983646e+00
2.440624496266544874e+00
2.621459159910373593e+00
2.802129944840234366e+00
2.982579589560135247e+00
3.162741750031950794e+00
3.342540447133631076e+00
3.521889520637822013e+00
3.700692091259778937e+00
3.878840032527243409e+00
4.056213454442318955e+00
4.232680201136236775e+00
4.408095364961946316e+00
4.582300819724863139e+00
4.755124776027964018e+00
4.926381361977192341e+00
5.095870341948135263e+00
5.263417885309313426e+00
5.428823957838504910e+00
5.591837976835719815e+00
5.752193916370933024e+00
5.909610421986984719e+00
6.063790977107169411e+00
6.214424126141219418e+00
6.361183759529392745e+00
6.503729466190430131e+00
6.641706959072385175e+00
6.774748579742826848e+00
6.902473888192438345e+00
7.024490344323030655e+00
7.140394087852232730e+00
7.249770823628265859e+00
7.352196819628638025e+00
7.447240025201535829e+00
7.534461317398357671e+00
7.613415883539456530e+00
7.683654748452998007e+00
7.744726455124936848e+00
7.796178907807368219e+00
7.837600645562528889e+00
7.868747945479993788e+00
7.889186795655307449e+00
7.898467708971529611e+00
7.896163556763591274e+00
7.881873229921295021e+00
7.855225377270391718e+00
7.815882209953526782e+00
7.763543360109858682e+00
7.697949781668752323e+00
7.618887680947095120e+00
7.526192463678663458e+00
7.419752683200700361e+00
7.299513974561319785e+00
7.165482959309017019e+00
7.017731105873763475e+00
6.856490264558010139e+00
6.682126908829657097e+00
6.494907631956164273e+00
6.295185216676822293e+00
6.083405809777691076e+00
5.860111466721038553e+00
5.625942244924263314e+00
5.381637807799398487e+00
5.128038502550897881e+00
4.866085875932328442e+00
4.596822593726422213e+00
4.321391731499003797e+00
4.041035406272159847e+00
3.757092721175952388e+00
3.471014353861922697e+00
3.184392377545993469e+00
2.898864068918512338e+00
2.616146682601401707e+00
2.338032849815270708e+00
2.066380143022779059e+00
1.803099427508222607e+00
1.550142011793651520e+00
1.309485618955578579e+00
1.083119211581565322e+00
8.730267142723511231e-01
6.811696892375522783e-01
5.094690326352772081e-01
3.597857718227890356e-01
2.339010565878996140e-01
1.334954506967251653e-01
6.012764370266057701e-02
1.521271689737330353e-02
1.115331490998632073e-07
