0.000000000000000000e+00
-2.298827097820419635e-02
-9.076216516306195858e-02
-2.013157806630888058e-01
-3.523819964239283675e-01
-5.414692267001597337e-01
-7.658987289539633814e-01
-1.022840877580575958e+00
-1.309350290882576928e+00
-1.622399605079280382e+00
-1.958911702127076104e+00
-2.315790224194028024e+00
-2.689948233213030448e+00
-3.078334898925592977e+00
-3.477960123109670398e+00
-3.885917031144127343e+00
-4.299402284587250378e+00
-4.715734189923892927e+00
-5.132344991336529105e+00
-5.546727677278552093e+00
-5.956629431918628370e+00
-6.359970870565103240e+00
-6.754820666111741367e+00
-7.139397746453507665e+00
-7.512072559662703597e+00
-7.871367448376981102e+00
-8.215956177842860697e+00
-8.544662664579295352e+00
-8.856458954726551980e+00
-9.150462502813720533e+00
-9.425932802929725796e+00
-9.682267425134808647e+00
-9.918997510421664998e+00
-1.013578277764771407e+01
-1.033240609563583234e+01
-1.050876767310233717e+01
-1.066487891824321821e+01
-1.080085601871626011e+01
-1.091691329142047273e+01
-1.101335634992354784e+01
-1.109057513562504127e+01
-1.114903685686580204e+01
-1.118927880472728553e+01
-1.121178121040064113e+01
-1.121702867069003418e+01
-1.120553411271826150e+01
-1.117792068772106795e+01
-1.113483569848888877e+01
-1.107693467131366560e+01
-1.100487764465081320e+01
-1.091932579486180899e+01
-1.082093837951167004e+01
-1.071036997935963342e+01
-1.058826802084196217e+01
-1.045527056151705025e+01
-1.031200432161945990e+01
-1.015908294555051938e+01
-9.997105477814411501e+00
-9.826655038585645485e+00
-9.648297684766777849e+00
-9.462581443062004993e+00
-9.270035502245740133e+00
-9.071169552449948270e+00
-8.866473259925101047e+00
-8.656415866342165089e+00
-8.441445902296727866e+00
-8.221991005271545916e+00
-7.998457832884405150e+00
-7.771232062770444315e+00
-7.540678470987956850e+00
-7.307141081349552536e+00
-7.070943378566990845e+00
-6.832388578569078774e+00
-6.591759949803858376e+00
-6.349321179768883994e+00
-6.105316781427782225e+00
-5.859972534566798785e+00
-5.613495957522912860e+00
-5.366076805075293166e+00
-5.117887588634884466e+00
-4.869084115193047069e+00
-4.619806041801480134e+00
-4.370177442641352883e+00
-4.120307385929409705e+00
-3.870290518197239571e+00
-3.620207654009535148e+00
-3.370126369243132025e+00
-3.120101596226555252e+00
-2.870176219276231233e+00
-2.620366522528800424e+00
-2.370677615299223717e+00
-2.121123981144148907e+00
-1.871712070322387067e+00
-1.622440919456343167e+00
-1.373298911060849115e+00
-1.124272818561452780e+00
-8.753491859621300719e-01
-6.265108858997451291e-01
-3.777378986353506773e-01
-1.290080893391331585e-01
1.197020158661210865e-01
3.684164546021521103e-01
6.171590531461408347e-01
8.659526510167181446e-01
1.114818324706406072e+00
1.363774610047630231e+00
1.612836722729211525e+00
1.862015776534968303e+00
2.111317998946430574e+00
2.360743943820877266e+00
2.610287700953283441e+00
2.859936102441623440e+00
3.109667925902945385e+00
3.359453094732382183e+00
3.609251875755045802e+00
3.859014074800161787e+00
4.108678230920662422e+00
4.358170810195622913e+00
4.607405400284252828e+00
4.856281907152833810e+00
5.104685755669486014e+00
5.352487096050892568e+00
5.599540018460810842e+00
5.845681778397434414e+00
6.090732035913595688e+00
6.334494277588672340e+00
6.576796152343226787e+00
6.817415081300612911e+00
7.056088501033846327e+00
7.292537706155227895e+00
7.526555865754412267e+00
7.757837588892988023e+00
7.986011411440658847e+00
8.210682799646662033e+00
8.431434510296083928e+00
8.647827030247878355e+00
8.859399102641667412e+00
9.065668347302764829e+00
9.266131981835776799e+00
9.460267650308622933e+00
9.647534367895678642e+00
9.827373589806432719e+00
9.999210412590217700e+00
1.016245491608322027e+01
1.031650365474179054e+01
1.046074130723908624e+01
1.059454249336609877e+01
1.071727376747347549e+01
1.082829579787923713e+01
1.092696574190933134e+01
1.101263982632909944e+01
1.108467614301758353e+01
1.114243767002741592e+01
1.118529552781503966e+01
1.121263248059617368e+01
1.122384669314745054e+01
1.121835575350460701e+01
1.119560097152269407e+01
1.115505196362242302e+01
1.109621153331135268e+01
1.101862086162492460e+01
1.092186502070916987e+01
1.080562525417136754e+01
1.066980754018049282e+01
1.051415710145643345e+01
1.033846993043914608e+01
1.014263517054243735e+01
9.926861598801888675e+00
9.691448737580820705e+00
9.436575552719888904e+00
9.162571026908549854e+00
8.869920547720241188e+00
8.559271382765242464e+00
8.231437247391744094e+00
7.887401867467795924e+00
7.528321444189085554e+00
7.155525930399225132e+00
6.770519030951411388e+00
6.374976844088914518e+00
5.970745066295455317e+00
5.559834689474798530e+00
5.144416126801004907e+00
4.726811711905130942e+00
4.309486525486618369e+00
3.895037513799853190e+00
3.486180874701855004e+00
3.085737699072791607e+00
2.696617868364707959e+00
2.321802222775270597e+00
1.964323029119587449e+00
1.627242792529939308e+00
1.313635278660369554e+00
1.026578943995678506e+00
7.690927649064592808e-01
5.441138805210137264e-01
3.544751079504829816e-01
2.028625478703981189e-01
9.177423939524448349e-02
2.348387413832757342e-02
3.009383446000365731e-06
