0.000000000000000000e+00
-2.547753344356486899e-02
-1.005897649277317230e-01
-2.231128758495684039e-01
-3.905335953027704865e-01
-6.000899610255071570e-01
-8.488126698404814263e-01
-1.133565283440692184e+00
-1.451083161853483183e+00
-1.798010895971333678e+00
-2.170938025099510060e+00
-2.566432854366906380e+00
-2.981074215202316857e+00
-3.411481039775565716e+00
-3.854339647216199261e+00
-4.306428665423082336e+00
-4.764641537242639835e+00
-5.226006583595260935e+00
-5.687679011309002775e+00
-6.146879129986352552e+00
-6.601111841355787213e+00
-7.048073167985187126e+00
-7.485623220829761948e+00
-7.911788625216014559e+00
-8.324763914579632385e+00
-8.722911937899361590e+00
-9.104763330076229622e+00
-9.469015097294494865e+00
-9.814528371721266353e+00
-1.014032539174381853e+01
-1.044558576532454275e+01
-1.072964207499266820e+01
-1.099197488351001084e+01
-1.123220719936846734e+01
-1.145009846102434636e+01
-1.164553809817470764e+01
-1.181853872746038192e+01
-1.196922903876597744e+01
-1.209784642680440570e+01
-1.220472942095235069e+01
-1.229030996434985390e+01
-1.235510559118786134e+01
-1.239971154849687451e+01
-1.242467368393627680e+01
-1.243051023565884883e+01
-1.241779085996514098e+01
-1.238721139951159067e+01
-1.233948892920635210e+01
-1.227534961090880472e+01
-1.219552458365842185e+01
-1.210074622747568718e+01
-1.199174477907375902e+01
-1.186924527855926925e+01
-1.173396482693334697e+01
-1.158661013495006031e+01
-1.142787534464049770e+01
-1.125844010556704688e+01
-1.107896788862897530e+01
-1.089010452099197401e+01
-1.069247692646147740e+01
-1.048669205635977164e+01
-1.027333599669205100e+01
-1.005297323810234289e+01
-9.826146095820369908e+00
-9.593374267480520245e+00
-9.355154517353147625e+00
-9.111960476188263769e+00
-8.864242546504241815e+00
-8.612427903735417445e+00
-8.356920584250653761e+00
-8.098101651823698788e+00
-7.836329434676115646e+00
-7.571939825736185625e+00
-7.305246639258562880e+00
-7.036542017429155749e+00
-6.766096881039771915e+00
-6.494161418755576065e+00
-6.220965609917728401e+00
-5.946719776223279297e+00
-5.671615158004705393e+00
-5.395824511193454853e+00
-5.119502721397077849e+00
-4.842787431837059842e+00
-4.565799682110974089e+00
-4.288644555061040364e+00
-4.011411829599887291e+00
-3.734176637418610945e+00
-3.457000121702336060e+00
-3.179930096240280335e+00
-2.902991993628099010e+00
-2.626186788610079148e+00
-2.349529574688791200e+00
-2.073027602513360712e+00
-1.796679444285289362e+00
-1.520470937360144603e+00
-1.244389425738118060e+00
-9.684201783236434657e-01
-6.925444235401273518e-01
-4.167402106264010420e-01
-1.409832689948198325e-01
1.347521338303211969e-01
4.104923351358156780e-01
6.862634202173590880e-01
9.620903652527184047e-01
1.237996179261811713e+00
1.514001044583180189e+00
1.790121455329776401e+00
2.066369353347357052e+00
2.342751261276430519e+00
2.619267412396101946e+00
2.895910877035863251e+00
3.172666685464207603e+00
3.449510947304506914e+00
3.726409967688801839e+00
4.003319360534911553e+00
4.280183159530655423e+00
4.556932927623680740e+00
4.833486866052147946e+00
5.109748924207602627e+00
5.385607911900778255e+00
5.660936615903423785e+00
5.935590922959353755e+00
6.209408951807088961e+00
6.482210197128642548e+00
6.753794688788268274e+00
7.023942313613076749e+00
7.292454023964272558e+00
7.559096408033148862e+00
7.823580033032827785e+00
8.085672700581323369e+00
8.345064772878057369e+00
8.601372765361865902e+00
8.854187826316268328e+00
9.103075999652663342e+00
9.347578566187108251e+00
9.587212470872444214e+00
9.821470844077488493e+00
1.004982362531594120e+01
1.027171829680556314e+01
1.048658073472865482e+01
1.069381618765611819e+01
1.089281039161650888e+01
1.108293083111019506e+01
1.126352815561715559e+01
1.143393776171091147e+01
1.159348155109664269e+01
1.174146987513027796e+01
1.187720367664685917e+01
1.199997684019218269e+01
1.210907876207234501e+01
1.220379715180033742e+01
1.228342107668539640e+01
1.234724426168288147e+01
1.239456865631764515e+01
1.242470828073877165e+01
1.243699336341120087e+01
1.243077478314926765e+01
1.240542882775576672e+01
1.236036228196406839e+01
1.229501785667428670e+01
1.220887997627367483e+01
1.210148093992838803e+01
1.197243249106446683e+01
1.182162747402439607e+01
1.164880634818976191e+01
1.145386989866506511e+01
1.123697971290155628e+01
1.099807476733015044e+01
1.073722821424920326e+01
1.045467069176769037e+01
1.015079780060404246e+01
9.826176796470456054e+00
9.481552396348405409e+00
9.117851597114530193e+00
8.736187404017908165e+00
8.337861371201512384e+00
7.924364859206683320e+00
7.497378917665917797e+00
7.058772706121118290e+00
6.610600371703810652e+00
6.155096309186374626e+00
5.694668736802500852e+00
5.231891530000177148e+00
4.769494265194698102e+00
4.310350436467624391e+00
3.857463819938085514e+00
3.413952973231286325e+00
2.983033871007869209e+00
2.568000691872669439e+00
2.172204787188753095e+00
1.799031878009690555e+00
1.451880322517201005e+00
1.134156146888763095e+00
8.492143741451640970e-01
6.003304120962960067e-01
3.906451685455801792e-01
2.231321708429421791e-01
1.005573691739071185e-01
2.543788879039693418e-02
9.888380266595876713e-08
