0.000000000000000000e+00
-1.179337453017204572e-02
-2.332466233186037199e-02
-3.443791291448272673e-02
-4.497717578745687866e-02
-5.478650046020056008e-02
-6.370993644213156226e-02
-7.159153324266763485e-02
-7.827534037122732546e-02
-8.360540733722660045e-02
-8.742578365008418784e-02
-9.025805718694655810e-02
-9.368803192382867129e-02
-9.540663568719125187e-02
-9.767563879836514695e-02
-9.924448845546574027e-02
-1.022654078564912417e-01
-1.048357113899002213e-01
-1.088366860561314903e-01
-1.124641128958293601e-01
-1.168899115742673273e-01
-1.197668020984067883e-01
-1.228779497482057753e-01
-1.251929920771306104e-01
-1.285908448481339061e-01
-1.315391036733418728e-01
-1.355288470956557967e-01
-1.392669968640153910e-01
-1.435486464649560756e-01
-1.465437735496203375e-01
-1.494202920455045824e-01
-1.517235674075718688e-01
-1.548170768814779996e-01
-1.577951207083856944e-01
-1.615065081214060450e-01
-1.653101401455123465e-01
-1.694387679153125936e-01
-1.726495429863731390e-01
-1.754160011748033265e-01
-1.778222249946022904e-01
-1.807373042385339024e-01
-1.838260470988511697e-01
-1.873727047597715245e-01
-1.913341360223778653e-01
-1.954140280236936200e-01
-1.989903547978139620e-01
-2.017487170390840356e-01
-2.043629917779576366e-01
-2.070687906889133734e-01
-2.101343155323824596e-01
-2.133190387454278192e-01
-2.170242179420054374e-01
-2.207721971640663750e-01
-2.241610756987535980e-01
-2.267540366997378987e-01
-2.291156057128958534e-01
-2.316644000326963659e-01
-2.344460746226494918e-01
-2.374671184551714054e-01
-2.408066968518600970e-01
-2.443806353539320908e-01
-2.475368801485631765e-01
-2.500137703507864240e-01
-2.521640771054097230e-01
-2.545021245585220582e-01
-2.571308965987997297e-01
-2.599227530218062299e-01
-2.631095539702010822e-01
-2.664468797012897183e-01
-2.695816716274530567e-01
-2.718807518685378288e-01
-2.739419142919028993e-01
-2.759667127679423793e-01
-2.784202588211712182e-01
-2.808552745043188525e-01
-2.837753000080063814e-01
-2.867574307681828305e-01
-2.897209509730061527e-01
-2.918309629621476664e-01
-2.937109595129792639e-01
-2.955150926367083875e-01
-2.977576702818107712e-01
-2.999728984579458357e-01
-3.026453237497453430e-01
-3.053983265832209137e-01
-3.082617824372754223e-01
-3.102657380869066062e-01
-3.120986610842263476e-01
-3.136873716998784811e-01
-3.157860961321558024e-01
-3.177251301197492328e-01
-3.200389958482976471e-01
-3.224013251594402552e-01
-3.247939164827375880e-01
-3.265029754071199219e-01
-3.277527337153243736e-01
-3.290422800834753025e-01
-3.304860062203078819e-01
-3.322263661216514063e-01
-3.338939245754200535e-01
-3.361408650534243314e-01
-3.380210077013609538e-01
-3.398204356406754334e-01
-3.406814930065615310e-01
-3.419584825680609952e-01
-3.430570859150081087e-01
-3.446529588716555348e-01
-3.460090639347357389e-01
-3.478938254198318258e-01
-3.495615352085175154e-01
-3.510058483510984928e-01
-3.517404616601645939e-01
-3.526007013141238544e-01
-3.535053842543882663e-01
-3.547551877420761501e-01
-3.558139117105685867e-01
-3.574289935740304069e-01
-3.586875861459518089e-01
-3.601557716448904323e-01
-3.603722374571463605e-01
-3.613967290614548133e-01
-3.615473051728558262e-01
-3.630706149971889563e-01
-3.632114729135328957e-01
-3.649453271170787216e-01
-3.652866591617001113e-01
-3.666716996522360605e-01
-3.661846305771984111e-01
-3.666774141838674006e-01
-3.663082884933770433e-01
-3.669576429879979340e-01
-3.668432407060885914e-01
-3.675736904083333201e-01
-3.678556841953660173e-01
-3.685349497971236454e-01
-3.681568272611690507e-01
-3.682365102068668739e-01
-3.678725316227147157e-01
-3.683584189511498463e-01
-3.680752073548934633e-01
-3.686759042068126213e-01
-3.685591114319051176e-01
-3.691732974905368447e-01
-3.682835037934938383e-01
-3.682882382546958100e-01
-3.672130717340791883e-01
-3.676926544354142123e-01
-3.666735953082185251e-01
-3.672760105800423891e-01
-3.663841418764640090e-01
-3.670470073845219505e-01
-3.655620096362804938e-01
-3.654732738431744066e-01
-3.639542970204685535e-01
-3.640883252037744877e-01
-3.628051771880624887e-01
-3.628243644644074117e-01
-3.618436268655239596e-01
-3.618341329070601797e-01
-3.605492166902277140e-01
-3.596824779065961319e-01
-3.583323968294073736e-01
-3.576372414994849480e-01
-3.565402988026851183e-01
-3.557153036091187936e-01
-3.548169361140818268e-01
-3.541187467119484844e-01
-3.529364513882451981e-01
-3.515922993387305406e-01
-3.503320944280046145e-01
-3.492826589183192776e-01
-3.483717750506413746e-01
-3.471944683344606042e-01
-3.464535762414915898e-01
-3.453747914852308698e-01
-3.443214961727272816e-01
-3.426243530383116798e-01
-3.411394065323630209e-01
-3.397998787263522558e-01
-3.383364020674167194e-01
-3.370086067968299237e-01
-3.354236734169133705e-01
-3.343505968950156171e-01
-3.325341051034955142e-01
-3.309253798735328211e-01
-3.288505516453328892e-01
-3.275217202986686060e-01
-3.257584373262841781e-01
-3.243204772252649137e-01
-3.225214828612946172e-01
-3.212004742737727403e-01
-3.192785588212968539e-01
-3.174824549697206066e-01
-3.153124544172926091e-01
-3.138632953770136846e-01
-3.121415900845155300e-01
-3.107582332978010564e-01
-3.091001040225847540e-01
-3.080135020664168666e-01
-3.062863915593335706e-01
-3.044310721241279549e-01
-3.019897646846743111e-01
-2.997456086743792159e-01
-2.971919178755743629e-01
-2.945761964807470101e-01
-2.916403500784856551e-01
-2.890217940682899833e-01
-2.861345724567931903e-01
-2.832824672836470881e-01
-2.803536613546570577e-01
-2.781908278171990045e-01
-2.759975175540877457e-01
-2.742782284151242811e-01
-2.722408738518625193e-01
-2.708135554510585075e-01
-2.689451316413187243e-01
-2.670852064552998728e-01
-2.645186936510116049e-01
-2.624380366163149847e-01
-2.598669359814204660e-01
-2.574862304349032072e-01
-2.545926739960658880e-01
-2.522379372939180242e-01
-2.494993735688174341e-01
-2.470222070997720454e-01
-2.439886673630586866e-01
-2.416645838357641962e-01
-2.390580859444080830e-01
-2.367892547254128455e-01
-2.339725451730676198e-01
-2.316443989115870572e-01
-2.289428702632813895e-01
-2.262434867986392317e-01
-2.230679152540664401e-01
-2.201735664348192789e-01
-2.172805862058010129e-01
-2.143885380300182830e-01
-2.112928141206018018e-01
-2.083969616178179274e-01
-2.056071964939619467e-01
-2.026154134920441219e-01
-1.996209054580704578e-01
-1.965408085864510379e-01
-1.940388947055325664e-01
-1.909563197740073437e-01
-1.882670676832561840e-01
-1.849182025141663521e-01
-1.822501732916871897e-01
-1.786415502070431982e-01
-1.753356833720548791e-01
-1.715244696991969076e-01
-1.683831360216953843e-01
-1.648733361795543528e-01
-1.616375913091155914e-01
-1.582689417137720378e-01
-1.555067391272860478e-01
-1.523004331497176678e-01
-1.494023050765055094e-01
-1.459801411063758325e-01
-1.433834559945680598e-01
-1.399999783392974761e-01
-1.371381203785586866e-01
-1.335472421520346731e-01
-1.307642052389066667e-01
-1.273378768774036662e-01
-1.241459633016305381e-01
-1.206139992975930331e-01
-1.175305803394130766e-01
-1.142536935704687590e-01
-1.108548219130915391e-01
-1.073287923618277129e-01
-1.039945862150433581e-01
-1.005361917101719738e-01
-9.695103136141509925e-02
-9.327221545140304548e-02
-8.996646261922788823e-02
-8.662902471347612432e-02
-8.330471513158876906e-02
-7.981081393626995868e-02
-7.671550083819989041e-02
-7.340896120027712302e-02
-7.018433828174587552e-02
-6.659344289570173769e-02
-6.358180759162991580e-02
-6.028223030809191224e-02
-5.727148733174103334e-02
-5.378450183279496338e-02
-5.094371460791417838e-02
-4.767103580253612138e-02
-4.459550601014777849e-02
-4.085400180070321297e-02
-3.760779209413428470e-02
-3.390280114905683262e-02
-3.034828300239322818e-02
-2.630874474545901939e-02
-2.280863104733045141e-02
-1.923131725673124515e-02
-1.590687413815062429e-02
-1.241279446545888454e-02
-9.364650949649680478e-03
-6.564316892088814873e-03
-3.627696845748013422e-03
-8.818253422918885531e-04
2.198216858341732558e-03
4.495647395705826797e-03
8.031618152819705592e-03
1.047467027299710078e-02
1.447301779512810693e-02
1.667972904142989501e-02
2.128462965718565941e-02
2.419310048118707146e-02
2.950098348536817072e-02
3.256488043647094710e-02
3.801235680045280535e-02
4.155782453439720026e-02
4.686339228493882625e-02
5.006694180225854801e-02
5.470981031696596497e-02
5.777581070087565995e-02
6.173552289358841955e-02
6.416061124192862231e-02
6.753377372289405545e-02
7.015037676168262015e-02
7.352467706974505357e-02
7.607806929844149191e-02
7.944920931390592189e-02
8.255761137897946189e-02
8.621745759933735487e-02
8.928863263826224139e-02
9.282475248518239075e-02
9.616446893344228475e-02
9.979891572931895438e-02
1.028787451373459338e-01
1.062289804914356289e-01
1.094448104743376143e-01
1.128003958600756335e-01
1.156495529176765208e-01
1.186128963272050640e-01
1.215659472046475564e-01
1.246607091686530999e-01
1.275249565785923078e-01
1.305101572025941237e-01
1.337622418840863359e-01
1.370334321110371067e-01
1.402144791618919195e-01
1.431707947547032345e-01
1.464894682113987712e-01
1.495440612082221121e-01
1.526557376083937934e-01
1.554659959147410286e-01
1.586501518439850655e-01
1.618120158406278208e-01
1.647500998980880316e-01
1.677557090140676943e-01
1.706819969821609384e-01
1.740376190913974497e-01
1.768243297984141149e-01
1.799216071821401752e-01
1.827893857651138043e-01
1.859702476429443696e-01
1.885734167569867725e-01
1.912260208450059507e-01
1.936130666074980522e-01
1.965344188228070887e-01
1.987487233879765003e-01
2.017075837544134165e-01
2.040005500677734562e-01
2.075496076585504057e-01
2.097946644437788943e-01
2.130903613201841074e-01
2.152911098363786413e-01
2.187467953942224541e-01
2.209862052631982043e-01
2.240882584965823432e-01
2.263461207937110253e-01
2.295967614118733235e-01
2.316779109926207503e-01
2.343441256659959393e-01
2.360736239340666953e-01
2.388251248983511710e-01
2.405702727663066587e-01
2.431197971704539273e-01
2.450582590127030336e-01
2.479827904359150070e-01
2.501371960115686965e-01
2.526841653568225876e-01
2.546140932867707596e-01
2.571656267495155412e-01
2.590700274231871880e-01
2.611227272200576932e-01
2.628876404574980175e-01
2.651661630382639578e-01
2.670613542185915623e-01
2.690949148290935344e-01
2.710766038914047549e-01
2.734832875670620278e-01
2.760446767857364647e-01
2.786898030437774954e-01
2.812793609618567392e-01
2.842249120595008449e-01
2.866750383419537918e-01
2.888536612195055642e-01
2.905119704804714487e-01
2.925643011169344332e-01
2.940417029877712141e-01
2.957902061301381780e-01
2.971485805037359929e-01
2.990910178539926689e-01
3.007420559951402006e-01
3.023188919809857156e-01
3.035399620425558997e-01
3.050534653324337153e-01
3.064814829360865134e-01
3.081080319984253468e-01
3.096340809903455615e-01
3.117017653070666694e-01
3.135971384840741671e-01
3.154475906450948663e-01
3.168013611399574381e-01
3.186763045059370913e-01
3.201866631457941370e-01
3.218621547473280997e-01
3.231979773750581209e-01
3.249891106045630917e-01
3.263604772378772001e-01
3.278082623421921804e-01
3.285504116751110093e-01
3.297163342873364877e-01
3.307415469334888392e-01
3.320050592609525841e-01
3.330467431319215077e-01
3.346291748277434031e-01
3.360319630580910766e-01
3.373018066937875092e-01
3.380545321710274331e-01
3.389663509460277280e-01
3.398115846451686961e-01
3.407614852402138239e-01
3.415607621477266265e-01
3.428299535412754895e-01
3.441059103077568349e-01
3.453945825940232806e-01
3.462442161722243950e-01
3.473329094913994997e-01
3.484989413285683457e-01
3.497108136304144521e-01
3.508036164548979929e-01
3.520684242950039566e-01
3.531721613198339216e-01
3.542303564717163011e-01
3.541445349863270309e-01
3.548984816292957145e-01
3.542834444734926369e-01
3.555041210087579451e-01
3.544259183471529795e-01
3.559254409528926355e-01
3.552336257979878398e-01
3.564490909333339341e-01
3.555775919135739649e-01
3.558931442080738861e-01
3.558493041658798983e-01
3.560569056146392630e-01
3.566378081978962000e-01
3.569879327881698150e-01
3.579025093448273687e-01
3.585483502801254385e-01
3.582585166415265809e-01
3.587231015160199932e-01
3.577806134167358931e-01
3.589013523893695989e-01
3.576336385648849481e-01
3.590060087048142501e-01
3.580154471894061996e-01
3.591866049640642933e-01
3.576710303980327188e-01
3.576970645528775306e-01
3.562860314208026735e-01
3.561583765157889658e-01
3.550691423095035382e-01
3.547809494882351866e-01
3.541659498312045296e-01
3.537975252873828413e-01
3.526036446549279946e-01
3.514967204635897069e-01
3.502332314287868731e-01
3.496258902250121703e-01
3.487708713940854688e-01
3.484751574660106543e-01
3.482337176252737754e-01
3.480719844606929292e-01
3.474403421368683076e-01
3.462139432064708644e-01
3.453984082251563281e-01
3.441815340701780968e-01
3.436026032943901853e-01
3.423651141593286873e-01
3.420391046891403941e-01
3.409289344733783533e-01
3.400038066046052743e-01
3.380651428436496353e-01
3.368110294525390458e-01
3.354022340191269436e-01
3.346051791066463332e-01
3.336381603001959961e-01
3.332547371278450909e-01
3.325507677483364732e-01
3.314849792128126138e-01
3.296460743508503599e-01
3.277808517412024170e-01
3.259548886310059124e-01
3.242761459659652123e-01
3.225222090888699156e-01
3.210929376429451643e-01
3.195496863797191445e-01
3.176554916364386916e-01
3.151940310434367953e-01
3.127330867592246766e-01
3.107077155107819122e-01
3.086829256132872512e-01
3.071693822641627936e-01
3.053999502188118886e-01
3.042790509539139987e-01
3.020703699641626438e-01
2.998604190704581285e-01
2.969435509195711975e-01
2.948137185485946166e-01
2.925489636195276466e-01
2.908496932594317741e-01
2.891853858663990806e-01
2.879247078194559495e-01
2.860430165343794129e-01
2.837503233536664005e-01
2.809707604284596982e-01
2.786602637319914311e-01
2.763735844412953391e-01
2.743483449991931389e-01
2.723433630101638747e-01
2.704916112007968998e-01
2.680262154026643584e-01
2.649680611162663624e-01
2.613823034061384942e-01
2.583384453567268979e-01
2.553688199729655106e-01
2.530818681738246090e-01
2.507338923294017419e-01
2.491262005449244588e-01
2.468679709935807653e-01
2.443553921844751897e-01
2.411592280967438939e-01
2.384218134039672865e-01
2.358073156409784821e-01
2.335215287786526484e-01
2.313128126219503311e-01
2.293528713520358864e-01
2.269692234582851020e-01
2.239521101621289589e-01
2.203092480120181218e-01
2.170158051899883644e-01
2.138901842605712422e-01
2.112504418985835519e-01
2.085528972639107415e-01
2.062671003876579978e-01
2.033868659461927075e-01
1.999434554253061436e-01
1.956042686067534231e-01
1.916262096951245053e-01
1.878602842555018304e-01
1.847950320445490291e-01
1.818949096277121813e-01
1.797282800924020485e-01
1.772812359734788901e-01
1.745246447337649442e-01
1.709213181903328493e-01
1.676009338641486213e-01
1.644563683620252625e-01
1.618183914487502373e-01
1.592656199102536752e-01
1.571203508174457142e-01
1.547264520345492667e-01
1.517276718637705080e-01
1.477945689706944010e-01
1.438752587855708087e-01
1.400088438794068191e-01
1.366477534776155967e-01
1.331275866107901329e-01
1.302013149572154027e-01
1.269114793164101695e-01
1.234645259814118740e-01
1.192177075423812987e-01
1.153683055159614584e-01
1.121710278186962839e-01
1.097177359397576019e-01
1.078829736130855060e-01
1.063661667924161031e-01
1.051853148445966030e-01
1.030489105229059205e-01
1.003054295190970863e-01
9.658260149162496699e-02
9.127522511033221708e-02
8.443016786776111338e-02
7.626148643956856543e-02
6.698323750141152444e-02
5.680947772894689995e-02
4.595426379783015824e-02
3.463165238372116483e-02
2.305570016227544150e-02
1.144046380914991168e-02
1.526556658859590243e-15
