0.000000000000000000e+00
-9.455494235692548863e-03
-1.867824718425653216e-02
-2.756008429790490072e-02
-3.599283102885060537e-02
-4.386831282930657439e-02
-5.107835515148578115e-02
-5.751478344760115741e-02
-6.306942316986632879e-02
-6.763409977049275601e-02
-7.110063870169416878e-02
-7.391816131558098801e-02
-7.735552716157348407e-02
-7.933407994605820579e-02
-8.169799578200062640e-02
-8.321125361529926878e-02
-8.567520218976119872e-02
-8.735504574549000922e-02
-8.996717136575893559e-02
-9.194747438773606674e-02
-9.455405716597779786e-02
-9.579171741712604049e-02
-9.744854390740773087e-02
-9.853480402021522200e-02
-1.008550042217204040e-01
-1.028725725044203204e-01
-1.060361345431218988e-01
-1.089366352158106371e-01
-1.124791233846214183e-01
-1.147889808771622444e-01
-1.171294852665118458e-01
-1.187566231479365575e-01
-1.211247541581432635e-01
-1.231071308258851194e-01
-1.257719435168057065e-01
-1.282393153311995604e-01
-1.311178452345487244e-01
-1.330474601504458843e-01
-1.348304968308103591e-01
-1.361792762770263898e-01
-1.381638103115628846e-01
-1.400856038573343731e-01
-1.425279789146664255e-01
-1.450183677819849304e-01
-1.477570469576046097e-01
-1.498095152944373398e-01
-1.514470936676787227e-01
-1.528016012524318346e-01
-1.545610832123093803e-01
-1.565023091635099894e-01
-1.587832323282670488e-01
-1.613659260465908907e-01
-1.640968485695330770e-01
-1.664252385162053316e-01
-1.681154894255206256e-01
-1.695868167535819204e-01
-1.711322043926445657e-01
-1.728852607380571282e-01
-1.746288130995451160e-01
-1.766806844722249026e-01
-1.786816509880465309e-01
-1.804848200020147952e-01
-1.815678996034453263e-01
-1.826440965126663041e-01
-1.838126295779927699e-01
-1.854698096565429444e-01
-1.871690891370876575e-01
-1.893231300302341547e-01
-1.914649353719721225e-01
-1.934988171513198352e-01
-1.947663886173154890e-01
-1.959033335306927248e-01
-1.970220732325940749e-01
-1.985207154336587343e-01
-2.000029024402692757e-01
-2.018139962529073295e-01
-2.036581377184394914e-01
-2.053963791524590909e-01
-2.064579018055985871e-01
-2.073102712553465399e-01
-2.081858063276459947e-01
-2.093932190150597505e-01
-2.106539051057401968e-01
-2.121248001256039184e-01
-2.137442474156387995e-01
-2.152125376854837902e-01
-2.162005759673276961e-01
-2.168465860905629539e-01
-2.176874426489533998e-01
-2.188007797327264636e-01
-2.201057567268188686e-01
-2.215740830737871203e-01
-2.232161408926150448e-01
-2.247730701633794959e-01
-2.257628124022009464e-01
-2.264200931129288497e-01
-2.269690268479122031e-01
-2.278855912039955689e-01
-2.286492342083779605e-01
-2.297296159572767005e-01
-2.306091517950536185e-01
-2.317718986691467420e-01
-2.320894689490113072e-01
-2.324576374321338790e-01
-2.325111637003767218e-01
-2.332590262079684007e-01
-2.338909005759566562e-01
-2.349079012086862650e-01
-2.359153603247405029e-01
-2.370657784174661775e-01
-2.377086110366777583e-01
-2.380160370046962015e-01
-2.382413484558518757e-01
-2.387933276045189623e-01
-2.394039338844463627e-01
-2.401948306887684570e-01
-2.409399782350112595e-01
-2.419893217058469714e-01
-2.422708147052624605e-01
-2.426980187875730222e-01
-2.422869049568636135e-01
-2.430530120109513359e-01
-2.427805650638384660e-01
-2.437793818085336184e-01
-2.435057878503779083e-01
-2.446075121751089265e-01
-2.441805427324945932e-01
-2.444758748217193967e-01
-2.438718395465764299e-01
-2.442417016873192626e-01
-2.444264392120776008e-01
-2.448680429423740756e-01
-2.453795412978108936e-01
-2.458139852709553819e-01
-2.461817450852075706e-01
-2.457773616491932822e-01
-2.455723867891564938e-01
-2.451160543918879942e-01
-2.453095996506412801e-01
-2.449142412621904130e-01
-2.452212337633195571e-01
-2.448401333174782257e-01
-2.451493734905334787e-01
-2.441085388225562869e-01
-2.440754437282574574e-01
-2.429475716161318133e-01
-2.437081639858054150e-01
-2.423021740873917140e-01
-2.436791507503240917e-01
-2.417497538656795675e-01
-2.436411656153847638e-01
-2.406864545652139253e-01
-2.422825112843426110e-01
-2.392919753613193257e-01
-2.409445972749676979e-01
-2.389281813424797007e-01
-2.395755957765461075e-01
-2.387732295602085775e-01
-2.382430869109039839e-01
-2.379274724770547023e-01
-2.360197647794348708e-01
-2.361820489853507510e-01
-2.343421105828856765e-01
-2.347500379886588440e-01
-2.329697120193679194e-01
-2.331748054111284496e-01
-2.316523598020906738e-01
-2.313155110264498715e-01
-2.295452540765536287e-01
-2.290769169605793021e-01
-2.280363793793087068e-01
-2.278266928072819053e-01
-2.270669059853428762e-01
-2.267912323004371011e-01
-2.261985308436857134e-01
-2.254713401199701928e-01
-2.242300868276823345e-01
-2.232051033386898420e-01
-2.220789612276709013e-01
-2.212470700477434382e-01
-2.199058328019176944e-01
-2.190593658111888165e-01
-2.177535903853641819e-01
-2.167750690500601929e-01
-2.150911729625384627e-01
-2.140161454012225184e-01
-2.127771263959030712e-01
-2.120362377764411776e-01
-2.107968468686909624e-01
-2.100027227219864456e-01
-2.088211325104661342e-01
-2.078825201840738823e-01
-2.062608590335372749e-01
-2.051027969626260938e-01
-2.039221925641193645e-01
-2.032726133216840314e-01
-2.022033171383941785e-01
-2.015305927373541028e-01
-2.004906263832272606e-01
-1.993751470481920085e-01
-1.978205057469283046e-01
-1.962058153916509118e-01
-1.944678783427040147e-01
-1.927684088865131984e-01
-1.906472026218554716e-01
-1.882459042967814522e-01
-1.862042959255383046e-01
-1.841020287585118931e-01
-1.819417371105315206e-01
-1.802173897870603947e-01
-1.790195589697274048e-01
-1.781324222418086412e-01
-1.775405805829380346e-01
-1.769207995151436674e-01
-1.761874007108036877e-01
-1.752845244908546873e-01
-1.739359551630366429e-01
-1.721407717352227973e-01
-1.706565020346932082e-01
-1.690814325845124144e-01
-1.675550712716280255e-01
-1.658894594031251890e-01
-1.645946472316558717e-01
-1.631122519587194786e-01
-1.617450151019194926e-01
-1.600478644141156703e-01
-1.587373021537204221e-01
-1.572839047427410097e-01
-1.558421317963463726e-01
-1.539557177674516775e-01
-1.522982865152585352e-01
-1.503611871730287930e-01
-1.485265753030551306e-01
-1.463839667320424309e-01
-1.447908900367511353e-01
-1.431710328855093084e-01
-1.417937242916498530e-01
-1.399417048425342924e-01
-1.383618386964595437e-01
-1.363352486971198263e-01
-1.344006611471385559e-01
-1.317750638814709496e-01
-1.298057325531730977e-01
-1.273725333699554652e-01
-1.257444136060928974e-01
-1.231400583900407880e-01
-1.216930009826495962e-01
-1.193331741697795795e-01
-1.180204092174403363e-01
-1.155335151687301998e-01
-1.142217193267132669e-01
-1.121403705555042707e-01
-1.108480548818255584e-01
-1.085430046464757048e-01
-1.068808275516115458e-01
-1.046010096474811191e-01
-1.028102678099069717e-01
-1.002910982882857793e-01
-9.846750471599861887e-02
-9.632556448875186084e-02
-9.476598335716363009e-02
-9.246849579264096453e-02
-9.068451685391649975e-02
-8.843259435712376437e-02
-8.657232094587526128e-02
-8.406072491133730062e-02
-8.203397688725741488e-02
-7.982977994192494431e-02
-7.800908848886943525e-02
-7.567270655260974199e-02
-7.357629403128417012e-02
-7.126580619300829089e-02
-6.920317522313035319e-02
-6.669375787631438846e-02
-6.452226762566258544e-02
-6.227943065802407641e-02
-6.042969364476244443e-02
-5.811046123361884863e-02
-5.610873737888109891e-02
-5.391644252626476980e-02
-5.213316012569537555e-02
-4.985814558823553622e-02
-4.794377478457826497e-02
-4.582283048127283598e-02
-4.406373714459612539e-02
-4.169010182624829919e-02
-3.949980138584881229e-02
-3.701000480090473055e-02
-3.491745519148280186e-02
-3.240384708221904358e-02
-3.029032377166107279e-02
-2.815569685443119335e-02
-2.651770141797682098e-02
-2.447921320652489061e-02
-2.249818391755411748e-02
-2.027756296756737589e-02
-1.813088940923784920e-02
-1.563788026376525947e-02
-1.298887709812324674e-02
-1.076258241686158489e-02
-8.130368909454833287e-03
-6.108079065911891162e-03
-2.968914413493289536e-03
-1.103055410871783999e-03
1.718072289833869970e-03
3.406190002593764959e-03
6.062475871562853467e-03
8.110429424055935060e-03
1.012646257412793717e-02
1.266839148749414681e-02
1.461678989928250419e-02
1.748504680477618728e-02
1.923137528024674442e-02
2.203864996955506167e-02
2.400473345946160797e-02
2.626484857126838018e-02
2.793521115412113398e-02
2.963411166529492796e-02
3.176145993753781011e-02
3.345295295835560428e-02
3.554266710117952310e-02
3.711980414449673332e-02
3.951672291090634753e-02
4.129401673390230981e-02
4.371441178993834553e-02
4.568498081176921438e-02
4.860414709297675162e-02
5.099303028254157516e-02
5.384132428854594699e-02
5.612156982024250895e-02
5.895585798836702751e-02
6.112858961666683966e-02
6.346863618963284603e-02
6.533907071463389282e-02
6.773583065449613472e-02
6.974049858772021770e-02
7.187988852187240929e-02
7.368417660114590095e-02
7.583900852885162858e-02
7.778206251728943255e-02
7.972770377967279554e-02
8.163708852307943742e-02
8.385652492595591090e-02
8.611510636951524855e-02
8.820267590314062600e-02
9.021889893081906642e-02
9.223787683730887144e-02
9.431534173577403590e-02
9.609635170792789338e-02
9.809204253512478211e-02
1.001140622065447849e-01
1.025771809774961019e-01
1.045763448071702351e-01
1.068157096762829966e-01
1.087880848148855134e-01
1.110003303762497756e-01
1.128099932567258046e-01
1.147085315826197466e-01
1.167754980161000433e-01
1.189729707977052603e-01
1.211381386672996940e-01
1.230818447594540649e-01
1.252037598671411900e-01
1.272780128369888075e-01
1.292088082456104847e-01
1.311352359446907312e-01
1.330959242564897782e-01
1.354434631477044182e-01
1.373043432215486359e-01
1.394229910441270315e-01
1.410932442833481293e-01
1.433607016732477979e-01
1.450151921660721710e-01
1.471187248345647847e-01
1.489735984638157207e-01
1.513928424355771019e-01
1.533169736996937427e-01
1.552650691580924058e-01
1.568857794562044106e-01
1.586857435620425416e-01
1.601539483890161153e-01
1.616140029566690561e-01
1.631710104434599129e-01
1.649977198253175792e-01
1.667416092252673454e-01
1.683059484086930069e-01
1.698217024706276668e-01
1.713380734159847818e-01
1.727407837610024366e-01
1.738805877480307238e-01
1.751759858038203777e-01
1.765553270910441563e-01
1.779870931019977565e-01
1.791481369683388669e-01
1.805234750011113498e-01
1.820244787506420658e-01
1.838596282707971874e-01
1.856828182139827477e-01
1.878443180328844275e-01
1.902451997833855268e-01
1.926132242575377129e-01
1.944303093216346312e-01
1.959169843591480609e-01
1.971675356528568568e-01
1.979668014546901444e-01
1.987557722750958322e-01
1.992652659718849306e-01
2.003204812492528908e-01
2.011449337504471468e-01
2.020852617441998844e-01
2.026880071124075866e-01
2.037451535319829699e-01
2.046686864185006671e-01
2.056299034483829447e-01
2.067178846820688642e-01
2.079436195168920809e-01
2.093535879678748990e-01
2.104263885847565130e-01
2.114105127326939282e-01
2.123659235969043158e-01
2.136189402159966444e-01
2.145539054265653833e-01
2.159219442162231273e-01
2.172069852652150079e-01
2.189345750537102508e-01
2.198401685699450103e-01
2.210885699843069541e-01
2.215050010428609994e-01
2.226830740539412212e-01
2.230707251269320457e-01
2.241190720730362185e-01
2.250616687348946654e-01
2.264888171224537228e-01
2.276412716093258459e-01
2.284568124106904630e-01
2.294570534452579080e-01
2.301135000550461329e-01
2.309782722332965887e-01
2.314726488792831216e-01
2.323219095291076675e-01
2.333006321138840766e-01
2.338261000839674253e-01
2.346277311999197257e-01
2.346431248739075659e-01
2.359566667626833147e-01
2.359239903666447424e-01
2.375561906983837956e-01
2.376824290123142058e-01
2.395813243355882360e-01
2.396470284437740850e-01
2.403382630593460800e-01
2.402110901926798880e-01
2.399803684058943731e-01
2.404770732888560636e-01
2.395183418601364578e-01
2.408575914523763128e-01
2.399467819803691726e-01
2.418634620200824925e-01
2.403070102312982459e-01
2.420643108692798195e-01
2.404508850585127533e-01
2.424835420986299617e-01
2.407825570494928902e-01
2.430852304617861781e-01
2.416564342786276520e-01
2.438740614047155142e-01
2.420089857046663628e-01
2.432049104905143477e-01
2.416392949188376771e-01
2.424089261571825415e-01
2.415777951860499650e-01
2.420254642278341639e-01
2.423164977047685409e-01
2.425281563902005888e-01
2.427250556317254171e-01
2.421265947986339373e-01
2.422381598139041192e-01
2.418091591131893980e-01
2.418915158623604900e-01
2.418072458416444803e-01
2.420615094196171824e-01
2.423313829865068325e-01
2.418358667249118077e-01
2.415223717072101650e-01
2.406291705789184998e-01
2.404973689653442381e-01
2.397414940153110852e-01
2.396975142516866997e-01
2.394178603810486472e-01
2.394582150650162999e-01
2.387847977961790880e-01
2.379873613291167422e-01
2.370024490273568707e-01
2.363987464115884785e-01
2.355981637790685035e-01
2.353704934827264839e-01
2.350059750787361346e-01
2.352078640075327964e-01
2.344903664103130392e-01
2.338846133851918141e-01
2.327651201667125247e-01
2.321167046461368177e-01
2.312048996530957079e-01
2.304942069642883784e-01
2.299847242742280584e-01
2.293432079559404591e-01
2.284896662904797038e-01
2.269585649443852382e-01
2.256688974172390005e-01
2.244106952071283079e-01
2.235773972874411375e-01
2.228580776774423955e-01
2.225458559658088087e-01
2.224159261352199324e-01
2.217658623481967295e-01
2.208751290761897246e-01
2.194795824214553770e-01
2.185931000054386619e-01
2.172607165683303476e-01
2.164527594755843443e-01
2.152895442593840691e-01
2.146752709796035385e-01
2.132057857272967039e-01
2.116109514706416839e-01
2.094740336501903499e-01
2.078302068938917835e-01
2.061660823396887776e-01
2.049120098670939027e-01
2.038970146455280352e-01
2.032093368690654767e-01
2.023088422989208768e-01
2.009270834230769687e-01
1.995186569382849662e-01
1.982396359388953755e-01
1.973542967448599916e-01
1.964330567620597989e-01
1.958452967736408756e-01
1.951292247273113956e-01
1.941366600071122162e-01
1.922331875594169293e-01
1.900359462471011840e-01
1.876808976268267148e-01
1.856410013071655429e-01
1.835524440834815363e-01
1.818929010001281432e-01
1.803572801117681035e-01
1.788023884022827414e-01
1.767033906418522260e-01
1.744382999137723544e-01
1.723930196181816255e-01
1.707223990213951326e-01
1.693330504864009045e-01
1.682096219014549976e-01
1.673791777710270101e-01
1.663513096969852501e-01
1.647320613821197932e-01
1.626633657464794658e-01
1.606477385118775802e-01
1.588175034893872517e-01
1.571503425331658432e-01
1.555518443048743982e-01
1.541191560384845838e-01
1.523478068639334826e-01
1.499675171029821730e-01
1.469492709097824090e-01
1.440509703370161931e-01
1.414278551135267348e-01
1.391629268308363643e-01
1.372556987695670860e-01
1.357562985495318342e-01
1.343700415494651912e-01
1.325128531224250006e-01
1.303215936873974024e-01
1.281100195373710005e-01
1.263662469971350011e-01
1.247750386207153589e-01
1.234845224026667604e-01
1.222149976990667131e-01
1.209089292092890289e-01
1.186811552988800977e-01
1.158872684506370154e-01
1.125796677596768020e-01
1.097091160828294609e-01
1.066823081772558940e-01
1.042484934530711754e-01
1.018224447682958417e-01
1.000916222846863907e-01
9.778926937873787251e-02
9.570630419015180301e-02
9.335065942840195530e-02
9.201869509652277346e-02
9.055347193715423959e-02
8.979818988231631771e-02
8.854363314026732212e-02
8.770684467056429068e-02
8.539653873117231120e-02
8.283859264376916554e-02
7.902763358747404154e-02
7.397080174361461702e-02
6.789244180927081485e-02
6.093846585880031974e-02
5.325478596656076785e-02
4.498731420690984389e-02
3.628196265420396971e-02
2.728464338280320312e-02
1.814126846706404575e-02
8.997749981344154574e-03
1.186550857568136053e-15
