0.000000000000000000e+00
-1.014490536963975724e-04
-2.031771083741611226e-04
-3.050406314600775525e-04
-4.068960903809063878e-04
-5.085999525634346931e-04
-6.100086854344490992e-04
-7.109787564207095114e-04
-8.113666329490025605e-04
-9.110287824461059869e-04
-1.009821672338797639e-03
-1.107601770053864149e-03
-1.204225543018066016e-03
-1.299549458658189657e-03
-1.393429984401020182e-03
-1.485723587673320155e-03
-1.576286735901875121e-03
-1.664975896513462388e-03
-1.751647536934860779e-03
-1.836158124592854324e-03
-1.918364126914207102e-03
-1.998122011325703575e-03
-2.075288245254128423e-03
-2.149719296126245509e-03
-2.221271631368840812e-03
-2.290141829252958713e-03
-2.357376876903721080e-03
-2.422686361756985762e-03
-2.486436832357802763e-03
-2.548459924469577160e-03
-2.608976420892943592e-03
-2.667634592659039357e-03
-2.724729078208132631e-03
-2.780141097912243713e-03
-2.834086005812043105e-03
-2.886386399932161940e-03
-2.936991266252104472e-03
-2.986169367043775905e-03
-3.033921345645857609e-03
-3.080299394829355726e-03
-3.125064892897876177e-03
-3.168747844501993913e-03
-3.211017843345279933e-03
-3.251922148675082634e-03
-3.291149900867909074e-03
-3.329365161477738227e-03
-3.366007663508832366e-03
-3.401360687514708766e-03
-3.435063956029500709e-03
-3.467836603017093906e-03
-3.498906519473434298e-03
-3.528938891716814231e-03
-3.557485693822997307e-03
-3.585108792109967940e-03
-3.611059087733477398e-03
-3.636259556761428820e-03
-3.660194293903891102e-03
-3.683210627767135280e-03
-3.704637109998569489e-03
-3.725284499547731019e-03
-3.744570052923153290e-03
-3.762936013014119441e-03
-3.779785707312551760e-03
-3.795848923931368583e-03
-3.810620495218722172e-03
-3.824568612693866974e-03
-3.837072679763518009e-03
-3.848892822111074554e-03
-3.859597502589962037e-03
-3.869403362457202698e-03
-3.877857133271152106e-03
-3.885763102412743628e-03
-3.892680759623204974e-03
-3.898663538387585510e-03
-3.903361439847544828e-03
-3.907369853730363260e-03
-3.910167182093838255e-03
-3.912221094669393433e-03
-3.913035535118245326e-03
-3.913162429787465577e-03
-3.911941757372484549e-03
-3.910502162490306528e-03
-3.907890448749777590e-03
-3.904688723771686156e-03
-3.900143076395364873e-03
-3.895555770534896069e-03
-3.889831511651660554e-03
-3.883532276815743808e-03
-3.876137023249636143e-03
-3.868330262376601034e-03
-3.859332478681674200e-03
-3.849658235705403705e-03
-3.839113690317730830e-03
-3.827809957644914048e-03
-3.815434632673474734e-03
-3.802486605034370148e-03
-3.788885284021926286e-03
-3.774674396635392497e-03
-3.759655375813562329e-03
-3.744015652885297751e-03
-3.727658718213199864e-03
-3.710859524075396307e-03
-3.693476140122641145e-03
-3.675352300611571445e-03
-3.656379157875260140e-03
-3.637040240619847202e-03
-3.617089199902048021e-03
-3.596374752179918449e-03
-3.574670821022048802e-03
-3.552739313403656396e-03
-3.530089200774912030e-03
-3.506957659762599371e-03
-3.482961186557569436e-03
-3.458837448426744718e-03
-3.433981527128229100e-03
-3.408652859026052844e-03
-3.382593051490198101e-03
-3.356216313273575023e-03
-3.329219488814533570e-03
-3.301599745244256177e-03
-3.273395205720511496e-03
-3.244769902689383523e-03
-3.215554685217493665e-03
-3.185788511782619049e-03
-3.155444173920513712e-03
-3.124850262484487468e-03
-3.093668191495162114e-03
-3.062289964082124619e-03
-3.030262438976036657e-03
-2.998232200347793891e-03
-2.965500676550687255e-03
-2.932544738481449205e-03
-2.898807630084742400e-03
-2.865094242392144438e-03
-2.830650757079558860e-03
-2.795865736025362428e-03
-2.760461878078350126e-03
-2.724856240920437572e-03
-2.688656402525605067e-03
-2.652164850173468341e-03
-2.615177062480420356e-03
-2.577792204262535029e-03
-2.540002570769701006e-03
-2.502227854796671043e-03
-2.463930660993611001e-03
-2.425378471562679265e-03
-2.386260714529108481e-03
-2.347333851895648700e-03
-2.307794867844377689e-03
-2.268178525699729008e-03
-2.227819684464496172e-03
-2.187746996006587931e-03
-2.147133093684504453e-03
-2.106420634080494615e-03
-2.064896790033023902e-03
-2.023660403114337959e-03
-1.981800570105413540e-03
-1.939855783503457954e-03
-1.897077829126310629e-03
-1.854789220947583497e-03
-1.811845523270497107e-03
-1.768900061251960218e-03
-1.725194990246684337e-03
-1.681972751928773047e-03
-1.638328871312597036e-03
-1.594617666722763583e-03
-1.550504853110682216e-03
-1.506565919244520638e-03
-1.462483901460362836e-03
-1.418152841076465200e-03
-1.373554620781424884e-03
-1.328765852910980105e-03
-1.283659799152755835e-03
-1.238319141363943216e-03
-1.192681123158106449e-03
-1.147041185576112322e-03
-1.100876057374576208e-03
-1.054704254464361966e-03
-1.008280310002096112e-03
-9.621906269205384062e-04
-9.156374791955900708e-04
-8.691744904483086030e-04
-8.227474158580084856e-04
-7.766766614091200885e-04
-7.303174579952023855e-04
-6.838154569509466429e-04
-6.374109406821238137e-04
-5.909929117194188562e-04
-5.442025829119176601e-04
-4.970537299552422062e-04
-4.499678736458774400e-04
-4.029615499858608019e-04
-3.555997112242507800e-04
-3.078652613198642335e-04
-2.601232213502708657e-04
-2.129663176903518157e-04
-1.657420215316957512e-04
-1.182228355356377690e-04
-7.040892563013889671e-05
-2.337540752828412116e-05
2.343013896764800132e-05
7.045954678533480756e-05
1.182659292281956851e-04
1.657751545089921122e-04
2.129882879175270605e-04
2.601343572106006442e-04
3.078675399077759564e-04
3.555964181598462830e-04
4.029568506113719701e-04
4.499662420357797591e-04
4.970593151508022637e-04
5.442184932266982663e-04
5.910093251059226303e-04
6.374549655299245393e-04
6.838807745785047349e-04
7.304035143802064178e-04
7.767264763419456410e-04
8.228581705015753029e-04
8.693205668347511522e-04
9.158156357487677026e-04
9.623025762018236166e-04
1.008461987791064865e-03
1.054916514182028912e-03
1.101103708168592538e-03
1.147200737911796900e-03
1.192850142686026262e-03
1.238469057321306193e-03
1.283775820720274531e-03
1.328821600678195764e-03
1.373571742647080197e-03
1.418134575239881267e-03
1.462439634787952728e-03
1.506509260724904400e-03
1.550451117259429162e-03
1.594581109824749852e-03
1.638320260074179174e-03
1.681997613336746371e-03
1.725252909159447848e-03
1.768984997731686470e-03
1.811947143279324770e-03
1.854894940720717414e-03
1.897175145009802203e-03
1.939934397605110874e-03
1.981854071378700601e-03
2.023687229476606696e-03
2.064900240539319087e-03
2.106408005897846165e-03
2.147114196627613811e-03
2.187732350803811739e-03
2.227818610912083840e-03
2.268197583523792228e-03
2.307836843529211066e-03
2.347397471538691105e-03
2.386340991281524129e-03
2.425467731067608955e-03
2.464019968411707180e-03
2.502308593908235922e-03
2.540067872376450611e-03
2.577838079936487815e-03
2.615203032148798352e-03
2.652173967824875654e-03
2.688654699946202084e-03
2.724851761123172223e-03
2.760463378889288326e-03
2.795881306649997556e-03
2.830686527413137695e-03
2.865153440173308884e-03
2.898890000489008894e-03
2.932646507320761046e-03
2.965615012558316371e-03
2.998350165032655831e-03
3.030374202743251182e-03
3.062386217035559070e-03
3.093741509292355363e-03
3.124896292299104462e-03
3.155462375450728604e-03
3.185782397459909453e-03
3.215531441024161406e-03
3.244739515128138019e-03
3.273369073786071802e-03
3.301589022128070816e-03
3.329233351970173511e-03
3.356260498276324947e-03
3.382668795000930238e-03
3.408756491836449371e-03
3.434104866108390192e-03
3.458994820829333280e-03
3.483122404279388566e-03
3.507110064231057887e-03
3.530210809247522064e-03
3.552920180194507529e-03
3.574836371619504339e-03
3.596521153311656865e-03
3.617185300365402881e-03
3.637230035186695982e-03
3.656560098779731895e-03
3.675516664289378913e-03
3.693589414153768298e-03
3.711010916569165447e-03
3.727778206138792402e-03
3.744094283851636534e-03
3.759681689089179341e-03
3.774675608687286243e-03
3.788855040208053727e-03
3.802436041809941977e-03
3.815378459490283408e-03
3.827763937947780293e-03
3.839091948819024856e-03
3.849670875773307521e-03
3.859383888429701419e-03
3.868418409413443455e-03
3.876253730309213788e-03
3.883664486193146720e-03
3.889963324974061304e-03
3.895670975507796452e-03
3.900227671107949629e-03
3.904733077999363554e-03
3.907890827760204799e-03
3.910461380822634336e-03
3.911868814638849202e-03
3.913071199598607344e-03
3.912942718114097683e-03
3.912143773625163801e-03
3.910120264583706942e-03
3.907363853584026880e-03
3.903400830237492916e-03
3.898746090199307901e-03
3.892797804932275271e-03
3.885900821753327569e-03
3.877998568495430974e-03
3.869531061539140809e-03
3.859696157318466547e-03
3.848951622139946092e-03
3.837086999388454340e-03
3.824540844617442797e-03
3.810559658722187729e-03
3.795769192191216120e-03
3.779704148075434776e-03
3.762869843601868765e-03
3.744533762115249357e-03
3.725287364532176015e-03
3.704681636744544711e-03
3.683292078793790406e-03
3.660301462493432360e-03
3.636376672638437328e-03
3.611168618677718101e-03
3.585194577421436067e-03
3.557533076782615732e-03
3.528946994893714974e-03
3.498877282619329912e-03
3.467781191457247700e-03
3.434986597789688526e-03
3.401297147520930108e-03
3.365973967778423774e-03
3.329378336108449257e-03
3.291211250269969295e-03
3.252051888245535878e-03
3.211225630243117954e-03
3.168995100873021279e-03
3.125358267969544079e-03
3.080602672852535400e-03
3.034291710179723781e-03
2.986498548223923480e-03
2.937313020202938704e-03
2.886637521163699493e-03
2.834381335443984188e-03
2.780361056639459039e-03
2.724904288864546213e-03
2.667725406044523222e-03
2.609071577566171238e-03
2.548500370144967178e-03
2.486436732100435684e-03
2.422645185277708720e-03
2.357329153335968944e-03
2.290086867856685592e-03
2.221220337656541928e-03
2.149674709747128980e-03
2.075249582498940072e-03
1.998088541163787254e-03
1.918335170993479754e-03
1.836133057239843717e-03
1.751625785154688154e-03
1.664956939989817959e-03
1.576270106997063394e-03
1.485708871428230871e-03
1.393416818535135040e-03
1.299537533569589251e-03
1.204214601783399913e-03
1.107591608428397508e-03
1.009812138756388446e-03
9.110197780191772949e-04
8.113581114685965937e-04
7.109707243564512358e-04
6.100012019345556549e-04
5.085931294547236343e-04
4.068900921687608257e-04
3.050356753284993354e-04
2.031734641857438394e-04
1.014470439923001520e-04
1.084202172485504434e-19
