-3.035766082959412415e-18
-8.489179939876487311e-04
-1.652216518605467786e-03
-2.411291414136588172e-03
-3.127538520864826983e-03
-3.802353679073500626e-03
-4.437132729045955432e-03
-5.033271511065952331e-03
-5.592165865416709285e-03
-6.115211632381962505e-03
-6.603804652245061357e-03
-7.059340765289394241e-03
-7.483215811798646193e-03
-7.876825632056118007e-03
-8.241566066345462627e-03
-8.578832954950066716e-03
-8.890022138153354236e-03
-9.176529456238955579e-03
-9.439750749490207968e-03
-9.681081858190719244e-03
-9.901918622623916838e-03
-1.010365688307323512e-02
-1.028769247982225243e-02
-1.045542125315436499e-02
-1.060823904335313379e-02
-1.074754169070200015e-02
-1.087472503548442618e-02
-1.099118491798394687e-02
-1.109831717848399311e-02
-1.119751765726809643e-02
-1.129018219461971374e-02
-1.137770663082231758e-02
-1.146148680615942210e-02
-1.154291856091447382e-02
-1.162339773537099732e-02
-1.170432016981245299e-02
-1.178708170452230641e-02
-1.187307817978407350e-02
-1.196370543588120942e-02
-1.206035931309723010e-02
-1.216443565171560111e-02
-1.227733029201977938e-02
-1.240043907429329642e-02
-1.253515783881958834e-02
-1.268288242588218838e-02
-1.284500867576455520e-02
-1.302293242875013531e-02
-1.321804952512248450e-02
-1.343175580516500420e-02
-1.366544710916126754e-02
-1.392051927739471409e-02
-1.419836815014876262e-02
-1.450038956770702617e-02
-1.482797937035284369e-02
-1.518253339836985252e-02
-1.556544749204146101e-02
-1.597811749165106363e-02
-1.642193923748231851e-02
-1.689830856981851259e-02
-1.740862132894334391e-02
-1.795427335514019826e-02
-1.853666048869241981e-02
-1.915717856988374476e-02
-1.981722343899739586e-02
-2.051819093631713359e-02
-2.126147690212631253e-02
-2.204847717670822480e-02
-2.288058760034671416e-02
-2.375920401332488538e-02
-2.468572225592661346e-02
-2.566153816843519744e-02
-2.671726275787155921e-02
-2.794287793039193155e-02
-2.923411955235468568e-02
-3.045697640191478636e-02
-3.150475590922187374e-02
-3.234298725909924566e-02
-3.302323848609220458e-02
-3.366032612513593369e-02
-3.438297370283382309e-02
-3.527910820492913962e-02
-3.635901264127436999e-02
-3.755172950309325353e-02
-3.873586502406718007e-02
-3.979138187516671060e-02
-4.065024690443209271e-02
-4.132454942815885768e-02
-4.190047539573227980e-02
-4.250107119701523883e-02
-4.323386615528863886e-02
-4.414565074251509957e-02
-4.520340204587187938e-02
-4.630906828575918899e-02
-4.734156947756366918e-02
-4.820799772792905280e-02
-4.888235156655579283e-02
-4.941565425877290918e-02
-4.991355851090410745e-02
-5.049126005888873031e-02
-5.122494891495153746e-02
-5.212023259713847306e-02
-5.311057766759529064e-02
-5.408605166039299333e-02
-5.493993178872583205e-02
-5.561340837547053967e-02
-5.611966315372411696e-02
-5.653748441110119372e-02
-5.697746499719731628e-02
-5.753527222727931878e-02
-5.825171494146842710e-02
-5.909626991639217730e-02
-5.998067053106841129e-02
-6.079649498476279862e-02
-6.146074171732015395e-02
-6.195023964175378622e-02
-6.231064124926254111e-02
-6.263654857943622145e-02
-6.303141927026209568e-02
-6.356423185363738182e-02
-6.424103693726287978e-02
-6.500309664740575033e-02
-6.575209010677539323e-02
-6.639157168998768843e-02
-6.686721047322120859e-02
-6.718903809650067505e-02
-6.742661717116953113e-02
-6.767942349268656066e-02
-6.803503994162467261e-02
-6.853271293580358303e-02
-6.914741856351053206e-02
-6.980090476184103165e-02
-7.039483455420625369e-02
-7.085199870544582612e-02
-7.114834497398693502e-02
-7.132255597384629109e-02
-7.145938674865928708e-02
-7.165393521244921293e-02
-7.197189365089744217e-02
-7.242237657353051139e-02
-7.295455071839998529e-02
-7.347929343412908099e-02
-7.390667264262068548e-02
-7.418351196617965770e-02
-7.431536988460085702e-02
-7.436386353435291141e-02
-7.442060431778879659e-02
-7.456875854500731593e-02
-7.484834754304628412e-02
-7.523975918746900193e-02
-7.567227446764226984e-02
-7.605393725049031106e-02
-7.631016318559639966e-02
-7.641490108958570726e-02
-7.640135031030144408e-02
-7.634783747466963866e-02
-7.634485717957509299e-02
-7.645713375274908186e-02
-7.669660009715022209e-02
-7.701757834731007279e-02
-7.733612810073162147e-02
-7.756540450873984638e-02
-7.765217102181101727e-02
-7.759914114125687767e-02
-7.746378773791082195e-02
-7.733414449000518276e-02
-7.729178030982407355e-02
-7.737751291758963867e-02
-7.757427823815014889e-02
-7.781436715166367701e-02
-7.800800158388071504e-02
-7.808123237201698708e-02
-7.800718221785130080e-02
-7.781746579915645168e-02
-7.758895971641510680e-02
-7.741146794787430452e-02
-7.734988365836846513e-02
-7.741679230089978936e-02
-7.756709790998315979e-02
-7.771698498023696389e-02
-7.777932632248962808e-02
-7.770046256763171733e-02
-7.748346979447634508e-02
-7.718570811389731390e-02
-7.689954615648189606e-02
-7.669849824668750760e-02
-7.665233355142840599e-02
-7.663985251969192281e-02
-7.640039172541931989e-02
-7.600920040595468552e-02
-7.557637955147485098e-02
-7.523427082167699620e-02
-7.506889582830812702e-02
-7.508807025357701337e-02
-7.521748964466345999e-02
-7.533447639638267412e-02
-7.532124400495618377e-02
-7.511553577714281948e-02
-7.473653437475077932e-02
-7.427537519509583297e-02
-7.385487009682120685e-02
-7.357629257048786675e-02
-7.347635044388219072e-02
-7.351268358896011212e-02
-7.358361551120387589e-02
-7.357302928489260763e-02
-7.340057791791534947e-02
-7.305550694681448021e-02
-7.259984112908884901e-02
-7.214017399567283773e-02
-7.178085965888209019e-02
-7.157918901140201962e-02
-7.152187826813109772e-02
-7.153254466484815222e-02
-7.150623747783393935e-02
-7.135548093688272309e-02
-7.104764918475527102e-02
-7.061769749139852614e-02
-7.015131349681991146e-02
-6.974649380822323108e-02
-6.947074370781131103e-02
-6.933260868208841743e-02
-6.927956965189972782e-02
-6.922257885930072074e-02
-6.907590096613654140e-02
-6.879450953458303430e-02
-6.839275909142948640e-02
-6.793660228659377520e-02
-6.751336826745270303e-02
-6.719286326191784009e-02
-6.699706828259542613e-02
-6.689158309201463648e-02
-6.680213510513667574e-02
-6.664834082305197416e-02
-6.637947713614637812e-02
-6.599642667730538925e-02
-6.555035198763722870e-02
-6.511909360693607374e-02
-6.477211268883380224e-02
-6.453969610805031232e-02
-6.440001958981876606e-02
-6.428955369449108892e-02
-6.413188745909950694e-02
-6.387195715743447522e-02
-6.350043371632047018e-02
-6.305755214337495362e-02
-6.261487906799328984e-02
-6.224329229008990910e-02
-6.198147128842882575e-02
-6.181885188701773809e-02
-6.170049464492072949e-02
-6.155158521541705119e-02
-6.131062098817606498e-02
-6.095657474051795199e-02
-6.051810094797280964e-02
-6.006083116900152313e-02
-5.965845994555972476e-02
-5.936040098566705558e-02
-5.917021590404975689e-02
-5.904420612720544942e-02
-5.891066226387499383e-02
-5.870123396835343760e-02
-5.838065928078908090e-02
-5.796191701832328902e-02
-5.750032113527260569e-02
-5.706929192883029855e-02
-5.672847764772923074e-02
-5.649812025476295269e-02
-5.635071044086106817e-02
-5.622335997866739765e-02
-5.604530500203511179e-02
-5.576847078347445946e-02
-5.538783921029825225e-02
-5.494296659767197027e-02
-5.450028577755533510e-02
-5.412412874321248513e-02
-5.384914990456819706e-02
-5.366601797699591808e-02
-5.352631082944311891e-02
-5.336414095396536938e-02
-5.312485961481478586e-02
-5.278831567666168040e-02
-5.237674238737043131e-02
-5.194418772846680354e-02
-5.155244895384995807e-02
-5.124420971261181568e-02
-5.102506675196599034e-02
-5.086203711926755300e-02
-5.069882721336307213e-02
-5.048086014263405280e-02
-5.017896789378818723e-02
-4.980147247014665712e-02
-4.938964176041965581e-02
-4.899887775871424045e-02
-4.867416343261103673e-02
-4.843061189502979869e-02
-4.824750971944425509e-02
-4.807817934017133421e-02
-4.787102114300799405e-02
-4.759229832641834190e-02
-4.724064858572506187e-02
-4.684711576424488433e-02
-4.646094639311173363e-02
-4.612762424045321191e-02
-4.586890440589518753e-02
-4.567357143713181994e-02
-4.550281012726879043e-02
-4.530761788852701033e-02
-4.505045344873054997e-02
-4.472158127228668956e-02
-4.434303280946829545e-02
-4.395861836695813540e-02
-4.361454011648686208e-02
-4.333920728878483397e-02
-4.313106432305885418e-02
-4.295961578261067726e-02
-4.277901211410294752e-02
-4.254810938121163927e-02
-4.224820429727302318e-02
-4.189080049877410422e-02
-4.151220935771386678e-02
-4.115754064690053948e-02
-4.086117765272363755e-02
-4.063221751716067365e-02
-4.045105063447487076e-02
-4.027832722563690765e-02
-4.007219610557061912e-02
-3.980622655897637918e-02
-3.948030570271270773e-02
-3.912000998665486617e-02
-3.876501649322709742e-02
-3.845181226974479782e-02
-3.819827374397820330e-02
-3.799667238310400902e-02
-3.781783431022434083e-02
-3.762430692602728582e-02
-3.738658552945046953e-02
-3.709534098222361936e-02
-3.676455646168793473e-02
-3.642457705088990305e-02
-3.610845485313538689e-02
-3.583773058116275501e-02
-3.561379236446225033e-02
-3.541829194718266322e-02
-3.522203205073323046e-02
-3.499808951291788484e-02
-3.473328128356346911e-02
-3.443306883672470758e-02
-3.411808969755822374e-02
-3.381425868449439848e-02
-3.354111686753248611e-02
-3.330365687556498255e-02
-3.309106491951519652e-02
-3.288257048276756189e-02
-3.265740061713502673e-02
-3.240413992405096616e-02
-3.212529074713065674e-02
-3.183520504599432477e-02
-3.155267043755165951e-02
-3.129183488578917566e-02
-3.105577294778100184e-02
-3.083560399395160120e-02
-3.061537040570099649e-02
-3.038015998145086188e-02
-3.012348039925332246e-02
-2.985033160511089620e-02
-2.957454394585605148e-02
-2.931172935316394418e-02
-2.907130942078110791e-02
-2.885154047057040053e-02
-2.864003184329643251e-02
-2.841961953730315696e-02
-2.817685073630814968e-02
-2.790899346539622849e-02
-2.762608546338630316e-02
-2.734681496937819284e-02
-2.708994390067147318e-02
-2.686518230822291381e-02
-2.666784874689297896e-02
-2.648005198387791415e-02
-2.627818669770292173e-02
-2.604357293700274717e-02
-2.577145880891363108e-02
-2.547413685298339017e-02
-2.517643147108343873e-02
-2.490522730566961315e-02
-2.467749586291965308e-02
-2.449215156111187591e-02
-2.432956986894253826e-02
-2.415932266219961502e-02
-2.395304072584693994e-02
-2.369691761230275848e-02
-2.339832637091459472e-02
-2.308342900630355743e-02
-2.278653098675514910e-02
-2.253556527044210320e-02
-2.233990156018286072e-02
-2.218582540218618990e-02
-2.204183115863503697e-02
-2.187167020470921763e-02
-2.164969791696993301e-02
-2.137196595382348518e-02
-2.105822412978836100e-02
-2.074383187569242212e-02
-2.046490892783391774e-02
-2.024300820439861939e-02
-2.007586862437569716e-02
-1.993825821241531834e-02
-1.979261985921462741e-02
-1.960501958197591321e-02
-1.935959048018045733e-02
-1.906527523036058436e-02
-1.875195386569485090e-02
-1.845760204860124459e-02
-1.821199853586103617e-02
-1.802398597500988117e-02
-1.787776489074288655e-02
-1.773981140818762722e-02
-1.757342739480207555e-02
-1.735463255858545398e-02
-1.708252166646379022e-02
-1.677959716443684288e-02
-1.648192448108581898e-02
-1.622337459559819103e-02
-1.602080100799363471e-02
-1.586661202228244888e-02
-1.573200515133803615e-02
-1.557950206742398855e-02
-1.537936375288816854e-02
-1.512274030425651838e-02
-1.482578290774986055e-02
-1.452284107345542738e-02
-1.425160865038052962e-02
-1.403662151042697412e-02
-1.387828907276472332e-02
-1.375229955278296085e-02
-1.361978769173788004e-02
-1.344399269949330886e-02
-1.320627590522096065e-02
-1.291455875904160694e-02
-1.260042833613252318e-02
-1.230599102006875965e-02
-1.206597955062815343e-02
-1.189272616952754061e-02
-1.177047426622158423e-02
-1.166158213103708242e-02
-1.152212753618767765e-02
-1.132039284985327833e-02
-1.105042525407547854e-02
-1.073488488589731914e-02
-1.041588125827125344e-02
-1.013756308375247418e-02
-9.927718652106662378e-03
-9.786100347593796461e-03
-9.684382276477002810e-03
-9.577786989256126260e-03
-9.423545633944468286e-03
-9.198512665268764391e-03
-8.908630960889195316e-03
-8.586362347000600290e-03
-8.277216230796590607e-03
-8.021024353785301264e-03
-7.835737569486167162e-03
-7.710390827416320481e-03
-7.610007898799142113e-03
-7.490246573780666960e-03
-7.315599050195336489e-03
-7.073608779878229162e-03
-6.779355134395910996e-03
-6.468594143241432858e-03
-6.182658594930356445e-03
-5.951534090822934754e-03
-5.782101343536755894e-03
-5.656206988461469354e-03
-5.539016240488137122e-03
-5.393838470879609368e-03
-5.197086830773233260e-03
-4.947218527891183645e-03
-4.664237213209980817e-03
-4.380390979493655086e-03
-4.126328646718161949e-03
-3.918674573404268106e-03
-3.754103882519056919e-03
-3.612027276108303181e-03
-3.464272696056822001e-03
-3.287290854030562853e-03
-3.071591668266053857e-03
-2.824594975666805310e-03
-2.566112795014328408e-03
-2.318891876312924143e-03
-2.098630090651442716e-03
-1.907839034186656910e-03
-1.735973394332917478e-03
-1.565333841035241799e-03
-1.379699115675525655e-03
-1.171595456616135412e-03
-9.449664300237867534e-04
-7.122913638468814307e-04
-4.878239353007310375e-04
-2.803700349814135999e-04
-8.911436965497530460e-05
9.556601116289664276e-05
2.868215934811140628e-04
4.942752983399877715e-04
7.187423750660577176e-04
9.514169424405221741e-04
1.178045378789378079e-03
1.386148452789732382e-03
1.571782646130401220e-03
1.742421701050620190e-03
1.914286815681258500e-03
2.105077268679790559e-03
2.325338350834190403e-03
2.572558492348361696e-03
2.831039835245899392e-03
3.078035603929861648e-03
3.293733715905837293e-03
3.470714321678019902e-03
3.618467499654955642e-03
3.760542595478028396e-03
3.925111768752322441e-03
4.132764380604445238e-03
4.386825326344490072e-03
4.670670189335215071e-03
4.953650033477438250e-03
5.203516702267229656e-03
5.400266508764770684e-03
5.545442168156840268e-03
5.662630491939539545e-03
5.788522118384670928e-03
5.957951886779474897e-03
6.189073232512123067e-03
6.475005572890235074e-03
6.785763411101790842e-03
7.080014007534657719e-03
7.322001358919305591e-03
7.496646038280720646e-03
7.616404480788914119e-03
7.716784408707582504e-03
7.842127984540288657e-03
8.027411320791438473e-03
8.283599393421717944e-03
8.592741289935057827e-03
8.915005225452396487e-03
9.204881810781219767e-03
9.429909311543060654e-03
9.584144945670357296e-03
9.690734378339777369e-03
9.792446567438051197e-03
9.934059016039806927e-03
1.014389765455822254e-02
1.042221006247584861e-02
1.074120781746538619e-02
1.105674197109876751e-02
1.132670275467241409e-02
1.152842975959672382e-02
1.166787570571605620e-02
1.177675825921224717e-02
1.189899989683197365e-02
1.207224263297118454e-02
1.231224338339277809e-02
1.260667011174343433e-02
1.292079011815460213e-02
1.321249695653146407e-02
1.345020336053945158e-02
1.362598758745761293e-02
1.375848800636296845e-02
1.388446514246702637e-02
1.404278406022224993e-02
1.425775655974068426e-02
1.452897342305929131e-02
1.483189906359746839e-02
1.512883989691180681e-02
1.538544669825733444e-02
1.558556840935417659e-02
1.573805492282572688e-02
1.587264519832176646e-02
1.602681741049376621e-02
1.622937375131425566e-02
1.648790557185576475e-02
1.678555908451696485e-02
1.708846307373830878e-02
1.736055204341933889e-02
1.757932365530330554e-02
1.774568342336915391e-02
1.788361200724213063e-02
1.802980798431893378e-02
1.821779562949613421e-02
1.846337464731809958e-02
1.875770236108139852e-02
1.907099974715579377e-02
1.936529057518137850e-02
1.961069414252351178e-02
1.979826719497820853e-02
1.994387628022448525e-02
2.008145543518671458e-02
2.024856214226535694e-02
2.047042902207318882e-02
2.074931781191622152e-02
2.106367614965785201e-02
2.137738457625119187e-02
2.165508361556596831e-02
2.187702314079197768e-02
2.204715098770032577e-02
2.219111122532203481e-02
2.234515201268646653e-02
2.254077868062757603e-02
2.279170562782888154e-02
2.308856333985981335e-02
2.340341920019139293e-02
2.370196814135156621e-02
2.395804857263801602e-02
2.416428777922718235e-02
2.433449243884139995e-02
2.449703197881933706e-02
2.468233457794891117e-02
2.491002455092989482e-02
2.518118707082724755e-02
2.547885007185519621e-02
2.577612834128546748e-02
2.604819706097728435e-02
2.628276356181112605e-02
2.648457993569104663e-02
2.667232665926295987e-02
2.686960981297854129e-02
2.709432145233863984e-02
2.735114363589518857e-02
2.763036658566286191e-02
2.791322816196619566e-02
2.818103948653978910e-02
2.842376193523720243e-02
2.864412666594446863e-02
2.885558594949799369e-02
2.907530368918848779e-02
2.931567088903232199e-02
2.957843189600943556e-02
2.985416588367184598e-02
3.012726159585860097e-02
3.038388912602884087e-02
3.061904862642358949e-02
3.083923226180650817e-02
3.105935188078217529e-02
3.129536467299508934e-02
3.155615085662914765e-02
3.183863560816044963e-02
3.212867084053558364e-02
3.240746893103253756e-02
3.266067801469866444e-02
3.288579592088901327e-02
3.309423826340250618e-02
3.330677825890528132e-02
3.354418680409645276e-02
3.381727809222317277e-02
3.412105978004009721e-02
3.443599087883191662e-02
3.473615639197519256e-02
3.500091830290321532e-02
3.522481452838613358e-02
3.542102757364012228e-02
3.561648032626572868e-02
3.584037014260543774e-02
3.611104572255741108e-02
3.642711959464470933e-02
3.676705175375943879e-02
3.709779063314762315e-02
3.738899132064366082e-02
3.762667041727172507e-02
3.782015657321742552e-02
3.799895383296056361e-02
3.820051425369427878e-02
3.845401146203259596e-02
3.876717406776986063e-02
3.912212600589810851e-02
3.948238076633019816e-02
3.980826172673244262e-02
4.007419265899688637e-02
4.028028646010202440e-02
4.045297366124216143e-02
4.063410521306362599e-02
4.086303070339643989e-02
4.115935965329450830e-02
4.151399484510759352e-02
4.189255299273538652e-02
4.224992440507087388e-02
4.254979775782181256e-02
4.278066945166329738e-02
4.296124284008070310e-02
4.313266193967207202e-02
4.334077648405927630e-02
4.361608215576856518e-02
4.396013472569805514e-02
4.434452503613192653e-02
4.472305075323147056e-02
4.505190125804867107e-02
4.530904457773978627e-02
4.550421580371836333e-02
4.567495595293805805e-02
4.587026767100192692e-02
4.612896663175900663e-02
4.646226895354840097e-02
4.684842025219888850e-02
4.724193724785534509e-02
4.759357356055665678e-02
4.787228507234264629e-02
4.807943351964042572e-02
4.824875497284214498e-02
4.843184834133168470e-02
4.867539073228228930e-02
4.900009550302955597e-02
4.939084980700950145e-02
4.980267126450492465e-02
5.018015855923145530e-02
5.048204433387996209e-02
5.070000687491314079e-02
5.086321429635964897e-02
5.102624334688100893e-02
5.124538726997700244e-02
5.155362865939673578e-02
5.194537035249731372e-02
5.237792833922144675e-02
5.278950509395205493e-02
5.312605255568380452e-02
5.336533753281291065e-02
5.352751138080354826e-02
5.366722326265707665e-02
5.385036119435108320e-02
5.412534779101452198e-02
5.450151470765661477e-02
5.494420763896919191e-02
5.538909436051506208e-02
5.576974149881601395e-02
5.604659194569856784e-02
5.622466310274973345e-02
5.635202914239836880e-02
5.649945384221746053e-02
5.672982576360163787e-02
5.707065489037754791e-02
5.750170009261354465e-02
5.796331381173014385e-02
5.838207615859342114e-02
5.870267318743024876e-02
5.891212574185755724e-02
5.904569522153180205e-02
5.917173132054990431e-02
5.936194289365659404e-02
5.966002823182868509e-02
6.006242563817899144e-02
6.051972151646981685e-02
6.095822156467752689e-02
6.131229453326423467e-02
6.155328616273074427e-02
6.170222390460057549e-02
6.182061061074869968e-02
6.198326085748676051e-02
6.224511419525970146e-02
6.261673472807476049e-02
6.305944264065184435e-02
6.350235959482894432e-02
6.387391837757215585e-02
6.413388350756289713e-02
6.429158388576096395e-02
6.440208337301961405e-02
6.454179338504162367e-02
6.477424398827186236e-02
6.512126008680432787e-02
6.555255524958113200e-02
6.599866840822472824e-02
6.638175867017775955e-02
6.665066286292668785e-02
6.680449773949231895e-02
6.689398594403514475e-02
6.699951079381886998e-02
6.719534500826186696e-02
6.751588921082689321e-02
6.793916273522747351e-02
6.839535964807566537e-02
6.879715087678864305e-02
6.907858365269446688e-02
6.922530322163264471e-02
6.928233584407719747e-02
6.933541673903910463e-02
6.947359366151364957e-02
6.974938580495530782e-02
7.015424779262444122e-02
7.062067428718359074e-02
7.105066858903943960e-02
7.135854287130073692e-02
7.150934160099796377e-02
7.153569052829233943e-02
7.152506551417660285e-02
7.158241756812289136e-02
7.178412975422285291e-02
7.214348610988734201e-02
7.260319578142647445e-02
7.305890440949652787e-02
7.340401800354612316e-02
7.357651139180947097e-02
7.358713879255790458e-02
7.351624720043792305e-02
7.347995383513186707e-02
7.357993564020559596e-02
7.385855321998725798e-02
7.427909899383737524e-02
7.474029935816747794e-02
7.511934202298889418e-02
7.532509099279433018e-02
7.533836302115799743e-02
7.522141443707816566e-02
7.509203179068325851e-02
7.507289316068321838e-02
7.523830366207696907e-02
7.558044820904526173e-02
7.601330546956590328e-02
7.640453371388478132e-02
7.664403153022289472e-02
7.665654915650829682e-02
7.670274941355548215e-02
7.690383140574827414e-02
7.719002593529319944e-02
7.748781903835284812e-02
7.770484263432192451e-02
7.778373707933483594e-02
7.772142648013605215e-02
7.757157007651643843e-02
7.742129473999875833e-02
7.735441562304198881e-02
7.741602848847675689e-02
7.759354795350278944e-02
7.782208120690160824e-02
7.801182467850979740e-02
7.808590206985159543e-02
7.801269863448755115e-02
7.781909124976676972e-02
7.757902841968886132e-02
7.738228758868359591e-02
7.729657757493207937e-02
7.733896257266130447e-02
7.746862555696742980e-02
7.760399852235611018e-02
7.765704865219424935e-02
7.757030350469867885e-02
7.734104941112426856e-02
7.702252222425308437e-02
7.670156582913122134e-02
7.646211971860678025e-02
7.634986122243846152e-02
7.635285744138779751e-02
7.640638442221099613e-02
7.641994833825160871e-02
7.631522342349789101e-02
7.605901092185025913e-02
7.567736225215065948e-02
7.524486164700047719e-02
7.485346485191421428e-02
7.457389047314036401e-02
7.442575029069894987e-02
7.436902279742589605e-02
7.432054153069445057e-02
7.418869501427183266e-02
7.391186603407159939e-02
7.348449594968245457e-02
7.295976108775439894e-02
7.242759360808717628e-02
7.197711646554877385e-02
7.165916347044264112e-02
7.146462082477038347e-02
7.132779681232867541e-02
7.115359375752297599e-02
7.085725635766537689e-02
7.040010131123661252e-02
6.980617988923963624e-02
6.915270039260605628e-02
6.853799917036726419e-02
6.804032821079560034e-02
6.768471200716248692e-02
6.743190507533747269e-02
6.719432566231833825e-02
6.687249887989515917e-02
6.639686254844133495e-02
6.575738492106317223e-02
6.500839632072584473e-02
6.424634143980047229e-02
6.356954028370140342e-02
6.303673010803033383e-02
6.264186002338230363e-02
6.231595157646173389e-02
6.195554754768502204e-02
6.146604641370185390e-02
6.080179617482165538e-02
5.998596844571020548e-02
5.910156522008602059e-02
5.825700860704396966e-02
5.754056541660218516e-02
5.698275884585074502e-02
5.654277966766025482e-02
5.612495991959137731e-02
5.561870589357648109e-02
5.494522849827224165e-02
5.409134548919595359e-02
5.311586651502305662e-02
5.212551482972223316e-02
5.123022381039821216e-02
5.049652802705025673e-02
4.991882095738720687e-02
4.942091324750777503e-02
4.888760917205425827e-02
4.821325540216786498e-02
4.734682763122777943e-02
4.631432616847652034e-02
4.520865797603938752e-02
4.415090268315921551e-02
4.323911223323270020e-02
4.250631009953209638e-02
4.190570662119952328e-02
4.132977329528687849e-02
4.065546434435193812e-02
3.979659412654753398e-02
3.874107341091777984e-02
3.755693516589262565e-02
3.636421637319206535e-02
3.528431038187201940e-02
3.438817415076427658e-02
3.366552408063848423e-02
3.302843278937574178e-02
3.234817649964788489e-02
3.150993868428891842e-02
3.046215163519260666e-02
2.923928687610299545e-02
2.794803778915874032e-02
2.672241648349339346e-02
2.566668776301113397e-02
2.469086340679979216e-02
2.376433082101919725e-02
2.288569434238093767e-02
2.205355830759600511e-02
2.126652705337617535e-02
2.052320491643247133e-02
1.982219623347648493e-02
1.916210534121973175e-02
1.854153657637331101e-02
1.795909427564888750e-02
1.741338277575760901e-02
1.690300641341098420e-02
1.642656952532051129e-02
1.598267644819736238e-02
1.556993151875313286e-02
1.518693907369903298e-02
1.483230344974654016e-02
1.450462898360711794e-02
1.420252001199201301e-02
1.392458087161274789e-02
1.366941589918059356e-02
1.343562943140700315e-02
1.322182580500340723e-02
1.302660935668110975e-02
1.284858442315157945e-02
1.268635534112613414e-02
1.253852644731620787e-02
1.240370207843321561e-02
1.228048657118848731e-02
1.216748426229347438e-02
1.206329948845950677e-02
1.196653658639800985e-02
1.187579989282039339e-02
1.178969374443800122e-02
1.170682247796226913e-02
1.162579043010454616e-02
1.154520193757624900e-02
1.146366133708877702e-02
1.137977296535349139e-02
1.129214115908181576e-02
1.119937025498510610e-02
1.110006458977477045e-02
1.099282850016222203e-02
1.087626632285880121e-02
1.074898239457596112e-02
1.060958105202502652e-02
1.045666663191741758e-02
1.028884347096456486e-02
1.010471590587778620e-02
9.902888273368545130e-03
9.681964910148152526e-03
9.440550152928038966e-03
9.177248338419654108e-03
8.890663803334277610e-03
8.579400884383343515e-03
8.242063918278330972e-03
7.877257241730476270e-03
7.483585191451336618e-03
7.059652104152124019e-03
6.604062316544314151e-03
6.115420165339410449e-03
5.592329987248576342e-03
5.033396118983455778e-03
4.437222897255175755e-03
3.802414658775253586e-03
3.127575740255225667e-03
2.411310478406186036e-03
1.652223209939858439e-03
8.489182715672727308e-04
3.469446951953614189e-18
