5.551115123125782702e-17
2.236468596199747260e-03
3.064282002386663987e-03
2.525705703248528038e-03
6.630051834738594089e-04
-2.481554072249184898e-03
-6.865706579231115395e-03
-1.244718685278571602e-02
-1.918372940822207426e-02
-2.703306876085494886e-02
-3.595293942599433329e-02
-4.590107591894974914e-02
-5.683521275503737591e-02
-6.871308444956415740e-02
-8.149242551784657840e-02
-9.513097047519408767e-02
-1.095864538369149682e-01
-1.248166101183273008e-01
-1.407791738347360933e-01
-1.574318795014599537e-01
-1.747324616338071512e-01
-1.926386547470852750e-01
-2.111081933566140156e-01
-2.300988119776968543e-01
-2.495682451256535650e-01
-2.694742273157923473e-01
-2.897744930634195692e-01
-3.104267768838563368e-01
-3.313888132924048269e-01
-3.526183368043865340e-01
-3.740730819351080205e-01
-3.957107831998762926e-01
-4.174891751140125673e-01
-4.393659921928190770e-01
-4.612989689516169833e-01
-4.832458399057132925e-01
-5.051643395704142891e-01
-5.270122024610421896e-01
-5.487471630928983934e-01
-5.703269559813042289e-01
-5.917093156415667021e-01
-6.128519765889925974e-01
-6.337126733389031319e-01
-6.542491404066008709e-01
-6.744191123074063654e-01
-6.941803235566266217e-01
-7.134905086695695342e-01
-7.323074021615545437e-01
-7.505887385478858809e-01
-7.682922523438826534e-01
-7.853756780648526448e-01
-8.017967502261037493e-01
-8.175132033429552969e-01
-8.324827719307117402e-01
-8.466631905046914097e-01
-8.600121935802027551e-01
-8.724875156725545589e-01
-8.840468912970638193e-01
-8.946480549690374318e-01
-9.042487412037916172e-01
-9.128066845166357135e-01
-9.202796194228797244e-01
-9.266252804378386498e-01
-9.318014020768214944e-01
-9.357657188551418148e-01
-9.384759652881105030e-01
-9.398898758910387841e-01
-9.399651851792388824e-01
-9.386596276680225781e-01
-9.359309378727008744e-01
-9.317368503085857734e-01
-9.263597018659888160e-01
-9.209814025407210281e-01
-9.156118515862217144e-01
-9.102285201640407664e-01
-9.048058980153569353e-01
-8.993453221232333705e-01
-8.938917362687266444e-01
-8.885296393629160683e-01
-8.833595167385965841e-01
-8.784645241206949784e-01
-8.738814717624771022e-01
-8.695884074761327520e-01
-8.655140786634294425e-01
-8.615652831107862841e-01
-8.576605724051173940e-01
-8.537561836442896235e-01
-8.498535411008307783e-01
-8.459856828464653589e-01
-8.421890777598695088e-01
-8.384736154575345157e-01
-8.348043188393667879e-01
-8.311032337011217130e-01
-8.272712304080401813e-01
-8.232208418178240672e-01
-8.189064561310874790e-01
-8.143392420543240640e-01
-8.095806566064609466e-01
-8.047174689603922015e-01
-7.998290282567511733e-01
-7.949606787839648137e-01
-7.901144361565983765e-01
-7.852604982210192874e-01
-7.803641236312911511e-01
-7.754157526222884567e-01
-7.704508270878733800e-01
-7.655501907335513501e-01
-7.608203016241682493e-01
-7.563611803469842965e-01
-7.522353191443921228e-01
-7.484504324650123053e-01
-7.449630315016364523e-01
-7.417009485529048041e-01
-7.385949303928650567e-01
-7.356056726320067130e-01
-7.327347771094702145e-01
-7.300151715774476635e-01
-7.274854717671581650e-01
-7.251597443461069714e-01
-7.230061592291193717e-01
-7.209442368426877135e-01
-7.188624348791342600e-01
-7.166491020658337652e-01
-7.142240922866122110e-01
-7.115580386762770937e-01
-7.086715528302489631e-01
-7.056151676387737437e-01
-7.024390126433608383e-01
-6.991654974340315576e-01
-6.957768544510954944e-01
-6.922228835977183303e-01
-6.884454088704672348e-01
-6.844086758261959114e-01
-6.801222925739505154e-01
-6.756464545698498414e-01
-6.710767587263981593e-01
-6.665146353118884814e-01
-6.620355600223662984e-01
-6.576681346258372862e-01
-6.533924555309442717e-01
-6.491579398658626765e-01
-6.449124904615164411e-01
-6.406301064710607784e-01
-6.363248291103089649e-01
-6.320449033630686220e-01
-6.278496493757111940e-01
-6.237790700427530144e-01
-6.198294390051376501e-01
-6.159456333279300644e-01
-6.120338646670957505e-01
-6.079897691439809515e-01
-6.037302498679548712e-01
-5.992159130861409722e-01
-5.944550102758279220e-01
-5.894877462807296409e-01
-5.843582154254540750e-01
-5.790864725476351227e-01
-5.736530993229579378e-01
-5.680031610149641752e-01
-5.620680211508257695e-01
-5.557957150896950527e-01
-5.491768103950469548e-01
-5.422545247021505199e-01
-5.351145408989527175e-01
-5.278585886914199943e-01
-5.205727527893366791e-01
-5.133036710467318020e-01
-5.060523585313960737e-01
-4.987878087372442093e-01
-4.914740382361008075e-01
-4.840984829959015801e-01
-4.766891066934424437e-01
-4.693125123387726916e-01
-4.620535876847746137e-01
-4.549852252397993957e-01
-4.481409993819112092e-01
-4.415025007712443661e-01
-4.350068330535549754e-01
-4.285712162235910117e-01
-4.221244126106915573e-01
-4.156317640002290537e-01
-4.091037209595210777e-01
-4.025838058895708782e-01
-3.961244315778804648e-01
-3.897522134629463064e-01
-3.834667596827550096e-01
-3.771797529873243127e-01
-3.707471332262026187e-01
-3.641570887165515580e-01
-3.574401106800944028e-01
-3.506685451359839445e-01
-3.439237130603978732e-01
-3.372668488866156222e-01
-3.307184877756731978e-01
-3.242579062787152022e-01
-3.178414350909959385e-01
-3.114317766288089429e-01
-3.050252305560128274e-01
-2.986648202348802794e-01
-2.924333542347664072e-01
-2.864291090400739037e-01
-2.807342617762337844e-01
-2.753892686499977427e-01
-2.703837950664466638e-01
-2.656676974568696892e-01
-2.611770031816956217e-01
-2.568635072062563918e-01
-2.527151996854296034e-01
-2.487588268167392480e-01
-2.450436847127184792e-01
-2.416138808478761335e-01
-2.384813023421370748e-01
-2.356112005992616054e-01
-2.329268378476094525e-01
-2.303314452833498116e-01
-2.277383362998626759e-01
-2.250965830014693969e-01
-2.224016470865205486e-01
-2.196868693726911070e-01
-2.169999425769073287e-01
-2.143748687509668682e-01
-2.118117002519138425e-01
-2.092728606547449854e-01
-2.066975795986656927e-01
-2.040280990436520170e-01
-2.012362089008611077e-01
-1.983385259058022820e-01
-1.953937781098522564e-01
-1.924830873873917270e-01
-1.896815155710343537e-01
-1.870328415087320062e-01
-1.845380813260419639e-01
-1.821622553544308132e-01
-1.798560243647335521e-01
-1.775824562912124427e-01
-1.753370669227951317e-01
-1.731522934798959967e-01
-1.710843790531438313e-01
-1.691883118552804655e-01
-1.674916604418812127e-01
-1.659786354688828902e-01
-1.645913187166516967e-01
-1.632476401369629404e-01
-1.618685282854669949e-01
-1.604027855476195530e-01
-1.588392971214488691e-01
-1.572016973406752394e-01
-1.555281978755569394e-01
-1.538456604562803975e-01
-1.521494357110680096e-01
-1.503979489643948175e-01
-1.485245891931608331e-01
-1.464619172000938274e-01
-1.441678708276709631e-01
-1.416427629162741175e-01
-1.389298054600721366e-01
-1.360989419172115023e-01
-1.332208878286000320e-01
-1.303424041765392782e-01
-1.274731915918887459e-01
-1.245897127433212848e-01
-1.216539288305630295e-01
-1.186385240376154337e-01
-1.155474390732182388e-01
-1.124226078419339470e-01
-1.093337757989108344e-01
-1.063555864641762827e-01
-1.035416130555872061e-01
-1.009063339243474605e-01
-9.842264258425713341e-02
-9.603582781084880893e-02
-9.368792515051799219e-02
-9.134195470704932485e-02
-8.899574142326829862e-02
-8.667960846597275171e-02
-8.443924963987059495e-02
-8.231149021985392777e-02
-8.030368337863186268e-02
-7.838586284837384399e-02
-7.649922037810683029e-02
-7.457741502664762268e-02
-7.257169135027655149e-02
-7.046915696780974014e-02
-6.829653100213538275e-02
-6.610793054075068953e-02
-6.396210556798800906e-02
-6.189901402980123313e-02
-5.992582998508252934e-02
-5.801832170344517481e-02
-5.613682244973410701e-02
-5.424966032898575347e-02
-5.235365365685418909e-02
-5.048254525139365956e-02
-4.869948809727762951e-02
-4.707660105547934598e-02
-4.567021736192021508e-02
-4.450232680951794750e-02
-4.355605079189579787e-02
-4.278695521102365840e-02
-4.214520598565549975e-02
-4.159892914118785284e-02
-4.114865274075339002e-02
-4.082658742938082008e-02
-4.068107587787251483e-02
-4.075298178213945799e-02
-4.105432037704340176e-02
-4.155853351439252330e-02
-4.220685798168118119e-02
-4.292833532501268839e-02
-4.366514140061102806e-02
-4.439259751029258488e-02
-4.512545195899835687e-02
-4.590788324302376433e-02
-4.679162874479667750e-02
-4.781169270331633858e-02
-4.897009314325012630e-02
-5.023463025750057181e-02
-5.155320292439057733e-02
-5.287753012312745166e-02
-5.418609098828357229e-02
-5.549640249594115643e-02
-5.686127161148337578e-02
-5.835045789973014596e-02
-6.002536485922131682e-02
-6.191731348282724506e-02
-6.401840273928276204e-02
-6.628859723538084447e-02
-6.867578700332124808e-02
-7.114008976525745820e-02
-7.367193919753386999e-02
-7.629623621684415713e-02
-7.906084501358635885e-02
-8.201444389054621253e-02
-8.518327209761490659e-02
-8.855673445573923608e-02
-9.208799980905126026e-02
-9.570932068319931707e-02
-9.935556529227743128e-02
-1.029860350621705223e-01
-1.065954746977603312e-01
-1.102098777097059029e-01
-1.138692134989585658e-01
-1.176047553118692579e-01
-1.214209068934025554e-01
-1.252893906617564834e-01
-1.291582706573979611e-01
-1.329718632108515264e-01
-1.366929052628224062e-01
-1.403174108879376158e-01
-1.438758255671876152e-01
-1.474199976969106096e-01
-1.510015775077070965e-01
-1.546511133160868856e-01
-1.583667417285106183e-01
-1.621171618149213622e-01
-1.658573994825066067e-01
-1.695503650139811302e-01
-1.731847447104662985e-01
-1.767813938739188073e-01
-1.803853953553848366e-01
-1.840471563761759966e-01
-1.878006670536684353e-01
-1.916482935115834119e-01
-1.955586942115025151e-01
-1.994788320433172057e-01
-2.033550083464519542e-01
-2.071539758191960068e-01
-2.108751577577352432e-01
-2.145488214207491584e-01
-2.182210828071329267e-01
-2.219322686051050930e-01
-2.256980144766163876e-01
-2.295013120101149773e-01
-2.332989900923498061e-01
-2.370399232940955947e-01
-2.406872369060013006e-01
-2.442350574194262214e-01
-2.477126692071824066e-01
-2.511742856783764077e-01
-2.546787426962941470e-01
-2.582676744755092457e-01
-2.619513348879025094e-01
-2.657079362961469182e-01
-2.694966094825842484e-01
-2.732782965476246995e-01
-2.770355480833087691e-01
-2.807827203760938639e-01
-2.845622122418162148e-01
-2.884283594536430906e-01
-2.924258616482451334e-01
-2.965719152290234861e-01
-3.008496097760118837e-01
-3.052153131534819930e-01
-3.096167969724732405e-01
-3.140143508684714035e-01
-3.183959624494119289e-01
-3.227802751359988287e-01
-3.272063186257966327e-01
-3.317146619398878005e-01
-3.363282508655039416e-01
-3.410412355283973795e-01
-3.458205837699128149e-01
-3.506197441952849658e-01
-3.553984438573619120e-01
-3.601401030875846510e-01
-3.648594278659229029e-01
-3.695970021882572509e-01
-3.744032948292125296e-01
-3.793190082195855850e-01
-3.843601978075965597e-01
-3.895144517739291268e-01
-3.947495876269954129e-01
-4.000308911568177805e-01
-4.053392480549211641e-01
-4.106821939764723761e-01
-4.160930240414784098e-01
-4.216183001189454105e-01
-4.272991244479410478e-01
-4.331542437212136387e-01
-4.391722533139685858e-01
-4.453162417467375067e-01
-4.515388540348551083e-01
-4.578012722056418737e-01
-4.640879454940574633e-01
-4.704107740824222117e-01
-4.768010388658357468e-01
-4.832926894206782675e-01
-4.899043515647938385e-01
-4.966279768498782499e-01
-5.034291844715262920e-01
-5.102592799048260019e-01
-5.170738688151377271e-01
-5.238501025119985943e-01
-5.305951563483856104e-01
-5.373423072324825522e-01
-5.441362984854564155e-01
-5.510142781155739078e-01
-5.579904877769610305e-01
-5.650512506575408045e-01
-5.721623545538072619e-01
-5.792855677093252664e-01
-5.863970619804238504e-01
-5.934996655840175661e-01
-6.006235085846319821e-01
-6.078146205124456136e-01
-6.151162431575825096e-01
-6.225507935098333334e-01
-6.301101751668712891e-01
-6.377585875780841240e-01
-6.454466343832423458e-01
-6.531306847699135387e-01
-6.607891934571110681e-01
-6.684289843331878700e-01
-6.760788367606080929e-01
-6.837731957176547137e-01
-6.915330957728633710e-01
-6.993526238050893351e-01
-7.071969027180607936e-01
-7.150126546362169933e-01
-7.227470024251083647e-01
-7.303666016711155562e-01
-7.378690022313414421e-01
-7.452814231622370000e-01
-7.526474804630408633e-01
-7.600075468982363525e-01
-7.673811441757112384e-01
-7.747588964050786675e-01
-7.821074764627319320e-01
-7.893853958413510341e-01
-7.965628141706297960e-01
-8.036367920431582990e-01
-8.106353203949765440e-01
-8.176082248744145353e-01
-8.246086620238601839e-01
-8.316729507277000888e-01
-8.388072086840656638e-01
-8.459863865407339922e-01
-8.531660319214022792e-01
-8.603017117871978314e-01
-8.673677770448510183e-01
-8.743674539711026039e-01
-8.813299781220370610e-01
-8.882960458186313080e-01
-8.952978721651146943e-01
-9.023424702872391290e-01
-9.094054102706699005e-01
-9.164378563379281806e-01
-9.233840185710917581e-01
-9.302017113888869648e-01
-9.368773912949498461e-01
-9.434294041764156313e-01
-9.498981937540634801e-01
-9.563277741745741523e-01
-9.627464875251838805e-01
-9.691553260081177124e-01
-9.755288189470960880e-01
-9.818280786207103095e-01
-9.880203690827340512e-01
-9.940967428212147405e-01
-1.000080091802600712e+00
-1.006020045177824951e+00
-1.011976760343662241e+00
-1.018000396067138658e+00
-1.024114899115727173e+00
-1.030312888460071186e+00
-1.036563676834316494e+00
-1.042830856063973854e+00
-1.049091791247974026e+00
-1.055350573020741312e+00
-1.061638801012623867e+00
-1.068003803487989734e+00
-1.074489302088100340e+00
-1.081116805228631517e+00
-1.087875749332965380e+00
-1.094726685174888470e+00
-1.101616255006360845e+00
-1.108497688168708306e+00
-1.115348190490277558e+00
-1.122175927567556686e+00
-1.129013748267523543e+00
-1.135902454911646098e+00
-1.142870881171361708e+00
-1.149921388040942460e+00
-1.157027056919363694e+00
-1.164141843456499625e+00
-1.171219399058552213e+00
-1.178232542108467396e+00
-1.185185066834888890e+00
-1.192110826206282503e+00
-1.199060428904945574e+00
-1.206081145762187390e+00
-1.213198490757197545e+00
-1.220407208709330504e+00
-1.227675372411772159e+00
-1.234959676225309888e+00
-1.242225255345687396e+00
-1.249461459349902714e+00
-1.256686768354537076e+00
-1.263940716518544782e+00
-1.271266264379441902e+00
-1.278690150920453350e+00
-1.286209618781039454e+00
-1.293791179184361040e+00
-1.301381944589953488e+00
-1.308928708468902746e+00
-1.316396676997991788e+00
-1.323779960147674517e+00
-1.331099500204929731e+00
-1.338389512131117565e+00
-1.345678424027859643e+00
-1.352972636360539438e+00
-1.360250173965621201e+00
-1.367467033174611046e+00
-1.374573549485462065e+00
-1.381533788443493949e+00
-1.388339675481785385e+00
-1.395013836155894582e+00
-1.401599964644022034e+00
-1.408144876684607638e+00
-1.414679937688659406e+00
-1.421209780144147228e+00
-1.427713046143703979e+00
-1.434154691432294682e+00
-1.440504403925793486e+00
-1.446753065867661947e+00
-1.452920054340885114e+00
-1.459048142375610535e+00
-1.465188114674844000e+00
-1.471379649027862335e+00
-1.477636626600885572e+00
-1.483943132734783621e+00
-1.490261812633334237e+00
-1.496550936978043644e+00
-1.502782788115745394e+00
-1.508955430822854327e+00
-1.515092823524387677e+00
-1.521233287387138144e+00
-1.527411400274432118e+00
-1.533641232015169775e+00
-1.539908258283780862e+00
-1.546173534713529474e+00
-1.552388401816970243e+00
-1.558513422495047873e+00
-1.564533405126030896e+00
-1.570462045598673750e+00
-1.576334201919187716e+00
-1.582189159795639455e+00
-1.588052151110701526e+00
-1.593922155657531814e+00
-1.599771306892525224e+00
-1.605556196471631392e+00
-1.611236194882620154e+00
-1.616790819323339568e+00
-1.622228528475638587e+00
-1.627583007910990975e+00
-1.632898430397421663e+00
-1.638209982868712444e+00
-1.643528060113082834e+00
-1.648833004299696814e+00
-1.654082755290384066e+00
-1.659230204597241132e+00
-1.664242817977576561e+00
-1.669116047821295634e+00
-1.673874678184249953e+00
-1.678561421239814777e+00
-1.683217590883694381e+00
-1.687864153517043775e+00
-1.692491380609835172e+00
-1.697061704069243504e+00
-1.701524732775969273e+00
-1.705838138658701819e+00
-1.709985524515088340e+00
-1.713983585139167154e+00
-1.717875380193542245e+00
-1.721712486639792150e+00
-1.725533588215745873e+00
-1.729348632173908218e+00
-1.733135358478564703e+00
-1.736849751820399579e+00
-1.740446018124159000e+00
-1.743897587941614757e+00
-1.747210163675479322e+00
-1.750421184714519907e+00
-1.753585861466145257e+00
-1.756755657001559889e+00
-1.759958336323679484e+00
-1.763188064538313116e+00
-1.766409775651066383e+00
-1.769575961600372338e+00
-1.772648735650941054e+00
-1.775617766269534048e+00
-1.778506433118647978e+00
-1.781363579707073042e+00
-1.784244395700885111e+00
-1.787188634209307292e+00
-1.790205486991355510e+00
-1.793271565947137214e+00
-1.796342807713410483e+00
-1.799375138286825271e+00
-1.802344975964615958e+00
-1.805260727633139384e+00
-1.808160313456800061e+00
-1.811095770609732813e+00
-1.814111541304723740e+00
-1.817225767923175583e+00
-1.820422625032379171e+00
-1.823658964939065985e+00
-1.826882385048425039e+00
-1.830052892843116563e+00
-1.833158777894973390e+00
-1.836219790532375384e+00
-1.839276210738300055e+00
-1.842368515704731369e+00
-1.845516484678848990e+00
-1.848706893086583758e+00
-1.851895270880942412e+00
-1.855021143702645148e+00
-1.858030337380440544e+00
-1.860894826983516381e+00
-1.863621605564814043e+00
-1.866246735623247499e+00
-1.868817120840029933e+00
-1.871367848479000617e+00
-1.873904915482172528e+00
-1.876400897628495823e+00
-1.878805588113967362e+00
-1.881067179194423122e+00
-1.883154955755105719e+00
-1.885073710644950218e+00
-1.886863534848719492e+00
-1.888584836418766510e+00
-1.890294768055316377e+00
-1.892024974435064566e+00
-1.893770083894337430e+00
-1.895491829396665606e+00
-1.897137007178909096e+00
-1.898661567608093570e+00
-1.900050486385199022e+00
-1.901324835366727806e+00
-1.902532925586762680e+00
-1.903729208826667962e+00
-1.904949879964515258e+00
-1.906195579786875038e+00
-1.907428627751351469e+00
-1.908586068620042431e+00
-1.909603110646590940e+00
-1.910437124700371747e+00
-1.911082146741888366e+00
-1.911567881988511797e+00
-1.911943820206774003e+00
-1.912255422283969608e+00
-1.912522710818244764e+00
-1.912730535954064282e+00
-1.912834758277484060e+00
-1.912781730026479110e+00
-1.912532722340219093e+00
-1.912082828246206789e+00
-1.911466234043609269e+00
-1.910745584421611021e+00
-1.909989963410986480e+00
-1.909250842157394157e+00
-1.908546151775795785e+00
-1.907859091248834904e+00
-1.907151906221510762e+00
-1.906388422858584120e+00
-1.905555364537660612e+00
-1.904673033263783344e+00
-1.903790561703462947e+00
-1.902967639685792189e+00
-1.902250506261111473e+00
-1.901652530017022613e+00
-1.901147763000622826e+00
-1.900680285733107322e+00
-1.900185369285093628e+00
-1.899613384433736396e+00
-1.898946227865160097e+00
-1.898199316916472146e+00
-1.897408486585705045e+00
-1.896607696387336395e+00
-1.895807465661370150e+00
-1.894983669654742409e+00
-1.894081862363452773e+00
-1.893035561658031884e+00
-1.891790842346299906e+00
-1.890326772921320675e+00
-1.888662931667547618e+00
-1.886850732814273179e+00
-1.884952229260615564e+00
-1.883015449651310957e+00
-1.881056830519837408e+00
-1.879058238159611927e+00
-1.876979753566621945e+00
-1.874782537866555687e+00
-1.872451670208959085e+00
-1.870008774294718457e+00
-1.867508626139164241e+00
-1.865020847944681703e+00
-1.862604262239915931e+00
-1.860284715183905035e+00
-1.858045767992710484e+00
-1.855836198089331646e+00
-1.853591081087923920e+00
-1.851257419960596673e+00
-1.848813355676292680e+00
-1.846272781734580315e+00
-1.843673507571397696e+00
-1.841054257875136102e+00
-1.838430680259564687e+00
-1.835781044306061149e+00
-1.833048190974021718e+00
-1.830157301926127689e+00
-1.827042214836573919e+00
-1.823669269536815740e+00
-1.820048656049466862e+00
-1.816228542746937569e+00
-1.812274654921233408e+00
-1.808244197003593179e+00
-1.804165392546445146e+00
-1.800031433515229651e+00
-1.795811349060137285e+00
-1.791472924170244507e+00
-1.787007506468748286e+00
-1.782445630556527272e+00
-1.777856274310664952e+00
-1.773329583618704852e+00
-1.768950038521664325e+00
-1.764771205834562817e+00
-1.760802613770613201e+00
-1.757014114954355444e+00
-1.753355600138850612e+00
-1.749783328708274688e+00
-1.746281308000744659e+00
-1.742868325580621658e+00
-1.739587498141485167e+00
-1.736482860199087819e+00
-1.733573270484650042e+00
-1.730835195180717712e+00
-1.728202202836539580e+00
-1.725581870040822086e+00
-1.722883306651809443e+00
-1.720043900123866987e+00
-1.717044157948995897e+00
-1.713904599967344788e+00
-1.710666353005944718e+00
-1.707364117120031999e+00
-1.704003470436394441e+00
-1.700552613406955960e+00
-1.696952383044944890e+00
-1.693140389416750713e+00
-1.689078893174456475e+00
-1.684774261017462305e+00
-1.680279309393822196e+00
-1.675677113584880473e+00
-1.671052798203458645e+00
-1.666465029565650235e+00
-1.661929108130004940e+00
-1.657418579976996487e+00
-1.652884342158139619e+00
-1.648282690634720549e+00
-1.643599900776116618e+00
-1.638862417969231711e+00
-1.634127956329332054e+00
-1.629461096856923197e+00
-1.624903775367994907e+00
-1.620453413080152449e+00
-1.616058322346639375e+00
-1.611632718139051956e+00
-1.607085285264981289e+00
-1.602349492010830323e+00
-1.597402914140418018e+00
-1.592268047367766837e+00
-1.586993543584926947e+00
-1.581627363507402073e+00
-1.576185915329428200e+00
-1.570655366499649430e+00
-1.564899677722425553e+00
-1.558846503493000579e+00
-1.552521458475535132e+00
-1.545986244470131110e+00
-1.539335114065936372e+00
-1.532658245652234630e+00
-1.526015856790677638e+00
-1.519424796524288857e+00
-1.512865759586036862e+00
-1.506306758510533417e+00
-1.499732511835207394e+00
-1.493166549027583834e+00
-1.486676021260121994e+00
-1.480356612368203262e+00
-1.474303514394848413e+00
-1.468580461687289285e+00
-1.463199725163169651e+00
-1.458121357039695143e+00
-1.453271812175695343e+00
-1.448573856377034730e+00
-1.443974920759757197e+00
-1.439461860908543445e+00
-1.435056045160930660e+00
-1.430791244308669663e+00
-1.426684268120535171e+00
-1.422711480066118028e+00
-1.418801851887664611e+00
-1.414850153452031911e+00
-1.410745238237047117e+00
-1.406401886058677997e+00
-1.401783097696480240e+00
-1.396903774641916174e+00
-1.391814628216931027e+00
-1.386573558895789038e+00
-1.381217025391503261e+00
-1.375743818729334711e+00
-1.370118213965794363e+00
-1.364291021936618886e+00
-1.358229243148727727e+00
-1.351941207607612272e+00
-1.345485912203658874e+00
-1.338962008075434307e+00
-1.332480582016991377e+00
-1.326132811128483802e+00
-1.319965773813751575e+00
-1.313976223004950539e+00
-1.308124461119973603e+00
-1.302361887891547720e+00
-1.296659996805088921e+00
-1.291028066446414657e+00
-1.285511758185764908e+00
-1.280173154005896707e+00
-1.275060872888450270e+00
-1.270183304614148190e+00
-1.265496793869621772e+00
-1.260914299906954028e+00
-1.256331340418255005e+00
-1.251658645822733451e+00
-1.246848090866909509e+00
-1.241901350068178145e+00
-1.236858124548303683e+00
-1.231769561088779552e+00
-1.226668781522502361e+00
-1.221551605420438502e+00
-1.216376077107427234e+00
-1.211081217043326497e+00
-1.205617026585971585e+00
-1.199972794188870040e+00
-1.194191334118442249e+00
-1.188362696357880388e+00
-1.182599589974251630e+00
-1.177004532637236700e+00
-1.171642240127824364e+00
-1.166528491305663717e+00
-1.161639619410373525e+00
-1.156937920562665090e+00
-1.152401441406949667e+00
-1.148044766668281147e+00
-1.143921358957164180e+00
-1.140106019619383737e+00
-1.136664718152896603e+00
-1.133624629742311152e+00
-1.130957269165794532e+00
-1.128582133999733061e+00
-1.126389599426929955e+00
-1.124273655069647937e+00
-1.122160937466678332e+00
-1.120024173199742012e+00
-1.117874897616096597e+00
-1.115739252062526443e+00
-1.113627953075160493e+00
-1.111514032453754686e+00
-1.109328583968183679e+00
-1.106976958159921143e+00
-1.104368959691834684e+00
-1.101450445856706928e+00
-1.098222974416152908e+00
-1.094743127691418350e+00
-1.091101721832286264e+00
-1.087391618079688316e+00
-1.083677653694081977e+00
-1.079981202972311261e+00
-1.076285483022122236e+00
-1.072558734154513971e+00
-1.068784665764762831e+00
-1.064986394675156989e+00
-1.061232885783737423e+00
-1.057624445720497519e+00
-1.054262879646076012e+00
-1.051218607500576940e+00
-1.048508467179800174e+00
-1.046093481245543355e+00
-1.043897427683741386e+00
-1.041838244075864006e+00
-1.039858891224591408e+00
-1.037066081758445613e+00
-1.033246862411917100e+00
-1.028431091015341581e+00
-1.022648625399051880e+00
-1.015929323393385708e+00
-1.008303042828674112e+00
-9.997996415352544686e-01
-9.904489773434629329e-01
-9.802809080836306643e-01
-9.693252915860968155e-01
-9.576119856811915465e-01
-9.451708481992517896e-01
-9.320317369706155874e-01
-9.182245098256122118e-01
-9.037790245945818146e-01
-8.887251391078540008e-01
-8.730927111957659248e-01
-8.569115986886561842e-01
-8.402116594168528296e-01
-8.230227512106976784e-01
-8.053747319005184480e-01
-7.872974593166531809e-01
-7.688207912894413631e-01
-7.499745856492094909e-01
-7.307887002263007137e-01
-7.112929928510414168e-01
-6.915173213537705310e-01
-6.714915435648278752e-01
-6.512455173145387244e-01
-6.308091004332477825e-01
-6.102121507512797693e-01
-5.894845260989749480e-01
-5.686560843066723603e-01
-5.477566832046975032e-01
-5.268161806233948585e-01
-5.058644343930900344e-01
-4.849313023441222392e-01
-4.640466423068310142e-01
-4.432403121115421896e-01
-4.225421695885994700e-01
-4.019820725683287965e-01
-3.815898788810695441e-01
-3.613954463571610876e-01
-3.414286328269293680e-01
-3.217192961207179236e-01
-3.022972940688529730e-01
-2.831924845016737802e-01
-2.644347252495192757e-01
-2.460538741427159559e-01
-2.280797890116068039e-01
-2.105423276865189819e-01
-1.934713479977910877e-01
-1.768967077757617745e-01
-1.608482648507582602e-01
-1.453558770531195588e-01
-1.304494022131834630e-01
-1.161586981612783981e-01
-1.025136227277454043e-01
-8.954403374291335094e-02
-7.727978903712016956e-02
-6.575074644070320884e-02
-5.498676378399230957e-02
-4.501769889732690211e-02
-3.587340961103754888e-02
-2.758375375546137653e-02
-2.017858916093479005e-02
-1.368777365778947597e-02
-8.141165076362949504e-03
-3.568621246987729867e-03
0.000000000000000000e+00
