0.000000000000000000e+00
-1.351060539230523015e-02
-2.664145764847240805e-02
-3.940518320719139239e-02
-5.181440850716350494e-02
-6.388175998708157943e-02
-7.561986408563863005e-02
-8.704134724153556046e-02
-9.815883589346297011e-02
-1.089849564801214921e-01
-1.195323354402041960e-01
-1.298135992124044846e-01
-1.398413742354226719e-01
-1.496282869479500233e-01
-1.591869637886863531e-01
-1.685300311963253139e-01
-1.776701156095603085e-01
-1.866198434670914563e-01
-1.953918412076099675e-01
-2.039987352698157674e-01
-2.124531520924023698e-01
-2.207677181140636213e-01
-2.289550597734989756e-01
-2.370278035094003366e-01
-2.449985757604670744e-01
-2.528800029653928694e-01
-2.606847115628718736e-01
-2.684253279916030688e-01
-2.761144786902786641e-01
-2.837647900975977522e-01
-2.913888886522543742e-01
-2.989994007929425157e-01
-3.066089529583609363e-01
-3.142301715872022894e-01
-3.218756831181653899e-01
-3.295581139899443346e-01
-3.372900906412329425e-01
-3.450842395107303617e-01
-3.529531870371288571e-01
-3.609095596591274657e-01
-3.689659838154201732e-01
-3.771350859447007986e-01
-3.854294924856686011e-01
-3.938618298770156789e-01
-4.024447245574412912e-01
-4.111908029656393126e-01
-4.201126915403035067e-01
-4.292230167201331881e-01
-4.385344049438203440e-01
-4.480594826500645667e-01
-4.578108762775594531e-01
-4.678012122649984339e-01
-4.780431170510817118e-01
-4.885492170745002749e-01
-4.993321387739545480e-01
-5.104045085881379062e-01
-5.217789529557432804e-01
-5.334680983154715950e-01
-5.454845711060131164e-01
-5.578409977660688801e-01
-5.705500047343321501e-01
-5.836242184494954133e-01
-5.970762653502601491e-01
-6.109187718753161800e-01
-6.251643644633650965e-01
-6.398256695530997185e-01
-6.549153135832123107e-01
-6.704459229924050190e-01
-6.864301242193668884e-01
-7.028805437028005088e-01
-7.198098078813981449e-01
-7.370890416032780390e-01
-7.542219698333192390e-01
-7.713189965843063600e-01
-7.885109739329758671e-01
-8.058923764031623582e-01
-8.234805811636995987e-01
-8.412082732736460011e-01
-8.589517265259516421e-01
-8.765824998475644225e-01
-8.940203803055053466e-01
-9.112652084993049240e-01
-9.283944703635218509e-01
-9.455281765383615200e-01
-9.627763178185864135e-01
-9.801912907634962036e-01
-9.977452379016633621e-01
-1.015341448794659485e+00
-1.032854507600875715e+00
-1.050181881437830977e+00
-1.067285088444594798e+00
-1.084203339010510359e+00
-1.101034392615889423e+00
-1.117891191667393702e+00
-1.134852827672583997e+00
-1.151930451499346031e+00
-1.169062139084067642e+00
-1.186138369297760731e+00
-1.203046955049571043e+00
-1.219718349569601124e+00
-1.236152429491736759e+00
-1.252415908171266468e+00
-1.268611956166608490e+00
-1.284835145808764789e+00
-1.301130716097497197e+00
-1.317475024346883794e+00
-1.333784951865492507e+00
-1.349951877351062368e+00
-1.365885712371893490e+00
-1.381550562644083380e+00
-1.396977339595459222e+00
-1.412248480200069434e+00
-1.427461570287382520e+00
-1.442687274324738311e+00
-1.457939074520998357e+00
-1.473167154467959872e+00
-1.488278578490887183e+00
-1.503175023874591565e+00
-1.517792219220045702e+00
-1.532124783548586500e+00
-1.546226425057387832e+00
-1.560185760231935781e+00
-1.574088053717694891e+00
-1.587978840624773680e+00
-1.601844406438215129e+00
-1.615616964313372206e+00
-1.629202107868124472e+00
-1.642516980154034023e+00
-1.655523320344270743e+00
-1.668241824204966584e+00
-1.680742069124661286e+00
-1.693112398989756961e+00
-1.705422360659897052e+00
-1.717693223391147050e+00
-1.729888655597360936e+00
-1.741929241618734858e+00
-1.753724692319591494e+00
-1.765210374933448012e+00
-1.776373098248527072e+00
-1.787255592450591068e+00
-1.797937937673100395e+00
-1.808503683674194784e+00
-1.819004675908952651e+00
-1.829439096073606219e+00
-1.839751740554191883e+00
-1.849856377761323278e+00
-1.859670926469065844e+00
-1.869150920147121919e+00
-1.878307435436609607e+00
-1.887202071310964957e+00
-1.895921035638355345e+00
-1.904539062398740157e+00
-1.913088086509923347e+00
-1.921543645659403943e+00
-1.929834664396424815e+00
-1.937872610868810463e+00
-1.945587986903516864e+00
-1.952959038901913802e+00
-1.960020751452695276e+00
-1.966850319919875023e+00
-1.973535046145886929e+00
-1.980135933923709901e+00
-1.986662120007067989e+00
-1.993066837691342519e+00
-1.999266692760103714e+00
-2.005176328658539120e+00
-2.010744096525822755e+00
-2.015973843312956149e+00
-2.020923638699091640e+00
-2.025681837923645201e+00
-2.030330361856214960e+00
-2.034910510852410592e+00
-2.039405641067844055e+00
-2.043748048337656886e+00
-2.047847311747075238e+00
-2.051628338093587800e+00
-2.055063207230714006e+00
-2.058183412371028531e+00
-2.061067245871355258e+00
-2.063807423344942382e+00
-2.066472620874955091e+00
-2.069078350432922875e+00
-2.071582044117498356e+00
-2.073895822093176466e+00
-2.075940077187309551e+00
-2.077626626106383601e+00
-2.079069499485084016e+00
-2.080536973717910687e+00
-2.081937943202032404e+00
-2.083156878676365231e+00
-2.084066252679649178e+00
-2.084595097774864403e+00
-2.084754792863152684e+00
-2.084635533879898972e+00
-2.084366205627861568e+00
-2.084058947975493403e+00
-2.083761510933723748e+00
-2.083438353012789346e+00
-2.082988171304799074e+00
-2.082289773244204500e+00
-2.081255943226423710e+00
-2.079871780941408677e+00
-2.078201086488330240e+00
-2.076358498065190794e+00
-2.074460008657506460e+00
-2.072573699456264684e+00
-2.070692107857368569e+00
-2.068737915687142603e+00
-2.066599969612387344e+00
-2.064183488491841967e+00
-2.061452367958243048e+00
-2.058445255817480835e+00
-2.055258826711157560e+00
-2.052006075570879329e+00
-2.048768202972092389e+00
-2.045561163606127497e+00
-2.042331224417963220e+00
-2.038981008789280125e+00
-2.035414187654728035e+00
-2.031579021959711184e+00
-2.027491766296231290e+00
-2.023230037312061746e+00
-2.018899508222599337e+00
-2.014588874239326088e+00
-2.010332921758490876e+00
-2.006099697002786897e+00
-2.001807014761871173e+00
-1.997360667134387757e+00
-1.992697337757532994e+00
-1.987813422443063249e+00
-1.982767373514974008e+00
-1.977654925781612949e+00
-1.972568428897210069e+00
-1.967558246378756426e+00
-1.962613002115508598e+00
-1.957666988061333768e+00
-1.952631095540786843e+00
-1.947433456614931613e+00
-1.942051972289557726e+00
-1.936524716295495274e+00
-1.930934057677893056e+00
-1.925371829623132580e+00
-1.919900970783160687e+00
-1.914530325060245453e+00
-1.909213280334822960e+00
-1.903870396719092417e+00
-1.898425776978671653e+00
-1.892841174643550062e+00
-1.887133130228713762e+00
-1.881366077796309044e+00
-1.875624915584432895e+00
-1.869979367507141887e+00
-1.864455745853716540e+00
-1.859028132646102005e+00
-1.853632299569628827e+00
-1.848195756995884009e+00
-1.842670503893029998e+00
-1.837054227065610945e+00
-1.831391088139015189e+00
-1.825752348112116952e+00
-1.820205835262864058e+00
-1.814787858616335514e+00
-1.809489714641208113e+00
-1.804264219159186666e+00
-1.799048791921504131e+00
-1.793794479421292554e+00
-1.788488003792188419e+00
-1.783157358465918163e+00
-1.777858983383237224e+00
-1.772652734208428171e+00
-1.767576083680716836e+00
-1.762629044306657455e+00
-1.757776229929891576e+00
-1.752964683030830972e+00
-1.748149107753243614e+00
-1.743313033034886494e+00
-1.738476488175614509e+00
-1.733686993175390878e+00
-1.728998207336062798e+00
-1.724446047978038354e+00
-1.720033086155963398e+00
-1.715728175019546331e+00
-1.711481352050417737e+00
-1.707247197629259361e+00
-1.703006086407542474e+00
-1.698773772103488788e+00
-1.694595009746793446e+00
-1.690524070789348965e+00
-1.686600852958520136e+00
-1.682833232339280283e+00
-1.679193524720767883e+00
-1.675630671660762960e+00
-1.672092796048592733e+00
-1.668550215980135087e+00
-1.665008826211494153e+00
-1.661507993024784469e+00
-1.658103883086350372e+00
-1.654845482136487300e+00
-1.651753691769724419e+00
-1.648812494003734752e+00
-1.645975900740197728e+00
-1.643187584013167113e+00
-1.640404680967914697e+00
-1.637615592772635464e+00
-1.634844312870169292e+00
-1.632139684914586608e+00
-1.629554430972542045e+00
-1.627123032490519927e+00
-1.624847809559245349e+00
-1.622698819982001828e+00
-1.620627187304292338e+00
-1.618585794890592622e+00
-1.616548365045794799e+00
-1.614518977152223478e+00
-1.612528452413419577e+00
-1.610619753709928936e+00
-1.608829115307153224e+00
-1.607171106454971188e+00
-1.605633736132901612e+00
-1.604185082372337590e+00
-1.602787893454983292e+00
-1.601415366361609527e+00
-1.600061194224990047e+00
-1.598739891060539042e+00
-1.597477924997541709e+00
-1.596300241601694037e+00
-1.595218555178081310e+00
-1.594226614795114738e+00
-1.593304174712335097e+00
-1.592427292713564091e+00
-1.591579742783668205e+00
-1.590760019425653482e+00
-1.589980705142928219e+00
-1.589260733622160027e+00
-1.588614495990308129e+00
-1.588043221207886768e+00
-1.587532936004440565e+00
-1.587060127506591867e+00
-1.586602496735691537e+00
-1.586149666624570465e+00
-1.585708589958401804e+00
-1.585300781380702073e+00
-1.584952295723280891e+00
-1.584680846505715390e+00
-1.584485983552955002e+00
-1.584347072693751413e+00
-1.584230411583111398e+00
-1.584102684712530795e+00
-1.583944973256279365e+00
-1.583761068368268798e+00
-1.583576164071542003e+00
-1.583426145624894144e+00
-1.583341858073813002e+00
-1.583335053475054766e+00
-1.583392127159380713e+00
-1.583478494219987098e+00
-1.583551912057767463e+00
-1.583579191250055640e+00
-1.583549236721130349e+00
-1.583476887970291402e+00
-1.583395931346205154e+00
-1.583344257850147763e+00
-1.583347459081205111e+00
-1.583407769226294448e+00
-1.583502923670846663e+00
-1.583595237591828964e+00
-1.583646867911418399e+00
-1.583634681429220148e+00
-1.583558470068143986e+00
-1.583439245983966570e+00
-1.583308676110983582e+00
-1.583194478981695186e+00
-1.583108198011126344e+00
-1.583040511106373449e+00
-1.582965779708495280e+00
-1.582853453355544948e+00
-1.582681027545266961e+00
-1.582442759131633903e+00
-1.582150433811767343e+00
-1.581826161102073636e+00
-1.581490767857487878e+00
-1.581153261263949839e+00
-1.580806208934742774e+00
-1.580429060965592214e+00
-1.579997721619878615e+00
-1.579495773673484482e+00
-1.578922001788973128e+00
-1.578290591119355213e+00
-1.577623803025865357e+00
-1.576940480973911152e+00
-1.576245776851721514e+00
-1.575527052048577570e+00
-1.574758148483229814e+00
-1.573910362031162080e+00
-1.572965270480858990e+00
-1.571923522189641709e+00
-1.570805314149144927e+00
-1.569641917916171581e+00
-1.568461662632239628e+00
-1.567276441016791200e+00
-1.566074830496308579e+00
-1.564825220790893479e+00
-1.563488030720205924e+00
-1.562032035786508954e+00
-1.560447823917110677e+00
-1.558752396024675413e+00
-1.556982577257281175e+00
-1.555179683114568334e+00
-1.553371741975430265e+00
-1.551560813868126054e+00
-1.549720965378657223e+00
-1.547808042416131791e+00
-1.545777369038432214e+00
-1.543602042436757804e+00
-1.541284118703114103e+00
-1.538853867608027448e+00
-1.536357241158488929e+00
-1.533836669536017272e+00
-1.531313158376559569e+00
-1.528777186965093460e+00
-1.526192268112755768e+00
-1.523509744400500576e+00
-1.520688677383507770e+00
-1.517712535824658815e+00
-1.514595723037637454e+00
-1.511377240820969581e+00
-1.508104175350663212e+00
-1.504811940716772156e+00
-1.501509540370828288e+00
-1.498175960508969506e+00
-1.494769104508182567e+00
-1.491243414586809646e+00
-1.487568720326881699e+00
-1.483742416246200513e+00
-1.479789970429305157e+00
-1.475753718300229389e+00
-1.471674807667826101e+00
-1.467575965151966644e+00
-1.463452295075473142e+00
-1.459273835142072206e+00
-1.454998589255005026e+00
-1.450590364981044766e+00
-1.446033810781554019e+00
-1.441340366103406101e+00
-1.436542793633678095e+00
-1.431680838221434326e+00
-1.426784268211140905e+00
-1.421860544685109362e+00
-1.416892255550787683e+00
-1.411845192355028367e+00
-1.406683390560867775e+00
-1.401384561505109039e+00
-1.395949304308623962e+00
-1.390400292534616611e+00
-1.384772016207942880e+00
-1.379095701329462020e+00
-1.373386009992874079e+00
-1.367635225403466936e+00
-1.361817281018356640e+00
-1.355899687117356534e+00
-1.349858013491490594e+00
-1.343686561665362378e+00
-1.337400624593893417e+00
-1.331029476729860495e+00
-1.324603310275483725e+00
-1.318139951066540583e+00
-1.311637222927997781e+00
-1.305074287410942890e+00
-1.298421299667797513e+00
-1.291653046896398926e+00
-1.284760492677165189e+00
-1.277755090804730154e+00
-1.270663932507431149e+00
-1.263517863956247433e+00
-1.256337834645332885e+00
-1.249125542182191406e+00
-1.241862576590486267e+00
-1.234518538967980916e+00
-1.227064646062077324e+00
-1.219486867072717251e+00
-1.211792768691515310e+00
-1.204008940237677683e+00
-1.196169968221633573e+00
-1.188303653265031068e+00
-1.180418879777074048e+00
-1.172501491543688878e+00
-1.164520122771274924e+00
-1.156439635841339797e+00
-1.148236479365365881e+00
-1.139909363849642254e+00
-1.131480574741973610e+00
-1.122987202351044322e+00
-1.114465888875153743e+00
-1.105937528239678169e+00
-1.097398444335580869e+00
-1.088821874775110388e+00
-1.080169238143102506e+00
-1.071406502859431731e+00
-1.062518774555222700e+00
-1.053516927441418227e+00
-1.044433445366097502e+00
-1.035309190649672306e+00
-1.026176652878074913e+00
-1.017046717658648625e+00
-1.007904507606916855e+00
-9.987160136579353864e-01
-9.894426822914617059e-01
-9.800577843714513016e-01
-9.705576823794422880e-01
-9.609633143863129945e-01
-9.513113724359683054e-01
-9.416390026841808814e-01
-9.319685525639124224e-01
-9.222988008252773762e-01
-9.126062706909987554e-01
-9.028559056721257026e-01
-8.930164277520966642e-01
-8.830737754293449537e-01
-8.730369347943459646e-01
-8.629338152201139200e-01
-8.527991191053037046e-01
-8.426595588184526697e-01
-8.325228314402330909e-01
-8.223750440583587062e-01
-8.121875590735816441e-01
-8.019301313401000497e-01
-7.915845131966798842e-01
-7.811525735234899903e-01
-7.706554424338768472e-01
-7.601241563491578646e-01
-7.495860065837006703e-01
-7.390526568242593575e-01
-7.285152905025616965e-01
-7.179489246892408749e-01
-7.073239546070707595e-01
-6.966197924846442291e-01
-6.858345238415525236e-01
-6.749862477406970429e-01
-6.641054415719249704e-01
-6.532216773723836800e-01
-6.423505583692968868e-01
-6.314867093659947139e-01
-6.206060366280298224e-01
-6.096764004174894946e-01
-5.986720979459085878e-01
-5.875857903910940427e-01
-5.764325324968323505e-01
-5.652439579235541967e-01
-5.540549796944141958e-01
-5.428887099222083901e-01
-5.317462020139532841e-01
-5.206056375474301667e-01
-5.094315386402217261e-01
-4.981902002806755658e-01
-4.868647314197362408e-01
-4.754631323687470434e-01
-4.640157295781602298e-01
-4.525628451620793413e-01
-4.411378383904971945e-01
-4.297527645782986960e-01
-4.183929073170998270e-01
-4.070227287318226028e-01
-3.956009069907728826e-01
-3.840981742747093808e-01
-3.725103503446479669e-01
-3.608608989425398095e-01
-3.491917273143613221e-01
-3.375459531803986502e-01
-3.259498499790662862e-01
-3.144016406289285026e-01
-3.028720061009192999e-01
-2.913162631846817341e-01
-2.796932131557365309e-01
-2.679827638840763249e-01
-2.561948648559607133e-01
-2.443659010413491428e-01
-2.325439548708063409e-01
-2.207690499068636070e-01
-2.090566368339449588e-01
-1.973912573913888802e-01
-1.857330719308966926e-01
-1.740345478930470369e-01
-1.622603494818691539e-01
-1.504021344381361314e-01
-1.384821145125739450e-01
-1.265439538953775922e-01
-1.146348665701632241e-01
-1.027864118432753882e-01
-9.100196261841234091e-02
-7.925595994990514148e-02
-6.750509891265986384e-02
-5.570662398199463516e-02
-4.383602864167036872e-02
-3.189682888658847137e-02
-1.991853862615811446e-02
-7.943988646267510778e-03
3.988451292547599489e-03
1.586020685512401496e-02
2.767908862053443733e-02
3.947469184642413836e-02
5.128494083153851968e-02
6.313976095930295962e-02
7.504886125682787290e-02
8.699860631388479926e-02
9.895889488226797259e-02
1.108966540382357452e-01
1.227898566692503524e-01
1.346359962147735123e-01
1.464516092481956688e-01
1.582634872563704331e-01
1.700958486000335723e-01
1.819593648441989453e-01
1.938468894236249074e-01
2.057375564530284917e-01
2.176070547407273070e-01
2.294391225321673333e-01
2.412328728223320229e-01
2.530025955937511006e-01
2.647702349247592069e-01
2.765541647630448407e-01
2.883596170008121962e-01
3.001753591364135776e-01
3.119783141859877595e-01
3.237440980361526721e-01
3.354586268824241713e-01
3.471253235620110900e-01
3.587643514704324521e-01
3.704039000638148504e-01
3.820672275464135903e-01
3.937612563588148706e-01
4.054720237919938186e-01
4.171693721978639857e-01
4.288191760687793397e-01
4.403979460157022019e-01
4.519033956896795212e-01
4.633561482519543695e-01
4.747915225766136116e-01
4.862446662203151471e-01
4.977352939190781145e-01
5.092586090649545705e-01
5.207864451410602058e-01
5.322783240848202313e-01
5.436978610446669968e-01
5.550276078942887326e-01
5.662760426650738088e-01
5.774737310365570808e-01
5.886602864578901473e-01
5.998676601928398799e-01
6.111068191824078344e-01
6.223633696569852436e-01
6.336038212592443042e-01
6.447896407269305685e-01
6.558929849029383474e-01
6.669074142393733862e-01
6.778492019405751856e-01
6.887490222061031231e-01
6.996379414430592414e-01
7.105339636669822934e-01
7.214349149563226149e-01
7.323204640926523901e-01
7.431619458143955415e-01
7.539352437701178911e-01
7.646308142820410492e-01
7.752564565896356008e-01
7.858319069766227516e-01
7.963781322843641597e-01
8.069065771403682863e-01
8.174135016816870269e-01
8.278820218299954847e-01
8.382907295075742171e-01
8.486245875960450880e-01
8.588826686486423778e-01
8.690787897072760337e-01
8.792345102881414798e-01
8.893677215055949548e-01
8.994823490243963882e-01
9.095643831589308448e-01
9.195866132640285739e-01
9.295203369117802650e-01
9.393488376186454047e-01
9.490762532837715426e-01
9.587272534963144910e-01
9.683369943592297080e-01
9.779353419417643467e-01
9.875322724331232482e-01
9.971112435322710965e-01
1.006634090089264522e+00
1.016055960982039874e+00
1.025344190370111264e+00
1.034492899349904738e+00
1.043526613350300059e+00
1.052490746067891836e+00
1.061432522347296903e+00
1.070380285280471133e+00
1.079330168825316516e+00
1.088246199008285009e+00
1.097074214838245076e+00
1.105763988089233596e+00
1.114290196327939242e+00
1.122663166881487928e+00
1.130924550588331634e+00
1.139129524826554274e+00
1.147322989957243911e+00
1.155519939851811895e+00
1.163698512612259428e+00
1.171808825812485688e+00
1.179793879844583948e+00
1.187613540065708850e+00
1.195261209156971649e+00
1.202765933953567679e+00
1.210179025824420496e+00
1.217551048125054880e+00
1.224909261414883987e+00
1.232245437552685674e+00
1.239519398168096531e+00
1.246676662456968065e+00
1.253672337599903264e+00
1.260490604428680772e+00
1.267151096367043595e+00
1.273699315841363644e+00
1.280185383890223516e+00
1.286640682028926452e+00
1.293062949908137416e+00
1.299416656498700640e+00
1.305648603947076269e+00
1.311711808859342465e+00
1.317586854130978091e+00
1.323290899424509615e+00
1.328870006587314245e+00
1.334377977149544092e+00
1.339851119203179231e+00
1.345290419512140456e+00
1.350659480863596329e+00
1.355899598494261893e+00
1.360955557978397845e+00
1.365800666072568559e+00
1.370449575798884823e+00
1.374952691390981752e+00
1.379374119811440869e+00
1.383762647651938904e+00
1.388128655752200347e+00
1.392437585882549067e+00
1.396623432575264889e+00
1.400616828384294354e+00
1.404375575077860816e+00
1.407904018797555112e+00
1.411252263006824270e+00
1.414494969092145338e+00
1.417698605876376305e+00
1.420891399444826897e+00
1.424049411585718738e+00
1.427105356613301401e+00
1.429976836880619384e+00
1.432601980061277480e+00
1.434966867645856015e+00
1.437112427796952252e+00
1.439117298438695292e+00
1.441063717988200210e+00
1.443001153297005068e+00
1.444923669168253433e+00
1.446771287330567368e+00
1.448455184509926275e+00
1.449896049316598434e+00
1.451058912308724969e+00
1.451969022475267490e+00
1.452701442399800147e+00
1.453348518703298176e+00
1.453979238582459699e+00
1.454608295801276707e+00
1.455188680165999671e+00
1.455631428405783634e+00
1.455844222895001927e+00
1.455772057627403804e+00
1.455422011044011033e+00
1.454860900411130586e+00
1.454186459621600758e+00
1.453484422778414720e+00
1.452790312503852377e+00
1.452072928109257699e+00
1.451247173899910203e+00
1.450210987243978344e+00
1.448890371081470896e+00
1.447272697855313872e+00
1.445413339594999735e+00
1.443412262544790270e+00
1.441370482606468828e+00
1.439345371360787995e+00
1.437324608545540450e+00
1.435230620607539365e+00
1.432954029400681950e+00
1.430401764430311973e+00
1.427538767687488663e+00
1.424404717473504833e+00
1.421097951355346778e+00
1.417733159311454827e+00
1.414391173387061773e+00
1.411082944005237261e+00
1.407743848440058176e+00
1.404261319858266743e+00
1.400524111539195760e+00
1.396471778522232476e+00
1.392122538577829527e+00
1.387566885716566834e+00
1.382929249923823489e+00
1.378314127949281209e+00
1.373760208332876376e+00
1.369222837907340118e+00
1.364592920393484565e+00
1.359744558823208882e+00
1.354590487785704234e+00
1.349122200488838574e+00
1.343413477232889397e+00
1.337594597659554907e+00
1.331783780947047635e+00
1.326074756149311584e+00
1.320201815597934702e+00
1.314053449320017775e+00
1.307720291741289120e+00
1.301284325221588878e+00
1.294835729699989724e+00
1.288419297798284902e+00
1.282021667125542219e+00
1.275576235331254971e+00
1.268992283176261671e+00
1.262193435130791519e+00
1.255150032775476099e+00
1.247891746850665173e+00
1.240495335847539460e+00
1.233052800518427583e+00
1.225633339976907266e+00
1.218255008743032164e+00
1.210877832887606198e+00
1.203421132821828277e+00
1.195797707686215849e+00
1.187950553299298884e+00
1.179876797411836264e+00
1.171628971979124856e+00
1.163293225256692764e+00
1.154953652848516921e+00
1.146657633766626994e+00
1.138396555378197395e+00
1.130109849885813311e+00
1.121710562440217718e+00
1.113121754162002652e+00
1.104308604973230246e+00
1.095292940143625326e+00
1.086144236859180490e+00
1.076950914427704298e+00
1.067783845968456102e+00
1.058667203213592201e+00
1.049568673384176698e+00
1.040413057521347717e+00
1.031113595191737398e+00
1.021608046476167875e+00
1.011884605023358308e+00
1.001986919263437636e+00
9.919961651935778058e-01
9.819975838841503712e-01
9.720453049561436076e-01
9.621399907331243950e-01
9.522285585135970010e-01
9.422261402441984846e-01
9.320512563896097280e-01
9.216596965138086350e-01
9.110630916584594452e-01
9.003244362039428683e-01
8.895323050639154516e-01
8.787643262031622493e-01
8.680549720178386552e-01
8.573810438470452766e-01
8.466709958616254195e-01
8.358344159017012664e-01
8.247995894640585135e-01
8.135436158877099588e-01
8.021024853960760925e-01
7.905567212335231631e-01
7.789983359010664854e-01
7.674926649857962691e-01
7.560509165016153776e-01
7.446249951599573924e-01
7.331270234446058964e-01
7.214657201880643189e-01
7.095846619514453169e-01
6.974864657922630329e-01
6.852325930093280393e-01
6.729185129524009046e-01
6.606342675345501236e-01
6.484267416716047450e-01
6.362794861052127882e-01
6.241188355635559626e-01
6.118441713932495363e-01
5.993699937311564030e-01
5.866623005871074437e-01
5.737538707712327435e-01
5.607316551686705175e-01
5.477011184139451982e-01
5.347422058906032838e-01
5.218753725422305978e-01
5.090521790815610848e-01
4.961748423040256428e-01
4.831369724014615841e-01
4.698686312330864201e-01
4.563667150322878174e-01
4.426975444622547329e-01
4.289700848429611191e-01
4.152906427712056425e-01
4.017179373006648513e-01
3.882376240572886217e-01
3.747674313822039194e-01
3.611912521436419499e-01
3.474081801253973145e-01
3.333758792017694206e-01
3.191297297894413743e-01
3.047691908740746691e-01
2.904166349998142937e-01
2.761657624884118478e-01
2.620414561428794364e-01
2.479883824326525876e-01
2.338936534965063152e-01
2.196344041123496904e-01
2.051303390886105860e-01
1.903788566873184374e-01
1.754574595592258701e-01
1.604919319263674593e-01
1.456033987508432159e-01
1.308566313218119392e-01
1.162317683268205143e-01
1.016319128659783910e-01
8.692385478441451430e-02
7.199489910560070982e-02
5.797277612688248732e-02
4.513745632482849685e-02
3.345319662377005399e-02
2.288425394803078605e-02
1.339488522194427766e-02
4.949347369835124105e-03
-2.488102683965610126e-03
-8.953208015127727890e-03
-1.448171169932527605e-02
-1.910935681222698454e-02
-2.287188642950600814e-02
-2.580504362683243291e-02
-2.794457147987694512e-02
-2.932621306431177841e-02
-2.998571145580740047e-02
-2.995880973003528167e-02
-2.928125096266630256e-02
-2.798877822937206189e-02
-2.611713460582309673e-02
-2.370206316769141175e-02
-2.077930699064705830e-02
-1.738460915036167329e-02
-1.355371272250742790e-02
-9.322360782753644909e-03
-4.726296406773380226e-03
1.987373297641509273e-04
5.416997351187013282e-03
1.089274058182255686e-02
1.659022394600225686e-02
2.247370436805224553e-02
2.850743877230412643e-02
3.465568408308539877e-02
4.088269722472349238e-02
4.715273512155002816e-02
5.343005469789115919e-02
5.967891287807827738e-02
6.586356658643910400e-02
7.194827274730099254e-02
7.789728828499545288e-02
8.367487012384879075e-02
8.924527518819233562e-02
9.457276040235373937e-02
9.962158269066059835e-02
1.043559989774439922e-01
1.087402661870308651e-01
1.127386412437518526e-01
1.163153810719347869e-01
1.194347425959078890e-01
1.220609827400013780e-01
1.241583584285429753e-01
1.256911265858624005e-01
1.266235441362879577e-01
1.269198680041485616e-01
1.265443551137731548e-01
1.254612623894904022e-01
1.236348467556296071e-01
1.210293651365188239e-01
1.176090744564882162e-01
1.133382316398648948e-01
1.081810936109784405e-01
1.021019172941590725e-01
9.506495961373301329e-02
8.703447749403236955e-02
7.797472785938230899e-02
6.784996763411299536e-02
5.662445374255636876e-02
4.426244310903609813e-02
3.072819265788667709e-02
1.598595931343066434e-02
-1.110223024625156540e-16
