-5.421010862427522170e-19
-9.348565690726437396e-05
-1.823915374418987739e-04
-2.668447958511812029e-04
-3.469725863824672926e-04
-4.229020632830552935e-04
-4.947603808002477930e-04
-5.626746931813933483e-04
-6.267721546737799101e-04
-6.871799195247537588e-04
-7.440251419816171566e-04
-7.974349762916767021e-04
-8.475365767022733634e-04
-8.944570974607034394e-04
-9.383236928143042117e-04
-9.792635170103828213e-04
-1.017403724296248686e-03
-1.052871468919237569e-03
-1.085793905126649023e-03
-1.116298187165816859e-03
-1.144511469284050387e-03
-1.170560905728662169e-03
-1.194573650746981464e-03
-1.216676858586314327e-03
-1.236997683493989151e-03
-1.255663279717317629e-03
-1.272800801503614493e-03
-1.288537403100204447e-03
-1.303000238754397884e-03
-1.316316462713519077e-03
-1.328613229224882538e-03
-1.340017692535802997e-03
-1.350657006893602992e-03
-1.360658326545596385e-03
-1.370148805739104195e-03
-1.379255598721442237e-03
-1.388105859739925674e-03
-1.396826743041876175e-03
-1.405545402874608038e-03
-1.414388993485442281e-03
-1.423484669121694284e-03
-1.432959584030679863e-03
-1.442940892459720903e-03
-1.453555748656130183e-03
-1.464931306867230457e-03
-1.477194721340336671e-03
-1.490473146322763773e-03
-1.504893736061834733e-03
-1.520583644804860812e-03
-1.537670026799167148e-03
-1.556280036292067388e-03
-1.576540827530874527e-03
-1.598579554762915439e-03
-1.622523372235497481e-03
-1.648499434195949695e-03
-1.676634894891583559e-03
-1.707056908569710334e-03
-1.739892629477661230e-03
-1.775269211862738400e-03
-1.813313809972275439e-03
-1.854153578053583176e-03
-1.897915670353968534e-03
-1.944727241120768361e-03
-1.994715444601280474e-03
-2.048007435042843022e-03
-2.104730366692764230e-03
-2.165011393798347335e-03
-2.228977670606935909e-03
-2.296756351365821045e-03
-2.368474590322348916e-03
-2.444259541723823193e-03
-2.531260508833363485e-03
-2.653724239583037971e-03
-2.799306562476866402e-03
-2.945397114018864868e-03
-3.068865106263741777e-03
-3.156018111864119114e-03
-3.208481170220172599e-03
-3.242470476249967315e-03
-3.281784281902898424e-03
-3.347539113346313308e-03
-3.449076109664688493e-03
-3.579951256840165942e-03
-3.720728646982502698e-03
-3.847363837117587400e-03
-3.941556675662540379e-03
-3.998612027295439693e-03
-4.029426718352871126e-03
-4.055756398521014570e-03
-4.100812973701596469e-03
-4.179257559670066825e-03
-4.290906616890285095e-03
-4.420852917624510520e-03
-4.545932163542928256e-03
-4.644730713870896116e-03
-4.706808649411715201e-03
-4.737160290864956061e-03
-4.754001487396169318e-03
-4.780857413188109063e-03
-4.836382168789162515e-03
-4.926312344043095627e-03
-5.041024590819385455e-03
-5.159740542751067513e-03
-5.259547124037120686e-03
-5.325320683980976598e-03
-5.356259027661999794e-03
-5.366198404734828960e-03
-5.377585444560423894e-03
-5.411721522552842556e-03
-5.479510889380485861e-03
-5.576730229305047401e-03
-5.685869302636321898e-03
-5.783741032292652288e-03
-5.851558841156503585e-03
-5.883107713375905490e-03
-5.887459904108860963e-03
-5.885051667042422684e-03
-5.898816523922830769e-03
-5.944216781801292537e-03
-6.022497854149725695e-03
-6.120099926970648183e-03
-6.214498447634981756e-03
-6.283957783725339571e-03
-6.316977951238866851e-03
-6.317335315070287012e-03
-6.302515576171245117e-03
-6.296192734151990870e-03
-6.317990214880156961e-03
-6.374950906924818986e-03
-6.458420157591907712e-03
-6.547718593491238040e-03
-6.619037863927066528e-03
-6.655727155749604357e-03
-6.655524804927336058e-03
-6.631596283092941468e-03
-6.606909914741443401e-03
-6.604360160305910131e-03
-6.636891174131466856e-03
-6.701884949948820960e-03
-6.782247569677193368e-03
-6.853742047897563860e-03
-6.895418847988507918e-03
-6.898650899597697644e-03
-6.870871349094764130e-03
-6.832391476333569968e-03
-6.807660127566778421e-03
-6.814728182679919734e-03
-6.857464182674586142e-03
-6.923887014416934757e-03
-6.991345287730040686e-03
-7.036312814399886366e-03
-7.044561292303802222e-03
-7.017307873169891831e-03
-6.970674157728786249e-03
-6.928689150507894370e-03
-6.912865888983738862e-03
-6.932869717416013239e-03
-6.982328035337458105e-03
-7.041607202175267921e-03
-7.086361635995284437e-03
-7.098148688317822315e-03
-7.072493813943358035e-03
-7.020883721289489406e-03
-6.965795264471632414e-03
-6.930897762803259025e-03
-6.930682498975942671e-03
-6.964048282769219091e-03
-7.014676700377630095e-03
-7.058086760175786775e-03
-7.072339200505129396e-03
-7.047732774607478982e-03
-6.991227368301584574e-03
-6.923598331501225334e-03
-6.870485499024008708e-03
-6.851182444854908918e-03
-6.870045266264116629e-03
-6.914318751532285215e-03
-6.959429234585070602e-03
-6.979550009005467542e-03
-6.958918025284839895e-03
-6.898957338163421577e-03
-6.818094389648666001e-03
-6.743958908280173713e-03
-6.702056242893211259e-03
-6.703020275179496015e-03
-6.742535648277319868e-03
-6.786089747706579300e-03
-6.783489701441863980e-03
-6.728939206216804671e-03
-6.635344114221399317e-03
-6.532867151311703979e-03
-6.455168559988242252e-03
-6.425769419345473722e-03
-6.447914536554355536e-03
-6.503121897218351426e-03
-6.558742787103175390e-03
-6.581523002157767602e-03
-6.551475841924801757e-03
-6.470280097954920345e-03
-6.360678286623595336e-03
-6.257110920305276186e-03
-6.191477252593822513e-03
-6.179939538454526371e-03
-6.216247052603330811e-03
-6.274336079653351772e-03
-6.319105668196269357e-03
-6.320884495510927133e-03
-6.267596200321278940e-03
-6.169617584883391355e-03
-6.055376684858842715e-03
-5.959576290955186442e-03
-5.908965472786323510e-03
-5.911537839190230889e-03
-5.953541826911126073e-03
-6.005410228237978952e-03
-6.034035440337777619e-03
-6.016255949648077056e-03
-5.948021062426398636e-03
-5.845586778262947848e-03
-5.738443107458590826e-03
-5.657065468241212480e-03
-5.620617516433064342e-03
-5.629610502281393730e-03
-5.666349720216143880e-03
-5.702726419839259688e-03
-5.711924066467421145e-03
-5.679127810649871842e-03
-5.606917679999653265e-03
-5.513376518464827014e-03
-5.424013409179697168e-03
-5.361098206272607407e-03
-5.334910033714421879e-03
-5.340381850499788599e-03
-5.360204842734830194e-03
-5.372720542774926666e-03
-5.361033849439523352e-03
-5.319485610744051352e-03
-5.254973363901893450e-03
-5.182945460240871889e-03
-5.120165912975501062e-03
-5.077580442493679659e-03
-5.056336772178031402e-03
-5.048424204381661042e-03
-5.041264666889457013e-03
-5.023878475031803674e-03
-4.991701932543487173e-03
-4.947942405172546000e-03
-4.901091605514011108e-03
-4.860046320987059659e-03
-4.829363012877140905e-03
-4.807015188495203373e-03
-4.785726514971912898e-03
-4.757150991661537529e-03
-4.716741558811130171e-03
-4.666772321907852392e-03
-4.615845340704857053e-03
-4.574925091500301778e-03
-4.551695970286484538e-03
-4.545986264533612153e-03
-4.548659815442835687e-03
-4.544854423439395608e-03
-4.520409617347190268e-03
-4.468709575826190078e-03
-4.394745161193019251e-03
-4.314237434842947520e-03
-4.247771590791935351e-03
-4.212163082956168515e-03
-4.212695758508884850e-03
-4.239750073813930258e-03
-4.271643610506632542e-03
-4.282897554727819155e-03
-4.254722239156547708e-03
-4.183360444866066410e-03
-4.082611240533622413e-03
-3.979147148874912984e-03
-3.902227567920467897e-03
-3.871847840278587471e-03
-3.890186259011418120e-03
-3.940015294800480739e-03
-3.990974319143863677e-03
-4.011376499863016087e-03
-3.980876936957143328e-03
-3.898861141383482172e-03
-3.785059578512998697e-03
-3.672007643334288321e-03
-3.592286846424609745e-03
-3.565639717656474399e-03
-3.591144385827426538e-03
-3.647609149496158949e-03
-3.702021657079207669e-03
-3.722631374035136748e-03
-3.691385580326694837e-03
-3.610747135945615964e-03
-3.502261011384515729e-03
-3.397606899559200630e-03
-3.325890568415351429e-03
-3.302358306992889906e-03
-3.323004470952102465e-03
-3.367025968098520672e-03
-3.405835997062265502e-03
-3.414734265165206631e-03
-3.382402193165608140e-03
-3.314484692128037095e-03
-3.230115424070114077e-03
-3.153208285322255198e-03
-3.102417549078399176e-03
-3.084022651554377357e-03
-3.090530886565070676e-03
-3.105201177100767353e-03
-3.110135312100964847e-03
-3.094166701671227388e-03
-3.057071439155198064e-03
-3.008456078325768245e-03
-2.962169504682129161e-03
-2.929098376235802700e-03
-2.911847359636727042e-03
-2.903809193384928981e-03
-2.892985331804463506e-03
-2.868624568386834300e-03
-2.827368244451053825e-03
-2.775775544929153741e-03
-2.727783815219898648e-03
-2.698081780904399048e-03
-2.694420081233138160e-03
-2.712584915602836259e-03
-2.736734123030647517e-03
-2.745437492623153085e-03
-2.721095025414920366e-03
-2.658644307220498111e-03
-2.569467403031227941e-03
-2.478267767745674470e-03
-2.413681618289381051e-03
-2.396250031987675905e-03
-2.428811026138864848e-03
-2.493670274546415464e-03
-2.558269792423310297e-03
-2.587540770402460295e-03
-2.558174091417280294e-03
-2.468956603304346166e-03
-2.342650412958363626e-03
-2.218183446875251087e-03
-2.135870944543974068e-03
-2.121376325203197175e-03
-2.174869186981173447e-03
-2.269962506646348941e-03
-2.363197223307981956e-03
-2.410596233467091239e-03
-2.384867944609106796e-03
-2.286427141405635195e-03
-2.143737914936955785e-03
-2.002669414931409434e-03
-1.908922803942580439e-03
-1.890392216571899590e-03
-1.946384035273414402e-03
-2.047921639476126422e-03
-2.148992661398795717e-03
-2.204295438947871319e-03
-2.186524670562177853e-03
-2.096487160479236847e-03
-1.962234095827442536e-03
-1.827752758898030768e-03
-1.735827827490847661e-03
-1.711852454629451525e-03
-1.754822489967654839e-03
-1.838763010721866306e-03
-1.923654929274558464e-03
-1.971251808809568185e-03
-1.959450423897084268e-03
-1.889722116730892677e-03
-1.785087360346775728e-03
-1.679950885688251622e-03
-1.606240040702942851e-03
-1.581492701047273065e-03
-1.603409932792501311e-03
-1.652520384801994292e-03
-1.701269518460392285e-03
-1.725410412676189583e-03
-1.712971529483484599e-03
-1.667442951127651564e-03
-1.604460467626823809e-03
-1.543998125726638070e-03
-1.501759044933977626e-03
-1.483445021879776973e-03
-1.484012217922707922e-03
-1.491664163082187695e-03
-1.494271832201513354e-03
-1.485038451180352350e-03
-1.464854278862245604e-03
-1.440542182942096535e-03
-1.420214759637742838e-03
-1.408299175075047351e-03
-1.402841012737704495e-03
-1.396478551874672088e-03
-1.380588579210759517e-03
-1.350476283945863760e-03
-1.308887461881678418e-03
-1.265858635308763193e-03
-1.234660900234803207e-03
-1.225528506965341486e-03
-1.240078238314438639e-03
-1.269214381733200017e-03
-1.295869600073402701e-03
-1.301763209907070076e-03
-1.275430599355935465e-03
-1.217988999610809852e-03
-1.143872781715130332e-03
-1.075827233192846446e-03
-1.035939630431918518e-03
-1.036325816794242318e-03
-1.073442521397840674e-03
-1.128644167911244632e-03
-1.175062925130947698e-03
-1.188208911207301729e-03
-1.156016924753518063e-03
-1.084156709349441564e-03
-9.942705798840203654e-04
-9.156742371808578550e-04
-8.737698724438680608e-04
-8.798375746964625776e-04
-9.263782928141851706e-04
-9.899598853204084545e-04
-1.040470863884308209e-03
-1.053063634633832381e-03
-1.017964879261578151e-03
-9.442061458326739048e-04
-8.558169140664680444e-04
-7.820916399028449628e-04
-7.459270364902646560e-04
-7.549506041991786449e-04
-7.989460959262844166e-04
-8.544547082734374466e-04
-8.945015021573088105e-04
-8.993723330768465477e-04
-8.640639990633503702e-04
-7.995376391921996161e-04
-7.275337133520906564e-04
-6.713409796053426779e-04
-6.464606640523062669e-04
-6.549673386529771945e-04
-6.856583103991456367e-04
-7.195822907617350789e-04
-7.383253148213227276e-04
-7.314275903503689473e-04
-6.998923602962433882e-04
-6.545984473949457939e-04
-6.106857714908523480e-04
-5.806542446239455584e-04
-5.692933811282514757e-04
-5.725410702973049567e-04
-5.804656021836780916e-04
-5.826716151568332334e-04
-5.734113210718758081e-04
-5.539648920909719457e-04
-5.312752987209933605e-04
-5.136861714961724751e-04
-5.060434125319965932e-04
-5.067193848209898370e-04
-5.081620169772315147e-04
-5.008079085624965367e-04
-4.784718017595123037e-04
-4.424697018794950844e-04
-4.021970321981966625e-04
-3.715033847594002001e-04
-3.622550348314941548e-04
-3.779945714639853854e-04
-4.108344223815249422e-04
-4.434641506600977006e-04
-4.558991106312137239e-04
-4.343308834203048153e-04
-3.782086876252883012e-04
-3.021308564375004089e-04
-2.311667452952704746e-04
-1.910577157054570412e-04
-1.971571569531358956e-04
-2.468379234413126426e-04
-3.189521762482559579e-04
-3.811426561712670112e-04
-4.024817080509565138e-04
-3.664611437516318549e-04
-2.788752637403651481e-04
-1.669546079750016971e-04
-6.957267756376420045e-05
-2.207428936206358241e-05
-4.170389694757318448e-05
-1.196652656482110705e-04
-2.233910151626893308e-04
-3.085582132682254089e-04
-3.363670103370061670e-04
-2.892726574692037859e-04
-1.787495195577989569e-04
-4.168669520627213469e-05
7.348697367551491042e-05
1.256672360565584570e-04
9.748864276140212627e-05
2.675424832404861542e-06
-1.187797460213369460e-04
-2.159026734886509372e-04
-2.465745766402631552e-04
-1.941095412298369160e-04
-7.397417703649986033e-05
7.207981382705426184e-05
1.922152483352213665e-04
2.446803697333418655e-04
2.140084681712364669e-04
1.168853318451754602e-04
-4.570343509602439754e-06
-9.938440693311442536e-05
-1.275641396604244068e-04
-7.538521261272032776e-05
3.978703224737609211e-05
1.768484286771512966e-04
2.873701690847467547e-04
3.344631355576609209e-04
3.066529203402676776e-04
2.214842335907991379e-04
1.177568992115864734e-04
3.979384840253056459e-05
2.016247495509357297e-05
6.765902264227540797e-05
1.650390269194356645e-04
2.769576405489451417e-04
3.645413183616648487e-04
4.005594816226268557e-04
3.792178289741063714e-04
3.170245995459796003e-04
2.449075416057024980e-04
1.952240242747669836e-04
1.891219783208717635e-04
2.292285828461437119e-04
3.001904207518828627e-04
3.762660410010558953e-04
4.323859658980831700e-04
4.539517297800355739e-04
4.415140363649784671e-04
4.088813030485157428e-04
3.760382470256441690e-04
3.602954262825942985e-04
3.695405519528814739e-04
4.002311359546302820e-04
4.405009267001244884e-04
4.765003079294424511e-04
4.988338186587855773e-04
5.061853898016018373e-04
5.047401987665619616e-04
5.040616027178496800e-04
5.117016617551317431e-04
5.292880185223140452e-04
5.519747795301905039e-04
5.714183211990929000e-04
5.806756720840820785e-04
5.784666635054336748e-04
5.705391345613013447e-04
5.672885306314569536e-04
5.786466680426621389e-04
6.086757751814597488e-04
6.525863742929247004e-04
6.978785204936608418e-04
7.294121852170431207e-04
7.363083949855048866e-04
7.175637591894986483e-04
6.836379854352441074e-04
6.529450387510907054e-04
6.444362712416605013e-04
6.693145099962638164e-04
7.255053366163445941e-04
7.975076636950834087e-04
8.620328268980723564e-04
8.973403598933826168e-04
8.924690335645418891e-04
8.524219277444174386e-04
7.969130800324559279e-04
7.529173607740878788e-04
7.438936043072803513e-04
7.800581203695226493e-04
8.537834338222943797e-04
9.421728477277506453e-04
1.015931892621404825e-03
1.051031067910180531e-03
1.038438824845664462e-03
9.879285148562514957e-04
9.243477999676624843e-04
8.778082599232722456e-04
8.717421259300489438e-04
9.136484924661251485e-04
9.922472663049905668e-04
1.082136159351343354e-03
1.153999307050961867e-03
1.186194222513933935e-03
1.173051047865624483e-03
1.126634976718722449e-03
1.071435998250634637e-03
1.034322134399683502e-03
1.033939173664244005e-03
1.073830550831799020e-03
1.141880486821211229e-03
1.216001646875787285e-03
1.273448617522643421e-03
1.299786873421924019e-03
1.293899051878923297e-03
1.267249700603488875e-03
1.238119516524802729e-03
1.223575907112654272e-03
1.232714671530144848e-03
1.263919089515760973e-03
1.306954929307969481e-03
1.348551072379230997e-03
1.378670958448435443e-03
1.394568790614449886e-03
1.400939421857900526e-03
1.406406147023134138e-03
1.418330776851966417e-03
1.438667781268580239e-03
1.462989973981102410e-03
1.483184656222053281e-03
1.492428785530850073e-03
1.489831920769333446e-03
1.482190754023073346e-03
1.481634334677969485e-03
1.499959272399321994e-03
1.542209613771682898e-03
1.602683775402329513e-03
1.665678784647689351e-03
1.711220623195815541e-03
1.723673401470771126e-03
1.699546852542721878e-03
1.650812298678166600e-03
1.601716485429646557e-03
1.579813887030899044e-03
1.604575913262091180e-03
1.678301645332761719e-03
1.783453379808299776e-03
1.888103905685989230e-03
1.957848533845641618e-03
1.969666741035153937e-03
1.922087099695750194e-03
1.837212770527788886e-03
1.753290168538812694e-03
1.710338418107970170e-03
1.734332497642534273e-03
1.826276583800979288e-03
1.960777522966959587e-03
2.095050566976373613e-03
2.185108338984366461e-03
2.202899550018794748e-03
2.147617333396308059e-03
2.046567024195498040e-03
1.945050407268750659e-03
1.889080030292891905e-03
1.907632683805309285e-03
2.001402072323544938e-03
2.142494019708832652e-03
2.285207198061842138e-03
2.383672217626768911e-03
2.409424756184939606e-03
2.362049898556223531e-03
2.268839258213283579e-03
2.173770103425412548e-03
2.120301742349003666e-03
2.134821435735438470e-03
2.217159721049786515e-03
2.341653165922860484e-03
2.467986385753333060e-03
2.557231238656040330e-03
2.586625414171731148e-03
2.557381951051039201e-03
2.492809963040931200e-03
2.427978342023711343e-03
2.395445202103664920e-03
2.412904977889344157e-03
2.477519728412954161e-03
2.568748351618060661e-03
2.657954549135865818e-03
2.720434771829745389e-03
2.744806908368959287e-03
2.736133410782571988e-03
2.712014397459988103e-03
2.693880193893235294e-03
2.697572994880628478e-03
2.727306538930924715e-03
2.775330042140785117e-03
2.826954572170110782e-03
2.868242605854996827e-03
2.892634885018711358e-03
2.903490134180597947e-03
2.911559728013114832e-03
2.928842464639988021e-03
2.961945843911392706e-03
3.008265306097957295e-03
3.056914117839199755e-03
3.094043196330616575e-03
3.110045731124078030e-03
3.105145402015636619e-03
3.090508682239229143e-03
3.084033800075339227e-03
3.102461963451737595e-03
3.153286063491293322e-03
3.230226815112126337e-03
3.314629994493184777e-03
3.382581685054403785e-03
3.414948137098208335e-03
3.406084354668551233e-03
3.367308861882300185e-03
3.323321940534433062e-03
3.302710424032860408e-03
3.326277462569416244e-03
3.398028720741189806e-03
3.502717846928867992e-03
3.611238971945940519e-03
3.691912252678447061e-03
3.723192583135514003e-03
3.702617093718679579e-03
3.648238635482086920e-03
3.591807969853101721e-03
3.566337687118749204e-03
3.593019636195376142e-03
3.672775683054432111e-03
3.785863123527902739e-03
3.899700143236228302e-03
3.981751043616669691e-03
4.012285163592048745e-03
3.991916955672125504e-03
3.940991454460717781e-03
3.891195762282865806e-03
3.872890809973197380e-03
3.903304328567892313e-03
3.980258060342228149e-03
4.083756525711237581e-03
4.184540076713727866e-03
4.255935928411666742e-03
4.284144836107454252e-03
4.272923985640776114e-03
4.241063148088915040e-03
4.214041315387764483e-03
4.213541069490336563e-03
4.249182028316110527e-03
4.315680301324409558e-03
4.396220302255528060e-03
4.470216685937205420e-03
4.521948298485100812e-03
4.546424291416196160e-03
4.550260600870451901e-03
4.547617856846092668e-03
4.553358378889574634e-03
4.576618336670289916e-03
4.617569320987192742e-03
4.668526718719633387e-03
4.718525825992498680e-03
4.758964441823575198e-03
4.787568473815449407e-03
4.808885151505980227e-03
4.831260757218600738e-03
4.861971907772221629e-03
4.903045227335901812e-03
4.949924204674960651e-03
4.993711827566178416e-03
5.025916065180715923e-03
5.043329256325709831e-03
5.050514942747459830e-03
5.058452842653197827e-03
5.079721202097672514e-03
5.122330986774416978e-03
5.185134720802991176e-03
5.257186822346169089e-03
5.321723258133796881e-03
5.363295521199211088e-03
5.375005861822274543e-03
5.362513258784212984e-03
5.342712743110381718e-03
5.337262852081934260e-03
5.363472571686646144e-03
5.426409108699008221e-03
5.515793400830104089e-03
5.609355540791806198e-03
5.681586255648863812e-03
5.714402484634215941e-03
5.705224056447872477e-03
5.668865821934615350e-03
5.632144444811014797e-03
5.623168900632569828e-03
5.659634127116642058e-03
5.741028997352979300e-03
5.848189813208164167e-03
5.950640956159868392e-03
6.018892135477118752e-03
6.036687105216028380e-03
6.008076449911583031e-03
5.956221759235847193e-03
5.914230867427302217e-03
5.911671279173076436e-03
5.962294802807114116e-03
6.058107918186068919e-03
6.172361451936053157e-03
6.270352362591066417e-03
6.323652321305742348e-03
6.321884309815705913e-03
6.277124634887354740e-03
6.219044740731806582e-03
6.182745816540982306e-03
6.194291825084491387e-03
6.259933642053300794e-03
6.363509004874460910e-03
6.473118505479816785e-03
6.554321412020566208e-03
6.584375026538469289e-03
6.561600498764926827e-03
6.505984592073050556e-03
6.450781694819435544e-03
6.428640737953462449e-03
6.458043882713444990e-03
6.535746332610958137e-03
6.638226849016384649e-03
6.731824942213401886e-03
6.786377624826380427e-03
6.788978932396236808e-03
6.745425242300598194e-03
6.705909636741259026e-03
6.704944976181457725e-03
6.746846831676683170e-03
6.820981430071027668e-03
6.901843380050750806e-03
6.961802797247868858e-03
6.982433008916800153e-03
6.962309754435814027e-03
6.917196006244859252e-03
6.872918549353063469e-03
6.854051233449477525e-03
6.873349472917642498e-03
6.926457317795528187e-03
6.994081218845587568e-03
7.050581247082904693e-03
7.075181882727155092e-03
7.060923094039245340e-03
7.017506042496758460e-03
6.966870022938835734e-03
6.933496166057420348e-03
6.933703069440783247e-03
6.968592045043294630e-03
7.023671844161433891e-03
7.075273065340196774e-03
7.100918684448636123e-03
7.089121813126967979e-03
7.044356893512328244e-03
6.985066592566732506e-03
6.935596607198887126e-03
6.915580775330497018e-03
6.931391926258341149e-03
6.973364856451200015e-03
7.019986516918083619e-03
7.047227760434062599e-03
7.038966784898682306e-03
6.993986232373815282e-03
6.926514318991298588e-03
6.860077281725381754e-03
6.817326700699980965e-03
6.810243889229588080e-03
6.834960426863415442e-03
6.873425455352513355e-03
6.901190049054795571e-03
6.897942773157336553e-03
6.856250320965292903e-03
6.784739750713242139e-03
6.704360688083955619e-03
6.639350314450908480e-03
6.606802780176610976e-03
6.609336254527840154e-03
6.634006585804935394e-03
6.657919158621612363e-03
6.658105400236626059e-03
6.621399583415258847e-03
6.550063213700451498e-03
6.460747110557757585e-03
6.377259798635541953e-03
6.320280929431442568e-03
6.298465433559166486e-03
6.304770597398513809e-03
6.319573007367885152e-03
6.319198520138593483e-03
6.286161203556736750e-03
6.216684474471457014e-03
6.122268201448219371e-03
6.024648046713543259e-03
5.946348717097838313e-03
5.900930232579584475e-03
5.887147346494907112e-03
5.889537810581718311e-03
5.885168036907422948e-03
5.853601621836069559e-03
5.785766156178167967e-03
5.687876579057028585e-03
5.578719513724193606e-03
5.481482194675952636e-03
5.413675064978509290e-03
5.379521601361424155e-03
5.368117588893685926e-03
5.358161538166368414e-03
5.327206630612110402e-03
5.261416400050281626e-03
5.161592900739120013e-03
5.042859784953402855e-03
4.928130284247237911e-03
4.838183021517998561e-03
4.782641605683983672e-03
4.755769611643930785e-03
4.738912944330971565e-03
4.708546268838802000e-03
4.646453459595002722e-03
4.547639922404383798e-03
4.422545402520693808e-03
4.292583516164258026e-03
4.180918738069504433e-03
4.102458574027030569e-03
4.057386827079714244e-03
4.031042520043398407e-03
4.000213788738418187e-03
3.943144890884340246e-03
3.848938814888034320e-03
3.722290562739736380e-03
3.581500230464025082e-03
3.450612304302639547e-03
3.349062799320126887e-03
3.283295846262701718e-03
3.243970343599296251e-03
3.209969702798970946e-03
3.157495529787030832e-03
3.070331498340478620e-03
2.946852523660397835e-03
2.800751099952702126e-03
2.655158196911833104e-03
2.532684411418129489e-03
2.445674116327898814e-03
2.369878745082280771e-03
2.298148540235889301e-03
2.230356403232232505e-03
2.166375235514770344e-03
2.106077938527023928e-03
2.049337413712456687e-03
1.996026562514576722e-03
1.946018286376883458e-03
1.899185486742847699e-03
1.855401065055981881e-03
1.814537922759757891e-03
1.776468961297677758e-03
1.741067082113240691e-03
1.708205186649921830e-03
1.677756176351227974e-03
1.649592952660637081e-03
1.623588417021648578e-03
1.599615470877757770e-03
1.577547015672447388e-03
1.557255952849217074e-03
1.538615183851550425e-03
1.521497610122943614e-03
1.505776133106891948e-03
1.491323654246879023e-03
1.478013074986404048e-03
1.465717296768951489e-03
1.454309221038017517e-03
1.443661749237095488e-03
1.433647782809671818e-03
1.424140223199243114e-03
1.415011971849296441e-03
1.406135930203325805e-03
1.397384999704824561e-03
1.388632081797280642e-03
1.379750077924189570e-03
1.370611889529038631e-03
1.361090418055322260e-03
1.351058564946533381e-03
1.340389231646160143e-03
1.328955319597697853e-03
1.316629730244633792e-03
1.303285365030462184e-03
1.288795125398677251e-03
1.273031912792764540e-03
1.255868628656223477e-03
1.237178174432536793e-03
1.216833451565200227e-03
1.194707361497710819e-03
1.170672805673550216e-03
1.144602685536220011e-03
1.116369902529201633e-03
1.085847358095991255e-03
1.052907953680088738e-03
1.017424590724970521e-03
9.792701706741351649e-04
9.383175949710842630e-04
8.944397650592903534e-04
8.475095823822658726e-04
7.973999483834807566e-04
7.439837645064368166e-04
6.871339321946386830e-04
6.267233528915519547e-04
5.626249280406970914e-04
4.947115590855355721e-04
4.228561474695733281e-04
3.469315946363191096e-04
2.668108020292309264e-04
1.823666710918370442e-04
9.347210326759005164e-05
4.336808689942017736e-19
