1.110223024625156540e-16
4.093891440798290340e-04
-4.653974731417214838e-04
-2.585871924737709153e-03
-5.913546283782282822e-03
-1.040993262334839742e-02
-1.603654301650828465e-02
-2.275488953633762398e-02
-3.052648425590671552e-02
-3.931283924829249987e-02
-4.907546658656685573e-02
-5.977587834380008319e-02
-7.137558659307108311e-02
-8.383610340744762635e-02
-9.711894086000856519e-02
-1.111856110238247652e-01
-1.259976259719660097e-01
-1.415164977775123789e-01
-1.577037385135304504e-01
-1.745208602531005682e-01
-1.919293750692926126e-01
-2.098907950351758811e-01
-2.283666322238316893e-01
-2.473183987083253932e-01
-2.667076065617383640e-01
-2.864957678571403155e-01
-3.066443946675995735e-01
-3.271149990661988971e-01
-3.478690931260020602e-01
-3.688681889200923214e-01
-3.900737985215377845e-01
-4.114474340034074418e-01
-4.329506074387838299e-01
-4.545448309007310561e-01
-4.761916164623321568e-01
-4.978524761966552914e-01
-5.194889221767691190e-01
-5.410624664757570645e-01
-5.625346211666824026e-01
-5.838668983226280584e-01
-6.050208100166627467e-01
-6.259578683218552930e-01
-6.466395853112880676e-01
-6.670274730580256772e-01
-6.870830436351499371e-01
-7.067678091157301168e-01
-7.260432815728354861e-01
-7.448709730795473050e-01
-7.632123957089311794e-01
-7.810290615340684806e-01
-7.982824826280281449e-01
-8.149341710638798864e-01
-8.309456389147049649e-01
-8.462783982535690974e-01
-8.608939611535528780e-01
-8.747538396877259093e-01
-8.878195459291589042e-01
-9.000525919509306805e-01
-9.114144898261095085e-01
-9.218667516277734286e-01
-9.313708894289938200e-01
-9.398884153028417288e-01
-9.473808413223944180e-01
-9.538096795607221567e-01
-9.591364420909006538e-01
-9.633226409860022876e-01
-9.663297883190993254e-01
-9.681193961632668099e-01
-9.686529765915772305e-01
-9.678920416771041868e-01
-9.657981034929208342e-01
-9.626344855673715228e-01
-9.595044810011451597e-01
-9.564387107699658941e-01
-9.534521325285022497e-01
-9.505550757006741014e-01
-9.477644178844156775e-01
-9.451095314479043275e-01
-9.426299950984341480e-01
-9.403657339913564783e-01
-9.383436392830810657e-01
-9.365663610650762916e-01
-9.350081586388835353e-01
-9.336197786609958804e-01
-9.323405679939179569e-01
-9.311130280329745768e-01
-9.298940737767454889e-01
-9.286587667360333143e-01
-9.273955906981496966e-01
-9.260960075838731154e-01
-9.247434901337776569e-01
-9.233074073686615701e-01
-9.217449646251081319e-01
-9.200108356808490706e-01
-9.180707047178404689e-01
-9.159131387199830332e-01
-9.135548149849750388e-01
-9.110368767725847139e-01
-9.084138904827894212e-01
-9.057399378583561589e-01
-9.030574831056519258e-01
-9.003933386340233769e-01
-8.977628941600382939e-01
-8.951801378860237968e-01
-8.926684614578495047e-01
-8.902669007143321211e-01
-8.880284625313765723e-01
-8.860106608641342696e-01
-8.842618259011103543e-01
-8.828086706310939169e-01
-8.816501709661246355e-01
-8.807601907805163721e-01
-8.800976230146347890e-01
-8.796196970693191952e-01
-8.792928604381236024e-01
-8.790968137478805122e-01
-8.790203559586142745e-01
-8.790513381580219443e-01
-8.791656515067177713e-01
-8.793206477810691091e-01
-8.794565026890462933e-01
-8.795055967802729580e-01
-8.794064882880231471e-01
-8.791170026209207400e-01
-8.786212565895454851e-01
-8.779279528510225417e-01
-8.770609382678802302e-01
-8.760462478361699112e-01
-8.749012615736216913e-01
-8.736305777376545123e-01
-8.722301938946680488e-01
-8.706978762629149493e-01
-8.690448199589636546e-01
-8.673030544256608021e-01
-8.655248146375821294e-01
-8.637735285989364131e-01
-8.621096803866150626e-01
-8.605770390504269285e-01
-8.591946341346947680e-01
-8.579574503168418964e-01
-8.568451398591657719e-01
-8.558346922932175138e-01
-8.549114011868628182e-01
-8.540733155481372574e-01
-8.533272923368927509e-01
-8.526785095160553940e-01
-8.521182361730860189e-01
-8.516155155986400160e-01
-8.511168189278968121e-01
-8.505543563970201504e-01
-8.498600346228900593e-01
-8.489796151163759852e-01
-8.478815432516884076e-01
-8.465571944404587379e-01
-8.450129512273097943e-01
-8.432579922125578165e-01
-8.412934446098114805e-01
-8.391078619914134062e-01
-8.366811384226728876e-01
-8.339951944968098108e-01
-8.310467081466084149e-01
-8.278561486877532571e-01
-8.244688578889766140e-01
-8.209472758303224538e-01
-8.173571858582103777e-01
-8.137534179004035639e-01
-8.101706829953332356e-01
-8.066230022381826181e-01
-8.031114834050012696e-01
-7.996365905041353805e-01
-7.962091108862492383e-01
-7.928546136206097161e-01
-7.896090857507355176e-01
-7.865073674379799984e-01
-7.835692759913825967e-01
-7.807894826306239766e-01
-7.781357503289938471e-01
-7.755566596295148107e-01
-7.729959227965519375e-01
-7.704075634308525933e-01
-7.677658089044362422e-01
-7.650658965531343947e-01
-7.623154989407155968e-01
-7.595219080958608426e-01
-7.566774939710086967e-01
-7.537609835254222013e-01
-7.507191490196171157e-01
-7.474837627091344139e-01
-7.440471898249316762e-01
-7.404317533876646484e-01
-7.366873840338816759e-01
-7.328738723308286795e-01
-7.290431061399917922e-01
-7.252256848330955741e-01
-7.214283527755473990e-01
-7.176425954716609823e-01
-7.138605417275776244e-01
-7.100910189930313976e-01
-7.063685789499062340e-01
-7.027512357605150140e-01
-6.993074139598420835e-01
-6.960971530587914957e-01
-6.931550610340349028e-01
-6.904818331601265680e-01
-6.880476452605818194e-01
-6.858058666454339702e-01
-6.837113474249799649e-01
-6.817357575213069953e-01
-6.798738144252549631e-01
-6.781381385559626107e-01
-6.765452730475386423e-01
-6.750991077568151422e-01
-6.737789886007610196e-01
-6.725377746277717561e-01
-6.713109251237782127e-01
-6.700331204955063402e-01
-6.686558467538140649e-01
-6.671590577859801696e-01
-6.655525514295163036e-01
-6.638669585196486089e-01
-6.621384416059336031e-01
-6.603935966250558121e-01
-6.586407068417149402e-01
-6.568706277093013801e-01
-6.550664440033637792e-01
-6.532173904037678058e-01
-6.513308669906806569e-01
-6.494373414851809523e-01
-6.475860328958863432e-01
-6.458331475034594371e-01
-6.442274530081998352e-01
-6.427989014721824379e-01
-6.415545032770043621e-01
-6.404824707016733010e-01
-6.395622015704434116e-01
-6.387754221490345996e-01
-6.381136524478905336e-01
-6.375790668935196193e-01
-6.371788833400526819e-01
-6.369162521048256087e-01
-6.367820130424107772e-01
-6.367511077992688007e-01
-6.367852185910803930e-01
-6.368403981064507668e-01
-6.368763226833162872e-01
-6.368632632110000635e-01
-6.367841046684546980e-01
-6.366311329216456372e-01
-6.363997220667597654e-01
-6.360823935648369787e-01
-6.356663835313525190e-01
-6.351360277685280664e-01
-6.344788302243641320e-01
-6.336921914193840433e-01
-6.327873303355381340e-01
-6.317881584014873875e-01
-6.307252042743494158e-01
-6.296270594635187123e-01
-6.285130980155408942e-01
-6.273907757154987275e-01
-6.262587940103940820e-01
-6.251147010935539372e-01
-6.239633305786025375e-01
-6.228218717120190817e-01
-6.217186768344443726e-01
-6.206856354552297006e-01
-6.197469119500400581e-01
-6.189087259323327039e-01
-6.181547541717778982e-01
-6.174495937714354898e-01
-6.167493904126890580e-01
-6.160156099324273216e-01
-6.152264020763268393e-01
-6.143808149523777296e-01
-6.134939855601555525e-01
-6.125852064381726025e-01
-6.116638670381352449e-01
-6.107193422292160889e-01
-6.097194297623373949e-01
-6.086184843389754739e-01
-6.073723610198971112e-01
-6.059543438337350318e-01
-6.043656511070699677e-01
-6.026361682921281826e-01
-6.008149474292504566e-01
-5.989541436534060459e-01
-5.970927289876656330e-01
-5.952464167662521177e-01
-5.934076873016236320e-01
-5.915556665766479316e-01
-5.896715869219916195e-01
-5.877533018401548404e-01
-5.858227723696386446e-01
-5.839233954378155733e-01
-5.821082364233594042e-01
-5.804239295382674912e-01
-5.788967005218277340e-01
-5.775259800311580705e-01
-5.762878782485566509e-01
-5.751467491783520680e-01
-5.740698750040293952e-01
-5.730392475701112653e-01
-5.720558938284492356e-01
-5.711354938113484270e-01
-5.702977352392432087e-01
-5.695543689699995582e-01
-5.689012504381860680e-01
-5.683177067226293788e-01
-5.677732604329455146e-01
-5.672385477642718499e-01
-5.666955716000572352e-01
-5.661429179874705175e-01
-5.655939751510470348e-01
-5.650693933501562682e-01
-5.645875567618775515e-01
-5.641575913116108065e-01
-5.637780923072391870e-01
-5.634419710340637932e-01
-5.631448758366466301e-01
-5.628928947022695528e-01
-5.627055074433867654e-01
-5.626119298789441503e-01
-5.626421070803768743e-01
-5.628162457123742080e-01
-5.631376924104289916e-01
-5.635926815559864078e-01
-5.641574919702121438e-01
-5.648101563980986173e-01
-5.655415969770993811e-01
-5.663609976529856427e-01
-5.672925089274332144e-01
-5.683641066576538003e-01
-5.695930199863623589e-01
-5.709739778051395875e-01
-5.724757138451902483e-01
-5.740479437762432413e-01
-5.756366704273511159e-01
-5.772020087647375952e-01
-5.787313420652984153e-01
-5.802422104842800410e-01
-5.817733407069491935e-01
-5.833670578735155043e-01
-5.850499881777490030e-01
-5.868198974843757965e-01
-5.886442457401314110e-01
-5.904714115043552258e-01
-5.922503938428215209e-01
-5.939512414633926207e-01
-5.955779787630701705e-01
-5.971686476534359134e-01
-5.987821554819685588e-01
-6.004768828095775612e-01
-6.022893482572867496e-01
-6.042212432799690669e-01
-6.062398425916494249e-01
-6.082915082216586722e-01
-6.103228549408091785e-01
-6.123011894298462376e-01
-6.142262350625857792e-01
-6.161287149146954523e-01
-6.180566257482092984e-01
-6.200548707176205543e-01
-6.221464093844337739e-01
-6.243222884898769198e-01
-6.265442264117163651e-01
-6.287583777210550284e-01
-6.309145597885204015e-01
-6.329832995699066212e-01
-6.349642383151750114e-01
-6.368831257356822872e-01
-6.387792624210910652e-01
-6.406889103687352094e-01
-6.426314668462045354e-01
-6.446036524501570497e-01
-6.465833986670183053e-01
-6.485411057161578618e-01
-6.504531269560904772e-01
-6.523118063295212377e-01
-6.541282324813859628e-01
-6.559271683087153360e-01
-6.577369006775687366e-01
-6.595786534013804436e-01
-6.614599991292801073e-01
-6.633746195199456963e-01
-6.653078109856032096e-01
-6.672446569897627633e-01
-6.691768592143044758e-01
-6.711051628051381002e-01
-6.730366010518806785e-01
-6.749783163874779612e-01
-6.769313066148064939e-01
-6.788873889195937705e-01
-6.808310291732968533e-01
-6.827452463542224015e-01
-6.846187577497429011e-01
-6.864508367006251222e-01
-6.882513548849601426e-01
-6.900357306058261253e-01
-6.918169692340528920e-01
-6.935985076352088052e-01
-6.953714147139115065e-01
-6.971176630466757729e-01
-6.988184521885182354e-01
-7.004641449776791706e-01
-7.020613957438316399e-01
-7.036340117677576389e-01
-7.052166532968299206e-01
-7.068435723273446269e-01
-7.085368707218472339e-01
-7.102991914062961598e-01
-7.121140840969224506e-01
-7.139541560995775749e-01
-7.157938240485165471e-01
-7.176214398818152596e-01
-7.194456916902918220e-01
-7.212934510593324022e-01
-7.231997505326763775e-01
-7.251938709691430063e-01
-7.272872138533231778e-01
-7.294679938133475927e-01
-7.317050532929227913e-01
-7.339593903421764987e-01
-7.361988303423159241e-01
-7.384099832501168637e-01
-7.406027489639486205e-01
-7.428056916450976876e-01
-7.450543262460894711e-01
-7.473772074303579593e-01
-7.497855158319184365e-01
-7.522702910070577786e-01
-7.548082360757684128e-01
-7.573734838361578792e-01
-7.599503295747536136e-01
-7.625416693324585937e-01
-7.651697995426534060e-01
-7.678694648200344863e-01
-7.706762113956866500e-01
-7.736149007647548093e-01
-7.766929563131115266e-01
-7.799007477650827802e-01
-7.832184432342701452e-01
-7.866260040655741470e-01
-7.901118716679994547e-01
-7.936767241827201724e-01
-7.973310219761224893e-01
-8.010878366389458938e-01
-8.049544469882379261e-01
-8.089265443081069540e-01
-8.129875285596247503e-01
-8.171129650530364330e-01
-8.212779324288689287e-01
-8.254637877489282571e-01
-8.296613088827715643e-01
-8.338690162576598564e-01
-8.380878328893872631e-01
-8.423149968348830896e-01
-8.465404760196860723e-01
-8.507478928366004611e-01
-8.549197229671712250e-01
-8.590443491513735097e-01
-8.631214736352915695e-01
-8.671629771095601402e-01
-8.711883482412834390e-01
-8.752163904727394694e-01
-8.792568402259667293e-01
-8.833058553923747169e-01
-8.873478069906103327e-01
-8.913630282884814626e-01
-8.953383519351683084e-01
-8.992756987597074758e-01
-9.031944752682895539e-01
-9.071259959416820839e-01
-9.111015983103403215e-01
-9.151390906690803906e-01
-9.192332857620433284e-01
-9.233550401717095513e-01
-9.274598720299368493e-01
-9.315032032362120518e-01
-9.354562679143421100e-01
-9.393160937949747158e-01
-9.431050993640408553e-01
-9.468599915614137608e-01
-9.506141291750869193e-01
-9.543804617333043749e-01
-9.581422549099777308e-01
-9.618559083689944833e-01
-9.654653525542016279e-01
-9.689227081594267155e-01
-9.722071039186446217e-01
-9.753339980171387147e-01
-9.783509422749453455e-01
-9.813210817219518711e-01
-9.843006593924151781e-01
-9.873193574314187426e-01
-9.903713171354056044e-01
-9.934205120936282496e-01
-9.964184353134798444e-01
-9.993270878500062349e-01
-1.002138043604434703e+00
-1.004879837845011670e+00
-1.007610534949544778e+00
-1.010398230272967712e+00
-1.013297065719436230e+00
-1.016328147107879554e+00
-1.019472815785431585e+00
-1.022680828139751252e+00
-1.025890105779595940e+00
-1.029050196859171207e+00
-1.032140240142822574e+00
-1.035174543656101953e+00
-1.038193905891699131e+00
-1.041246480777673566e+00
-1.044366050523364509e+00
-1.047556433465161252e+00
-1.050788104536246159e+00
-1.054008115740388440e+00
-1.057159119800919145e+00
-1.060199829380144898e+00
-1.063118919842852339e+00
-1.065937246822255213e+00
-1.068698047275552065e+00
-1.071449531888401863e+00
-1.074227063900892176e+00
-1.077041915104185676e+00
-1.079880604161487456e+00
-1.082714380161381218e+00
-1.085514373570893865e+00
-1.088265920504368545e+00
-1.090976286658252192e+00
-1.093673034832540525e+00
-1.096394241073256559e+00
-1.099174995404827770e+00
-1.102035839862040900e+00
-1.104977613431784578e+00
-1.107984208122744674e+00
-1.111031366886947591e+00
-1.114097305285480344e+00
-1.117170539006389296e+00
-1.120251899211119673e+00
-1.123350498750301574e+00
-1.126476091202487373e+00
-1.129631677525608779e+00
-1.132809814351863897e+00
-1.135994145049967097e+00
-1.139165160191017767e+00
-1.142307270087608462e+00
-1.145413795665371159e+00
-1.148487617984212283e+00
-1.151537392874862675e+00
-1.154571398527465709e+00
-1.157592218277738061e+00
-1.160595042044691549e+00
-1.163570594652445056e+00
-1.166511397183260357e+00
-1.169418332350452783e+00
-1.172304161904548891e+00
-1.175191915480989335e+00
-1.178108401161503282e+00
-1.181075420078405935e+00
-1.184102510117436724e+00
-1.187184581433631925e+00
-1.190305773196841832e+00
-1.193448119106949923e+00
-1.196601364148537572e+00
-1.199769561427983966e+00
-1.202971283531208080e+00
-1.206232944411113950e+00
-1.209577731047629667e+00
-1.213014690544760521e+00
-1.216532680862277838e+00
-1.220102032300674377e+00
-1.223683615327706420e+00
-1.227241876734390891e+00
-1.230756620726926931e+00
-1.234228689361075881e+00
-1.237677121629386701e+00
-1.241128856922795620e+00
-1.244605158184807436e+00
-1.248110344049308429e+00
-1.251627527354497227e+00
-1.255123207365718141e+00
-1.258558926401292855e+00
-1.261905283570604608e+00
-1.265152612316821079e+00
-1.268313989434217470e+00
-1.271419380020582635e+00
-1.274503323666261512e+00
-1.277591151399259495e+00
-1.280689237598071628e+00
-1.283783049555804023e+00
-1.286843513647524917e+00
-1.289838834035397452e+00
-1.292746777087730337e+00
-1.295562410684832244e+00
-1.298298339087476938e+00
-1.300977677828990098e+00
-1.303622990907246537e+00
-1.306245933554797567e+00
-1.308841826408754461e+00
-1.311391125687670911e+00
-1.313866773314594338e+00
-1.316244008099440421e+00
-1.318508394923442184e+00
-1.320658867173493123e+00
-1.322704946746240395e+00
-1.324659906573915968e+00
-1.326533318578492660e+00
-1.328326476272823520e+00
-1.330032638461019934e+00
-1.331641664751603393e+00
-1.333146522210014728e+00
-1.334548302300392120e+00
-1.335857174598504837e+00
-1.337088734399618728e+00
-1.338257523702592433e+00
-1.339370982943818733e+00
-1.340427001611007363e+00
-1.341416583488276526e+00
-1.342330660409707610e+00
-1.343167935924290290e+00
-1.343939861977607952e+00
-1.344669898890673121e+00
-1.345386702939904477e+00
-1.346113745639137660e+00
-1.346859791130369910e+00
-1.347614699625367063e+00
-1.348353030732582614e+00
-1.349044650880936391e+00
-1.349668375619979876e+00
-1.350223014577585756e+00
-1.350730868659817840e+00
-1.351231605069620256e+00
-1.351768395543837764e+00
-1.352371620422998966e+00
-1.353046809024616381e+00
-1.353772086942372610e+00
-1.354506723936143464e+00
-1.355207851595108703e+00
-1.355848905589339903e+00
-1.356432347226847801e+00
-1.356991245897873455e+00
-1.357578628364790596e+00
-1.358248412613468847e+00
-1.359035242699040413e+00
-1.359941169639948377e+00
-1.360934563826741162e+00
-1.361961869345045484e+00
-1.362967713582001972e+00
-1.363915519368160911e+00
-1.364800508598033701e+00
-1.365649964413224726e+00
-1.366510660275914280e+00
-1.367428454675120530e+00
-1.368428153986268159e+00
-1.369501607717604985e+00
-1.370608669067586272e+00
-1.371690532043753352e+00
-1.372690094789822401e+00
-1.373571338355443761e+00
-1.374330277095837438e+00
-1.374993540682400539e+00
-1.375605625073062388e+00
-1.376210262692650677e+00
-1.376833465985686011e+00
-1.377474822607515748e+00
-1.378110057039906300e+00
-1.378703245870519734e+00
-1.379223287335535453e+00
-1.379657779601011436e+00
-1.380018848446511237e+00
-1.380338996976294919e+00
-1.380659191923292672e+00
-1.381014424378272265e+00
-1.381422688435901103e+00
-1.381881526341066202e+00
-1.382372860912359780e+00
-1.382873327479646752e+00
-1.383365206037393547e+00
-1.383843167713552313e+00
-1.384314225089479544e+00
-1.384791468405717652e+00
-1.385284927971244251e+00
-1.385794033954890869e+00
-1.386305211977084673e+00
-1.386795645747884942e+00
-1.387241333760895312e+00
-1.387625595617618224e+00
-1.387944027899151056e+00
-1.388203620075562750e+00
-1.388416520092849993e+00
-1.388591506635753925e+00
-1.388727391739319694e+00
-1.388811775574125607e+00
-1.388826141867026465e+00
-1.388755292492195759e+00
-1.388596940983999328e+00
-1.388366948961728298e+00
-1.388097396609997869e+00
-1.387827737285390883e+00
-1.387592376244239478e+00
-1.387409753478674679e+00
-1.387277590554141904e+00
-1.387176494123073756e+00
-1.387080596360384721e+00
-1.386970844564935801e+00
-1.386845263023330110e+00
-1.386721607626695496e+00
-1.386630914309769702e+00
-1.386604251802775245e+00
-1.386657934447549145e+00
-1.386783271755702707e+00
-1.386945233106974484e+00
-1.387090858048846576e+00
-1.387164295233179745e+00
-1.387122629123561213e+00
-1.386946316319056960e+00
-1.386640246889297989e+00
-1.386225258190995291e+00
-1.385723797930455969e+00
-1.385145765800085860e+00
-1.384480412391175808e+00
-1.383697629946680330e+00
-1.382758098181516848e+00
-1.381628148255795940e+00
-1.380293345201230037e+00
-1.378765395593712695e+00
-1.377079765592048810e+00
-1.375285159966024739e+00
-1.373429205373438933e+00
-1.371546015489123027e+00
-1.369650294096486309e+00
-1.367739757836677894e+00
-1.365804185844702090e+00
-1.363836787093329672e+00
-1.361842858403925272e+00
-1.359842121449076124e+00
-1.357863982399187153e+00
-1.355937977816082274e+00
-1.354083579213921862e+00
-1.352303578885033719e+00
-1.350583546041031813e+00
-1.348897152211246064e+00
-1.347214724842680234e+00
-1.345511238963675416e+00
-1.343770528756856208e+00
-1.341984451784886012e+00
-1.340148135703808308e+00
-1.338254180352142164e+00
-1.336289015922187406e+00
-1.334233427398579641e+00
-1.332067149405637974e+00
-1.329775422814112096e+00
-1.327354430834289500e+00
-1.324813045247815291e+00
-1.322170064533713996e+00
-1.319448290494607434e+00
-1.316668320332814002e+00
-1.313845089407500888e+00
-1.310988888802999242e+00
-1.308110391058547206e+00
-1.305227158239707919e+00
-1.302368166314150644e+00
-1.299573553948981219e+00
-1.296888853868694902e+00
-1.294355504626584441e+00
-1.292001319231585565e+00
-1.289834903429136315e+00
-1.287846541737750705e+00
-1.286015369720160395e+00
-1.284319883454943190e+00
-1.282747240657611476e+00
-1.281297154514907444e+00
-1.279978409952347684e+00
-1.278799244038699712e+00
-1.277755662494130640e+00
-1.276822944087036449e+00
-1.275954503354190583e+00
-1.275089344183665485e+00
-1.274165738001280967e+00
-1.273136016597921971e+00
-1.271976695896291920e+00
-1.270689897054227746e+00
-1.269295537981740996e+00
-1.267817591302376812e+00
-1.266270231875908925e+00
-1.264649821881276948e+00
-1.262936294345941901e+00
-1.261103543196748777e+00
-1.259134548321162006e+00
-1.257034806633573698e+00
-1.254838149476252607e+00
-1.252602043834195822e+00
-1.250393771778563812e+00
-1.248272679135719931e+00
-1.246275384731492686e+00
-1.244409684046227760e+00
-1.242659316841571604e+00
-1.240997301674938269e+00
-1.239402016484875801e+00
-1.237869100995384830e+00
-1.236414050826854627e+00
-1.235064324227248989e+00
-1.233844244356785858e+00
-1.232759086747263311e+00
-1.231785182783697863e+00
-1.230870452211578314e+00
-1.229945500040289685e+00
-1.228941055809201321e+00
-1.227804954669640791e+00
-1.226512030854879143e+00
-1.225063475064865237e+00
-1.223476045761878073e+00
-1.221767288036816002e+00
-1.219940375614525285e+00
-1.217983738845659358e+00
-1.215838190039338462e+00
-1.213469917553186894e+00
-1.210888962889146159e+00
-1.208129415303995646e+00
-1.205247985398001598e+00
-1.202307345475358558e+00
-1.199361535433010051e+00
-1.196445908246346557e+00
-1.193576341098617322e+00
-1.190757054511851987e+00
-1.187993067512289169e+00
-1.185301289917806145e+00
-1.182714979110267572e+00
-1.180279252690567882e+00
-1.178039292853999775e+00
-1.176026086396916526e+00
-1.174245646545863275e+00
-1.172676202319979710e+00
-1.171274467071476755e+00
-1.169988278004213011e+00
-1.168770275303382622e+00
-1.167587001298401539e+00
-1.166419934396381475e+00
-1.165258572126219416e+00
-1.164089179716450095e+00
-1.162884711064477994e+00
-1.161600882765972731e+00
-1.160180679310565122e+00
-1.158565871442444717e+00
-1.156711041763224257e+00
-1.154594467382654699e+00
-1.152221495856206035e+00
-1.149619205361741781e+00
-1.146824796268890445e+00
-1.143872743940652414e+00
-1.140786144533933788e+00
-1.137575742198581930e+00
-1.134246688820145677e+00
-1.130809646700299931e+00
-1.127290896404399501e+00
-1.123736492162193290e+00
-1.120208068548946390e+00
-1.116771505641602324e+00
-1.113482754696305310e+00
-1.110376383895121499e+00
-1.107461282348328302e+00
-1.104724951580697834e+00
-1.102144212888587216e+00
-1.099697516486428883e+00
-1.097373487766061251e+00
-1.095172110077111682e+00
-1.093098251451414704e+00
-1.091150659368632203e+00
-1.089311596374062718e+00
-1.087542085209455056e+00
-1.085785366329540702e+00
-1.083977664092854010e+00
-1.082062222682336650e+00
-1.080001167531388750e+00
-1.077780668171357537e+00
-1.075407724639676710e+00
-1.072900452034306840e+00
-1.070276433135513683e+00
-1.067544409653123250e+00
-1.064702994343962317e+00
-1.061746908317018123e+00
-1.058677862412515713e+00
-1.055515074016406762e+00
-1.052300464882716557e+00
-1.049095798271050040e+00
-1.045972426662395316e+00
-1.042997460819804711e+00
-1.040221684619946796e+00
-1.037673776016792004e+00
-1.035362683890168167e+00
-1.033286526437022124e+00
-1.031443624645513424e+00
-1.029840457425845734e+00
-1.028492773928818771e+00
-1.027419189871027871e+00
-1.026629992595249563e+00
-1.026116102807717478e+00
-1.025843206276466413e+00
-1.025753961557552163e+00
-1.025777810844390237e+00
-1.025844725392138113e+00
-1.025897582984507395e+00
-1.025898505926728044e+00
-1.025827113291746029e+00
-1.025672125424011760e+00
-1.025420596461950051e+00
-1.025050020783774940e+00
-1.024527240375145531e+00
-1.023815041231746381e+00
-1.022883882703594427e+00
-1.021723843072192883e+00
-1.020351621723884827e+00
-1.018809422670595488e+00
-1.017155906585265335e+00
-1.015452695931078786e+00
-1.013751740653422218e+00
-1.012088401108858449e+00
-1.010482574721369486e+00
-1.008946692701952585e+00
-1.007496446240324417e+00
-1.006158945186551357e+00
-1.004974164570515249e+00
-1.003988502413603046e+00
-1.003242768710784993e+00
-1.002759443014992424e+00
-1.002534487149972620e+00
-1.002537178831218068e+00
-1.002718118529809299e+00
-1.003022177193739317e+00
-1.003401146544537825e+00
-1.002854063254486672e+00
-1.001141966886436308e+00
-9.982986243615995514e-01
-9.943578026011866688e-01
-9.893532685264112558e-01
-9.833187890584822455e-01
-9.762881311186132338e-01
-9.682950616280168177e-01
-9.593733475079012640e-01
-9.495567556794826114e-01
-9.388790530639679055e-01
-9.273740065825709644e-01
-9.150753831565059393e-01
-9.020169497069795428e-01
-8.882324731552087016e-01
-8.737557204223994622e-01
-8.586204584297660869e-01
-8.428604540985237259e-01
-8.265094743498777596e-01
-8.096012861050463361e-01
-7.921696562852338364e-01
-7.742483518116554109e-01
-7.558711396055274312e-01
-7.370717865880528352e-01
-7.178840596804517693e-01
-6.983417258039271713e-01
-6.784785518796955239e-01
-6.583283048289726436e-01
-6.379247515729610241e-01
-6.173016590328818110e-01
-5.964927941299370540e-01
-5.755319237853432357e-01
-5.544528149203167278e-01
-5.332892344560594688e-01
-5.120749493137928265e-01
-4.908437264147192947e-01
-4.696293326800546342e-01
-4.484655350310155497e-01
-4.273861003888043686e-01
-4.064247956746419033e-01
-3.856153878097305920e-01
-3.649916437152866400e-01
-3.445873303125263631e-01
-3.244362145226524774e-01
-3.045720632668852401e-01
-2.850286434664277002e-01
-2.658397220424960072e-01
-2.470390659163057556e-01
-2.286604420090603829e-01
-2.107376172419797022e-01
-1.933043585362674566e-01
-1.763944328131391570e-01
-1.600416069938101482e-01
-1.442796479994848113e-01
-1.291423227513784910e-01
-1.146633981707061434e-01
-1.008766411786727324e-01
-8.781581869649623950e-02
-7.551469764538229490e-02
-6.400704494654568810e-02
-5.332662752120045924e-02
-4.350721229055345973e-02
-3.458256617582045056e-02
-2.658645609820939337e-02
-1.955264897893402298e-02
-1.351491173920710276e-02
-8.507011300237787843e-03
-4.562714583239674271e-03
-1.715788509422888630e-03
-5.551115123125782702e-17
