0.000000000000000000e+00
4.963956481028161151e-03
8.352847094142749201e-03
1.021383398299212202e-02
1.059407929122732628e-02
9.540745162497768495e-03
7.100993740453959320e-03
3.321987168744814766e-03
-1.749112408978013280e-03
-8.065142849066970349e-03
-1.557894200787085515e-02
-2.424334774173769053e-02
-3.401119790702181178e-02
-4.483533036006828731e-02
-5.666858295723226080e-02
-6.946379355486161089e-02
-8.317380000930307826e-02
-9.775144017691254905e-02
-1.131495519140341688e-01
-1.293209730770245036e-01
-1.462185415222301832e-01
-1.637950951059973514e-01
-1.820034716846838374e-01
-2.007965091146318715e-01
-2.201270452521991994e-01
-2.399479179537325479e-01
-2.602119650755767566e-01
-2.808720244740911531e-01
-3.018809340056164414e-01
-3.231915315265124211e-01
-3.447566548931240149e-01
-3.665291419617967006e-01
-3.884618305888899448e-01
-4.105075586307442848e-01
-4.326191639437195202e-01
-4.547494843841607959e-01
-4.768513578084129234e-01
-4.988776220728363686e-01
-5.207811150337711137e-01
-5.425146745475766252e-01
-5.640311384705982700e-01
-5.852833446591816369e-01
-6.062241309696858593e-01
-6.268063352584520853e-01
-6.469827953818391153e-01
-6.667063491961924271e-01
-6.859298345578581646e-01
-7.046060893231944622e-01
-7.226879513485434670e-01
-7.401282584902630912e-01
-7.568798486046991458e-01
-7.728955595481983298e-01
-7.881282291771178894e-01
-8.025306953478008598e-01
-8.160557959166040431e-01
-8.286563687398738054e-01
-8.402852516739580668e-01
-8.508952825752116311e-01
-8.604392992999803091e-01
-8.688701397046176833e-01
-8.761406416454724511e-01
-8.822036429788928658e-01
-8.870119815612316216e-01
-8.905184952488369721e-01
-8.926760218980601680e-01
-8.934373993652506840e-01
-8.927554655067585498e-01
-8.905830581789335731e-01
-8.868730152381270049e-01
-8.815781745406868763e-01
-8.746513739429642165e-01
-8.664077174958748628e-01
-8.581558447158553760e-01
-8.498552168275563812e-01
-8.414222554682965205e-01
-8.327819567921463939e-01
-8.239161499401634892e-01
-8.148872778605980027e-01
-8.058271248077819582e-01
-7.968949302489641839e-01
-7.882223907077129388e-01
-7.798686102515227647e-01
-7.718037899041840788e-01
-7.639282126740121193e-01
-7.561181311567145569e-01
-7.482788680340826115e-01
-7.403825872959670651e-01
-7.324749414190186991e-01
-7.246482115900092502e-01
-7.169928943392587239e-01
-7.095488839697239314e-01
-7.022774925940409307e-01
-6.950665749264072213e-01
-6.877669095723111248e-01
-6.802447312430895954e-01
-6.724285305270270019e-01
-6.643307757636562894e-01
-6.560359419713197582e-01
-6.476605138162431219e-01
-6.393023762575453794e-01
-6.310012627869717727e-01
-6.227269519508041862e-01
-6.143998760709113993e-01
-6.059348982066620204e-01
-5.972891420153163544e-01
-5.884930992965421437e-01
-5.796514392808631566e-01
-5.709128702087896690e-01
-5.624215329906314675e-01
-5.542701616519816188e-01
-5.464743886413219176e-01
-5.389784376426698387e-01
-5.316890567309857651e-01
-5.245226312680917324e-01
-5.174450007370646754e-01
-5.104868499563159912e-01
-5.037281835268645480e-01
-4.972587209255597829e-01
-4.911313771291864194e-01
-4.853289499734063650e-01
-4.797585022031459756e-01
-4.742761446234512457e-01
-4.687320350782906431e-01
-4.630168865202838324e-01
-4.570907335909539793e-01
-4.509823351418115189e-01
-4.447601062707897124e-01
-4.384875430402162544e-01
-4.321826039690665477e-01
-4.257987083787380111e-01
-4.192357061346209668e-01
-4.123762750510271413e-01
-4.051323133493401896e-01
-3.974815956652615334e-01
-3.894790348639546318e-01
-3.812376093626183571e-01
-3.728867960905179468e-01
-3.645257731178717098e-01
-3.561907621613487063e-01
-3.478498112560193811e-01
-3.394266722954664139e-01
-3.308431483362407333e-01
-3.220615538686533164e-01
-3.131089966791996693e-01
-3.040729897055917674e-01
-2.950700962719640108e-01
-2.862007393211205564e-01
-2.775091508289531661e-01
-2.689652644366115619e-01
-2.604761178733192573e-01
-2.519219576100401037e-01
-2.432019138797532065e-01
-2.342702770001264256e-01
-2.251485608319079013e-01
-2.159088742622061186e-01
-2.066362370296564444e-01
-1.973862470492802612e-01
-1.881562815111757492e-01
-1.788825084444470026e-01
-1.694639587176685058e-01
-1.598034527511820180e-01
-1.498481204402770939e-01
-1.396125343464356405e-01
-1.291749182481743419e-01
-1.186482798383452913e-01
-1.081388055515103697e-01
-9.770903524189390732e-02
-8.736107081999910928e-02
-7.704639483307323955e-02
-6.669751909908208654e-02
-5.626746858640227500e-02
-4.575991945380440684e-02
-3.523700712098268295e-02
-2.480148543970178698e-02
-1.456089545307936647e-02
-4.589020232141463249e-03
5.099039768420365187e-03
1.454772867984260865e-02
2.383768624704551975e-02
3.304826372444319427e-02
4.222203774697976669e-02
5.134584557091317891e-02
6.035782554546897938e-02
6.917133303294030477e-02
7.772382499933470912e-02
8.597102677782349212e-02
9.402037597694483384e-02
1.020870528189995879e-01
1.101388911696831591e-01
1.181033162262883629e-01
1.258737541407526084e-01
1.333638267235676689e-01
1.405403998759637840e-01
1.474370867039058730e-01
1.541363598569294724e-01
1.607304199301827774e-01
1.672771317063182772e-01
1.737704436742551206e-01
1.801380444598541242e-01
1.862673023427882102e-01
1.920483011871768619e-01
1.974155011103763679e-01
2.023702864274304070e-01
2.069750281929827462e-01
2.113216219390613160e-01
2.154884228746659358e-01
2.195043782090766449e-01
2.233358972730853931e-01
2.269020708292925348e-01
2.301115764757116489e-01
2.329052852133863538e-01
2.352861864839660977e-01
2.373238329991028406e-01
2.391315286308581256e-01
2.408261495706083000e-01
2.424878012209748801e-01
2.441363679621915417e-01
2.457345571415906760e-01
2.472155547979222601e-01
2.485228678094872912e-01
2.496448573100284729e-01
2.506289956923827278e-01
2.515697943266838044e-01
2.525757453970661759e-01
2.537295782226443031e-01
2.550588341948514803e-01
2.565291391424319167e-01
2.580626804298040700e-01
2.595735914769901065e-01
2.610048628268341608e-01
2.623510171056626650e-01
2.636571903778914261e-01
2.649956397525382035e-01
2.664304263329823064e-01
2.679859574864592031e-01
2.696331585221501403e-01
2.712992062053993791e-01
2.728964675584998334e-01
2.743580202662440071e-01
2.756644411119548721e-01
2.768505342134812142e-01
2.779894882806135392e-01
2.791617233962818689e-01
2.804221784586900523e-01
2.817802349813646745e-01
2.832007558283774484e-01
2.846253950345922767e-01
2.860044863357042999e-01
2.873252782234942404e-01
2.886239771583019587e-01
2.899761894085378100e-01
2.914697995768550931e-01
2.931719659523828736e-01
2.951043860389448992e-01
2.972373218754127966e-01
2.995046974942477402e-01
3.018334648304048518e-01
3.041743274948019438e-01
3.065204365965428224e-01
3.089060066040534847e-01
3.113855700413487582e-01
3.140029902705127052e-01
3.167637733380908593e-01
3.196227834592239581e-01
3.224928326839294757e-01
3.252706661160584267e-01
3.278694506412684340e-01
3.302441595699400767e-01
3.323993513384971843e-01
3.343763971806942292e-01
3.362259576600243327e-01
3.379777180812358339e-01
3.396204188779051170e-01
3.411006637502849159e-01
3.423409017791300135e-01
3.432688237019967947e-01
3.438456433840995086e-01
3.440813292230806009e-01
3.440304881978314966e-01
3.437708044159047405e-01
3.433731862962359216e-01
3.428760493493546169e-01
3.422741535403215352e-01
3.415260845550941449e-01
3.405765727368705864e-01
3.393837399918772646e-01
3.379395834402099674e-01
3.362751817296866785e-01
3.344487817174935373e-01
3.325221885868877014e-01
3.305356555242118799e-01
3.284918216354706377e-01
3.263551183964747415e-01
3.240663641918137827e-01
3.215659307354292729e-01
3.188155428464024554e-01
3.158097741208180653e-01
3.125730550364781979e-01
3.091443440174983515e-01
3.055567629058223988e-01
3.018213175359759082e-01
2.979216579824485733e-01
2.938217604945027039e-01
2.894827291835274097e-01
2.848810952328598711e-01
2.800206233803977374e-01
2.749327569464652399e-01
2.696659664071746065e-01
2.642691021011330799e-01
2.587762801865925999e-01
2.531998573754357107e-01
2.475342028820071705e-01
2.417680174144067051e-01
2.358991394768938377e-01
2.299447870781184955e-01
2.239423789715251079e-01
2.179404414760001407e-01
2.119836360438690781e-01
2.060986090929279591e-01
2.002870020892132119e-01
1.945287523981503175e-01
1.887942131517909850e-01
1.830596789683761605e-01
1.773193763745389839e-01
1.715885398677582940e-01
1.658961554712578279e-01
1.602705670922105474e-01
1.547243700887274143e-01
1.492454375896317964e-01
1.437983379682707952e-01
1.383359223645510283e-01
1.328164284791147620e-01
1.272189791278254267e-01
1.215509629017845622e-01
1.158441831295648483e-01
1.101414047686665731e-01
1.044789800877975183e-01
9.887286240639184265e-02
9.331384913326386255e-02
8.777396734048545368e-02
8.222120775917624025e-02
7.663631770406117982e-02
7.102453962193445991e-02
6.541734313531398504e-02
5.986339918076601097e-02
5.441249849636078939e-02
4.909895710863155377e-02
4.393112866518592008e-02
3.889098636432241490e-02
3.394351615160876023e-02
2.905167533596662854e-02
2.419055974526530470e-02
1.935501431985645407e-02
1.455789429218633593e-02
9.820189255202029649e-03
5.157553844998018222e-03
5.690770617105111312e-04
-3.967073268604234121e-03
-8.489571755009885784e-03
-1.304343958954741999e-02
-1.766769798558871091e-02
-2.238623820946818860e-02
-2.720531441598654510e-02
-3.211806049614412961e-02
-3.711343591553834670e-02
-4.218530246032487635e-02
-4.733759172739974291e-02
-5.258352858863864221e-02
-5.793966499842920226e-02
-6.341778710362373783e-02
-6.901858010300437885e-02
-7.472997488808842681e-02
-8.053084744739488765e-02
-8.639825566752343255e-02
-9.231483396588438528e-02
-9.827299831481674242e-02
-1.042741874078273179e-01
-1.103237294465610197e-01
-1.164239818936604054e-01
-1.225692021867001297e-01
-1.287448062113598357e-01
-1.349316229940048795e-01
-1.411133974795543700e-01
-1.472841990235831677e-01
-1.534522981830783450e-01
-1.596385430144200979e-01
-1.658696593618830262e-01
-1.721691662065742423e-01
-1.785497252468193352e-01
-1.850102138528048057e-01
-1.915388271983392010e-01
-1.981209233692651228e-01
-2.047482330909561610e-01
-2.114253962416883792e-01
-2.181708618610752604e-01
-2.250115435123780372e-01
-2.319732661702826881e-01
-2.390708550627250184e-01
-2.463019318008958236e-01
-2.536470006234802788e-01
-2.610758487742183553e-01
-2.685577168610727705e-01
-2.760711820591421062e-01
-2.836098592768260818e-01
-2.911817777021633580e-01
-2.988028902156975031e-01
-3.064875410187186677e-01
-3.142398895398614833e-01
-3.220498098785063434e-01
-3.298948886165177230e-01
-3.377476346117558870e-01
-3.455849309915487999e-01
-3.533959296369360015e-01
-3.611853262686422483e-01
-3.689708939047735559e-01
-3.767764577000861648e-01
-3.846232281316072088e-01
-3.925228971820844404e-01
-4.004750092038689147e-01
-4.084692748856559863e-01
-4.164914938385171350e-01
-4.245304037351543824e-01
-4.325825854936389270e-01
-4.406535298250228161e-01
-4.487546404267771516e-01
-4.568975949554439642e-01
-4.650884466065040024e-01
-4.733237876430054225e-01
-4.815903123706040123e-01
-4.898676827916235710e-01
-4.981333265088246920e-01
-5.063671864201881867e-01
-5.145546823963181859e-01
-5.226870590306885722e-01
-5.307594382577691672e-01
-5.387677762204373666e-01
-5.467062110643425843e-01
-5.545659312309074718e-01
-5.623359153348119754e-01
-5.700050713483910680e-01
-5.775647852889864708e-01
-5.850108557637719864e-01
-5.923441887047177223e-01
-5.995702221741012750e-01
-6.066975581329919764e-01
-6.137364839125533100e-01
-6.206979276270883084e-01
-6.275930314928768183e-01
-6.344331558662344994e-01
-6.412299319332690484e-01
-6.479950429021553715e-01
-6.547396635943363297e-01
-6.614737679880863253e-01
-6.682056525210859910e-01
-6.749419340471177753e-01
-6.816880171508196140e-01
-6.884487291469996162e-01
-6.952286701318606266e-01
-7.020319195076152319e-01
-7.088610583272697552e-01
-7.157158616075870450e-01
-7.225922852781803130e-01
-7.294823608954354999e-01
-7.363752940673620184e-01
-7.432595605190186472e-01
-7.501253284262576759e-01
-7.569663294378998764e-01
-7.637804684411966250e-01
-7.705689534365600668e-01
-7.773343427457968247e-01
-7.840783763572785059e-01
-7.908005714988012302e-01
-7.974982543466727636e-01
-8.041680864983995480e-01
-8.108084889553264230e-01
-8.174219502463897502e-01
-8.240162131278212509e-01
-8.306037675703821233e-01
-8.371997568268083612e-01
-8.438190415937176780e-01
-8.504734954134667291e-01
-8.571704845534354744e-01
-8.639129766725214266e-01
-8.707010480737014113e-01
-8.775340079685236550e-01
-8.844121593231213385e-01
-8.913374401406430891e-01
-8.983127225579811137e-01
-9.053401485092629208e-01
-9.124192853950854332e-01
-9.195459270419598097e-01
-9.267120504928796354e-01
-9.339069211729729147e-01
-9.411188613871415143e-01
-9.483369677359689831e-01
-9.555521725273630196e-01
-9.627574164372776355e-01
-9.699471415772715766e-01
-9.771166165350915200e-01
-9.842616264518850855e-01
-9.913788072326447098e-01
-9.984665073110039479e-01
-1.005525731856128591e+00
-1.012560631526072674e+00
-1.019578188871126612e+00
-1.026587142319645318e+00
-1.033596579941284066e+00
-1.040614828058179731e+00
-1.047649146270987597e+00
-1.054706358322708759e+00
-1.061794072111307274e+00
-1.068921797402263785e+00
-1.076101236850611098e+00
-1.083345347295726180e+00
-1.090666312660082626e+00
-1.098073099313636725e+00
-1.105569530377450205e+00
-1.113153683015696060e+00
-1.120818913001743411e+00
-1.128556148957616134e+00
-1.136356561140631882e+00
-1.144213536651113694e+00
-1.152123172864260692e+00
-1.160083125514043356e+00
-1.168090355704799022e+00
-1.176138806811833026e+00
-1.184218095368309243e+00
-1.192313889768520818e+00
-1.200409951741613801e+00
-1.208491123443312665e+00
-1.216546150905306156e+00
-1.224569304175715967e+00
-1.232560251429376308e+00
-1.240522351758813535e+00
-1.248460147894868477e+00
-1.256377103824124486e+00
-1.264274451690163170e+00
-1.272151485744029031e+00
-1.280007004312032182e+00
-1.287841135176646112e+00
-1.295656673046309937e+00
-1.303459332512884705e+00
-1.311256829974562832e+00
-1.319057211720052525e+00
-1.326867119552473495e+00
-1.334690628880086827e+00
-1.342528959949814471e+00
-1.350380935652067294e+00
-1.358243753490939953e+00
-1.366113592121666498e+00
-1.373985782240649600e+00
-1.381854607728753903e+00
-1.389713067400387025e+00
-1.397552975133470099e+00
-1.405365571164690186e+00
-1.413142477001554154e+00
-1.420876548112706805e+00
-1.428562135066152150e+00
-1.436194516136995114e+00
-1.443768705925079221e+00
-1.451278258955749134e+00
-1.458714837252950147e+00
-1.466069070721778722e+00
-1.473332668794591793e+00
-1.480501083585672228e+00
-1.487575596525483768e+00
-1.494563753706449338e+00
-1.501477656656344362e+00
-1.508330521173464112e+00
-1.515132761644468973e+00
-1.521889235446838740e+00
-1.528598959395725876e+00
-1.535257652256855510e+00
-1.541862227726727319e+00
-1.548415391023804322e+00
-1.554928250468664563e+00
-1.561419518622092273e+00
-1.567911236855210833e+00
-1.574422469193163643e+00
-1.580963429732463066e+00
-1.587532541676213382e+00
-1.594117883258855395e+00
-1.600702728704653577e+00
-1.607273142118243126e+00
-1.613824582187444623e+00
-1.620364706202736871e+00
-1.626911000799566631e+00
-1.633483969623305665e+00
-1.640098518657806537e+00
-1.646757077425550442e+00
-1.653447445400113125e+00
-1.660146520674204318e+00
-1.666828669661812423e+00
-1.673475510892649121e+00
-1.680083173088145809e+00
-1.686664003051297156e+00
-1.693241894538051406e+00
-1.699843009078921385e+00
-1.706485588545709753e+00
-1.713172998300189098e+00
-1.719892872678980389e+00
-1.726622760207214613e+00
-1.733339991861249541e+00
-1.740031735539323776e+00
-1.746701097591244700e+00
-1.753366746234007900e+00
-1.760056197192249261e+00
-1.766795511229923399e+00
-1.773599614859399543e+00
-1.780467157046574211e+00
-1.787381888956555143e+00
-1.794319817342457490e+00
-1.801258993747498760e+00
-1.808187765219900989e+00
-1.815108065086682654e+00
-1.822032520527280930e+00
-1.828976817029782875e+00
-1.835950748356648177e+00
-1.842951848658999303e+00
-1.849964272988073866e+00
-1.856963230234153217e+00
-1.863922832540606311e+00
-1.870823781872653857e+00
-1.877657495703775936e+00
-1.884424979245031384e+00
-1.891131196720088781e+00
-1.897777769492374089e+00
-1.904357584838092921e+00
-1.910853991877990765e+00
-1.917245097221474515e+00
-1.923511242139278377e+00
-1.929642170882985619e+00
-1.935640437766598998e+00
-1.941519272607935109e+00
-1.947295708255427416e+00
-1.952982070576126716e+00
-1.958579860116310911e+00
-1.964079139183842582e+00
-1.969464113488667900e+00
-1.974722719343410038e+00
-1.979855998266803363e+00
-1.984882834563021614e+00
-1.989837438907523293e+00
-1.994760066743526128e+00
-1.999684533349798787e+00
-2.004627744415871327e+00
-2.009585885786572934e+00
-2.014539253689084486e+00
-2.019464029888231593e+00
-2.024346183714929026e+00
-2.029191518464720456e+00
-2.034027262547865700e+00
-2.038894055164676367e+00
-2.043831271981048747e+00
-2.048861633227286649e+00
-2.053981577906174749e+00
-2.059161674223796368e+00
-2.064357240114573777e+00
-2.069525059907336484e+00
-2.074639429476965891e+00
-2.079700911288679510e+00
-2.084734128501150696e+00
-2.089775476141345401e+00
-2.094855870192830594e+00
-2.099985786322733805e+00
-2.105148928381782802e+00
-2.110307264147668782e+00
-2.115415379270224161e+00
-2.120438153931298864e+00
-2.125364348163349071e+00
-2.130210403614494208e+00
-2.135012914883707147e+00
-2.139813020379128794e+00
-2.144639349503609793e+00
-2.149496701243712504e+00
-2.154365064881415215e+00
-2.159209083723152123e+00
-2.163993558395063577e+00
-2.168698039723141235e+00
-2.173324067701888129e+00
-2.177891934396035456e+00
-2.182428518824087060e+00
-2.186951699054830112e+00
-2.191458346894674669e+00
-2.195921291255877428e+00
-2.200296617827961043e+00
-2.204538041687689631e+00
-2.208611916610663251e+00
-2.212506163190885111e+00
-2.216229155752781566e+00
-2.219799195921081658e+00
-2.223229560198046517e+00
-2.226516242112304145e+00
-2.229634420533833872e+00
-2.232545790042215650e+00
-2.235213895977455234e+00
-2.237620801325582054e+00
-2.239777525126895874e+00
-2.241723221748396444e+00
-2.243512976052224328e+00
-2.245199228944239067e+00
-2.246814907823170504e+00
-2.248365866172748362e+00
-2.249836318585280104e+00
-2.251205226776774371e+00
-2.252466546092687150e+00
-2.253644165476674566e+00
-2.254794307721167179e+00
-2.255993396138039397e+00
-2.257315749622369250e+00
-2.258810166570948130e+00
-2.260485348641642300e+00
-2.262310678121227880e+00
-2.264232457478653426e+00
-2.266199028474852106e+00
-2.268184144641101518e+00
-2.270198446972008455e+00
-2.272283772910077992e+00
-2.274492333975711489e+00
-2.276859424661637821e+00
-2.279381389048154460e+00
-2.282008658668007950e+00
-2.284657478647487139e+00
-2.287236032383718864e+00
-2.289674420836596891e+00
-2.291946074635070385e+00
-2.294071577932096595e+00
-2.296103203563301776e+00
-2.298096635417485878e+00
-2.300081887185106311e+00
-2.302045880062193017e+00
-2.303934258698286719e+00
-2.305671832486913875e+00
-2.307193004052817908e+00
-2.308469124641468362e+00
-2.309520888250724546e+00
-2.310410182097632159e+00
-2.311214556728431901e+00
-2.311994942945015286e+00
-2.312770199729217158e+00
-2.313509224652263718e+00
-2.314143878748015304e+00
-2.314597063682571676e+00
-2.314813775710097943e+00
-2.314781677559025752e+00
-2.314532267556532741e+00
-2.314122152461437487e+00
-2.313602625295581028e+00
-2.312990935820511851e+00
-2.312256012836421792e+00
-2.311325198107774703e+00
-2.310109446455231197e+00
-2.308536379278861794e+00
-2.306577075125015419e+00
-2.304255094881744625e+00
-2.301633940205921380e+00
-2.298788539974583323e+00
-2.295773352515380950e+00
-2.292601205268203213e+00
-2.289242343622550635e+00
-2.285644303158751001e+00
-2.281763995143759605e+00
-2.277597842394632810e+00
-2.273196405062794856e+00
-2.268656508099520241e+00
-2.264093621246719756e+00
-2.259605928170875355e+00
-2.255245333112321671e+00
-2.251007825455355160e+00
-2.246847315736337780e+00
-2.242706844632362806e+00
-2.238553387563766428e+00
-2.234400733821257479e+00
-2.230309955594993898e+00
-2.226366697398515448e+00
-2.222644762355707293e+00
-2.219171686910029528e+00
-2.215911445898258059e+00
-2.212772274938341166e+00
-2.209636850609873804e+00
-2.206402359816868497e+00
-2.203013559129274768e+00
-2.199474769896067716e+00
-2.195835735383528498e+00
-2.192157555134869540e+00
-2.188473636648088583e+00
-2.184762942450163337e+00
-2.180947639526756632e+00
-2.176916750007837020e+00
-2.172566077561121300e+00
-2.167837447676839613e+00
-2.162740337724267548e+00
-2.157346354313301795e+00
-2.151758606496537940e+00
-2.146068858047032180e+00
-2.140320708892125889e+00
-2.134494509334807333e+00
-2.128520375485600802e+00
-2.122313528179853304e+00
-2.115816462220877270e+00
-2.109029398240493958e+00
-2.102015449405910896e+00
-2.094877849152834592e+00
-2.087718738463574919e+00
-2.080597139018241393e+00
-2.073504281176026698e+00
-2.066367107111377610e+00
-2.059078628286329149e+00
-2.051542313819004537e+00
-2.043711247990715574e+00
-2.035606051067758937e+00
-2.027301697301090222e+00
-2.018895274647695359e+00
-2.010452863171365845e+00
-2.002004626861616288e+00
-1.993336336490725502e+00
-1.984343375154293820e+00
-1.975077988695869369e+00
-1.965616035420123531e+00
-1.956061406259802515e+00
-1.946495873564073165e+00
-1.936954066324172885e+00
-1.927415816494539857e+00
-1.917824910912928837e+00
-1.908124488981456368e+00
-1.898294182990748702e+00
-1.888372586442098822e+00
-1.878454928376781075e+00
-1.868666329599063980e+00
-1.859121501586312508e+00
-1.849887663564669271e+00
-1.840966238240117736e+00
-1.832300998519945656e+00
-1.823809093262200642e+00
-1.815421565577358676e+00
-1.807115808938840829e+00
-1.798925784495795321e+00
-1.790925304222210190e+00
-1.783191257982837952e+00
-1.775762413962433506e+00
-1.768611578645093108e+00
-1.761643481408467160e+00
-1.754719989613733544e+00
-1.747702690459028041e+00
-1.740495419282100054e+00
-1.733069192325977559e+00
-1.725459322793190031e+00
-1.717736210092533300e+00
-1.709962457657822510e+00
-1.702154845160731345e+00
-1.694267718421124336e+00
-1.686205336417238021e+00
-1.677858396293917753e+00
-1.669149560349323380e+00
-1.660068763614162446e+00
-1.650683151040129193e+00
-1.641117075186694807e+00
-1.631510125456935967e+00
-1.621970404005338429e+00
-1.612542283017726508e+00
-1.603201786030414855e+00
-1.593881077874716112e+00
-1.584511235136056850e+00
-1.575064712764588259e+00
-1.565579036151179659e+00
-1.556151209698700910e+00
-1.546904786686785993e+00
-1.537943229048857718e+00
-1.529309138846055349e+00
-1.520966615294597979e+00
-1.512814336982590158e+00
-1.504724049072265091e+00
-1.496588428650776681e+00
-1.488358381194160973e+00
-1.480054345848569541e+00
-1.471747274535781802e+00
-1.463517934002152243e+00
-1.455412421893106378e+00
-1.447413414522502384e+00
-1.439439955999642473e+00
-1.431376389645808267e+00
-1.423118510326139452e+00
-1.414617522442599418e+00
-1.405903148766126876e+00
-1.397075962397427817e+00
-1.388272012004561962e+00
-1.379614555610459536e+00
-1.371173191308970862e+00
-1.362947507886808740e+00
-1.354881887348805991e+00
-1.346904716201488661e+00
-1.338974713592333998e+00
-1.331113918581660505e+00
-1.323412479770609718e+00
-1.316002407480489245e+00
-1.309010808951058147e+00
-1.302512103981650071e+00
-1.296499361929276173e+00
-1.290886966165786021e+00
-1.285543613331747048e+00
-1.280341796366548879e+00
-1.275202893087342915e+00
-1.270118835126844870e+00
-1.265141329176719287e+00
-1.260343509734214607e+00
-1.255770803511625289e+00
-1.251402572037841887e+00
-1.247141674297322478e+00
-1.242837280777178366e+00
-1.238332063656113702e+00
-1.233514343932688551e+00
-1.228353457227522760e+00
-1.222903534073456644e+00
-1.217274175929659474e+00
-1.211580513745362797e+00
-1.205893914593035188e+00
-1.200214322424820956e+00
-1.194475930391943219e+00
-1.188583595729868270e+00
-1.182464168476274891e+00
-1.176110376133537860e+00
-1.169597923213184787e+00
-1.163067793750651946e+00
-1.156680575767714769e+00
-1.150561635922807691e+00
-1.144760009346076801e+00
-1.139238165879552955e+00
-1.133896758742287014e+00
-1.128623596777574400e+00
-1.123345760430306095e+00
-1.117381178944777176e+00
-1.110569910974162688e+00
-1.102936416197037195e+00
-1.094505154291968596e+00
-1.085300584937533896e+00
-1.075347167812300331e+00
-1.064669362594842461e+00
-1.053291628963734405e+00
-1.041238426597543176e+00
-1.028534215174847111e+00
-1.015203454374211667e+00
-1.001270603874212739e+00
-9.867601233534245564e-01
-9.716964724904135764e-01
-9.561041109637584690e-01
-9.400074984520243593e-01
-9.234310946337864756e-01
-9.063993591876210454e-01
-8.889367517920929718e-01
-8.710677321257813688e-01
-8.528167598672508065e-01
-8.342082946950771793e-01
-8.152667962878371588e-01
-7.960167243240940937e-01
-7.764825384824287635e-01
-7.566886984414042949e-01
-7.366596638795976926e-01
-7.164198944755852949e-01
-6.959938499079298957e-01
-6.754059898552136065e-01
-6.546807739959982220e-01
-6.338426620088611907e-01
-6.129161135723789622e-01
-5.919255883651141081e-01
-5.708955460656485181e-01
-5.498504463525449859e-01
-5.288147489043800720e-01
-5.078129133997303368e-01
-4.868693995171591848e-01
-4.660086669352472288e-01
-4.452551753325579287e-01
-4.246333843876677894e-01
-4.041677537791533714e-01
-3.838827431855779126e-01
-3.638028122855223589e-01
-3.439524207575500592e-01
-3.243560282802374628e-01
-3.050380945321608528e-01
-2.860230791918839666e-01
-2.673354419379870839e-01
-2.489996424490343585e-01
-2.310401404036018236e-01
-2.134813954802656233e-01
-1.963478673575898004e-01
-1.796640157141506933e-01
-1.634543002285237523e-01
-1.477431805792741581e-01
-1.325551164449806918e-01
-1.179145675042088393e-01
-1.038459934355340786e-01
-9.037385391753149921e-02
-7.752260862876735048e-02
-6.531671724781920596e-02
-5.378063945325375905e-02
-4.293883492364616861e-02
-3.281576333757042774e-02
-2.343588437359431231e-02
-1.482365771029399426e-02
-7.003543026237901703e-03
0.000000000000000000e+00
