-7.589415207398531038e-19
-5.403969362789328096e-04
-1.044701055968151214e-03
-1.514198911576228801e-03
-1.950177055612184766e-03
-2.353922040584711418e-03
-2.726720419002529039e-03
-3.069858743374607492e-03
-3.384623566209603307e-03
-3.672301440016451004e-03
-3.934178917303887343e-03
-4.171542550580662097e-03
-4.385678892355682028e-03
-4.577874495137660912e-03
-4.749415911435483396e-03
-4.901589693757907491e-03
-5.035682394613710290e-03
-5.152980566511750418e-03
-5.254770761960784152e-03
-5.342339533469656239e-03
-5.416973433547145507e-03
-5.479959014702045529e-03
-5.532582829443183706e-03
-5.576131430279341467e-03
-5.611891369719341875e-03
-5.641149200271979372e-03
-5.665191474446046663e-03
-5.685304744750359005e-03
-5.702775563693715175e-03
-5.718890483784920889e-03
-5.734936057532778395e-03
-5.752198837446086468e-03
-5.771965376033655164e-03
-5.795522225804276319e-03
-5.824155939266767792e-03
-5.859153068929926628e-03
-5.901800167302547265e-03
-5.953383786893444961e-03
-6.015190480211406350e-03
-6.088506799765259700e-03
-6.174619298063798584e-03
-6.274814527615795758e-03
-6.390379040930106377e-03
-6.522599390515476311e-03
-6.672762128880770256e-03
-6.842153808534764438e-03
-7.032060981986215133e-03
-7.243770201744012191e-03
-7.478568020316864184e-03
-7.737740990213676576e-03
-8.022575663943203039e-03
-8.334358594014178168e-03
-8.674376332935542985e-03
-9.043915433215943614e-03
-9.444262447364352303e-03
-9.876703927889494972e-03
-1.034252642730005937e-02
-1.084301649810506807e-02
-1.137946069281309085e-02
-1.195314556393317629e-02
-1.256535766397400868e-02
-1.321738354544424107e-02
-1.391050976085297063e-02
-1.464602286270868386e-02
-1.542520940352052304e-02
-1.624935593579712387e-02
-1.706443529009887133e-02
-1.767545516918147055e-02
-1.814622828908074581e-02
-1.859833730138928803e-02
-1.915886319207832367e-02
-1.990601340703287286e-02
-2.083586048110520200e-02
-2.186427531460081314e-02
-2.286306073633251335e-02
-2.371471980173522204e-02
-2.436242761162481230e-02
-2.483393459651068308e-02
-2.522935480007955367e-02
-2.567822168244689868e-02
-2.628423765378849405e-02
-2.708127310955054171e-02
-2.801925609473942397e-02
-2.898578583746345971e-02
-2.985409374512778061e-02
-3.053683799617358530e-02
-3.102286873384094840e-02
-3.138147114266546384e-02
-3.173248609938099374e-02
-3.219518726157297867e-02
-3.283774994841329870e-02
-3.364873576919320819e-02
-3.454250044773686523e-02
-3.539597340206816767e-02
-3.610098805928669413e-02
-3.660987772301213528e-02
-3.695507954001186340e-02
-3.723466832126282045e-02
-3.757024285732953051e-02
-3.805523707421944873e-02
-3.871562522750150726e-02
-3.949954947311374448e-02
-4.030000347785103743e-02
-4.100066799627348491e-02
-4.152526733111644441e-02
-4.186949577431459818e-02
-4.210213599821530095e-02
-4.233516524347277765e-02
-4.267579687018534240e-02
-4.318096204926803044e-02
-4.383356088847031179e-02
-4.455038049956542429e-02
-4.521804029221190846e-02
-4.574146504166449329e-02
-4.608418878325081652e-02
-4.628341890851590118e-02
-4.643364906286367305e-02
-4.664601660658752175e-02
-4.700084847369763452e-02
-4.751361340991494542e-02
-4.812867261087028919e-02
-4.874332651306039627e-02
-4.925177300415074788e-02
-4.959018877152689131e-02
-4.976376325462555233e-02
-4.984427475995525936e-02
-4.993935599599048231e-02
-5.014660860322173869e-02
-5.051210549856668952e-02
-5.101089072188594309e-02
-5.155770985248868399e-02
-5.204331038158365591e-02
-5.238083354230230193e-02
-5.254260913203015471e-02
-5.257179467919174259e-02
-5.256400997697711908e-02
-5.262682850856455902e-02
-5.283431456597645348e-02
-5.319582374655260765e-02
-5.365219130626724953e-02
-5.410082850998989418e-02
-5.443904935549644802e-02
-5.460730244627939184e-02
-5.461409522292440255e-02
-5.453219146071643791e-02
-5.446780517047221382e-02
-5.451587127846966446e-02
-5.472027065818462627e-02
-5.505570759893422400e-02
-5.543874473450821627e-02
-5.576319644979935153e-02
-5.594482779702493469e-02
-5.595650883990242741e-02
-5.583912869186617722e-02
-5.568387820610467415e-02
-5.559358258831140903e-02
-5.563950554907609591e-02
-5.583181169109801417e-02
-5.611597466539496731e-02
-5.639639936087655070e-02
-5.657706512344502781e-02
-5.660192150838535413e-02
-5.647802606589594904e-02
-5.627184859007265672e-02
-5.608057227120539362e-02
-5.599075338837582877e-02
-5.604192427924667430e-02
-5.621047414867689357e-02
-5.642042846627438879e-02
-5.657630638232508113e-02
-5.660391587255006463e-02
-5.648168045084031585e-02
-5.624928586884134218e-02
-5.599018651762702192e-02
-5.579564367052444740e-02
-5.572575257409120852e-02
-5.578407751575757689e-02
-5.591660716317017193e-02
-5.603530582290314199e-02
-5.605609905751540029e-02
-5.593485955094890799e-02
-5.568653558599759301e-02
-5.537748680416144931e-02
-5.510063194237060924e-02
-5.492381024102403059e-02
-5.489698751877009758e-02
-5.490705071679592014e-02
-5.472640339748094385e-02
-5.439726272795385176e-02
-5.400254792979444080e-02
-5.365762776971620684e-02
-5.345135394046349187e-02
-5.341145302980546822e-02
-5.349168490212380389e-02
-5.359277470933374726e-02
-5.360541032474640255e-02
-5.345746475540313208e-02
-5.314480572987159701e-02
-5.273264614144666795e-02
-5.232706374746546457e-02
-5.202919627113147816e-02
-5.189194840228101430e-02
-5.189777178946430869e-02
-5.196684858180520422e-02
-5.199186858664879562e-02
-5.188422467406081373e-02
-5.161171866639102657e-02
-5.121172948090185750e-02
-5.077449175532421088e-02
-5.040399550743764057e-02
-5.017351077888131811e-02
-5.009484773499497945e-02
-5.011429120778747998e-02
-5.013653662295038810e-02
-5.006596164655016667e-02
-4.984732484612307279e-02
-4.948852538361332015e-02
-4.905602865110305494e-02
-4.864541948985022513e-02
-4.834014740052837433e-02
-4.817633461892428109e-02
-4.812855470305400785e-02
-4.812220327697144112e-02
-4.806657491150970879e-02
-4.789401275331314767e-02
-4.758821359249874872e-02
-4.718980454733036345e-02
-4.677734538991074054e-02
-4.643252905214237392e-02
-4.620496046422330194e-02
-4.609173169803380821e-02
-4.604026930886723212e-02
-4.597261940771617261e-02
-4.582008869916311122e-02
-4.555292228413362898e-02
-4.519221035212138415e-02
-4.479924963243100272e-02
-4.444753538723592023e-02
-4.419005623706023095e-02
-4.403636973662636289e-02
-4.394935166931814713e-02
-4.386267701945534281e-02
-4.371094582009232843e-02
-4.345891964872993646e-02
-4.311692145109831398e-02
-4.273573311614028980e-02
-4.238347046602561341e-02
-4.211487231221216349e-02
-4.194671921313315038e-02
-4.185029508303762108e-02
-4.176420640095544756e-02
-4.162183066383018382e-02
-4.138117789350551079e-02
-4.104391133786829127e-02
-4.065506399797309128e-02
-4.028349775487555934e-02
-3.999163800876315289e-02
-3.980776314708758812e-02
-3.971305740930847900e-02
-3.964920529735423832e-02
-3.954335146804416334e-02
-3.933966947475315418e-02
-3.902386170258274889e-02
-3.862992046221434134e-02
-3.822610896712072548e-02
-3.788607313175235136e-02
-3.765741131831138594e-02
-3.754115368502339983e-02
-3.749095731282479915e-02
-3.743241348625387516e-02
-3.729429826983311075e-02
-3.703851658251124113e-02
-3.667608231464948576e-02
-3.626245618993526043e-02
-3.587431086099843180e-02
-3.557759375467525048e-02
-3.540032471317779844e-02
-3.532143609779533205e-02
-3.528009563192550241e-02
-3.520132698715138647e-02
-3.502701701175661014e-02
-3.473935803397189270e-02
-3.436718623471307632e-02
-3.397299665243380673e-02
-3.362649455617671562e-02
-3.337597796510626685e-02
-3.322942512779917396e-02
-3.315277490501549601e-02
-3.308550952447212451e-02
-3.296645968685187056e-02
-3.275876243302677099e-02
-3.246366828630423140e-02
-3.211797595370665531e-02
-3.177694123739823601e-02
-3.149049218220231761e-02
-3.128302086953693717e-02
-3.114501901051522012e-02
-3.103940513513495439e-02
-3.091902147948723603e-02
-3.074721946947947884e-02
-3.051257029899615697e-02
-3.023174786626450783e-02
-2.994006361117775711e-02
-2.967452922206689422e-02
-2.945733383610461137e-02
-2.928703367030226559e-02
-2.914096501952852247e-02
-2.898720633821370504e-02
-2.880018064622937371e-02
-2.857256387547749826e-02
-2.831810284093573549e-02
-2.806428232153032609e-02
-2.783851689867228307e-02
-2.765448933803815387e-02
-2.750511682024403548e-02
-2.736550512287592649e-02
-2.720458887557574562e-02
-2.700009415465888171e-02
-2.674984867043950221e-02
-2.647403658652371788e-02
-2.620705615579921322e-02
-2.598237219352480393e-02
-2.581703753565648546e-02
-2.570289810761908558e-02
-2.560870081013519317e-02
-2.549258618048268546e-02
-2.531983445598839921e-02
-2.507827827122762962e-02
-2.478460306660511606e-02
-2.447852657022093342e-02
-2.420698837654427366e-02
-2.400480275230702093e-02
-2.387986435740257346e-02
-2.380919623899534904e-02
-2.374766246072982853e-02
-2.364589947856485935e-02
-2.347016937237676043e-02
-2.321601910815549938e-02
-2.291017298881359993e-02
-2.259991378229720543e-02
-2.233430846127219468e-02
-2.214489916831186012e-02
-2.203359489484670378e-02
-2.197246761804812556e-02
-2.191527998247900372e-02
-2.181587878154648760e-02
-2.164598505012458110e-02
-2.140539433002244807e-02
-2.112087035735774401e-02
-2.083465098552202133e-02
-2.058755554519507355e-02
-2.040357621036933966e-02
-2.028188410195363306e-02
-2.019889185572001575e-02
-2.011887552881051061e-02
-2.000838844067248656e-02
-1.984856316057021300e-02
-1.964070782048823668e-02
-1.940365163884157432e-02
-1.916470614425784535e-02
-1.894845957620077542e-02
-1.876804338589189297e-02
-1.862199543377733579e-02
-1.849720667641704605e-02
-1.837589391642058950e-02
-1.824315428388114876e-02
-1.809190251537170016e-02
-1.792358790780241087e-02
-1.774518645091580082e-02
-1.756456703297101796e-02
-1.738675482050214965e-02
-1.721278182575465554e-02
-1.704123928338230690e-02
-1.687116157203196951e-02
-1.670423195634105837e-02
-1.654478981148835987e-02
-1.639744204264453192e-02
-1.626353590373080457e-02
-1.613856360835074291e-02
-1.601229095972858327e-02
-1.587212484766994947e-02
-1.570855651548701964e-02
-1.552026726839691312e-02
-1.531631881046742992e-02
-1.511394139545150887e-02
-1.493234535246948901e-02
-1.478487043014327720e-02
-1.467277512958426594e-02
-1.458353663422320631e-02
-1.449478290471919832e-02
-1.438261751879777242e-02
-1.423113050948689520e-02
-1.403919369022098643e-02
-1.382159188141407133e-02
-1.360378397721568981e-02
-1.341220494698526847e-02
-1.326391550758869095e-02
-1.315976473253952297e-02
-1.308387380654980545e-02
-1.300971680949987615e-02
-1.291040594256734689e-02
-1.276908793178050533e-02
-1.258532407509858203e-02
-1.237497121494296123e-02
-1.216371631206817835e-02
-1.197694771904461025e-02
-1.183004489431212572e-02
-1.172288851092050110e-02
-1.164059322555731184e-02
-1.155991910500033318e-02
-1.145858429970806648e-02
-1.132367964287606804e-02
-1.115593447817795139e-02
-1.096842398282278468e-02
-1.078060892477558652e-02
-1.061039617190370939e-02
-1.046750140085738953e-02
-1.035061531432635192e-02
-1.024913554230564086e-02
-1.014831673164538067e-02
-1.003541551557801670e-02
-9.904248991549810185e-03
-9.756521046775584044e-03
-9.599807245285606194e-03
-9.443510281788459332e-03
-9.294797048598596109e-03
-9.156267564377186530e-03
-9.026090588662126490e-03
-8.900104374557113451e-03
-8.774518496143413060e-03
-8.647738571664701987e-03
-8.520469230842648081e-03
-8.394266058018112070e-03
-8.269570450024844172e-03
-8.144529153623302625e-03
-8.015445593174118713e-03
-7.878774986818062875e-03
-7.733646231726279061e-03
-7.583463570908431997e-03
-7.435465068951251436e-03
-7.298076939002485705e-03
-7.177053490886561513e-03
-7.072163433342210440e-03
-6.976152403533129008e-03
-6.876825779156922613e-03
-6.761708650894609866e-03
-6.623465036575158955e-03
-6.463709442393716920e-03
-6.293331688273818246e-03
-6.128840812479776148e-03
-5.985952675294717827e-03
-5.872955257226699158e-03
-5.786678790847789994e-03
-5.712971882435761463e-03
-5.631777762582149474e-03
-5.524961639774237168e-03
-5.383781230012768190e-03
-5.212887947251372209e-03
-5.029053590261781635e-03
-4.854927920625025199e-03
-4.710195842730266133e-03
-4.603647623492117084e-03
-4.529395845059997969e-03
-4.468861500324705464e-03
-4.397844103126938992e-03
-4.295926787112138746e-03
-4.154496074089917938e-03
-3.980180523113869759e-03
-3.792329772467752623e-03
-3.615528122433890081e-03
-3.470101705164309498e-03
-3.364350346290522192e-03
-3.291519638982850701e-03
-3.232616070272722325e-03
-3.163855251884944032e-03
-3.065755939982241652e-03
-2.930335358334950312e-03
-2.763711864899358588e-03
-2.583292749004956201e-03
-2.410844925970145707e-03
-2.264268905346538460e-03
-2.151246358910357918e-03
-2.067035573449669313e-03
-1.996971082287966534e-03
-1.922407269638804882e-03
-1.827644646978726249e-03
-1.705214148859528689e-03
-1.557745772922946052e-03
-1.396091340202647432e-03
-1.234787432138076619e-03
-1.086787917443335794e-03
-9.594074071605377188e-04
-8.527030614738642048e-04
-7.604553077375143409e-04
-6.729604575038859119e-04
-5.803761782478471069e-04
-4.754568096022672484e-04
-3.550169368548999091e-04
-2.200690502641230062e-04
-7.501058103224179864e-05
7.365281481748684454e-05
2.187098281975991335e-04
3.536551019204214039e-04
4.740916373779933729e-04
5.790073831393829397e-04
6.715881055205899682e-04
7.590796013991585149e-04
8.513241095305281846e-04
9.580251122331178088e-04
1.085401847034524279e-03
1.233396861561616422e-03
1.394695363133082898e-03
1.556343448888529175e-03
1.703804583778869165e-03
1.826227083686519015e-03
1.920981036093369820e-03
1.995535574159071086e-03
2.065590294466247354e-03
2.149790925659930164e-03
2.262803070226358012e-03
2.409368558681159768e-03
2.581805810861087427e-03
2.762214327127734872e-03
2.928827099752396614e-03
3.064236583368305615e-03
3.162324091880150401e-03
3.231072084353837914e-03
3.289961606403809646e-03
3.362777036155672594e-03
3.468512096059943404e-03
3.613921600810970393e-03
3.790706210483037273e-03
3.978540179407938186e-03
4.152839359502832201e-03
4.294254002293509953e-03
4.396155246002256441e-03
4.467156162362489677e-03
4.527673212505398115e-03
4.601906624094787360e-03
4.708435338295136226e-03
4.853146886721747266e-03
5.027251208987531216e-03
5.211063632198308614e-03
5.381934635967803270e-03
5.523092575677021956e-03
5.629886114659198547e-03
5.711057599969154505e-03
5.784741813560247310e-03
5.870995543911309601e-03
5.983970138013843323e-03
6.126835120591533901e-03
6.291302241199565014e-03
6.461655325880487702e-03
6.621385054624831165e-03
6.759601447075596660e-03
6.874690093721888898e-03
6.973987260508728372e-03
7.069968283869083880e-03
7.174828308492217296e-03
7.295822174554651533e-03
7.433181372452198066e-03
7.581151485051111638e-03
7.731305928932819503e-03
7.876406037287352752e-03
8.013046967225189929e-03
8.142099416161001357e-03
8.267108036266681073e-03
8.391769587218966472e-03
8.517937684441699228e-03
8.645171408716886829e-03
8.771915542973495947e-03
8.897465699352478941e-03
9.023416324626698168e-03
9.153557781698630838e-03
9.292051688675327659e-03
9.440729125708747366e-03
9.596990053451805169e-03
9.753667583697483295e-03
9.901358961648390120e-03
1.003248843024021411e-02
1.014535179195674881e-02
1.024613164073046208e-02
1.034757115751158349e-02
1.046441577879842627e-02
1.060726823482020104e-02
1.077743843128225847e-02
1.096521136541555794e-02
1.115268065875329485e-02
1.132038564084467125e-02
1.145525089788307881e-02
1.155654651275662102e-02
1.163718081135419954e-02
1.171943490870830558e-02
1.182654834805459479e-02
1.197340654201661803e-02
1.216012931896692621e-02
1.237133800392561760e-02
1.258164502421492935e-02
1.276536393024365994e-02
1.290663802953903247e-02
1.300590575921253822e-02
1.308001989799723389e-02
1.315586774714017256e-02
1.325997485156121466e-02
1.340821987566190830e-02
1.359975387011642251e-02
1.381751637891495688e-02
1.403507268819837242e-02
1.422696400819560905e-02
1.437840548908066521e-02
1.449052523452761150e-02
1.457923318197102032e-02
1.466842588778276973e-02
1.478047567448232021e-02
1.492790564898473227e-02
1.510945754223180434e-02
1.531179159148458521e-02
1.551569715056249667e-02
1.570394343685167088e-02
1.586746823675740450e-02
1.600758990947523386e-02
1.613381718764081083e-02
1.625874359212035186e-02
1.639260398933888724e-02
1.653990693817897900e-02
1.669930579860012809e-02
1.686619393154686897e-02
1.703623167160396926e-02
1.720773508946388600e-02
1.738166901387646832e-02
1.755944156533574205e-02
1.774002043287108143e-02
1.791838061780231042e-02
1.808665381644639775e-02
1.823786474205479902e-02
1.837056468801474135e-02
1.849183921252489302e-02
1.861659117834616600e-02
1.876260343723440069e-02
1.894298460551752453e-02
1.915919654028295366e-02
1.939810769263380918e-02
1.963512990101267536e-02
1.984295182638878829e-02
2.000274437944981817e-02
2.011319942399399791e-02
2.019318430501578984e-02
2.027614556985327110e-02
2.039780707819075986e-02
2.058175629797588321e-02
2.082882240152709660e-02
2.111501360094486177e-02
2.139951095923475072e-02
2.164007675216406829e-02
2.180994705470996192e-02
2.190932584954371001e-02
2.196649148021695419e-02
2.202759659357030400e-02
2.213887833717214509e-02
2.232826497257451789e-02
2.259384811445531646e-02
2.290408643225802510e-02
2.320991369108676636e-02
2.346404750169233527e-02
2.363976346379341106e-02
2.374151407277265771e-02
2.380303642762403304e-02
2.387369331811429671e-02
2.399862026436200280e-02
2.420079422137701858e-02
2.447232092167607800e-02
2.477838672316489202e-02
2.507205264747390874e-02
2.531360138703575222e-02
2.548634761498503459e-02
2.560245854630113088e-02
2.569665363398344546e-02
2.581079202954228088e-02
2.597612659149028599e-02
2.620081126858921430e-02
2.646779325917027192e-02
2.674360782124225039e-02
2.699385665541846266e-02
2.719835551024280679e-02
2.735927663591407669e-02
2.749889400993803246e-02
2.764827326276821096e-02
2.783230905707195432e-02
2.805808468453270879e-02
2.831191768849735529e-02
2.856639352813327912e-02
2.879402706678786325e-02
2.898107084665686728e-02
2.913484830927888861e-02
2.928093589988443879e-02
2.945125492486394547e-02
2.966846933117806701e-02
2.993402351359013974e-02
3.022572909639660577e-02
3.050657506819838549e-02
3.074125034773107779e-02
3.091308093151922190e-02
3.103349513826163253e-02
3.113914090877917609e-02
3.127717539983509987e-02
3.148467967784200627e-02
3.177116201042960719e-02
3.211223058253553919e-02
3.245795777094730161e-02
3.275308815775988813e-02
3.296082324079165071e-02
3.307991259018288471e-02
3.314721906243450755e-02
3.322391177080466496e-02
3.337050837942463766e-02
3.362107005565795337e-02
3.396761860584948667e-02
3.436185599904156840e-02
3.473407681416411374e-02
3.502178568931128833e-02
3.519614604115904599e-02
3.527496521167942933e-02
3.531635627566758612e-02
3.539529586514785636e-02
3.557261687013676954e-02
3.586938764354258291e-02
3.625758888949173059e-02
3.667127336260185555e-02
3.703376808996949876e-02
3.728961156932288079e-02
3.742778896825747076e-02
3.748639460646811805e-02
3.753665201102616283e-02
3.765297005712071182e-02
3.788169233612764114e-02
3.822178957825404788e-02
3.862566422835436025e-02
3.901967080472794336e-02
3.933554598854125534e-02
3.953929694328446598e-02
3.964522057009626371e-02
3.970914268114762724e-02
3.980391826962308144e-02
3.998786284636669103e-02
4.027979249782880078e-02
4.065142918261597377e-02
4.104034769489314782e-02
4.137768615311387954e-02
4.161841132233688734e-02
4.176085968753104338e-02
4.184702115152493657e-02
4.194351836755250834e-02
4.211174521293751388e-02
4.238041817236260639e-02
4.273275693792412400e-02
4.311402254340065271e-02
4.345609870868668428e-02
4.370820290906884953e-02
4.386001152340727322e-02
4.394676264263446680e-02
4.403385634847840902e-02
4.418761814883548356e-02
4.444517293318566570e-02
4.479696379647549881e-02
4.519000246185594927e-02
4.555079348232632386e-02
4.581803952847964684e-02
4.597064961185596405e-02
4.603837792503336079e-02
4.608991745062881312e-02
4.620322233423978381e-02
4.643086667100264353e-02
4.677575916170526732e-02
4.718829536480280418e-02
4.758678243838675159e-02
4.789266019818570752e-02
4.806530078579421272e-02
4.812100670988560258e-02
4.812743443081968220e-02
4.817528943744038561e-02
4.833917653626969291e-02
4.864452280918684507e-02
4.905520649926886634e-02
4.948777817343916891e-02
4.984665268959622558e-02
5.006536410785464297e-02
5.013601268056808169e-02
5.011383957074758144e-02
5.009446725400883149e-02
5.017320079671307165e-02
5.040375599871389778e-02
5.077432313452992507e-02
5.121163216955413461e-02
5.161169260239441975e-02
5.188426899423091709e-02
5.199198163002168027e-02
5.196702831132652550e-02
5.189801633360512090e-02
5.189225652757836066e-02
5.202956764554951541e-02
5.232749884500086102e-02
5.273314579917482564e-02
5.314537052988056731e-02
5.345809445471534638e-02
5.360610359052002394e-02
5.359352927661985982e-02
5.349249813083788857e-02
5.341232252776988848e-02
5.345227814790360493e-02
5.365860621963006172e-02
5.400358100341295237e-02
5.439835109184025519e-02
5.472754735716822694e-02
5.490824979875690709e-02
5.489824043484477223e-02
5.492511500713715550e-02
5.510198604882975137e-02
5.537888782560020096e-02
5.568798176897132857e-02
5.593635000468419327e-02
5.605763348724897288e-02
5.603688406399972427e-02
5.591822870020299319e-02
5.578574116948425976e-02
5.572745658665614193e-02
5.579738615256178008e-02
5.599196596077834348e-02
5.625110149912156132e-02
5.648353228203954746e-02
5.660580423364962310e-02
5.657823125934963865e-02
5.642238894537222882e-02
5.621246816825860304e-02
5.604394879373422733e-02
5.599280501192052673e-02
5.608264816302852007e-02
5.627394714179717594e-02
5.648014720022799529e-02
5.660406636240913891e-02
5.657923522524917204e-02
5.639859571459246435e-02
5.611819704849434903e-02
5.583405837820016454e-02
5.564177360724145011e-02
5.559586858768297835e-02
5.568617905612799346e-02
5.584144228894355466e-02
5.595883428709373664e-02
5.594716515570137549e-02
5.576554615424902939e-02
5.544110695305545788e-02
5.505808180071666141e-02
5.472265562169290054e-02
5.451826541265476778e-02
5.447020694306924787e-02
5.453459978589277751e-02
5.461650952777478280e-02
5.460972241304267588e-02
5.444147446645811184e-02
5.410325763912030017e-02
5.365462265613511750e-02
5.319825507361385791e-02
5.283674373802414032e-02
5.262925410810648935e-02
5.256643169403826810e-02
5.257421333191437257e-02
5.254502618858233887e-02
5.238325034687055237e-02
5.204572738172125179e-02
5.156012612195925299e-02
5.101330396626800601e-02
5.051451255399819207e-02
5.014900627935251626e-02
4.994174193444484572e-02
4.984664789890400072e-02
4.976612398151795957e-02
4.959253844890475216e-02
4.925411321688898114e-02
4.874565835545470460e-02
4.813099623794035026e-02
4.751592792175473451e-02
4.700315226711875710e-02
4.664830791833156354e-02
4.643592640144026534e-02
4.628568127932622400e-02
4.608643565874400577e-02
4.574369606807555944e-02
4.522025503151955866e-02
4.455257841575378797e-02
4.383574145542688816e-02
4.318312499887720646e-02
4.267794247258679952e-02
4.233729428494138053e-02
4.210424951461952392e-02
4.187159462842424129e-02
4.152735168564247042e-02
4.100273700971264479e-02
4.030205534527376426e-02
3.950158190041446610e-02
3.871763606786114004e-02
3.805722500943755499e-02
3.757220788044956378e-02
3.723661169901600759e-02
3.695700340385307120e-02
3.661178436178563755e-02
3.610287913869650311e-02
3.539784940447156247e-02
3.454436058074403237e-02
3.365057834494718236e-02
3.283957305485212669e-02
3.219698938209649558e-02
3.173426658040151560e-02
3.138323022540558810e-02
3.102460729569535974e-02
3.053855711498948064e-02
2.985579430505285251e-02
2.898746842205801588e-02
2.802092105487566029e-02
2.708292080737322027e-02
2.628586865262394837e-02
2.567983672253236829e-02
2.523095458819253623e-02
2.483551951066927457e-02
2.436399746290215940e-02
2.371627380016312972e-02
2.286459775336632458e-02
2.186579440223095083e-02
2.083736138925103634e-02
1.990749694993447852e-02
1.916033126279022974e-02
1.859979243138073710e-02
1.814767291537609101e-02
1.767689086404026361e-02
1.706586229377196270e-02
1.625077321409040473e-02
1.542661519210605445e-02
1.464741532841116328e-02
1.391188714244208022e-02
1.321874415363465984e-02
1.256669988142541244e-02
1.195446784525023252e-02
1.138076156454546385e-02
1.084429455874741377e-02
1.034378034729203054e-02
9.877932449615732524e-03
9.445464385154504414e-03
9.045089673344636205e-03
8.675521833622407489e-03
8.335474385423842850e-03
8.023660848185284328e-03
7.738794741342778193e-03
7.479589584332599697e-03
7.244758896590979859e-03
7.033016197554010050e-03
6.843075006657975932e-03
6.673648843338981888e-03
6.523451227033268476e-03
6.391195677177046765e-03
6.275595713206454096e-03
6.175364854557732763e-03
6.089216620667028783e-03
6.015864530970558427e-03
5.954022104904522356e-03
5.902402861905090004e-03
5.859720321408468102e-03
5.824688002850835628e-03
5.796019425668391505e-03
5.772428109297331189e-03
5.752627573173834524e-03
5.735331336734102170e-03
5.719252919414320908e-03
5.703105840650680991e-03
5.685603619879382210e-03
5.665459776536605277e-03
5.641387830058550851e-03
5.612101299881398775e-03
5.576313705441347975e-03
5.532738566174598242e-03
5.480089401517320748e-03
5.417079730905733498e-03
5.342423073775991182e-03
5.254832949564309207e-03
5.153022877706896904e-03
5.035706377639899423e-03
4.901596968799528699e-03
4.749408170622015750e-03
4.577853502543482306e-03
4.385646484000192344e-03
4.171500634428255451e-03
3.934129473263903512e-03
3.672246519943385759e-03
3.384565293902779687e-03
3.069799314578403049e-03
2.726662101406308186e-03
2.353867173822752137e-03
1.950128051264019696e-03
1.514158253166125040e-03
1.044671298965448372e-03
5.403807080979743799e-04
0.000000000000000000e+00
