1.110223024625156540e-16
3.786117911481462223e-03
6.066537613774760501e-03
6.886403254928259200e-03
6.290858982991562147e-03
4.325048946014081047e-03
1.034117292045666058e-03
-3.536791830865599479e-03
-9.342534274668277267e-03
-1.633796589131598226e-02
-2.447794253275772589e-02
-3.371732005094191242e-02
-4.401095429782383300e-02
-5.531370112534913369e-02
-6.758041638547365726e-02
-8.076595593014547492e-02
-9.482517561131216521e-02
-1.097129312809304869e-01
-1.253840787909447085e-01
-1.417934739933121857e-01
-1.588959727399802124e-01
-1.766464308828954721e-01
-1.949997042740164166e-01
-2.139106487652857602e-01
-2.333341202086621768e-01
-2.532249744560927107e-01
-2.735380673595226853e-01
-2.942282547709123564e-01
-3.152503925422028841e-01
-3.365593365253545799e-01
-3.581099425723131557e-01
-3.798570665350243236e-01
-4.017555642654484505e-01
-4.237602916155267518e-01
-4.458261044372194837e-01
-4.679078585824724135e-01
-4.899604099032309756e-01
-5.119386142514561477e-01
-5.337973274790882572e-01
-5.554914054380880595e-01
-5.769757039804012111e-01
-5.982050789579734795e-01
-6.191343862227651762e-01
-6.397184816267177387e-01
-6.599122210217905904e-01
-6.796704602599299427e-01
-6.989480551930825625e-01
-7.176998616732068736e-01
-7.358807355522459792e-01
-7.534455326821581922e-01
-7.703491089148899462e-01
-7.865463201023885631e-01
-8.019920220966119118e-01
-8.166410707495035393e-01
-8.304483219130207594e-01
-8.433686314391112271e-01
-8.553568551797224861e-01
-8.663678489868106292e-01
-8.763564687123213126e-01
-8.852775702082098519e-01
-8.930860093264245680e-01
-8.997366419189145592e-01
-9.051843238376334755e-01
-9.093839109345297489e-01
-9.122902590615555862e-01
-9.138582240706607518e-01
-9.140426618137958981e-01
-9.127984281429116775e-01
-9.100803789099596308e-01
-9.058433699668886341e-01
-9.000422571656503390e-01
-8.929767321486710152e-01
-8.858975399391660899e-01
-8.787910509624161648e-01
-8.716013534908884086e-01
-8.642730823191289158e-01
-8.567938534051861010e-01
-8.492175142964772938e-01
-8.416577294133187337e-01
-8.342541966677884391e-01
-8.271255594910820186e-01
-8.203288094748593107e-01
-8.138422369330580164e-01
-8.075789786616844879e-01
-8.014252317085581723e-01
-7.952867964741427986e-01
-7.891242270667510050e-01
-7.829619127687794666e-01
-7.768676969097683127e-01
-7.709123169455365243e-01
-7.651266282814519482e-01
-7.594754932902720856e-01
-7.538600186353289212e-01
-7.481476674731810661e-01
-7.422178445002501901e-01
-7.360039399435427399e-01
-7.295143327076452078e-01
-7.228238306665195623e-01
-7.160395799207134315e-01
-7.092562378539999379e-01
-7.025195981009380031e-01
-6.958140385907155556e-01
-6.890788084319571238e-01
-6.822457258094438703e-01
-6.752816511741490668e-01
-6.682170560689482119e-01
-6.611479721887846273e-01
-6.542099963523666517e-01
-6.475349634361943219e-01
-6.412082833566029594e-01
-6.352446533559352737e-01
-6.295919661937331435e-01
-6.241612103359998054e-01
-6.188691591144048765e-01
-6.136753343349751200e-01
-6.085973579755380447e-01
-6.036982307966093364e-01
-5.990512219658403748e-01
-5.946977160016955199e-01
-5.906164272369781587e-01
-5.867175691726371767e-01
-5.828649357692610167e-01
-5.789169665982456525e-01
-5.747697992227516206e-01
-5.703844975462039057e-01
-5.657874155606147371e-01
-5.610440981555800954e-01
-5.562183503501876292e-01
-5.513343387803617546e-01
-5.463581811222552043e-01
-5.412070537185513786e-01
-5.357819539808670317e-01
-5.300100692565414828e-01
-5.238785356645166980e-01
-5.174449675943193494e-01
-5.108199755735622904e-01
-5.041287462715567935e-01
-4.974675855829401305e-01
-4.908733924530543358e-01
-4.843184818599628461e-01
-4.777323919162929089e-01
-4.710408884089761772e-01
-4.642051651512343335e-01
-4.572442772888902773e-01
-4.502310947929597518e-01
-4.432634094010488579e-01
-4.364224425016426934e-01
-4.297363848547898768e-01
-4.231644887081561501e-01
-4.166085542691547738e-01
-4.099471043045587182e-01
-4.030779947170561872e-01
-3.959517926259510934e-01
-3.885823159637729618e-01
-3.810305051042758850e-01
-3.733691052766658358e-01
-3.656436691180957044e-01
-3.578467777740388933e-01
-3.499165897781034151e-01
-3.417603710718335464e-01
-3.332930026987864780e-01
-3.244741224648147182e-01
-3.153281900619534506e-01
-3.059390549048556229e-01
-2.964214025687469944e-01
-2.868811562101865054e-01
-2.773814161758788033e-01
-2.679279677322374820e-01
-2.584799185603272598e-01
-2.489802914737802297e-01
-2.393929612877832569e-01
-2.297297571643827641e-01
-2.200559507176476082e-01
-2.104717190156160100e-01
-2.010774812014625157e-01
-1.919378578997010532e-01
-1.830595173429186706e-01
-1.743921910594385116e-01
-1.658522564945997257e-01
-1.573587811083011490e-01
-1.488666511323134267e-01
-1.403832988515502644e-01
-1.319610641004949347e-01
-1.236733599248971832e-01
-1.155711039983433053e-01
-1.076829430275569877e-01
-9.991346857328166353e-02
-9.208014877889021677e-02
-8.418994772805026006e-02
-7.628858477553504547e-02
-6.845916543781765951e-02
-6.078028310176208926e-02
-5.329638912219602370e-02
-4.600126357207639377e-02
-3.884629934179038152e-02
-3.176807112934765254e-02
-2.472350684465858886e-02
-1.771688130765307345e-02
-1.080668533760128884e-02
-4.089130202989372555e-03
2.334741390926413623e-03
8.394250484654046732e-03
1.407153305325224875e-02
1.940177723976500498e-02
2.445145770908604271e-02
2.928433964841852671e-02
3.393031065137399466e-02
3.837081454291794980e-02
4.254736865314236866e-02
4.638952431732610432e-02
4.985007471683985947e-02
5.293203737089188787e-02
5.569544404791666042e-02
5.824069135556236843e-02
6.067535324755184145e-02
6.307853526387047216e-02
6.547794188976333030e-02
6.784934575657666778e-02
7.013845748557893944e-02
7.229547919311150872e-02
7.430710467272552688e-02
7.621181446192729081e-02
7.809152357074287953e-02
8.004288066282055913e-02
8.214037784893099547e-02
8.440708579811352641e-02
8.680568724292912763e-02
8.925387333693669822e-02
9.165776987182075453e-02
9.394933781717845767e-02
9.611195234534312959e-02
9.818338387097752529e-02
1.002351015423818131e-01
1.023369526701424087e-01
1.045225431690429002e-01
1.067703738928023061e-01
1.090090840417525797e-01
1.111448729053610973e-01
1.130996913262528741e-01
1.148441576245092244e-01
1.164113388296004192e-01
1.178855865621781934e-01
1.193711075957209211e-01
1.209534391163604727e-01
1.226699057278228810e-01
1.245012549710857730e-01
1.263876679513186718e-01
1.282620457415950543e-01
1.300862293211259291e-01
1.318746498414640200e-01
1.336952806410443007e-01
1.356473811246842465e-01
1.378253117371261716e-01
1.402834566895244384e-01
1.430166965299344006e-01
1.459642427215356031e-01
1.490348355291837845e-01
1.521424697352561362e-01
1.552376469362005962e-01
1.583213430536666300e-01
1.614363785179124267e-01
1.646404507429921338e-01
1.679726872475661437e-01
1.714280565262284450e-01
1.749503942564371028e-01
1.784467866529249047e-01
1.818170569730828412e-01
1.849859264772789336e-01
1.879245945833443732e-01
1.906532339170713963e-01
1.932241039957245388e-01
1.956931117013187005e-01
1.980922494243853027e-01
2.004145201090887785e-01
2.026172621323482637e-01
2.046417505960450023e-01
2.064400512167919588e-01
2.079972555844469828e-01
2.093395502217887671e-01
2.105249129162651833e-01
2.116207675290654455e-01
2.126784061390134539e-01
2.137151028351158555e-01
2.147112234249382301e-01
2.156229557337315805e-01
2.164045021248147127e-01
2.170296270134993710e-01
2.175029943636206942e-01
2.178564428665599184e-01
2.181321117001438770e-01
2.183601532030722547e-01
2.185411261633310176e-01
2.186410307730060065e-01
2.186013113745038372e-01
2.183595471630407348e-01
2.178718560368904933e-01
2.171272989823790633e-01
2.161481048292915041e-01
2.149757601249491223e-01
2.136491957993027491e-01
2.121847647193046693e-01
2.105669394863041999e-01
2.087540033495433045e-01
2.066964760108624677e-01
2.043604336159169921e-01
2.017456612758196377e-01
1.988906772073240070e-01
1.958621983865847516e-01
1.927332208170209338e-01
1.895587371880919636e-01
1.863591420758358985e-01
1.831181550269968539e-01
1.797959581760881220e-01
1.763518465340502828e-01
1.727667343153423962e-01
1.690559827669952941e-01
1.652671442090190290e-01
1.614635708632151667e-01
1.577007235010443598e-01
1.540049887247305072e-01
1.503636744599800568e-01
1.467301412117301140e-01
1.430417622108545450e-01
1.392432212999686059e-01
1.353056785164431230e-01
1.312343048470379914e-01
1.270616893253166679e-01
1.228305029436272261e-01
1.185730907540133161e-01
1.142966203208830994e-01
1.099797594098381320e-01
1.055818216562346146e-01
1.010600804452279344e-01
9.638774267496541537e-02
9.156515903005794932e-02
8.662003642192152297e-02
8.159722771148174292e-02
7.654298328641197247e-02
7.149055873519305493e-02
6.645303578085862140e-02
6.142572071344788720e-02
5.639616967986271767e-02
5.135666650213339957e-02
4.631321313529612738e-02
4.128701262826073304e-02
3.630806468113214475e-02
3.140415831295632204e-02
2.659057495093669968e-02
2.186532940087368426e-02
1.721205595126301321e-02
1.260898870261805034e-02
8.039595490104439746e-03
3.499641509022894097e-03
-1.002831308770598751e-03
-5.454722104060657183e-03
-9.848884683212285815e-03
-1.419354992233980844e-02
-1.851527071239834205e-02
-2.285332141594006994e-02
-2.724739648951702425e-02
-3.172369813283343332e-02
-3.628556943553337688e-02
-4.091314920849661863e-02
-4.557274227121877602e-02
-5.023231810372789929e-02
-5.487665572158912514e-02
-5.951548514383957211e-02
-6.418071495520463743e-02
-6.891340011062825621e-02
-7.374557830387301616e-02
-7.868455268810700676e-02
-8.370650054911007998e-02
-8.876262250796923547e-02
-9.379587366579576757e-02
-9.876183254668885469e-02
-1.036453493877694115e-01
-1.084661330388396877e-01
-1.132708221218708122e-01
-1.181145696285562513e-01
-1.230394930215467919e-01
-1.280586995526309668e-01
-1.331523984197588995e-01
-1.382777266657160276e-01
-1.433883330191600969e-01
-1.484557679179782097e-01
-1.534839674216791350e-01
-1.585109114553301390e-01
-1.635967332891164749e-01
-1.688030294597598624e-01
-1.741716354009982259e-01
-1.797112670528656642e-01
-1.853971658772509690e-01
-1.911835710633204843e-01
-1.970236775980861998e-01
-2.028888705194671349e-01
-2.087795341526934856e-01
-2.147233570578591377e-01
-2.207622435773420044e-01
-2.269335468853017623e-01
-2.332534887730832729e-01
-2.397095103181941800e-01
-2.462644479062245928e-01
-2.528705064629374610e-01
-2.594870561495849492e-01
-2.660949135256049369e-01
-2.727014773676569304e-01
-2.793350694151840452e-01
-2.860313595221475880e-01
-2.928179232393669507e-01
-2.997035049472112078e-01
-3.066763024589860831e-01
-3.137115805672840430e-01
-3.207849061305376726e-01
-3.278849998790875353e-01
-3.350205581257795218e-01
-3.422181620199882257e-01
-3.495123276151529956e-01
-3.569321373086205007e-01
-3.644902864113405139e-01
-3.721792125647041538e-01
-3.799757999594021718e-01
-3.878523714790249599e-01
-3.957889463836071764e-01
-4.037812316540528301e-01
-4.118407429667295117e-01
-4.199869648953628021e-01
-4.282350205692364575e-01
-4.365843734162270229e-01
-4.450137243766093542e-01
-4.534846354488074049e-01
-4.619526300794356555e-01
-4.703812244097217987e-01
-4.787529658676290545e-01
-4.870727329041741327e-01
-4.953617961344415344e-01
-5.036450783349009086e-01
-5.119370113548777912e-01
-5.202320930781619834e-01
-5.285043640050730573e-01
-5.367163093102097493e-01
-5.448336913283793326e-01
-5.528402104026594044e-01
-5.607458005275862689e-01
-5.685848665080251996e-01
-5.764048548998801369e-01
-5.842495441916900623e-01
-5.921436847600318742e-01
-6.000851663084929566e-01
-6.080478999677373375e-01
-6.159942748973077364e-01
-6.238921494172059434e-01
-6.317294652692913015e-01
-6.395204886653715892e-01
-6.473010519433226584e-01
-6.551146084262631231e-01
-6.629946218647602141e-01
-6.709503085191498295e-01
-6.789614366292322511e-01
-6.869843003436048035e-01
-6.949665705215806177e-01
-7.028652434467878019e-01
-7.106607420986208457e-01
-7.183618150155085536e-01
-7.259995533881117291e-01
-7.336131239446642693e-01
-7.412329934763339789e-01
-7.488682722803076119e-01
-7.565030415513871453e-01
-7.641029071675952133e-01
-7.716290059722369366e-01
-7.790538709965257880e-01
-7.863729977879495570e-01
-7.936077818714146748e-01
-8.007989512231918905e-01
-8.079932712241844062e-01
-8.152287262344303231e-01
-8.225237097393132135e-01
-8.298739569082425049e-01
-8.372578288294720839e-01
-8.446473808724979104e-01
-8.520206375465936288e-01
-8.593703623490525079e-01
-8.667062769535469613e-01
-8.740503818681626402e-01
-8.814276510424825517e-01
-8.888559175283468061e-01
-8.963387381591871872e-01
-9.038635760545280506e-01
-9.114054607200703373e-01
-9.189342891336225172e-01
-9.264228559773215466e-01
-9.338528428427166350e-01
-9.412171375223246095e-01
-9.485184213010071641e-01
-9.557652819729995919e-01
-9.629677040651886122e-01
-9.701335652735701975e-01
-9.772669890495129241e-01
-9.843685125135660519e-01
-9.914364299410121095e-01
-9.984685536861612754e-01
-1.005463906258038609e+00
-1.012424231701582578e+00
-1.019355404841148616e+00
-1.026268694273795745e+00
-1.033181500974093003e+00
-1.040116920233927322e+00
-1.047101551182437307e+00
-1.054161515252721060e+00
-1.061317482572278426e+00
-1.068580264027451987e+00
-1.075948770528354359e+00
-1.083411601697974902e+00
-1.090952269159101373e+00
-1.098556535207110496e+00
-1.106219209780389345e+00
-1.113947567996892651e+00
-1.121759560156864177e+00
-1.129676916678899135e+00
-1.137715390718617936e+00
-1.145875832384474879e+00
-1.154139857393797097e+00
-1.162472385939321562e+00
-1.170830755632204845e+00
-1.179177431455600278e+00
-1.187491646771937637e+00
-1.195775390696313334e+00
-1.204051107216586702e+00
-1.212351609170965183e+00
-1.220705832283435210e+00
-1.229125889751911282e+00
-1.237600621212050056e+00
-1.246098461947391600e+00
-1.254578838385532746e+00
-1.263007837694583468e+00
-1.271372032345665204e+00
-1.279684852862386757e+00
-1.287982680518898970e+00
-1.296311838515679105e+00
-1.304711309665801844e+00
-1.313197822671950732e+00
-1.321759152702876916e+00
-1.330358336483547177e+00
-1.338947221735254267e+00
-1.347484057526955770e+00
-1.355948184334135442e+00
-1.364345998347220368e+00
-1.372705821346538402e+00
-1.381063733973339147e+00
-1.389446058041476473e+00
-1.397855534695444657e+00
-1.406266781216120254e+00
-1.414632900738776122e+00
-1.422900646377392997e+00
-1.431028116464530875e+00
-1.438997991588391034e+00
-1.446821169894887404e+00
-1.454529567629068376e+00
-1.462161222495952373e+00
-1.469743883508958238e+00
-1.477283768420049270e+00
-1.484763938626576518e+00
-1.492152727432849879e+00
-1.499418526531617557e+00
-1.506544687574126851e+00
-1.513538361228984108e+00
-1.520429712477462614e+00
-1.527261994593411165e+00
-1.534076736524627727e+00
-1.540900232971397221e+00
-1.547736842001377511e+00
-1.554571616514512700e+00
-1.561380810240985850e+00
-1.568145495397507361e+00
-1.574862310623354356e+00
-1.581546728948374225e+00
-1.588227562036381713e+00
-1.594935249855677029e+00
-1.601689166824633581e+00
-1.608489558841394773e+00
-1.615317657597339807e+00
-1.622143908557327707e+00
-1.628940671823388087e+00
-1.635693775848963138e+00
-1.642407795095609302e+00
-1.649102680576430391e+00
-1.655803203244416100e+00
-1.662525904000698995e+00
-1.669269448583124316e+00
-1.676012894161306388e+00
-1.682722951359235664e+00
-1.689367333388294368e+00
-1.695928467752783275e+00
-1.702411465090484466e+00
-1.708842555343619729e+00
-1.715258268626535632e+00
-1.721689711354750019e+00
-1.728148595784466002e+00
-1.734621171437193521e+00
-1.741073013380795897e+00
-1.747463040088775399e+00
-1.753761097054912010e+00
-1.759961698556444132e+00
-1.766087888877184486e+00
-1.772183169103572320e+00
-1.778294416278205281e+00
-1.784452621260750327e+00
-1.790659412011370133e+00
-1.796885157783928877e+00
-1.803079792857914754e+00
-1.809192245741525484e+00
-1.815190691753366004e+00
-1.821075328163679785e+00
-1.826878268116060466e+00
-1.832650367450891604e+00
-1.838440165321141961e+00
-1.844273410761332777e+00
-1.850141501501327168e+00
-1.856003601818625892e+00
-1.861801675695187175e+00
-1.867482428136167272e+00
-1.873017341801256563e+00
-1.878412781860362646e+00
-1.883706192692354620e+00
-1.888950052368121968e+00
-1.894190174829516682e+00
-1.899447150619297808e+00
-1.904708325713203365e+00
-1.909933341158114306e+00
-1.915070724047119421e+00
-1.920078613203156648e+00
-1.924941202629394388e+00
-1.929674448941282705e+00
-1.934319132891513915e+00
-1.938924581462704078e+00
-1.943530029215993604e+00
-1.948151264988620124e+00
-1.952777704662394420e+00
-1.957380500724888339e+00
-1.961927702277156627e+00
-1.966399745287966683e+00
-1.970798759251816357e+00
-1.975148125734032201e+00
-1.979483048490381147e+00
-1.983836690184177076e+00
-1.988228086124698368e+00
-1.992656926898377145e+00
-1.997107000026236312e+00
-2.001556131462914223e+00
-2.005987649460414080e+00
-2.010397927790698702e+00
-2.014796605561135490e+00
-2.019199644646301639e+00
-2.023618808622611898e+00
-2.028052842256453658e+00
-2.032484803617639280e+00
-2.036887058525793659e+00
-2.041231753611519650e+00
-2.045501862395214587e+00
-2.049697447107428516e+00
-2.053833862714415481e+00
-2.057932346048930494e+00
-2.062007098599490718e+00
-2.066054879967655022e+00
-2.070052320616938779e+00
-2.073962885094597475e+00
-2.077751062470329035e+00
-2.081397861322432430e+00
-2.084910678915553373e+00
-2.088322676321648697e+00
-2.091681151984428499e+00
-2.095029240518047509e+00
-2.098388439119660998e+00
-2.101749501860482816e+00
-2.105075972199463852e+00
-2.108319337671528348e+00
-2.111439744597574997e+00
-2.114423582430783544e+00
-2.117290259123815410e+00
-2.120084832393092533e+00
-2.122859073515260153e+00
-2.125648531938100216e+00
-2.128455091990811621e+00
-2.131242468982534888e+00
-2.133946854086435696e+00
-2.136498636665920881e+00
-2.138846450292542833e+00
-2.140973711793830336e+00
-2.142900865819122647e+00
-2.144672478253514480e+00
-2.146334676061884661e+00
-2.147912515656973387e+00
-2.149396915268800612e+00
-2.150746771003697599e+00
-2.151905453280334335e+00
-2.152824774130989827e+00
-2.153486362242698071e+00
-2.153911489160423631e+00
-2.154155296260891639e+00
-2.154287983026564213e+00
-2.154371003776300864e+00
-2.154438342664739992e+00
-2.154490639803544827e+00
-2.154504318252975281e+00
-2.154451345663540351e+00
-2.154320670813122618e+00
-2.154131694415158282e+00
-2.153933661275188260e+00
-2.153791063225456881e+00
-2.153761322802872691e+00
-2.153874472859761635e+00
-2.154123716981916736e+00
-2.154471002692103454e+00
-2.154865136523340663e+00
-2.155264398631141276e+00
-2.155653577619327521e+00
-2.156047788720896197e+00
-2.156481296366276279e+00
-2.156986294703700402e+00
-2.157571224899337725e+00
-2.158208647028427851e+00
-2.158838663443756190e+00
-2.159387100359884570e+00
-2.159791040435349530e+00
-2.160020790752490427e+00
-2.160088596981551312e+00
-2.160039954528648387e+00
-2.159930890938612347e+00
-2.159800849982829174e+00
-2.159653012971999519e+00
-2.159450947421973854e+00
-2.159133539065571039e+00
-2.158642176912911825e+00
-2.157948576161582643e+00
-2.157070930388275354e+00
-2.156070771849733170e+00
-2.155031045697115566e+00
-2.154024029129208984e+00
-2.153082340981286258e+00
-2.152185328404288001e+00
-2.151266871742578246e+00
-2.150241672872146736e+00
-2.149039178480559364e+00
-2.147630848920015101e+00
-2.146039074154263204e+00
-2.144323671087017491e+00
-2.142551406832302163e+00
-2.140761357858634195e+00
-2.138940957029686007e+00
-2.137023318130767180e+00
-2.134907588983782745e+00
-2.132494369766782416e+00
-2.129721757340909516e+00
-2.126587129570893353e+00
-2.123145616729204210e+00
-2.119485971115257605e+00
-2.115694046971284159e+00
-2.111819323783033386e+00
-2.107858626255805223e+00
-2.103763922565921263e+00
-2.099470865080856008e+00
-2.094935892095011631e+00
-2.090165993312153248e+00
-2.085228251645526498e+00
-2.080234758173805432e+00
-2.075308874893353916e+00
-2.070546695730729692e+00
-2.065989584667133894e+00
-2.061618959653349847e+00
-2.057375053849560764e+00
-2.053191244702476048e+00
-2.049029009333128926e+00
-2.044898419972322579e+00
-2.040855383181724214e+00
-2.036976857718032274e+00
-2.033324797705720055e+00
-2.029914400501554361e+00
-2.026700389088482268e+00
-2.023587352692632013e+00
-2.020459908517815428e+00
-2.017220037085975193e+00
-2.013815974605745573e+00
-2.010250773185271456e+00
-2.006567438080280041e+00
-2.002817623923533574e+00
-1.999027882047495597e+00
-1.995178396764270889e+00
-1.991203615960940976e+00
-1.987014592043727212e+00
-1.982533374474440002e+00
-1.977724528031709950e+00
-1.972610065360760778e+00
-1.967261239299865627e+00
-1.961770630754047673e+00
-1.956216464256780974e+00
-1.950634395233819873e+00
-1.945008660980359405e+00
-1.939286008404894401e+00
-1.933405884559979748e+00
-1.927333310757637141e+00
-1.921079732931289197e+00
-1.914702438870386381e+00
-1.908282551073939848e+00
-1.901891042230515749e+00
-1.895557560273845032e+00
-1.889255750055924610e+00
-1.882911666967955755e+00
-1.876431840679987140e+00
-1.869739086676376782e+00
-1.862800535305878968e+00
-1.855636530542260410e+00
-1.848305091250524779e+00
-1.840873718014741200e+00
-1.833379007016264994e+00
-1.825826922551288867e+00
-1.818040325796315138e+00
-1.809934059711841625e+00
-1.801554583266759213e+00
-1.792977796220286413e+00
-1.784307351533962471e+00
-1.775629424510447141e+00
-1.766987419766244072e+00
-1.758373320990642030e+00
-1.749743677766692596e+00
-1.741051967822542679e+00
-1.732283525222628073e+00
-1.723477493734463017e+00
-1.714725789066272599e+00
-1.706148796813754531e+00
-1.697857537157623220e+00
-1.689917952376447596e+00
-1.682332247488013799e+00
-1.675045087637649033e+00
-1.667971920030914657e+00
-1.661037237351157936e+00
-1.654206291614581215e+00
-1.647496553667734620e+00
-1.640963895934916206e+00
-1.634669369149464035e+00
-1.628640910793285546e+00
-1.622846713864178447e+00
-1.617192224698930536e+00
-1.611542804912883486e+00
-1.605763184682372557e+00
-1.599757605677275984e+00
-1.593494126498552266e+00
-1.587003169188597296e+00
-1.580351252546111196e+00
-1.573601383454431790e+00
-1.566777270513464160e+00
-1.559846923978324806e+00
-1.552732948352302689e+00
-1.545345388878570647e+00
-1.537623236171396623e+00
-1.529566799285930090e+00
-1.521246822777291285e+00
-1.512785988629149259e+00
-1.504320084289894721e+00
-1.495954725166678712e+00
-1.487735425060098038e+00
-1.479643175267772781e+00
-1.471616893117124514e+00
-1.463592709469948794e+00
-1.455542925561947865e+00
-1.447497640949618303e+00
-1.439539478464207489e+00
-1.431773362193830668e+00
-1.424284041347267271e+00
-1.417099415186374056e+00
-1.410175399408068131e+00
-1.403409043471219420e+00
-1.396674680780672251e+00
-1.389868148709827222e+00
-1.382940730568732679e+00
-1.375908880527502154e+00
-1.368836139226126791e+00
-1.361795560202872180e+00
-1.354829256546206562e+00
-1.347922867016974946e+00
-1.341006308187694396e+00
-1.333980863083369828e+00
-1.326761288911587178e+00
-1.319315063968351520e+00
-1.311681965072134304e+00
-1.303965432655883605e+00
-1.296299119682168044e+00
-1.288802541817606562e+00
-1.281544347671703221e+00
-1.274528428882832243e+00
-1.267708282766777828e+00
-1.261022903764115854e+00
-1.254438208706126989e+00
-1.247975600426328935e+00
-1.241714779816548653e+00
-1.235768983734962356e+00
-1.230242758111987023e+00
-1.225190038131235060e+00
-1.220590333853674991e+00
-1.216353248156608835e+00
-1.212349579305280090e+00
-1.208455991590189793e+00
-1.204594497931188002e+00
-1.200750265347210188e+00
-1.196960582221731295e+00
-1.193280233059702766e+00
-1.189738705735277957e+00
-1.186308239476429049e+00
-1.182897145826871999e+00
-1.179372027197901351e+00
-1.175600084383069399e+00
-1.171493966378234663e+00
-1.167040360577432212e+00
-1.162300302967021803e+00
-1.157381128532384285e+00
-1.152391993419375815e+00
-1.147401865896676254e+00
-1.142417755065947560e+00
-1.137392178000676601e+00
-1.132256264107312838e+00
-1.126963821563677026e+00
-1.121526893934922553e+00
-1.116026895208399816e+00
-1.110595834812405203e+00
-1.105374970787481370e+00
-1.100467972464580724e+00
-1.095908146720173226e+00
-1.091653396325773517e+00
-1.087610830498130676e+00
-1.083680348613559996e+00
-1.079798461599586368e+00
-1.075182711688614123e+00
-1.069647575579836918e+00
-1.063219790973291223e+00
-1.055926095569007517e+00
-1.047793227067023825e+00
-1.038847923167369736e+00
-1.029116921570082832e+00
-1.018626959975197588e+00
-1.007404776082744036e+00
-9.954771075927618673e-01
-9.828706922052793393e-01
-9.696122676203333679e-01
-9.557285715379608693e-01
-9.412463416581898779e-01
-9.261923156810613067e-01
-9.105932313066023021e-01
-8.944758262348497801e-01
-8.778668381658422115e-01
-8.607930047996061873e-01
-8.432810638361832867e-01
-8.253577529755995457e-01
-8.070498099178933238e-01
-7.883839723631027585e-01
-7.693869780112535528e-01
-7.500855645623881740e-01
-7.305064697165322141e-01
-7.106764311737242545e-01
-6.906221866340027660e-01
-6.703704737973924521e-01
-6.499480303639372236e-01
-6.293815940336613401e-01
-6.086979025066037163e-01
-5.879236934828032668e-01
-5.670857046622843622e-01
-5.462106737450906913e-01
-5.253253384312470686e-01
-5.044564364207921869e-01
-4.836307054137645722e-01
-4.628748831101895944e-01
-4.422157072101097763e-01
-4.216799154135504324e-01
-4.012942454205503662e-01
-3.810854349311480482e-01
-3.610802216453686264e-01
-3.413053432632547901e-01
-3.217875374848322978e-01
-3.025535420101393980e-01
-2.836300945392143946e-01
-2.650439327720827132e-01
-2.468217944087870430e-01
-2.289904171493533647e-01
-2.115765386938196768e-01
-1.946068967422239226e-01
-1.781082289945924990e-01
-1.621072731509634601e-01
-1.466307669113743883e-01
-1.317054479758522079e-01
-1.173580540444378040e-01
-1.036153228171588087e-01
-9.050399199405262385e-02
-7.805079927515602700e-02
-6.628248236049769093e-02
-5.522577895011666904e-02
-4.490742674404227253e-02
-3.535416344231126495e-02
-2.659272674495928579e-02
-1.864985435201679809e-02
-1.155228396352137032e-02
-5.326753279503854133e-03
0.000000000000000000e+00
