1.110223024625156540e-16
5.333520637249105495e-03
9.071029550336253550e-03
1.126029384477419959e-02
1.194908062607883022e-02
1.118515699976428170e-02
9.016290071345684290e-03
5.490246946336795227e-03
6.547947302538838308e-04
-5.442299471390763498e-03
-1.275326855308116236e-02
-2.123034540930071601e-02
-3.082576293453880706e-02
-4.149175402327633100e-02
-5.318055157000325245e-02
-6.584438846920283306e-02
-7.943549761535714793e-02
-9.390611190295738986e-02
-1.092084642264830041e-01
-1.252947874804256345e-01
-1.421173145592675713e-01
-1.596282783574899666e-01
-1.777799117695859077e-01
-1.965244476900331883e-01
-2.158141190133245346e-01
-2.356011586339422648e-01
-2.558377994463660876e-01
-2.764762743450911442e-01
-2.974688162245930911e-01
-3.187676579793669585e-01
-3.403250325038931212e-01
-3.620931726926523986e-01
-3.840243114401393765e-01
-4.060706816408299336e-01
-4.281845161892191554e-01
-4.503180479797875835e-01
-4.724235099070152599e-01
-4.944531348653978808e-01
-5.163591557494104922e-01
-5.380938054535484572e-01
-5.596093168722919842e-01
-5.808579229001219479e-01
-6.017918564315328789e-01
-6.223633503610010997e-01
-6.425246375830209189e-01
-6.622279509920729890e-01
-6.814255234826387397e-01
-7.000695879492115914e-01
-7.181123772862689769e-01
-7.355061243883040945e-01
-7.522030621497979297e-01
-7.681554234652325786e-01
-7.833154412291007951e-01
-7.976353483358805674e-01
-8.110673776800638723e-01
-8.235637621561329169e-01
-8.350767346585705742e-01
-8.455585280818669336e-01
-8.549613753205027589e-01
-8.632375092689676954e-01
-8.703391628217451714e-01
-8.762185688733188371e-01
-8.808279603181766726e-01
-8.841195700508022171e-01
-8.860456309656821183e-01
-8.865583759573010258e-01
-8.856100379201443662e-01
-8.831528497486970108e-01
-8.791390443374458297e-01
-8.735208545808738068e-01
-8.662505133734674789e-01
-8.576486010291749507e-01
-8.490435851984906579e-01
-8.403839454724650881e-01
-8.315772231191267405e-01
-8.225438582306336954e-01
-8.132659223317233455e-01
-8.038095076148609186e-01
-7.943108715128591735e-01
-7.849319313745131144e-01
-7.758037400803151629e-01
-7.669816239760877119e-01
-7.584306336300936646e-01
-7.500470463321635695e-01
-7.417064018884176324e-01
-7.333174406007015866e-01
-7.248590449900473853e-01
-7.163847536134702043e-01
-7.079933708617814903e-01
-6.997786738785974903e-01
-6.917801028281365117e-01
-6.839557982343774656e-01
-6.761897314576184037e-01
-6.683301653828879196e-01
-6.602434362868007112e-01
-6.518606688384934733e-01
-6.431981726103311869e-01
-6.343435320327114324e-01
-6.254139264151008515e-01
-6.165048222463445082e-01
-6.076509892549252223e-01
-5.988162634228050285e-01
-5.899160437287496173e-01
-5.808624991530897397e-01
-5.716128251171224139e-01
-5.621996848469663632e-01
-5.527306362139166040e-01
-5.433565498281470729e-01
-5.342221326654771341e-01
-5.254191328533079908e-01
-5.169615218034877557e-01
-5.087924518806586915e-01
-5.008192535726083694e-01
-4.929609448244156034e-01
-4.851876284774826464e-01
-4.775348629765399644e-01
-4.700869740407122022e-01
-4.629366290984098242e-01
-4.561381336608932857e-01
-4.496745587342266259e-01
-4.434528969390138520e-01
-4.373295388171712927e-01
-4.311555436848213962e-01
-4.248228859457845452e-01
-4.182925802247038916e-01
-4.115933977598779103e-01
-4.047924139965252133e-01
-3.979505434969200506e-01
-3.910824783288221473e-01
-3.841384322139060337e-01
-3.770157054300922739e-01
-3.695952711363592602e-01
-3.617879004051541281e-01
-3.535702704226660331e-01
-3.449957126481529857e-01
-3.361749607423341057e-01
-3.272348780919903111e-01
-3.182723397377451580e-01
-3.093223596720771629e-01
-3.003534212425641448e-01
-2.912914178710115376e-01
-2.820615399557523384e-01
-2.726299403916301878e-01
-2.630272209864111810e-01
-2.533435792446826484e-01
-2.436975009629479549e-01
-2.341910824331882579e-01
-2.248707066253451958e-01
-2.157095287845951503e-01
-2.066190487704936962e-01
-1.974848547795882425e-01
-1.882115247069565678e-01
-1.787580053357741838e-01
-1.691489889351345532e-01
-1.594580478706995041e-01
-1.497702128154128620e-01
-1.401402530270636770e-01
-1.305645668759708722e-01
-1.209786806008159021e-01
-1.112814345649043163e-01
-1.013756468621311302e-01
-9.120814084623307672e-02
-8.079238129751621644e-02
-7.020438708019927088e-02
-5.955387755138226435e-02
-4.894297393080827840e-02
-3.842985651104256772e-02
-2.801247423636555114e-02
-1.763874990794384728e-02
-7.238432992238975384e-03
3.237392505655635380e-03
1.378627784975418324e-02
2.434677768373937415e-02
3.481648262160955826e-02
4.508802052966870422e-02
5.508771795873752125e-02
6.480055178658522541e-02
7.427091667547568166e-02
8.357905453352076908e-02
9.280326330170055038e-02
1.019841339974727479e-01
1.111054342546938800e-01
1.201014035033041716e-01
1.288808079320899191e-01
1.373775611691240295e-01
1.455423476299936569e-01
1.534874711104630696e-01
1.614401026309272291e-01
1.693579927620667835e-01
1.771575738169607339e-01
1.847224462553494762e-01
1.919623296344198371e-01
1.988474864918552132e-01
2.054211461756004775e-01
2.117780709590596500e-01
2.180211618402667917e-01
2.242141305396796180e-01
2.303509626682388178e-01
2.363551738758128684e-01
2.421090719472655250e-01
2.475003143002337258e-01
2.524657598869469721e-01
2.570139953301889824e-01
2.612172678292500327e-01
2.651767818258846110e-01
2.689766908110339805e-01
2.726467797058809150e-01
2.761498600547410698e-01
2.793990969621080733e-01
2.822975732147905426e-01
2.847829298807999510e-01
2.868579099526309961e-01
2.885939227719366285e-01
2.901064499069441194e-01
2.915131304335651374e-01
2.928925568205005825e-01
2.942611709434568290e-01
2.955775776109704212e-01
2.967716795144817454e-01
2.977854491764652112e-01
2.986074255766926200e-01
2.992860920019020932e-01
2.999166626144289527e-01
3.006073371774763414e-01
3.014397823385208675e-01
3.024407829217267141e-01
3.035768670582111306e-01
3.047736057216163807e-01
3.059506726247506747e-01
3.070572122498678169e-01
3.080923283965127935e-01
3.091023330930193214e-01
3.101567329314618982e-01
3.113141309863547423e-01
3.125933595080887528e-01
3.139625367455534666e-01
3.153506376321877358e-01
3.166762210726299376e-01
3.178805369404055226e-01
3.189505479175994140e-01
3.199220930683065456e-01
3.208623031707483197e-01
3.218394902218071341e-01
3.228940822686818257e-01
3.240234671675370492e-01
3.251872405725168003e-01
3.263301967821383154e-01
3.274125180094111243e-01
3.284334683996309456e-01
3.294378322296586115e-01
3.305020102768722601e-01
3.317057181811421951e-01
3.331016192745626103e-01
3.346961199605515969e-01
3.364496418617677342e-01
3.382961223999670364e-01
3.401730521926082940e-01
3.420487302493712689e-01
3.439346327004629278e-01
3.458773257824495073e-01
3.479333266569894501e-01
3.501378175087797584e-01
3.524808942483212970e-01
3.549018719670061772e-01
3.573044451460805626e-01
3.595865492568657285e-01
3.616724490138836234e-01
3.635336030471892355e-01
3.651896379071082888e-01
3.666892434227732589e-01
3.680793367183536891e-01
3.693758087332399409e-01
3.705484258525999497e-01
3.715263617517681194e-01
3.722220504555601717e-01
3.725633116249146282e-01
3.725202667906709619e-01
3.721158447126021729e-01
3.714156455464073248e-01
3.705015758354859301e-01
3.694403182823592369e-01
3.682596103757633799e-01
3.669417646338617445e-01
3.654364728441426569e-01
3.636868729698483627e-01
3.616575167035366301e-01
3.593524263268758623e-01
3.568159237095399616e-01
3.541163319186425018e-01
3.513197936838734492e-01
3.484653296484143681e-01
3.455513659489101164e-01
3.425387884403410244e-01
3.393684973008505024e-01
3.359855120454214306e-01
3.323593461696892626e-01
3.284924777194916379e-01
3.244142142748216440e-01
3.201635984415899250e-01
3.157694733765890605e-01
3.112365993333900960e-01
3.065436152541446968e-01
3.016531837063893828e-01
2.965293113890347665e-01
2.911539285676279509e-01
2.855355078935807311e-01
2.797063581774924534e-01
2.737104138993520230e-01
2.675875086707317774e-01
2.613614448540057533e-01
2.550371445225930733e-01
2.486077960855890279e-01
2.420682116278183027e-01
2.354277561917633155e-01
2.287164598493771905e-01
2.219811219424482895e-01
2.152728908639488237e-01
2.086318062377129634e-01
2.020752969268256871e-01
1.955959519738725005e-01
1.891697593564688751e-01
1.827712815335129637e-01
1.763890257224467184e-01
1.700340288398052013e-01
1.637375587611292760e-01
1.575386025542210300e-01
1.514663885890263906e-01
1.455255529435087458e-01
1.396906457779511779e-01
1.339128261922924168e-01
1.281364394217083535e-01
1.223188997242201925e-01
1.164457605860162032e-01
1.105347513053515779e-01
1.046270824640385122e-01
9.876958612628251866e-02
9.299504586243458049e-02
8.730880242443797568e-02
8.168710369233668500e-02
7.608781276109784220e-02
7.046902034723181996e-02
6.480792007371247165e-02
5.911227802500773620e-02
5.341992003253480392e-02
4.778654503060466435e-02
4.226682125816857982e-02
3.689624993002669356e-02
3.168072813433585322e-02
2.659743920409995271e-02
2.160607995059566147e-02
1.666542151236830721e-02
1.174837683073317283e-02
6.849746462722988705e-03
1.984103087441564921e-03
-2.824633401706989292e-03
-7.557183243963119107e-03
-1.221064206267784800e-02
-1.680348990482669405e-02
-2.137242797129046759e-02
-2.596294633436650734e-02
-3.061780242573007224e-02
-3.536796063927775263e-02
-4.022902738921401572e-02
-4.520362886507454936e-02
-5.028771513960812040e-02
-5.547746202057549092e-02
-6.077371994968987917e-02
-6.618252615529672533e-02
-7.171221458778941071e-02
-7.736916070180166471e-02
-8.315454470897415407e-02
-8.906366386116880418e-02
-9.508779551621986126e-02
-1.012172233816851230e-01
-1.074435016986986791e-01
-1.137595843519976085e-01
-1.201577627116924285e-01
-1.266267350903353406e-01
-1.331498295132421683e-01
-1.397060181078642049e-01
-1.462740333728503039e-01
-1.528382476472123219e-01
-1.593938255119971836e-01
-1.659486240561101056e-01
-1.725205149473031108e-01
-1.791307553655358820e-01
-1.857958811290043588e-01
-1.925214745749035949e-01
-1.993006002772427510e-01
-2.061178599553112889e-01
-2.129576404113428523e-01
-2.198132281170433466e-01
-2.266928943181359957e-01
-2.336201377967209725e-01
-2.406275948761216199e-01
-2.477467400861301239e-01
-2.549973110310279067e-01
-2.623806162552863586e-01
-2.698794021288670186e-01
-2.774643553863968548e-01
-2.851046672061824383e-01
-2.927784772113271039e-01
-3.004791086849454840e-01
-3.082147579659586523e-01
-3.160019765468327080e-01
-3.238557713609185318e-01
-3.317804387802671395e-01
-3.397648408190588887e-01
-3.477839400061817354e-01
-3.558058443174219043e-01
-3.638014426583943695e-01
-3.717528049482953234e-01
-3.796571908080486057e-01
-3.875254264046653629e-01
-3.953757079510371031e-01
-4.032256135664107899e-01
-4.110855861024230729e-01
-4.189562688457024175e-01
-4.268302921112174242e-01
-4.346972303902742474e-01
-4.425492671068717021e-01
-4.503850612689483945e-01
-4.582103338627873113e-01
-4.660352510294787365e-01
-4.738700504687739512e-01
-4.817209527309684880e-01
-4.895880271512353388e-01
-4.974655949550544909e-01
-5.053445141886071523e-01
-5.132148959298482582e-01
-5.210677929726549307e-01
-5.288951325483143284e-01
-5.366882254893792226e-01
-5.444360183966258093e-01
-5.521244333991011111e-01
-5.597375708513141479e-01
-5.672605253294318306e-01
-5.746826082706997241e-01
-5.819993868607732379e-01
-5.892123736977517012e-01
-5.963262771549129315e-01
-6.033449510757812329e-01
-6.102679639327333039e-01
-6.170896169631705508e-01
-6.238012503972988343e-01
-6.303961865035457857e-01
-6.368753255164570914e-01
-6.432508750550186560e-01
-6.495462614712761429e-01
-6.557917699741160344e-01
-6.620172809559201621e-01
-6.682448265869926907e-01
-6.744839606748179728e-01
-6.807319226150894131e-01
-6.869786585163530912e-01
-6.932147294646893165e-01
-6.994388444868381294e-01
-7.056617857589849718e-01
-7.119048866795965047e-01
-7.181934341870905847e-01
-7.245475019736801192e-01
-7.309738797732184823e-01
-7.374624357602932445e-01
-7.439885467919801210e-01
-7.505208275609095425e-01
-7.570312624215251862e-01
-7.635038652982298890e-01
-7.699385657950009731e-01
-7.763489187105114819e-01
-7.827546873204296318e-01
-7.891723629295634979e-01
-7.956074536694008881e-01
-8.020516134732222913e-01
-8.084857018061567535e-01
-8.148874918861647165e-01
-8.212409408041581038e-01
-8.275433921535114701e-01
-8.338079798295160439e-01
-8.400604329011096549e-01
-8.463316488042040842e-01
-8.526489432346600061e-01
-8.590292216952726267e-01
-8.654763867508965536e-01
-8.719835382923476486e-01
-8.785386817156648487e-01
-8.851314530943095171e-01
-8.917582211847724372e-01
-8.984237983824912011e-01
-9.051394525382713274e-01
-9.119183298104197588e-01
-9.187702308791192429e-01
-9.256976772908633855e-01
-9.326944782585303573e-01
-9.397469404195275544e-01
-9.468369261304001583e-01
-9.539455088767724300e-01
-9.610560776310667075e-01
-9.681562353839618940e-01
-9.752384210522928587e-01
-9.822995827024015858e-01
-9.893403202165387267e-01
-9.963637668013749504e-01
-1.003374284374775272e+00
-1.010375996251956954e+00
-1.017371327800701719e+00
-1.024359977008980405e+00
-1.031338881649343175e+00
-1.038303598785731863e+00
-1.045251023261335011e+00
-1.052182708862150928e+00
-1.059107529072057297e+00
-1.066042338105780862e+00
-1.073009825178106169e+00
-1.080033782823480060e+00
-1.087133142978721656e+00
-1.094316873040099836e+00
-1.101581780660388032e+00
-1.108914355906721383e+00
-1.116296267906122353e+00
-1.123711614671327075e+00
-1.131153149874920105e+00
-1.138624911009708862e+00
-1.146139959803262443e+00
-1.153713860868217589e+00
-1.161356313678891361e+00
-1.169064261623885548e+00
-1.176819399145702993e+00
-1.184591375483214915e+00
-1.192345766702833654e+00
-1.200053944378583592e+00
-1.207701112472981286e+00
-1.215289403741038665e+00
-1.222834810863828281e+00
-1.230359150346131525e+00
-1.237880238995727522e+00
-1.245404178901967196e+00
-1.252922808842988234e+00
-1.260417309836408650e+00
-1.267866479114795109e+00
-1.275256314381675526e+00
-1.282587038883827191e+00
-1.289874744938265261e+00
-1.297147005474679871e+00
-1.304434207213949426e+00
-1.311760017300389158e+00
-1.319134653975563287e+00
-1.326553408968440984e+00
-1.334000702780308245e+00
-1.341457756304842652e+00
-1.348910619626791041e+00
-1.356355329383303721e+00
-1.363798299828510752e+00
-1.371252087309734025e+00
-1.378728542501182819e+00
-1.386232308500674915e+00
-1.393757291178340019e+00
-1.401287342402646630e+00
-1.408800595384498422e+00
-1.416275452368890297e+00
-1.423695731465861369e+00
-1.431053070875192068e+00
-1.438346033941541036e+00
-1.445576813373995906e+00
-1.452747355982387800e+00
-1.459856752744883579e+00
-1.466900923745709351e+00
-1.473874416084912431e+00
-1.480773122614003734e+00
-1.487596390109746869e+00
-1.494347438961484587e+00
-1.501031996431485771e+00
-1.507656034477775187e+00
-1.514223992274672970e+00
-1.520738595233819268e+00
-1.527202486409543702e+00
-1.533620821051843830e+00
-1.540003298955707534e+00
-1.546364207390418022e+00
-1.552719926770505410e+00
-1.559084629086503027e+00
-1.565465961378916582e+00
-1.571862796691375852e+00
-1.578266434071070590e+00
-1.584665174058607073e+00
-1.591050609075500777e+00
-1.597422986400861111e+00
-1.603793139242639221e+00
-1.610179771557916695e+00
-1.616602834669167432e+00
-1.623075526134224011e+00
-1.629598261517554603e+00
-1.636157384712614959e+00
-1.642729558323625660e+00
-1.649290424217222828e+00
-1.655824228985056212e+00
-1.662330526934590269e+00
-1.668825096810093722e+00
-1.675334478331446997e+00
-1.681886136885477390e+00
-1.688498117511394669e+00
-1.695172357581017142e+00
-1.701894420888494519e+00
-1.708639846149428099e+00
-1.715384612640661111e+00
-1.722115533934107656e+00
-1.728836405178639124e+00
-1.735567443971867130e+00
-1.742338274565891965e+00
-1.749177288767836513e+00
-1.756101613574374776e+00
-1.763111571319276649e+00
-1.770191605708574478e+00
-1.777316992281083641e+00
-1.784463366739581280e+00
-1.791615120696905539e+00
-1.798769401893593578e+00
-1.805934439453773077e+00
-1.813123306068062934e+00
-1.820346008550342010e+00
-1.827603248695441884e+00
-1.834884209660051280e+00
-1.842168819156803528e+00
-1.849433007054227973e+00
-1.856654365802511197e+00
-1.863815777534319595e+00
-1.870905824598571021e+00
-1.877916485848016181e+00
-1.884839905726049425e+00
-1.891666302044578529e+00
-1.898384260535386225e+00
-1.904983202610972537e+00
-1.911456487237122470e+00
-1.917803124677022852e+00
-1.924026733784081289e+00
-1.930131876021241588e+00
-1.936119483799431995e+00
-1.941983928916188873e+00
-1.947713832614415885e+00
-1.953297087497669615e+00
-1.958728438688613904e+00
-1.964016369589345778e+00
-1.969185808669429827e+00
-1.974274598484448973e+00
-1.979324257703318324e+00
-1.984368239841139303e+00
-1.989422416035467656e+00
-1.994482064922997511e+00
-1.999527253991021603e+00
-2.004535029940618163e+00
-2.009493747531071239e+00
-2.014413550054923618e+00
-2.019328181783016873e+00
-2.024286640744629828e+00
-2.029337380950034575e+00
-2.034511101430994007e+00
-2.039809111081608783e+00
-2.045202322367757120e+00
-2.050641787115239811e+00
-2.056076981416169236e+00
-2.061474733159454065e+00
-2.066831202532129375e+00
-2.072171972867081102e+00
-2.077540071621827522e+00
-2.082976685534167149e+00
-2.088502404084627173e+00
-2.094106705037777960e+00
-2.099750084005768791e+00
-2.105378060520788353e+00
-2.110941402936155065e+00
-2.116414341341938510e+00
-2.121803370797507249e+00
-2.127143151293345191e+00
-2.132481349960420935e+00
-2.137858798618956779e+00
-2.143293168637997681e+00
-2.148772715205598427e+00
-2.154262274254548526e+00
-2.159718497152478101e+00
-2.165107491583849075e+00
-2.170417213136357937e+00
-2.175659426385461614e+00
-2.180860711109787964e+00
-2.186046773848092428e+00
-2.191227151559719477e+00
-2.196387056399307980e+00
-2.201489801321673045e+00
-2.206488468030089578e+00
-2.211341375391036923e+00
-2.216024309004829718e+00
-2.220534083432285755e+00
-2.224882091520557381e+00
-2.229081187642322881e+00
-2.233132396367982775e+00
-2.237018085145582980e+00
-2.240705280927047571e+00
-2.244158050412557781e+00
-2.247353505091172376e+00
-2.250294044732893628e+00
-2.253009887459600069e+00
-2.255550193367165335e+00
-2.257966303471471203e+00
-2.260294424863062090e+00
-2.262545688326532467e+00
-2.264708484257318855e+00
-2.266762567103096870e+00
-2.268698968783541492e+00
-2.270536745387503608e+00
-2.272328475417205951e+00
-2.274151010827833552e+00
-2.276084378871695346e+00
-2.278187169770164999e+00
-2.280478748264261224e+00
-2.282936170229961093e+00
-2.285507669155506960e+00
-2.288137478600438701e+00
-2.290791653483193357e+00
-2.293473784496131707e+00
-2.296223501801316402e+00
-2.299097873900642242e+00
-2.302143202666754984e+00
-2.305369106050081829e+00
-2.308736190270079369e+00
-2.312163156356590754e+00
-2.315551082014075668e+00
-2.318815282097885344e+00
-2.321911732991055910e+00
-2.324847095376316730e+00
-2.327668113996180566e+00
-2.330434818582105994e+00
-2.333188833722350086e+00
-2.335930243705200304e+00
-2.338612894469946468e+00
-2.341160213258294931e+00
-2.343494878195535147e+00
-2.345569693886424556e+00
-2.347386441360113984e+00
-2.348994554607079621e+00
-2.350470041946351341e+00
-2.351883478397908345e+00
-2.353270538474112605e+00
-2.354617415840847272e+00
-2.355867066587889358e+00
-2.356943272257366218e+00
-2.357781899797960268e+00
-2.358355729793965683e+00
-2.358682133243313217e+00
-2.358810430406331538e+00
-2.358794684484900372e+00
-2.358664080746251557e+00
-2.358404095734389472e+00
-2.357956921216013413e+00
-2.357241148723177471e+00
-2.356182248275552560e+00
-2.354740615743586396e+00
-2.352925009323593386e+00
-2.350785664068430592e+00
-2.348390372745599475e+00
-2.345794371237480469e+00
-2.343017636544727278e+00
-2.340039928375664768e+00
-2.336815989629197787e+00
-2.333304243533978362e+00
-2.329496114508609939e+00
-2.325432559996553294e+00
-2.321199852280415588e+00
-2.316905753301584880e+00
-2.312645992394770644e+00
-2.308475476777325675e+00
-2.304396824858123694e+00
-2.300371331101694228e+00
-2.296347581985167086e+00
-2.292294990272678135e+00
-2.288227070663859664e+00
-2.284203539969550611e+00
-2.280309537052404245e+00
-2.276620482623888275e+00
-2.273167739085588224e+00
-2.269920314882395651e+00
-2.266791224660128723e+00
-2.263666535060057328e+00
-2.260445170611714349e+00
-2.257072611572620957e+00
-2.253553958492320319e+00
-2.249940584469776184e+00
-2.246296041745040384e+00
-2.242656076785020325e+00
-2.239000477604290662e+00
-2.235249623601715196e+00
-2.231288027383826922e+00
-2.227005384814852995e+00
-2.222337792381929855e+00
-2.217291346846923972e+00
-2.211937629348261325e+00
-2.206382543029313581e+00
-2.200721502925368611e+00
-2.195000048728702247e+00
-2.189196771760645976e+00
-2.183235942686804876e+00
-2.177024419796036003e+00
-2.170496821509798835e+00
-2.163649188531718170e+00
-2.156546151507117592e+00
-2.149297974576415360e+00
-2.142016909131613911e+00
-2.134771411705623123e+00
-2.127557955831520964e+00
-2.120302789524517006e+00
-2.112893133885980657e+00
-2.105224720347683043e+00
-2.097245067043246980e+00
-2.088974764639912163e+00
-2.080495170389935478e+00
-2.071914604315074016e+00
-2.063310342576962775e+00
-2.054721597384439491e+00
-2.045919942287928173e+00
-2.036792669419613233e+00
-2.027393025518585912e+00
-2.017795763213112714e+00
-2.008104284720146904e+00
-1.998398902222920714e+00
-1.988711806562724504e+00
-1.979019306844944426e+00
-1.969260924462763240e+00
-1.959375308988776876e+00
-1.949337961076850423e+00
-1.939184193147773128e+00
-1.929007117415120653e+00
-1.918931005442966242e+00
-1.909070898501970426e+00
-1.899495292348590825e+00
-1.890207522651599970e+00
-1.881153599421567346e+00
-1.872252998683225478e+00
-1.863439093555063764e+00
-1.854691701163020845e+00
-1.846047541534701963e+00
-1.837583818160407390e+00
-1.829381657452799459e+00
-1.821484895385252489e+00
-1.813871918672351091e+00
-1.806452955517936942e+00
-1.799094568379293158e+00
-1.791661607885859153e+00
-1.784059424003190841e+00
-1.776258912919495891e+00
-1.768294141254741714e+00
-1.760233844878350551e+00
-1.752139177297741712e+00
-1.744025978938088084e+00
-1.735848012740206281e+00
-1.727508782057240566e+00
-1.718897400140938503e+00
-1.709933653193042913e+00
-1.700603286938380920e+00
-1.690968437359719356e+00
-1.681148489479768138e+00
-1.671279027405223605e+00
-1.661465749797583769e+00
-1.651752358541434429e+00
-1.642115546645228408e+00
-1.632488771796474225e+00
-1.622804317228317750e+00
-1.613035366167480777e+00
-1.603219773338366405e+00
-1.593454953104315397e+00
-1.583865567443808020e+00
-1.574557311519739544e+00
-1.565576134797962871e+00
-1.556890109456665394e+00
-1.548401727732055200e+00
-1.539985631835544488e+00
-1.531536062417192312e+00
-1.523004232446628414e+00
-1.514410124520557677e+00
-1.505824098706977754e+00
-1.497326618888811467e+00
-1.488963750455198909e+00
-1.480717934847347150e+00
-1.472507080338197438e+00
-1.464212939135942859e+00
-1.455727182862318614e+00
-1.446995889007300251e+00
-1.438043629698583681e+00
-1.428966852041440916e+00
-1.419899176066212965e+00
-1.410963127459228916e+00
-1.402228593964387260e+00
-1.393695446414538130e+00
-1.385307461719940791e+00
-1.376991269941716611e+00
-1.368703235322994427e+00
-1.360463636822700773e+00
-1.352362791197874836e+00
-1.344535664577168221e+00
-1.337115041326752740e+00
-1.330182679291886272e+00
-1.323738962912265116e+00
-1.317703928812244740e+00
-1.311949353758041781e+00
-1.306348443633361889e+00
-1.300822152365727735e+00
-1.295362548052845675e+00
-1.290023405906576937e+00
-1.284882226886933543e+00
-1.279990205105848489e+00
-1.275332014235473377e+00
-1.270813310051727818e+00
-1.266282171543416268e+00
-1.261576240879612287e+00
-1.256576229851156246e+00
-1.251243530419042571e+00
-1.245626198797582074e+00
-1.239830860282038483e+00
-1.233972491025555618e+00
-1.228123465215460675e+00
-1.222283597394305366e+00
-1.216383930315136253e+00
-1.210322583246839390e+00
-1.204017181573606043e+00
-1.197451130443850209e+00
-1.190693424828707325e+00
-1.183882838944677607e+00
-1.177182487920893195e+00
-1.170723455418819059e+00
-1.164560987486289223e+00
-1.158661561258248485e+00
-1.152926103294461546e+00
-1.147239278062675005e+00
-1.141523645442643842e+00
-1.135133028518133358e+00
-1.127916804387441241e+00
-1.119898715486488561e+00
-1.111102504251189949e+00
-1.101551913117469361e+00
-1.091270684521240542e+00
-1.080282560898425226e+00
-1.068611284684944263e+00
-1.056280598316711394e+00
-1.043314244229651688e+00
-1.029735964859677333e+00
-1.015569502642711397e+00
-1.000838600014674951e+00
-9.855669994114806265e-01
-9.697784432690542689e-01
-9.534966740233077331e-01
-9.367454341101634219e-01
-9.195484659655439597e-01
-9.019295120253608689e-01
-8.839123147255408819e-01
-8.655206165019945219e-01
-8.467781597906448576e-01
-8.277086870274154018e-01
-8.083359406482161225e-01
-7.886836630889748623e-01
-7.687755967856012562e-01
-7.486354841740194832e-01
-7.282870676901522788e-01
-7.077540897699095002e-01
-6.870602928492198780e-01
-6.662294193639922701e-01
-6.452852117501505225e-01
-6.242514124436183698e-01
-6.031517638803052250e-01
-5.820100084961391529e-01
-5.608498887270302324e-01
-5.396951470089015324e-01
-5.185695257776770095e-01
-4.974967674692662434e-01
-4.765006145195967990e-01
-4.556048093645789776e-01
-4.348330944401362919e-01
-4.142092121821919770e-01
-3.937569050266558901e-01
-3.734999154094560958e-01
-3.534619857665023401e-01
-3.336668585337183024e-01
-3.141382761470268292e-01
-2.948999810423384993e-01
-2.759757156555805446e-01
-2.573892224226637104e-01
-2.391642437795108711e-01
-2.213245221620451231e-01
-2.038938000061771005e-01
-1.868958197478300942e-01
-1.703543238229264511e-01
-1.542930546673778047e-01
-1.387357547171101935e-01
-1.237061664080355006e-01
-1.092280321760762396e-01
-9.532509445715428575e-02
-8.202109568718260468e-02
-6.933977830208568061e-02
-5.730488473777690939e-02
-4.594015743017840214e-02
-3.526933881521084058e-02
-2.531617132878877241e-02
-1.610439740683525245e-02
-7.657759485265411281e-03
-2.775557561562891351e-17
