-5.551115123125782702e-17
-3.589714171236087952e-04
-1.945944088865920931e-03
-4.724153437488665119e-03
-8.656834885254659911e-03
-1.370722385442553481e-02
-1.983855576726185552e-02
-2.701406604602841696e-02
-3.519699011298402930e-02
-4.435056339039446932e-02
-5.443802130051988986e-02
-6.542259926561970473e-02
-7.726753270796117568e-02
-8.993605704980066340e-02
-1.033914077134061305e-01
-1.175968201210368103e-01
-1.325155296949511452e-01
-1.481107718574178334e-01
-1.643457820306922501e-01
-1.811837956370434266e-01
-1.985880480987297358e-01
-2.165217748380094676e-01
-2.349482112771522635e-01
-2.538305928384123611e-01
-2.731321549440597352e-01
-2.928161330163526754e-01
-3.128457624775484169e-01
-3.331842787499181835e-01
-3.537949172557145472e-01
-3.746409134172091204e-01
-3.956855026566590272e-01
-4.168919203963217801e-01
-4.382234020584687695e-01
-4.596431830653525119e-01
-4.811144988392448418e-01
-5.026005848024026612e-01
-5.240646763770830940e-01
-5.454700089855583078e-01
-5.667798180500802641e-01
-5.879573389929207972e-01
-6.089658072363369756e-01
-6.297684582025863120e-01
-6.503285273139398637e-01
-6.706092499926510353e-01
-6.905738616609904401e-01
-7.101855977412155907e-01
-7.294076936555846657e-01
-7.482033848263676123e-01
-7.665359066758187234e-01
-7.843684946262078350e-01
-8.016643840997927928e-01
-8.183868105188318864e-01
-8.344990093055950631e-01
-8.499642158823368376e-01
-8.647456656713260470e-01
-8.788065940948215360e-01
-8.921102365750821495e-01
-9.046198285343758361e-01
-9.162986053949591092e-01
-9.271098025790992514e-01
-9.370166555090557736e-01
-9.459823996070884089e-01
-9.539702702954633295e-01
-9.609435029964392694e-01
-9.668653331322809574e-01
-9.716989961252491259e-01
-9.754077273976047291e-01
-9.779547623716116078e-01
-9.793033364695308274e-01
-9.794166851136247853e-01
-9.782580437261552131e-01
-9.760822818187886440e-01
-9.739571459598170833e-01
-9.719204010358013512e-01
-9.700021061848851378e-01
-9.682272135476336361e-01
-9.666181344685302879e-01
-9.651956778524759528e-01
-9.639775870938127600e-01
-9.629750665711505064e-01
-9.621886886305196507e-01
-9.616054728596777901e-01
-9.611985538998071288e-01
-9.609298645126231886e-01
-9.607550783192152499e-01
-9.606291877230005438e-01
-9.605109084482171822e-01
-9.603646736517486016e-01
-9.601600563280783263e-01
-9.598695723719242734e-01
-9.594664875313363428e-01
-9.589241893258850791e-01
-9.582179203110811061e-01
-9.573285439306570277e-01
-9.562470178979847191e-01
-9.549778175096881316e-01
-9.535398742191055765e-01
-9.519645384965135237e-01
-9.502912321833270060e-01
-9.485623301955500297e-01
-9.468190308903374763e-01
-9.450994493416245978e-01
-9.434391315485842755e-01
-9.418730918810052088e-01
-9.404377976511705262e-01
-9.391715592319375139e-01
-9.381125153925981008e-01
-9.372945115977261432e-01
-9.367421722239545057e-01
-9.364669267219907223e-01
-9.364654639342264719e-01
-9.367211622448291530e-01
-9.372078884823982214e-01
-9.378946640633520904e-01
-9.387494444562544116e-01
-9.397407555639645249e-01
-9.408369585604405838e-01
-9.420040240662249653e-01
-9.432034030514075962e-01
-9.443915765406046825e-01
-9.455221491439340653e-01
-9.465502315664263699e-01
-9.474378176793092354e-01
-9.481583542752635152e-01
-9.486989518925441622e-01
-9.490595893541099448e-01
-9.492498388870003190e-01
-9.492845825085712841e-01
-9.491805010983251911e-01
-9.489546638857500049e-01
-9.486255268815992903e-01
-9.482155040403174029e-01
-9.477535087329724828e-01
-9.472758065350638246e-01
-9.468242024545662217e-01
-9.464417156160213063e-01
-9.461669842448766632e-01
-9.460292239967434957e-01
-9.460453829483892463e-01
-9.462202712478593458e-01
-9.465492612995329846e-01
-9.470221606884851040e-01
-9.476264781839942586e-01
-9.483486907377651765e-01
-9.491731052207476038e-01
-9.500790626908519609e-01
-9.510380525506723082e-01
-9.520124318618392589e-01
-9.529568236786198909e-01
-9.538221633128219912e-01
-9.545612451270779619e-01
-9.551339765621428279e-01
-9.555106584082172505e-01
-9.556724226616000184e-01
-9.556091258752241746e-01
-9.553160118073678042e-01
-9.547908858616408478e-01
-9.540332052544802099e-01
-9.530455345492003794e-01
-9.518366654733636523e-01
-9.504248558845406203e-01
-9.488394792153057589e-01
-9.471199677577614162e-01
-9.453120303870002905e-01
-9.434622532489999047e-01
-9.416128639998905259e-01
-9.397983615377090150e-01
-9.380449142954628838e-01
-9.363722558891729442e-01
-9.347967632690785678e-01
-9.333339438736120153e-01
-9.319988885288364999e-01
-9.308042286936856202e-01
-9.297563378103643750e-01
-9.288514108128966829e-01
-9.280732451472439859e-01
-9.273939376218049979e-01
-9.267775549887076192e-01
-9.261856239563182047e-01
-9.255825446139849255e-01
-9.249390724021415711e-01
-9.242328811718008019e-01
-9.234463573014251025e-01
-9.225633685532022010e-01
-9.215658526520158489e-01
-9.204353287584474685e-01
-9.191486060247033851e-01
-9.176824310619673408e-01
-9.160361412931876668e-01
-9.142238905956590056e-01
-9.122730544885730986e-01
-9.102178494255609431e-01
-9.080927583635048927e-01
-9.059274711283129555e-01
-9.037453995235031901e-01
-9.015658714361596271e-01
-8.994086691175592341e-01
-8.972985181024926149e-01
-8.952671637439373331e-01
-8.933516909537648765e-01
-8.915893514644647189e-01
-8.900106743865714432e-01
-8.886334177934704925e-01
-8.874596453948142560e-01
-8.864769972292769751e-01
-8.856635738549737402e-01
-8.849944528097790641e-01
-8.844472822771256570e-01
-8.840048813314965725e-01
-8.836541021448591771e-01
-8.833818215006813412e-01
-8.831701542322575316e-01
-8.829933048928386707e-01
-8.828177731707091969e-01
-8.826062129768572628e-01
-8.823237128692977826e-01
-8.819442506091498268e-01
-8.814549910295209623e-01
-8.808569621063520039e-01
-8.801620844588942116e-01
-8.793879394774787306e-01
-8.785524610596778805e-01
-8.776706186738846283e-01
-8.767541997779462193e-01
-8.758144228536794973e-01
-8.748659009061492409e-01
-8.739299280793318969e-01
-8.730353853052243984e-01
-8.722165916200832481e-01
-8.715087121066217302e-01
-8.709423297613284598e-01
-8.705390938699082426e-01
-8.703098587026941724e-01
-8.702556758798680736e-01
-8.703708669256288166e-01
-8.706466560973328273e-01
-8.710737825737415729e-01
-8.716431230937634611e-01
-8.723443424074566188e-01
-8.731635032858070522e-01
-8.740810148950869385e-01
-8.750711094805649903e-01
-8.761033238226610953e-01
-8.771455652001203251e-01
-8.781676667965463423e-01
-8.791441760011877715e-01
-8.800555227381678947e-01
-8.808874778946862438e-01
-8.816295716803719262e-01
-8.822735496519201748e-01
-8.828128194092892400e-01
-8.832432509988192848e-01
-8.835649305515830276e-01
-8.837838977257778117e-01
-8.839128029293810140e-01
-8.839698519285008604e-01
-8.839761711534872557e-01
-8.839524714415960549e-01
-8.839162537037668077e-01
-8.838806018054613522e-01
-8.838549129657307102e-01
-8.838470293599960392e-01
-8.838655596485909260e-01
-8.839210366681889974e-01
-8.840250411111412188e-01
-8.841873442573465747e-01
-8.844120860869072454e-01
-8.846945770391743125e-01
-8.850202116712326816e-01
-8.853662163939897134e-01
-8.857058208587775816e-01
-8.860134176656337957e-01
-8.862688103532527784e-01
-8.864589757060197250e-01
-8.865767639568065128e-01
-8.866172332214842244e-01
-8.865733304799495729e-01
-8.864329494972985612e-01
-8.861788614611482151e-01
-8.857918313919865838e-01
-8.852558831536934125e-01
-8.845637168665567707e-01
-8.837201241280964181e-01
-8.827419731437917694e-01
-8.816546594284733196e-01
-8.804863019862076978e-01
-8.792618462645030997e-01
-8.779992462271810627e-01
-8.767090318455743603e-01
-8.753971786292474855e-01
-8.740698571222945690e-01
-8.727378950872036745e-01
-8.714189412641307753e-01
-8.701363029462410026e-01
-8.689148198611816865e-01
-8.677753577084402759e-01
-8.667300605778348599e-01
-8.657801739787325257e-01
-8.649171973280553871e-01
-8.641267952610244274e-01
-8.633938447779180292e-01
-8.627066423269796891e-01
-8.620587629436300414e-01
-8.614481283677734025e-01
-8.608740326775956575e-01
-8.603336900969740242e-01
-8.598199793354233122e-01
-8.593214455377218286e-01
-8.588245730867188898e-01
-8.583173357167528383e-01
-8.577925007752128517e-01
-8.572493241871138592e-01
-8.566930344565375499e-01
-8.561325027400532583e-01
-8.555772735695801323e-01
-8.550353441241447250e-01
-8.545126431599241457e-01
-8.540142889914779101e-01
-8.535468105431982533e-01
-8.531200140561997491e-01
-8.527473118814118402e-01
-8.524440455628219393e-01
-8.522243100756340395e-01
-8.520975682225514491e-01
-8.520665579267713285e-01
-8.521275133917860511e-01
-8.522727325271435284e-01
-8.524944548466776295e-01
-8.527883535130802439e-01
-8.531550169744530621e-01
-8.535986073784869177e-01
-8.541231164806464271e-01
-8.547277675624387339e-01
-8.554036236962520023e-01
-8.561330982623724939e-01
-8.568929362728882060e-01
-8.576597916979669112e-01
-8.584163688094087474e-01
-8.591557325395725586e-01
-8.598820112591876175e-01
-8.606071027380358673e-01
-8.613445980060548957e-01
-8.621033052558136900e-01
-8.628829853471269296e-01
-8.636740803293807556e-01
-8.644616354716320172e-01
-8.652319085626233308e-01
-8.659790265674818244e-01
-8.667089595215249354e-01
-8.674390937926858003e-01
-8.681934070257295577e-01
-8.689949920139969919e-01
-8.698587501940110434e-01
-8.707870255149470218e-01
-8.717698051417216432e-01
-8.727893311347545424e-01
-8.738272597747893666e-01
-8.748715481168534147e-01
-8.759204099811725985e-01
-8.769818890628564567e-01
-8.780693497270042336e-01
-8.791947831219921738e-01
-8.803626386029552719e-01
-8.815666142403403294e-01
-8.827906147426682892e-01
-8.840134182595139611e-01
-8.852151640911696262e-01
-8.863831381405097298e-01
-8.875147173997386396e-01
-8.886165391495873811e-01
-8.897004716398710933e-01
-8.907781654242692415e-01
-8.918563939911796634e-01
-8.929349134298734114e-01
-8.940074326147623429e-01
-8.950649963843136936e-01
-8.961001713840732741e-01
-8.971102324899498104e-01
-8.980981098036360244e-01
-8.990708841491966696e-01
-9.000366516674513928e-01
-9.010011838990025224e-01
-9.019657623564738547e-01
-9.029269360361105168e-01
-9.038780511304331799e-01
-9.048116468114951738e-01
-9.057215272368200898e-01
-9.066036021141556933e-01
-9.074552712021562995e-01
-9.082738741838344287e-01
-9.090551791280792049e-01
-9.097928378567731178e-01
-9.104792248173785296e-01
-9.111073513754015529e-01
-9.116729706842815473e-01
-9.121758360079238459e-01
-9.126194329706406316e-01
-9.130092153238829056e-01
-9.133501047843730625e-01
-9.136444224722697349e-01
-9.138912924632729418e-01
-9.140879299338910968e-01
-9.142323629177837585e-01
-9.143264232607344333e-01
-9.143776144684883089e-01
-9.143988523042329009e-01
-9.144059383429747889e-01
-9.144136075386306572e-01
-9.144316619820223035e-01
-9.144627582094393414e-01
-9.145028019021940180e-01
-9.145438593164207930e-01
-9.145784478165305265e-01
-9.146034662393529580e-01
-9.146221402053843486e-01
-9.146431522611562226e-01
-9.146772826484077523e-01
-9.147329311848401145e-01
-9.148123848810403302e-01
-9.149104256655183898e-01
-9.150159418277457046e-01
-9.151159936995748589e-01
-9.152007837892734976e-01
-9.152676087896710611e-01
-9.153222812158841037e-01
-9.153775280935880776e-01
-9.154490808903025245e-01
-9.155510717892089145e-01
-9.156925813364437117e-01
-9.158766572192833522e-01
-9.161020738885442549e-01
-9.163669711400578288e-01
-9.166727621691312944e-01
-9.170266360369878633e-01
-9.174416060779702065e-01
-9.179340887485727407e-01
-9.185200008756037038e-01
-9.192109219617419225e-01
-9.200117716682111313e-01
-9.209207655350544197e-01
-9.219314490204262302e-01
-9.230357838584564156e-01
-9.242269127543586427e-01
-9.255004843252518931e-01
-9.268541367835062550e-01
-9.282855818888436916e-01
-9.297903265535353290e-01
-9.313601707062182378e-01
-9.329832036745989710e-01
-9.346453017408820063e-01
-9.363324437085334129e-01
-9.380328259408756697e-01
-9.397379087371728890e-01
-9.414420806685862564e-01
-9.431413109384061411e-01
-9.448316402248171375e-01
-9.465084126790561658e-01
-9.481667482207821740e-01
-9.498030885505768239e-01
-9.514170450419511260e-01
-9.530125323081222177e-01
-9.545974243089252465e-01
-9.561816272911991543e-01
-9.577742279374191758e-01
-9.593808856701147025e-01
-9.610026325644523970e-01
-9.626366859151593847e-01
-9.642789906717140758e-01
-9.659273780018716726e-01
-9.675838422674030159e-01
-9.692547138164716580e-01
-9.709483600047296159e-01
-9.726711429521059937e-01
-9.744232289465637464e-01
-9.761960697343395887e-01
-9.779728256437201228e-01
-9.797318580765883578e-01
-9.814521398609634684e-01
-9.831185576155518913e-01
-9.847250064847714590e-01
-9.862739824055917204e-01
-9.877727677221778135e-01
-9.892277248104145437e-01
-9.906390654276346908e-01
-9.919983699182832737e-01
-9.932900868702874142e-01
-9.944966455581367715e-01
-9.956052982505452231e-01
-9.966140073606317706e-01
-9.975339598068885261e-01
-9.983875464789636611e-01
-9.992024111022483890e-01
-1.000003743848881799e+00
-1.000807735628053807e+00
-1.001618685045196244e+00
-1.002430827581446859e+00
-1.003234090518007715e+00
-1.004021407420752299e+00
-1.004794589569467211e+00
-1.005566309871263275e+00
-1.006357297854405086e+00
-1.007189755834680289e+00
-1.008079523815102130e+00
-1.009030040110717952e+00
-1.010030454323318949e+00
-1.011058632092857401e+00
-1.012087891075610813e+00
-1.013094880274260312e+00
-1.014065624440629643e+00
-1.014997537269748173e+00
-1.015896836744998755e+00
-1.016772610273986244e+00
-1.017630058037354734e+00
-1.018465697998538921e+00
-1.019266453934082550e+00
-1.020012955429371093e+00
-1.020685701660626998e+00
-1.021271648932717158e+00
-1.021768682174873488e+00
-1.022186336236231785e+00
-1.022542644768613673e+00
-1.022858488267664123e+00
-1.023151699001170645e+00
-1.023433134505599362e+00
-1.023706018149483477e+00
-1.023968472073154778e+00
-1.024217908261531473e+00
-1.024455297798812614e+00
-1.024687528819776983e+00
-1.024926961973582351e+00
-1.025188490968291122e+00
-1.025485408618377114e+00
-1.025825774695192649e+00
-1.026210661077196606e+00
-1.026634786440878244e+00
-1.027089053697827881e+00
-1.027563791528799397e+00
-1.028051350423248467e+00
-1.028547136214327695e+00
-1.029048946260956665e+00
-1.029555236360065518e+00
-1.030063359751903773e+00
-1.030568723612048654e+00
-1.031065285255962527e+00
-1.031547128182696671e+00
-1.032010340733686249e+00
-1.032454304387234956e+00
-1.032881818685196240e+00
-1.033298076932601006e+00
-1.033709072199348045e+00
-1.034120282005801972e+00
-1.034536321518908064e+00
-1.034961746914774494e+00
-1.035402573064205578e+00
-1.035867646996234459e+00
-1.036369006216258049e+00
-1.036920770825409122e+00
-1.037536795223894970e+00
-1.038227925751864289e+00
-1.038999981506984138e+00
-1.039853346201329964e+00
-1.040784408451151943e+00
-1.041788288083269620e+00
-1.042861690107885098e+00
-1.044004614288444932e+00
-1.045220094500869390e+00
-1.046511974462447814e+00
-1.047881597626411754e+00
-1.049324823216041924e+00
-1.050830729148890530e+00
-1.052382725911104266e+00
-1.053961830598179716e+00
-1.055550940714622632e+00
-1.057138487676159588e+00
-1.058720052694425151e+00
-1.060297321631905598e+00
-1.061874821463716145e+00
-1.063455782431760088e+00
-1.065038829539721066e+00
-1.066616868948115471e+00
-1.068178634555088768e+00
-1.069712265988431055e+00
-1.071209449569427319e+00
-1.072668414329381426e+00
-1.074094535887072821e+00
-1.075498267250346363e+00
-1.076891186077978624e+00
-1.078281687197973682e+00
-1.079671961874568709e+00
-1.081057355647244700e+00
-1.082428222989560984e+00
-1.083773408286582640e+00
-1.085083878482444364e+00
-1.086355048951124447e+00
-1.087586955226415686e+00
-1.088782351958062167e+00
-1.089943667758686452e+00
-1.091070165248452462e+00
-1.092156493522667748e+00
-1.093193174592718808e+00
-1.094168731357573421e+00
-1.095072505844892241e+00
-1.095897003982841955e+00
-1.096638901114385334e+00
-1.097298491335292114e+00
-1.097878055989899071e+00
-1.098380052039042765e+00
-1.098806003826325206e+00
-1.099156552485464289e+00
-1.099432498157478122e+00
-1.099636160549068542e+00
-1.099772228045335476e+00
-1.099847535477479932e+00
-1.099869771894316450e+00
-1.099845699829347101e+00
-1.099779770191349204e+00
-1.099673881052692481e+00
-1.099528500812309240e+00
-1.099344692815416025e+00
-1.099126067343131341e+00
-1.098879610026187947e+00
-1.098614766318846803e+00
-1.098340939228470203e+00
-1.098064342310718811e+00
-1.097785577178564287e+00
-1.097499148062024865e+00
-1.097195403195011965e+00
-1.096864381233776387e+00
-1.096500164139754707e+00
-1.096103990749297763e+00
-1.095684760786246992e+00
-1.095256544906509699e+00
-1.094833934735359060e+00
-1.094427019538603441e+00
-1.094038038131021295e+00
-1.093661174471260322e+00
-1.093285746690545013e+00
-1.092901658089131756e+00
-1.092504995963743841e+00
-1.092101499502910134e+00
-1.091706374968838045e+00
-1.091340336662258714e+00
-1.091023249669887507e+00
-1.090767738707085099e+00
-1.090575201768837266e+00
-1.090435776009815783e+00
-1.090332286228443692e+00
-1.090246658454040229e+00
-1.090166317400963925e+00
-1.090088095384517342e+00
-1.090018161376241856e+00
-1.089968048240765874e+00
-1.089948392640085029e+00
-1.089962897214580728e+00
-1.090004925678975667e+00
-1.090058088504437972e+00
-1.090100609074898141e+00
-1.090111800414464982e+00
-1.090078201908720512e+00
-1.089997119009701532e+00
-1.089876373080803429e+00
-1.089730563158581855e+00
-1.089575459187455797e+00
-1.089422777105802265e+00
-1.089277309219823575e+00
-1.089137343159236160e+00
-1.088997949422133127e+00
-1.088855599959003939e+00
-1.088712137034314464e+00
-1.088576481940076723e+00
-1.088463468187011340e+00
-1.088390366717079116e+00
-1.088372550667263017e+00
-1.088419985079733143e+00
-1.088535763249242505e+00
-1.088716982162772906e+00
-1.088957279036051773e+00
-1.089249748307409948e+00
-1.089588950457522687e+00
-1.089971273646788807e+00
-1.090393737411111896e+00
-1.090852049923331402e+00
-1.091339031823501449e+00
-1.091844286917751372e+00
-1.092355365505791598e+00
-1.092859938183115887e+00
-1.093348018771268304e+00
-1.093813262868700953e+00
-1.094252824241150002e+00
-1.094665954309604228e+00
-1.095052149265055785e+00
-1.095409887378322900e+00
-1.095736732058928187e+00
-1.096030916110122932e+00
-1.096293766133599412e+00
-1.096531828065612890e+00
-1.096757562307385081e+00
-1.096988010279521752e+00
-1.097241679512510393e+00
-1.097534688749137510e+00
-1.097877597321420762e+00
-1.098274129977064861e+00
-1.098722264547180361e+00
-1.099217176616279046e+00
-1.099754739521731972e+00
-1.100334009142296843e+00
-1.100957512517434678e+00
-1.101629063736745406e+00
-1.102349885201348689e+00
-1.103114578317231143e+00
-1.103908638668271047e+00
-1.104708665890455688e+00
-1.105485390444928662e+00
-1.106208539838408278e+00
-1.106851842034967781e+00
-1.107396417851622461e+00
-1.107831466230424278e+00
-1.108152225361433096e+00
-1.108356265905765747e+00
-1.108439802688180098e+00
-1.108395650654614872e+00
-1.108213734284835494e+00
-1.107883989631098576e+00
-1.107400509552721291e+00
-1.106765272079704765e+00
-1.105989956319051615e+00
-1.105095104622972668e+00
-1.104106913997471962e+00
-1.103052818752192632e+00
-1.101957413323991553e+00
-1.100840024588427557e+00
-1.099714503156839163e+00
-1.098590888608776073e+00
-1.097477892979114467e+00
-1.096384915690681083e+00
-1.095322619805640052e+00
-1.094301797482679417e+00
-1.093331014700352544e+00
-1.092414031204429481e+00
-1.091548048488136580e+00
-1.090723454365430500e+00
-1.089925103661346206e+00
-1.089134582984715216e+00
-1.088332605512483564e+00
-1.087500773057879622e+00
-1.086622351016247601e+00
-1.085682217434653651e+00
-1.084666524091279838e+00
-1.083562677358673509e+00
-1.082359998534844436e+00
-1.081050993966837792e+00
-1.079632778553644812e+00
-1.078108046484761440e+00
-1.076485146427734740e+00
-1.074777214810771930e+00
-1.073000755683154894e+00
-1.071174304010272360e+00
-1.069317739843432813e+00
-1.067452454589217670e+00
-1.065602076048101532e+00
-1.063793075844233549e+00
-1.062054511708462323e+00
-1.060416461548000733e+00
-1.058907272658272891e+00
-1.057550331990516623e+00
-1.056361391019842610e+00
-1.055347376699641071e+00
-1.054507099980795060e+00
-1.053833533752117413e+00
-1.053316689035142861e+00
-1.052945862531027288e+00
-1.052710295118344241e+00
-1.052597985461724228e+00
-1.052593257823829731e+00
-1.052674326390113269e+00
-1.052812230866179144e+00
-1.052972052364052002e+00
-1.053116429952833055e+00
-1.053210443667703888e+00
-1.053226311560286899e+00
-1.053146340561763372e+00
-1.052963201988160957e+00
-1.052677629260877934e+00
-1.052294641414729170e+00
-1.051819962554960242e+00
-1.051258186216679436e+00
-1.050613462687382427e+00
-1.049892372492989168e+00
-1.049107653488017933e+00
-1.048280992629748276e+00
-1.047443382134179535e+00
-1.046632467899075269e+00
-1.045887512919549955e+00
-1.045243570007732936e+00
-1.044726802142039723e+00
-1.044352449108269409e+00
-1.044125890604733264e+00
-1.044046036737385164e+00
-1.044109384893228354e+00
-1.044312883559096239e+00
-1.044654322193367291e+00
-1.045130080415094698e+00
-1.045731253814393913e+00
-1.046439935132689847e+00
-1.047227448095849001e+00
-1.048055596404758427e+00
-1.048880804117817922e+00
-1.049659873717242675e+00
-1.050355461995561956e+00
-1.050939494466048840e+00
-1.051393652835514336e+00
-1.051707091126088178e+00
-1.051873098538378182e+00
-1.051885549006255305e+00
-1.051739428293631429e+00
-1.051420769181722337e+00
-1.050926539003426585e+00
-1.050270651334280103e+00
-1.049477981099800727e+00
-1.048583014747534348e+00
-1.047624270541156033e+00
-1.046639332841561076e+00
-1.045661258109721325e+00
-1.044717614729225641e+00
-1.043831886880227877e+00
-1.043026060357968188e+00
-1.042322712481340563e+00
-1.041745217838071502e+00
-1.041315574030570845e+00
-1.041050463326662179e+00
-1.040957010967410001e+00
-1.041029915401820993e+00
-1.041251123418442504e+00
-1.041592222303992177e+00
-1.042018657481330823e+00
-1.042494209124394722e+00
-1.042984165585642220e+00
-1.043456299016302991e+00
-1.043879774961205653e+00
-1.044223066127807797e+00
-1.044452385010625983e+00
-1.044531910114378404e+00
-1.044426267127287034e+00
-1.044104696028074208e+00
-1.043545536260141571e+00
-1.042739442950677109e+00
-1.041690199620270318e+00
-1.040412923384198551e+00
-1.038930465256146185e+00
-1.037269462239801543e+00
-1.035457523026410920e+00
-1.033522422854818767e+00
-1.031493214404129999e+00
-1.029402254363895430e+00
-1.027286695086643720e+00
-1.025188191748634736e+00
-1.023150343732309953e+00
-1.021214382503368823e+00
-1.019414408924330662e+00
-1.017773730919410813e+00
-1.016303451740639741e+00
-1.015003582085800993e+00
-1.013865973488370820e+00
-1.012877712917411799e+00
-1.012023556057466189e+00
-1.011286525660419544e+00
-1.010646717452888810e+00
-1.010079236469884290e+00
-1.009552646853668190e+00
-1.009029158953887784e+00
-1.008467068042126158e+00
-1.007825005289024745e+00
-1.007066777474114883e+00
-1.006165296389676778e+00
-1.005104448440586884e+00
-1.003878576773681530e+00
-1.002490193857319412e+00
-1.000947191240217471e+00
-9.992608998842583690e-01
-9.974458473631763189e-01
-9.955211846819875809e-01
-9.935129015416228615e-01
-9.914554902656423918e-01
-9.893918575657585368e-01
-9.873709629090536843e-01
-9.854435889227557421e-01
-9.836574231643013810e-01
-9.820529184205735174e-01
-9.806610766371920418e-01
-9.795035082797217685e-01
-9.785941973550353890e-01
-9.779417504951218865e-01
-9.775508056415499469e-01
-9.774217633175231734e-01
-9.775488642768898062e-01
-9.779174961669345745e-01
-9.785020847194366711e-01
-9.792658035025600949e-01
-9.801626680554847981e-01
-9.811416485833802659e-01
-9.821516396501993595e-01
-9.831458053899064797e-01
-9.840841122593076973e-01
-9.849336411258509116e-01
-9.856671988688783248e-01
-9.862614286365576355e-01
-9.866957559593905192e-01
-9.869530491190179333e-01
-9.870220162720100276e-01
-9.869004830432682729e-01
-9.865981753225292472e-01
-9.861377045168913114e-01
-9.855530899439242098e-01
-9.848860859094903386e-01
-9.841814135473860858e-01
-9.834823775946713864e-01
-9.828281134034916322e-01
-9.822529621209808992e-01
-9.817875430354403576e-01
-9.814603785661258906e-01
-9.812987357085856122e-01
-9.813277565400020386e-01
-9.815677809210109350e-01
-9.820306538443017708e-01
-9.827163698319464347e-01
-9.836113947449079964e-01
-9.846894200662283936e-01
-9.859143949105066973e-01
-9.872448335616621495e-01
-9.886379692236804129e-01
-9.890545324150955553e-01
-9.882464261122133609e-01
-9.862490865487958391e-01
-9.830979499586035564e-01
-9.788284525753996324e-01
-9.734760306329431900e-01
-9.670761203649972382e-01
-9.596641580053246745e-01
-9.512755797876835118e-01
-9.419458219458394233e-01
-9.317103207135496445e-01
-9.206045123245776285e-01
-9.086638330126874941e-01
-8.959237190116355887e-01
-8.824196065551890289e-01
-8.681869318771034960e-01
-8.532611312111431090e-01
-8.376776407910729860e-01
-8.214718968506481422e-01
-8.046793356236368044e-01
-7.873353933437932106e-01
-7.694755062448823679e-01
-7.511351105606702827e-01
-7.323496425249100827e-01
-7.131545383713714381e-01
-6.935852343338073656e-01
-6.736771666459840935e-01
-6.534657715416672952e-01
-6.329864852546093212e-01
-6.122747440185813961e-01
-5.913659840673348711e-01
-5.702956416346366408e-01
-5.490991529542527116e-01
-5.278119542599352121e-01
-5.064694817854548115e-01
-4.851071717645640824e-01
-4.637604604310286982e-01
-4.424647840186152759e-01
-4.212555787610758329e-01
-4.001682808921810386e-01
-3.792383266456832991e-01
-3.585011522553487873e-01
-3.379921939549433985e-01
-3.177468879782197053e-01
-2.978006705589482661e-01
-2.781889779308814870e-01
-2.589472463277855407e-01
-2.401109119834259342e-01
-2.217154111315559617e-01
-2.037961800059450157e-01
-1.863886548403470012e-01
-1.695282718685273693e-01
-1.532504673242511273e-01
-1.375906774412724576e-01
-1.225843384533567559e-01
-1.082668865942686132e-01
-9.467375809776307216e-02
-8.184038919760774911e-02
-6.980221612755838079e-02
-5.859467512137941925e-02
-4.825320241283470590e-02
-3.881323423568117104e-02
-3.031020682368429364e-02
-2.277955641060189218e-02
-1.625671923019766929e-02
-1.077713151623388432e-02
-6.376229502470104338e-03
-3.089449422669282574e-03
-9.522275105918465155e-04
2.775557561562891351e-17
