7.632783294297951215e-17
1.595800811016566401e-02
3.087841884118274621e-02
4.479472940239862672e-02
5.774043700317310623e-02
6.974903885285677063e-02
8.085403216080097599e-02
9.108891413636445444e-02
1.004871819888965151e-01
1.090823329277549186e-01
1.169078641622913889e-01
1.239972729018581771e-01
1.303840563558121834e-01
1.361017117335042992e-01
1.411837362442909249e-01
1.456636270975243674e-01
1.495748815025576828e-01
1.529509966687462585e-01
1.558254698054424570e-01
1.582317981220012770e-01
1.602034788277758581e-01
1.617740091321196172e-01
1.629768862443869148e-01
1.638456073739312235e-01
1.644136697301064320e-01
1.647145705222662626e-01
1.647818069597644097e-01
1.646488762519546789e-01
1.643492756081908757e-01
1.639165022378266112e-01
1.633840533502157744e-01
1.627854261547122816e-01
1.621541178606696332e-01
1.615236256774417178e-01
1.609274468143822023e-01
1.603990784808448922e-01
1.599720178861837594e-01
1.596797622397521654e-01
1.595558087509041933e-01
1.596336546289934821e-01
1.599467970833738373e-01
1.605287333233988423e-01
1.614129605584226357e-01
1.626329759977984679e-01
1.642222768508806718e-01
1.662143603270228587e-01
1.686427236355780845e-01
1.715408639859012929e-01
1.749422785873449016e-01
1.788804646492642147e-01
1.833889193810123164e-01
1.885011399919417352e-01
1.942506236914085249e-01
2.006708676887638543e-01
2.077953691933643876e-01
2.156576254145625704e-01
2.242911335617100155e-01
2.337293908441645252e-01
2.440058944712755473e-01
2.551541416524014672e-01
2.672076295968938142e-01
2.801998555141034242e-01
2.941643166133897647e-01
3.091345101041003685e-01
3.251439331955958134e-01
3.422260830972264634e-01
3.602135420312816971e-01
3.783485785968941917e-01
3.964663001564964206e-01
4.144056721671018351e-01
4.320770991584573784e-01
4.494981923462702533e-01
4.667832565258036026e-01
4.840920512594851788e-01
5.015605371890946573e-01
5.192433738600105153e-01
5.370921689959757828e-01
5.549776915164481572e-01
5.727454323555155602e-01
5.902801377403390504e-01
6.075519154992146120e-01
6.246251523520846005e-01
6.416277331389640404e-01
6.586947969296503835e-01
6.759114258025248345e-01
6.932782050708874433e-01
7.107131124335657191e-01
7.280875219395375186e-01
7.452800214480099772e-01
7.622250391461077301e-01
7.789364052896649016e-01
7.954972739408626703e-01
8.120221058053596064e-01
8.286076171694088943e-01
8.452932834317193889e-01
8.620470258484019821e-01
8.787806172799891291e-01
8.953869964787598557e-01
9.117832255119826534e-01
9.279414739808310442e-01
9.438962675448507866e-01
9.597264682726960316e-01
9.755206483176244170e-01
9.913405851461917218e-01
1.007197410667553417e+00
1.023049008646933045e+00
1.038818358628568639e+00
1.054424388642469124e+00
1.069812626838007708e+00
1.084973880213840225e+00
1.099944533524453538e+00
1.114789493614409377e+00
1.129575262846729711e+00
1.144343806963746601e+00
1.159096899177545215e+00
1.173796172157135498e+00
1.188378072137554753e+00
1.202777566413135268e+00
1.216951624905141971e+00
1.230893976435038617e+00
1.244636056242415023e+00
1.258234098311354909e+00
1.271747225071169218e+00
1.285214520984088615e+00
1.298639424748939009e+00
1.311987223498585653e+00
1.325196810972550487e+00
1.338202710282019092e+00
1.350959443987672870e+00
1.363459121785014716e+00
1.375735212968905774e+00
1.387850379996340422e+00
1.399872284120952770e+00
1.411846209198053037e+00
1.423775179920626632e+00
1.435615977224519613e+00
1.447293634912305560e+00
1.458729688296373617e+00
1.469873499312644105e+00
1.480723976094145522e+00
1.491332104260564950e+00
1.501782034741765859e+00
1.512157288791279086e+00
1.522505332715449189e+00
1.532815312780029027e+00
1.543019101528998904e+00
1.553016546206201554e+00
1.562715576809635243e+00
1.572070959658022904e+00
1.581105144524523443e+00
1.589901385283443158e+00
1.598570703376859692e+00
1.607205559287405716e+00
1.615839416332174761e+00
1.624429757966413979e+00
1.632872843251582662e+00
1.641045199846501879e+00
1.648855134496916897e+00
1.656282542617714348e+00
1.663389486039886789e+00
1.670295947413173776e+00
1.677129992409876369e+00
1.683972953996317079e+00
1.690823078902238930e+00
1.697593829045802138e+00
1.704148545705942208e+00
1.710357518500988938e+00
1.716153433156654140e+00
1.721561244971964832e+00
1.726688990119326084e+00
1.731682627980808409e+00
1.736663704839306765e+00
1.741676449771881741e+00
1.746667334017796502e+00
1.751506488470642608e+00
1.756042390791085150e+00
1.760166661788788556e+00
1.763861052865883794e+00
1.767206040201423356e+00
1.770346736968914314e+00
1.773430663180097344e+00
1.776543067985397517e+00
1.779671462790627379e+00
1.782702772493693244e+00
1.785494533781211146e+00
1.787864919137147623e+00
1.789914519093247502e+00
1.791983550553339910e+00
1.793942879773007704e+00
1.795663835453368495e+00
1.797019314419093572e+00
1.797956344476039359e+00
1.798511456717573065e+00
1.798796774524255682e+00
1.798950127476057093e+00
1.799075864489917631e+00
1.799200315136926243e+00
1.799261437036580702e+00
1.799136519244743049e+00
1.798695604821826777e+00
1.797857341042032653e+00
1.796623286200720315e+00
1.795076330900754247e+00
1.793344508401811588e+00
1.791546253601981942e+00
1.789740795177564792e+00
1.787904702278821922e+00
1.785944009707794766e+00
1.783735975745908586e+00
1.781182049224928177e+00
1.778249294901502742e+00
1.774983011648334275e+00
1.771486033858411080e+00
1.767874468895580087e+00
1.764229308148657305e+00
1.760564474233063503e+00
1.756824215704551495e+00
1.752909884732101631e+00
1.748723695676863699e+00
1.744210337711622705e+00
1.739378978021815625e+00
1.734297228176377104e+00
1.729060878837554327e+00
1.723753300785530129e+00
1.718412149432077207e+00
1.713017075028400837e+00
1.707502554344612733e+00
1.701789076241758236e+00
1.695818453197998288e+00
1.689578023463246481e+00
1.683104070159068044e+00
1.676464211024564221e+00
1.669727563049519192e+00
1.662936214789513034e+00
1.656090185194636799e+00
1.649151511042789675e+00
1.642064495936698565e+00
1.634782319747464907e+00
1.627288018886642762e+00
1.619601015473318029e+00
1.611767230858140554e+00
1.603838140451537164e+00
1.595848680418652688e+00
1.587803856665067848e+00
1.579679505546949692e+00
1.571436084109703923e+00
1.563038641364276726e+00
1.554473727741323419e+00
1.545755825764769220e+00
1.536920916317596308e+00
1.528010633275240115e+00
1.519054499096829991e+00
1.510058252890138508e+00
1.501003214695116217e+00
1.491856532740365671e+00
1.482587364396083851e+00
1.473181645396660855e+00
1.463649035694965406e+00
1.454019324800677637e+00
1.444330282859317194e+00
1.434612543563080100e+00
1.424878101722616863e+00
1.415117124046168184e+00
1.405303988356168876e+00
1.395409527739811528e+00
1.385414053231849518e+00
1.375315772317836860e+00
1.365131510216016419e+00
1.354890030130029954e+00
1.344621216817432074e+00
1.334345739644551720e+00
1.324069152986961706e+00
1.313782201166351582e+00
1.303466470855866310e+00
1.293102610905749295e+00
1.282677794631826629e+00
1.272189933428393482e+00
1.261647783002815215e+00
1.251067696881559943e+00
1.240468724101584819e+00
1.229867809945761170e+00
1.219276281493516301e+00
1.208698054521843313e+00
1.198129496465549781e+00
1.187560748994042736e+00
1.176978380571687577e+00
1.166369199322541350e+00
1.155724708614190854e+00
1.145045122656181080e+00
1.134341435339209614e+00
1.123634176800009765e+00
1.112948410836872126e+00
1.102306028964620710e+00
1.091717860176620647e+00
1.081178789627897263e+00
1.070668437623073954e+00
1.060158016142803694e+00
1.049621421231125229e+00
1.039046516757051508e+00
1.028441950986560993e+00
1.017836198170290363e+00
1.007268466070550428e+00
9.967745214179030144e-01
9.863728978763635080e-01
9.760572175170816323e-01
9.657981866701214058e-01
9.555549862930741156e-01
9.452918182214191667e-01
9.349930027608184258e-01
9.246703493971768495e-01
9.143595204737224869e-01
9.041066043605726632e-01
8.939502512780256316e-01
8.839066805211857059e-01
8.739637730338967181e-01
8.640867296759198180e-01
8.542329467933550413e-01
8.443698955719387556e-01
8.344885519920783867e-01
8.246068489825086889e-01
8.147618901895979926e-01
8.049944351995823588e-01
7.953323832129837179e-01
7.857802674051982406e-01
7.763190318125883227e-01
7.669158228649958220e-01
7.575391980646252188e-01
7.481729318225923686e-01
7.388224301188979215e-01
7.295112266285956881e-01
7.202695374467178446e-01
7.111203692763107265e-01
7.020696330623019676e-01
6.931046944294390055e-01
6.842017800721315046e-01
6.753385122857141765e-01
6.665054791966320558e-01
6.577112561502899135e-01
6.489784314909649021e-01
6.403324997173946986e-01
6.317889501449697187e-01
6.233448648977800710e-01
6.149793355299253417e-01
6.066628959087618789e-01
5.983718312992295507e-01
5.901006957079242277e-01
5.818668988145263565e-01
5.737046662532772068e-01
5.656505355607388541e-01
5.577266272320458018e-01
5.499293126496680451e-01
5.422288468744805856e-01
5.345808201439475882e-01
5.269449536378695287e-01
5.193032348577990565e-01
5.116692910283474616e-01
5.040844153888175416e-01
4.966013501884964931e-01
4.892623478036771667e-01
4.820807779324656206e-01
4.750343376043988375e-01
4.680731692499750518e-01
4.611398767934071774e-01
4.541932529758759829e-01
4.472257527970071034e-01
4.402672175084133555e-01
4.333730625530708425e-01
4.266016891786992282e-01
4.199904754645316096e-01
4.135403673747448661e-01
4.072155161061678519e-01
4.009581036386778985e-01
3.947121143423449885e-01
3.884460908971321680e-01
3.821654396709654455e-01
3.759093347653551520e-01
3.697337853630306981e-01
3.636881897020849408e-01
3.577952763857388252e-01
3.520426860482330778e-01
3.463893504608901441e-01
3.407835196458490756e-01
3.351844774560367446e-01
3.295786866725059494e-01
3.239837892657458918e-01
3.184392940608536393e-01
3.129885081368308786e-01
3.076598358237139785e-01
3.024555040490556901e-01
2.973522190787759589e-01
2.923128725858807897e-01
2.873036133114670876e-01
2.823084639631535664e-01
2.773350914250488630e-01
2.724095633753709222e-01
2.675629648098858393e-01
2.628163335897251152e-01
2.581709270122694022e-01
2.536081752559332658e-01
2.490990878329905067e-01
2.446184847054760358e-01
2.401572318315823851e-01
2.357266570335196931e-01
2.313530250334696892e-01
2.270646360873862790e-01
2.228776147713596445e-01
2.187871520917898938e-01
2.147685152959748489e-01
2.107876449042494493e-01
2.068166657769997807e-01
2.028472166333755156e-01
1.988952943430587761e-01
1.949950264662452526e-01
1.911838017404073331e-01
1.874852071088688177e-01
1.838974216557537900e-01
1.803925002754060425e-01
1.769272642280120822e-01
1.734613598362099995e-01
1.699747380937199903e-01
1.664768528626778266e-01
1.630033190785153130e-01
1.596011638905102392e-01
1.563088004407153231e-01
1.531392560409618187e-01
1.500739200646909466e-01
1.470696459394817968e-01
1.440763387167818266e-01
1.410576420254242291e-01
1.380059616294924407e-01
1.349454399769466351e-01
1.319216088342182736e-01
1.289821105909596255e-01
1.261566643270556065e-01
1.234447094312535742e-01
1.208158364108760374e-01
1.182226534719736377e-01
1.156204903039192294e-01
1.129855436541509217e-01
1.103238825013721502e-01
1.076677486892037156e-01
1.050610457130018160e-01
1.025404398475759232e-01
1.001201767426544431e-01
9.778689383339406183e-02
9.550625370110686629e-02
9.323812226896673050e-02
9.095348002395187148e-02
8.864576864920839516e-02
8.633205964411572175e-02
8.404402334170356370e-02
8.181310474132694188e-02
7.965665811085254067e-02
7.757107764168093278e-02
7.553459576031464062e-02
7.351800818274506488e-02
7.149811267028295669e-02
6.946764290836777989e-02
6.743731638984169774e-02
6.542938863071209865e-02
6.346604894642042527e-02
6.155829854190243700e-02
5.970058682645175419e-02
5.787366039856684657e-02
5.605414342841565090e-02
5.422616106043012807e-02
5.238933552088732848e-02
5.055918930562434965e-02
4.875959729277602739e-02
4.701075918289940314e-02
4.531841408411680511e-02
4.366960392033246430e-02
4.203735318412429173e-02
4.039246326553837252e-02
3.871716296094852156e-02
3.701424226217565894e-02
3.530710845644809831e-02
3.363020683971551517e-02
3.201368023494292891e-02
3.046898866786842963e-02
2.898210886282064080e-02
2.751781414602255671e-02
2.603370491017505811e-02
2.449822671154493203e-02
2.290487370720573415e-02
2.127612739161846914e-02
1.965493939907977938e-02
1.808694684046769155e-02
1.660077719114060393e-02
1.519488691331515040e-02
1.383682611012649645e-02
1.247564609493682398e-02
1.106253794511301292e-02
9.571124587848329340e-03
8.008787089116366914e-03
6.414048910775534303e-03
4.840865362549929933e-03
3.336219580334921254e-03
1.920339807153770544e-03
5.778544842724818572e-04
-7.363313715232005586e-04
-2.078815151524703291e-03
-3.494690569151599497e-03
-4.999327190908164735e-03
-6.572494892397936703e-03
-8.167209535024970435e-03
-9.729516089671652601e-03
-1.122089256021129022e-02
-1.263395990490012201e-02
-1.399509692592710783e-02
-1.535311329859425505e-02
-1.675895717764456019e-02
-1.824507696444360727e-02
-1.981301445546078746e-02
-2.143414091370469260e-02
-2.306281905960274464e-02
-2.465609823746591628e-02
-2.619149867590410755e-02
-2.767552796249589386e-02
-2.913974150262174309e-02
-3.062653883041218869e-02
-3.217114556501744771e-02
-3.378758336654413830e-02
-3.546439082318238872e-02
-3.717142461053642849e-02
-3.887424006597833825e-02
-4.054943141943932738e-02
-4.219421058975928590e-02
-4.382635026145435125e-02
-4.547504950729309992e-02
-4.716728315445208736e-02
-4.891600778012231143e-02
-5.071548268914333191e-02
-5.254550727079225492e-02
-5.438220684763521440e-02
-5.621006012037522981e-02
-5.802944658664577204e-02
-5.985624265414397210e-02
-6.171382495654491318e-02
-6.362144668297324557e-02
-6.558465745279157266e-02
-6.759245485505294138e-02
-6.962264877435009325e-02
-7.165298370906075798e-02
-7.367274307832775981e-02
-7.568919460896007811e-02
-7.772554188736000014e-02
-7.981098984694741383e-02
-8.196730573875522785e-02
-8.419809431923246101e-02
-8.648600008064860623e-02
-8.879957730140834726e-02
-9.110715586810265443e-02
-9.339166554668790199e-02
-9.565966651852370051e-02
-9.794018001116340522e-02
-1.002733409005406029e-01
-1.026934861645168034e-01
-1.052139768689540900e-01
-1.078205655062465379e-01
-1.104765844169899869e-01
-1.131381298925667189e-01
-1.157729612581163969e-01
-1.183750116390186180e-01
-1.209680865777650050e-01
-1.235968579484181123e-01
-1.263087178266256161e-01
-1.291340746145482887e-01
-1.320734869716549409e-01
-1.350972339815946222e-01
-1.381576722972351901e-01
-1.412092705591786179e-01
-1.442278879492156773e-01
-1.472211208434364704e-01
-1.502253273835187641e-01
-1.532906031642020106e-01
-1.564600940757116809e-01
-1.597524090672280128e-01
-1.631545190424256164e-01
-1.666280098277466704e-01
-1.701258544766212633e-01
-1.736124394751185074e-01
-1.770783129744153139e-01
-1.805435257727224241e-01
-1.840484322817896312e-01
-1.876362105012606973e-01
-1.913348036433052402e-01
-1.951460304353852815e-01
-1.990463023355055483e-01
-2.029982302936348959e-01
-2.069676879035704242e-01
-2.109386804749106004e-01
-2.149195715020854325e-01
-2.189382374247310636e-01
-2.230287376129052868e-01
-2.272158032329283373e-01
-2.315042409383992750e-01
-2.358779240059453719e-01
-2.403085510303887007e-01
-2.447698575084994999e-01
-2.492505170058375019e-01
-2.537596654390028572e-01
-2.583224844085090788e-01
-2.629679650225590359e-01
-2.677146765051502952e-01
-2.725613600164141781e-01
-2.774869758642407036e-01
-2.824604376468765055e-01
-2.874556771554125367e-01
-2.924650279358826377e-01
-2.975044682875593316e-01
-3.026078504438169947e-01
-3.078122830729866366e-01
-3.131410594434638206e-01
-3.185919514944127173e-01
-3.241365536284598337e-01
-3.297315578368795741e-01
-3.353374551102563661e-01
-3.409366039501013912e-01
-3.465425423202968536e-01
-3.521959869411721011e-01
-3.579486877379984833e-01
-3.638417121272518040e-01
-3.698874180886617680e-01
-3.760630755164316996e-01
-3.823192850377673535e-01
-3.886000370847518814e-01
-3.948661579694797141e-01
-4.011122423006922011e-01
-4.073697484190074158e-01
-4.136946924797936243e-01
-4.201448921231776268e-01
-4.267561949477015060e-01
-4.335276532011130834e-01
-4.404218870356255700e-01
-4.473804939778151524e-01
-4.543480581917115901e-01
-4.612947388716492902e-01
-4.682280819678610317e-01
-4.751892957043605814e-01
-4.822357765469016955e-01
-4.894173817012537064e-01
-4.967564131239888825e-01
-5.042394996844291599e-01
-5.118243876060185604e-01
-5.194583336965797882e-01
-5.271000443647753109e-01
-5.347358925451729528e-01
-5.423838911297641507e-01
-5.500843191937466736e-01
-5.578815863990080892e-01
-5.658054369952630891e-01
-5.738594985251453950e-01
-5.820216494209664582e-01
-5.902553513998893830e-01
-5.985263787614257813e-01
-6.068173223695711993e-01
-6.151336290684559227e-01
-6.234990141699237043e-01
-6.319429436631361918e-01
-6.404863248632672867e-01
-6.491320737660762896e-01
-6.578646990775827152e-01
-6.666587048079044564e-01
-6.754915022772627342e-01
-6.843545171876619371e-01
-6.932571634305700892e-01
-7.022218208844323017e-01
-7.112722642357284242e-01
-7.204211276432250788e-01
-7.296624982242257973e-01
-7.389733661893529426e-01
-7.483235123785462184e-01
-7.576894012115611421e-01
-7.670656267947967288e-01
-7.764684168270077347e-01
-7.859292170027951663e-01
-7.954808838046696362e-01
-8.051424745038902042e-01
-8.149094549604471993e-01
-8.247539230318281511e-01
-8.346351154391175031e-01
-8.445159256904968270e-01
-8.543784201628599195e-01
-8.642316247737102941e-01
-8.741080720531191339e-01
-8.840503695430058650e-01
-8.940933185522302873e-01
-9.042490375195371133e-01
-9.145013038075121559e-01
-9.248114625182425330e-01
-9.351334213282965768e-01
-9.454315166314555263e-01
-9.556939411896117065e-01
-9.659363797695688092e-01
-9.761946363686332395e-01
-9.865095341109471061e-01
-9.969103670712451404e-01
-1.007403509478663306e+00
-1.017970421349676968e+00
-1.028575329675070593e+00
-1.039179023315874417e+00
-1.049753029214392175e+00
-1.060288704760376843e+00
-1.070798194060946784e+00
-1.081307607965243722e+00
-1.091845737428285501e+00
-1.102432959847005733e+00
-1.113074383355877828e+00
-1.123759170855906042e+00
-1.134465424920279242e+00
-1.145168080744610739e+00
-1.155846612741799451e+00
-1.166490035416465343e+00
-1.177098143264617480e+00
-1.187679438258958831e+00
-1.198247112053512087e+00
-1.208814590523697774e+00
-1.219391723506444203e+00
-1.229982136060559839e+00
-1.240581909415267470e+00
-1.251179719491432252e+00
-1.261758628917860392e+00
-1.272299598159716050e+00
-1.282786280791672562e+00
-1.293209922767404318e+00
-1.303572608201047922e+00
-1.313887155227838166e+00
-1.324172906319619036e+00
-1.334448269966916678e+00
-1.344722503133756630e+00
-1.354990058568248834e+00
-1.365230277001605597e+00
-1.375413282530137948e+00
-1.385510315950040372e+00
-1.395504549819877704e+00
-1.405397769385873019e+00
-1.415209654637020975e+00
-1.424969365767974061e+00
-1.434702523301392141e+00
-1.444418964603724431e+00
-1.454106702903596338e+00
-1.463735113147092815e+00
-1.473266430984969233e+00
-1.482670867928554292e+00
-1.491938760462152569e+00
-1.501084166842229672e+00
-1.510137924236125695e+00
-1.519132881973134452e+00
-1.528087721452950021e+00
-1.536996707976757248e+00
-1.545830324259584110e+00
-1.554546940142278455e+00
-1.563110575710456418e+00
-1.571506746848392755e+00
-1.579748900432784264e+00
-1.587871985419787801e+00
-1.595915544663513375e+00
-1.603903743738967602e+00
-1.611831579684662952e+00
-1.619664118793799457e+00
-1.627349886464099615e+00
-1.634842960344943030e+00
-1.642123916457491228e+00
-1.649209717081103532e+00
-1.656147182730911771e+00
-1.662992012081658366e+00
-1.669782171596880804e+00
-1.676517644893978254e+00
-1.683156343829337986e+00
-1.689629149515778916e+00
-1.695868441038398622e+00
-1.701837932762384709e+00
-1.707550286541142270e+00
-1.713063693337181448e+00
-1.718457669961381828e+00
-1.723797745307592111e+00
-1.729104271872877074e+00
-1.734339592424903209e+00
-1.739420330235359913e+00
-1.744250687133771738e+00
-1.748763046032049351e+00
-1.752948239324937818e+00
-1.756861583789470327e+00
-1.760600875473249838e+00
-1.764264772886660504e+00
-1.767909033720464151e+00
-1.771519734098340848e+00
-1.775015873977097591e+00
-1.778281333415137277e+00
-1.781213267118906041e+00
-1.783766372221907925e+00
-1.785973589301888209e+00
-1.787933482513374361e+00
-1.789768809215440681e+00
-1.791573546043784049e+00
-1.793371125983486358e+00
-1.795102312034989156e+00
-1.796648653756325764e+00
-1.797882101803105037e+00
-1.798719756140223058e+00
-1.799160060241844050e+00
-1.799284379601002071e+00
-1.799222689828077204e+00
-1.799097718529443224e+00
-1.798971515522932663e+00
-1.798817746130674911e+00
-1.798532045764065224e+00
-1.797976565271776961e+00
-1.797039166400043797e+00
-1.795683314541558273e+00
-1.793961991551663804e+00
-1.792002319524435672e+00
-1.789932990058106022e+00
-1.787883149450158804e+00
-1.785512584958859783e+00
-1.782720703428326559e+00
-1.779689317857685804e+00
-1.776560869800351217e+00
-1.773448414997730094e+00
-1.770364432956822442e+00
-1.767223679166143091e+00
-1.763878649549194044e+00
-1.760184251156419188e+00
-1.756060023655447555e+00
-1.751524220568811074e+00
-1.746685213280978921e+00
-1.741694507074560638e+00
-1.736681951946866143e+00
-1.731701063366238635e+00
-1.726707609944981625e+00
-1.721580054496152368e+00
-1.716172453930774555e+00
-1.710376788646026602e+00
-1.704168113393998096e+00
-1.697613741998275971e+00
-1.690843374287467338e+00
-1.683993652743323466e+00
-1.677151100093168257e+00
-1.670317460923963937e+00
-1.663411403234333230e+00
-1.656304871131790923e+00
-1.648877896301892187e+00
-1.641068429940859552e+00
-1.632896583345213593e+00
-1.624454047717439398e+00
-1.615864285532253586e+00
-1.607231023915620227e+00
-1.598596766983304107e+00
-1.589928044658198258e+00
-1.581132397381194821e+00
-1.572098811651025274e+00
-1.562744045045383112e+00
-1.553045658186622546e+00
-1.543048890093049685e+00
-1.532845809115477298e+00
-1.522536560057717647e+00
-1.512189259239077099e+00
-1.501814750196130088e+00
-1.491365561067548917e+00
-1.480758171457369210e+00
-1.469908437112470878e+00
-1.458765381972801922e+00
-1.447330106323737375e+00
-1.435653252101240396e+00
-1.423813281538638842e+00
-1.411885152890845152e+00
-1.399912074748193902e+00
-1.387891013416378216e+00
-1.375776680993671786e+00
-1.363501418632789175e+00
-1.351002571661528595e+00
-1.338246680736393746e+00
-1.325241644070810354e+00
-1.312032941627792493e+00
-1.298686046097556446e+00
-1.285262054338426774e+00
-1.271795668012865033e+00
-1.258283439493530942e+00
-1.244686281048159593e+00
-1.230945073678891388e+00
-1.217003591940817087e+00
-1.202830410716270393e+00
-1.188431808852738136e+00
-1.173850818702361964e+00
-1.159152469044864908e+00
-1.144400305111802796e+00
-1.129632684248607077e+00
-1.114847825305100404e+00
-1.100003759183570740e+00
-1.085033985455907679e+00
-1.069873603102814430e+00
-1.054486234560263469e+00
-1.038881078593771212e+00
-1.023112609408604490e+00
-1.007261897381379612e+00
-9.914059583357058836e-01
-9.755869026827190815e-01
-9.597935933663865882e-01
-9.439642498972120599e-01
-9.280102997296361123e-01
-9.118528826511784757e-01
-8.954574761774795055e-01
-8.788519140069103175e-01
-8.621191365121010364e-01
-8.453662058812843050e-01
-8.286813482132425746e-01
-8.120966392952591040e-01
-7.955725994943564361e-01
-7.790125080977452487e-01
-7.623019011971785552e-01
-7.453576241125265955e-01
-7.281658492019603690e-01
-7.107921534629939586e-01
-6.933579550005223302e-01
-6.759918839555776326e-01
-6.587759627085650882e-01
-6.417096011307926728e-01
-6.247077086334651419e-01
-6.076351367296092265e-01
-5.903639941442896388e-01
-5.728298938920112215e-01
-5.550627348747909640e-01
-5.371777824775356702e-01
-5.193295578105956434e-01
-5.016472991896817613e-01
-4.841793973514745275e-01
-4.668711821119705396e-01
-4.495866766761870692e-01
-4.321661061125870451e-01
-4.144951575137963973e-01
-3.965562229232163505e-01
-3.784389117919285117e-01
-3.603042779143556529e-01
-3.423172304059390325e-01
-3.252353933875015146e-01
-3.092261577118293747e-01
-2.942560295919027236e-01
-2.802915152406919019e-01
-2.672991208711805733e-01
-2.552453526963399111e-01
-2.440967169291500816e-01
-2.338197197825904183e-01
-2.243808674696334549e-01
-2.157466662032605231e-01
-2.078836221964449615e-01
-2.007582416621658261e-01
-1.943370308134016178e-01
-1.885864958631267296e-01
-1.834731430243206340e-01
-1.789634785099583625e-01
-1.750240085330182216e-01
-1.716212393064779906e-01
-1.687216770433132562e-01
-1.662918279565026025e-01
-1.642981982590218937e-01
-1.627072941638489922e-01
-1.614856218839611224e-01
-1.605996876323349809e-01
-1.600159976219480973e-01
-1.597010580657771961e-01
-1.596213751767997513e-01
-1.597434551679927650e-01
-1.600338042523334614e-01
-1.604589286427987593e-01
-1.609853345523660773e-01
-1.615795281940123895e-01
-1.622080157807147260e-01
-1.628373035254504497e-01
-1.634338976411964239e-01
-1.639643043409301226e-01
-1.643950298376284369e-01
-1.646925803442685354e-01
-1.648234620738275591e-01
-1.647541812392827598e-01
-1.644512440536111120e-01
-1.638811567297896454e-01
-1.630104254807960285e-01
-1.618055565196065970e-01
-1.602330560591994080e-01
-1.582594303125506308e-01
-1.558511854926378504e-01
-1.529748278124388183e-01
-1.495968634849293710e-01
-1.456837987230871767e-01
-1.412021397398905698e-01
-1.361183927483145817e-01
-1.303990639613386293e-01
-1.240106595919373000e-01
-1.169196858530890393e-01
-1.090926489577724867e-01
-1.004960551189615914e-01
-9.109641054963718565e-02
-8.086022146277221934e-02
-6.975399407134597052e-02
-5.774423458833810585e-02
-4.479744922672057594e-02
-3.088014419947621159e-02
-1.595882571957601970e-02
0.000000000000000000e+00
