2.710505431213761085e-19
-9.524774879683504817e-05
-1.854509082309787140e-04
-2.707543789601839831e-04
-3.513030616422830417e-04
-4.272418569350503966e-04
-4.987156654962639430e-04
-5.658693879837485216e-04
-6.288479250552681497e-04
-6.877961773686450120e-04
-7.428590455816572744e-04
-7.941814303520885240e-04
-8.419082323377544402e-04
-8.861843521964283101e-04
-9.271546905859228858e-04
-9.649641481640213207e-04
-9.997576255885100207e-04
-1.031680023517198919e-03
-1.060876242607865748e-03
-1.087491183518318272e-03
-1.111669746906343223e-03
-1.133556833429729500e-03
-1.153297343746280748e-03
-1.171036178513780879e-03
-1.186918238390032455e-03
-1.201088424032823940e-03
-1.213691636099947487e-03
-1.224872775249201753e-03
-1.234776742138375205e-03
-1.243548437425265416e-03
-1.251332761767664755e-03
-1.258274615823365156e-03
-1.264518900250162677e-03
-1.270210515705848600e-03
-1.275494362848219199e-03
-1.280515342335066410e-03
-1.285418354824182817e-03
-1.290348300973364476e-03
-1.295450081440402889e-03
-1.300868596883093462e-03
-1.306748747959229212e-03
-1.313235435326601643e-03
-1.320473559643008110e-03
-1.328608021566238164e-03
-1.337783721754089595e-03
-1.348145560864354121e-03
-1.359838439554822810e-03
-1.373007258483294104e-03
-1.387796918307556034e-03
-1.404352319685408558e-03
-1.422818363274642528e-03
-1.443339949733046194e-03
-1.466061979718423416e-03
-1.491129353888556589e-03
-1.518686972901251092e-03
-1.548879737414294959e-03
-1.581852548085474269e-03
-1.617750305572597438e-03
-1.656717910533441439e-03
-1.698900263625817723e-03
-1.744442265507512154e-03
-1.793488816836306260e-03
-1.846184818270015611e-03
-1.902675170466411108e-03
-1.963104774083309842e-03
-2.027618529778495507e-03
-2.096361338209743776e-03
-2.169478100034880411e-03
-2.247113715911666122e-03
-2.329413086497927974e-03
-2.416521112451444891e-03
-2.510803817684581322e-03
-2.619810760946470092e-03
-2.738425469696636246e-03
-2.857276296077904554e-03
-2.966776176213368511e-03
-3.061250688606608969e-03
-3.141374646328475712e-03
-3.213870124635746783e-03
-3.288600060172619521e-03
-3.374313144012615080e-03
-3.474875080861817341e-03
-3.587608183513650399e-03
-3.704451463404535329e-03
-3.815437145033475329e-03
-3.912981659634519153e-03
-3.995141578941906364e-03
-4.066433724538757490e-03
-4.135870468181874170e-03
-4.213062102191453273e-03
-4.304072031569331283e-03
-4.408813712140454387e-03
-4.521106456839631658e-03
-4.631358253959940233e-03
-4.730711040643955506e-03
-4.814855459305222157e-03
-4.885869010612263821e-03
-4.951290738649773843e-03
-5.020840526480216566e-03
-5.102207436135510615e-03
-5.197729823412627036e-03
-5.303400053606897348e-03
-5.410618499952129026e-03
-5.509931478889125434e-03
-5.595130029007980288e-03
-5.665932963191556287e-03
-5.728093522678520330e-03
-5.790886398365119835e-03
-5.863067893041778132e-03
-5.949063833417269319e-03
-6.047043535697962761e-03
-6.149715977285897216e-03
-6.247501723327065701e-03
-6.332702834664502393e-03
-6.402858006565806046e-03
-6.461822807780770971e-03
-6.518101704397108453e-03
-6.581152307275277107e-03
-6.657264579478750118e-03
-6.746805512537807151e-03
-6.844031151998924284e-03
-6.939556875275497416e-03
-7.024422757980062181e-03
-7.093993819791836672e-03
-7.150000142286639174e-03
-7.199822199517043331e-03
-7.253317922076938686e-03
-7.318555736331508813e-03
-7.398299147222568012e-03
-7.488771669170992892e-03
-7.581251457801947181e-03
-7.665817282941530565e-03
-7.735633681753658307e-03
-7.789922888478796950e-03
-7.834331652413824287e-03
-7.878523726736162691e-03
-7.932027533910656486e-03
-8.000125427108831233e-03
-8.081559262151391185e-03
-8.169048628534103171e-03
-8.252406896558348720e-03
-8.322918462703330841e-03
-8.377093174560383895e-03
-8.418177036444212877e-03
-8.454762645371769261e-03
-8.497093371228951059e-03
-8.552651839399781977e-03
-8.622935207140518254e-03
-8.702810729797160263e-03
-8.782733917412587771e-03
-8.852873447107997146e-03
-8.907357734661548038e-03
-8.946806018159713172e-03
-8.978047914188052800e-03
-9.011153238718113898e-03
-9.055059644964065513e-03
-9.113694237991645797e-03
-9.184272945782421399e-03
-9.258518211619229388e-03
-9.326269315812155819e-03
-9.379917424230718032e-03
-9.417734619063641149e-03
-9.444641064654953413e-03
-9.470066013781782213e-03
-9.503824508729077220e-03
-9.551803480995291543e-03
-9.613345654131027693e-03
-9.681490067433243946e-03
-9.745987858244094942e-03
-9.797795852493400293e-03
-9.833088049992578031e-03
-9.855014562249785406e-03
-9.872408485778926684e-03
-9.895969991255686160e-03
-9.933569315152025736e-03
-9.986717951978536789e-03
-1.004977557948246586e-02
-1.011228748569812513e-02
-1.016348419455355596e-02
-1.019701597337757497e-02
-1.021384809726488818e-02
-1.022204183342235312e-02
-1.023334819332854043e-02
-1.025837645390899160e-02
-1.030127674441422107e-02
-1.035977843620544507e-02
-1.041908454960955438e-02
-1.045808534783030860e-02
-1.047430978731587504e-02
-1.047337974785341255e-02
-1.046830829044999300e-02
-1.047360287529230244e-02
-1.049938784353714703e-02
-1.054704076001457790e-02
-1.060855939921204021e-02
-1.066981274148458107e-02
-1.071638774392030292e-02
-1.073958754150860888e-02
-1.074008421037653954e-02
-1.072769317794764095e-02
-1.071735201209109145e-02
-1.072296565359843329e-02
-1.075166709583938104e-02
-1.080086949247690241e-02
-1.085932625534302177e-02
-1.091175536788291031e-02
-1.094511198604874481e-02
-1.095391992783839585e-02
-1.094247491184815665e-02
-1.092303322595250190e-02
-1.091075827604438310e-02
-1.091752839500165738e-02
-1.094715486718262840e-02
-1.099394544624818920e-02
-1.104514978654478133e-02
-1.108622744972529231e-02
-1.110674346963222599e-02
-1.110448248220837798e-02
-1.108614969559468255e-02
-1.106445562915702591e-02
-1.105285962983393669e-02
-1.106016438631354619e-02
-1.108715222678866713e-02
-1.112655690190819148e-02
-1.116626746609224521e-02
-1.119435090630205298e-02
-1.120379305259559810e-02
-1.119505445973371580e-02
-1.117550656325754649e-02
-1.115612460002893269e-02
-1.114691526251331867e-02
-1.115300409829285758e-02
-1.117293252161554590e-02
-1.119971853849200359e-02
-1.122406752215083896e-02
-1.123827187512544366e-02
-1.123915044023417187e-02
-1.122889176074533951e-02
-1.121362332638062113e-02
-1.120049822282695798e-02
-1.119465471983913801e-02
-1.119734976024529781e-02
-1.120595308505224763e-02
-1.121561960801091898e-02
-1.122173112773120970e-02
-1.122192899179921995e-02
-1.121684276403941798e-02
-1.120929697918165123e-02
-1.120251594982307405e-02
-1.119830083593312264e-02
-1.119611852932857719e-02
-1.119354617778560781e-02
-1.118780881002088765e-02
-1.117757889916923611e-02
-1.116405550379894959e-02
-1.115068307539401025e-02
-1.114154889879701363e-02
-1.113918928292820416e-02
-1.114289608494387421e-02
-1.114845757149112056e-02
-1.114963698198569685e-02
-1.114086662094815328e-02
-1.111999642385677611e-02
-1.108979642260981592e-02
-1.105737208428638624e-02
-1.103153992742861647e-02
-1.101914676787916353e-02
-1.102187850439400978e-02
-1.103501449249675616e-02
-1.104883901565207639e-02
-1.105231067717603322e-02
-1.103757953920824798e-02
-1.100348277450583986e-02
-1.095647540073305982e-02
-1.090845312989738650e-02
-1.087220683733121536e-02
-1.085627846319903687e-02
-1.086131625990656782e-02
-1.087948888003389784e-02
-1.089731092236599988e-02
-1.090084220134819593e-02
-1.088121948984753506e-02
-1.083829012157788881e-02
-1.078084142513924606e-02
-1.072327354441776799e-02
-1.067999966160613698e-02
-1.065979254661715732e-02
-1.066233687490230828e-02
-1.067836947623195844e-02
-1.069334715426263453e-02
-1.069316621673285263e-02
-1.066964042710646932e-02
-1.062356393503730879e-02
-1.056418676474038358e-02
-1.050538802171729208e-02
-1.046014738244968080e-02
-1.043555744127790119e-02
-1.043033692520068528e-02
-1.043573771733845128e-02
-1.043934271963990745e-02
-1.043010769973257146e-02
-1.040256865817116433e-02
-1.035857134848730196e-02
-1.030597179903501581e-02
-1.025502550149575733e-02
-1.021409497509948375e-02
-1.018649184286783693e-02
-1.016968303808090529e-02
-1.015700954079422867e-02
-1.014098126536176758e-02
-1.011659108105350882e-02
-1.008318307611732155e-02
-1.004415201904491559e-02
-1.000478134042748560e-02
-9.969369909037082214e-03
-9.939077443126331790e-03
-9.911519997281780306e-03
-9.882269931576309965e-03
-9.847475048959450708e-03
-9.806249645347514532e-03
-9.761575479337697772e-03
-9.719152815523060540e-03
-9.684641522955832194e-03
-9.660564281101862230e-03
-9.644406981863012235e-03
-9.628992398780469864e-03
-9.605199823423471797e-03
-9.565990319476065304e-03
-9.509986067427022086e-03
-9.442897161982493834e-03
-9.375917138453397290e-03
-9.321500060412123145e-03
-9.288138339250191777e-03
-9.276334629853874580e-03
-9.277610743409037825e-03
-9.277222897447706326e-03
-9.259715551255579338e-03
-9.215185745055498936e-03
-9.143698844754237498e-03
-9.055916568764985422e-03
-8.969462810228555349e-03
-8.902282925052207654e-03
-8.865543956221431932e-03
-8.858920442310472265e-03
-8.870256885036403513e-03
-8.879902681640839540e-03
-8.868143448631449904e-03
-8.822866943094444941e-03
-8.744435589559560948e-03
-8.645785141550642316e-03
-8.547628090515580965e-03
-8.470575720112089035e-03
-8.427235021612178995e-03
-8.417364121844562314e-03
-8.427976798770282774e-03
-8.438346803841667923e-03
-8.427948340891916468e-03
-8.384238307244148980e-03
-8.307277837478662871e-03
-8.209460425923496146e-03
-8.110543511361301833e-03
-8.029999449390519059e-03
-7.979694891337275539e-03
-7.959700111376475859e-03
-7.958734185845211043e-03
-7.958902541114811283e-03
-7.942731824303076935e-03
-7.899697111224473003e-03
-7.829761162453522175e-03
-7.742726334165051655e-03
-7.653890488570787992e-03
-7.577910500219357456e-03
-7.523362954334176372e-03
-7.490053974466436351e-03
-7.469904539389026800e-03
-7.450771880080904117e-03
-7.421460076367470023e-03
-7.375845318909575628e-03
-7.314576844681315061e-03
-7.243930943445978446e-03
-7.172590203824566989e-03
-7.107893605974338960e-03
-7.053162666709576409e-03
-7.007085594185596261e-03
-6.965154307140660438e-03
-6.922252903055934117e-03
-6.875081246760969197e-03
-6.823311934912179230e-03
-6.769081748678454011e-03
-6.715257330547442366e-03
-6.663488075236308900e-03
-6.613110775507748465e-03
-6.561490919163923477e-03
-6.505619157321421327e-03
-6.444114248123488688e-03
-6.378536818607786346e-03
-6.313220400887935291e-03
-6.253541883066429490e-03
-6.203346194682103111e-03
-6.162730674492016003e-03
-6.127330584126539081e-03
-6.089629673407249283e-03
-6.041907202372944798e-03
-5.979633733274408031e-03
-5.903818332555199437e-03
-5.821160643275621709e-03
-5.741752455916130510e-03
-5.675135193208555480e-03
-5.626291646991177925e-03
-5.593277108581022443e-03
-5.567590717689295879e-03
-5.537280941709002771e-03
-5.491622607809047707e-03
-5.425493544866936274e-03
-5.341635663417746045e-03
-5.249803899898779561e-03
-5.163060494648752212e-03
-5.092652756704213642e-03
-5.043523610209082325e-03
-5.012279916541625274e-03
-4.988467832225501955e-03
-4.958669661970943957e-03
-4.911788052178225547e-03
-4.843397097889023430e-03
-4.757420858142228336e-03
-4.664487772248722582e-03
-4.577654486166309045e-03
-4.507244956184269444e-03
-4.456881239907690279e-03
-4.422263377374209201e-03
-4.393114256767059050e-03
-4.357420463225528118e-03
-4.306199923705645097e-03
-4.236871344755443504e-03
-4.153937398887697953e-03
-4.066829204908466167e-03
-3.985915199897812310e-03
-3.918374219777431139e-03
-3.865603257113098615e-03
-3.823113979632770682e-03
-3.782797996481982936e-03
-3.736471860936905857e-03
-3.679150247581887672e-03
-3.610714430890537771e-03
-3.535413455754055859e-03
-3.459596952914812274e-03
-3.388807550695871473e-03
-3.325552411756490731e-03
-3.268668986839902077e-03
-3.214414841562967824e-03
-3.158613486442777771e-03
-3.098748061593018140e-03
-3.034992093526566511e-03
-2.969741558108804531e-03
-2.905976817037793543e-03
-2.845362274166924558e-03
-2.787115727887539470e-03
-2.728283692816164431e-03
-2.665336585730190833e-03
-2.596297326373082220e-03
-2.522284939585040051e-03
-2.447569899041661997e-03
-2.377925843264939564e-03
-2.317910396359677133e-03
-2.268314465642452555e-03
-2.225073487249071107e-03
-2.180366174256753546e-03
-2.125658605473894434e-03
-2.055505782114696797e-03
-1.970441570930873618e-03
-1.877534387170224413e-03
-1.788101206135691255e-03
-1.713298239287362095e-03
-1.659320014718941496e-03
-1.624261223102769873e-03
-1.598144910341300949e-03
-1.566373638239748622e-03
-1.515411658608198505e-03
-1.438468444034997178e-03
-1.338797064156637545e-03
-1.229067360160429395e-03
-1.126822551523005197e-03
-1.047660761081608931e-03
-9.988177640584277889e-04
-9.758024735086943914e-04
-9.636114102902653723e-04
-9.422428324028222710e-04
-8.944616915992624918e-04
-8.127674761939757912e-04
-7.027293104128132109e-04
-5.812224172820178040e-04
-4.701107485037667091e-04
-3.877690525555451415e-04
-3.417740407043682455e-04
-3.256988055468693056e-04
-3.213656901582064604e-04
-3.057626851888537931e-04
-2.599587216701175116e-04
-1.765234362814249041e-04
-6.250991990408784782e-05
6.320725575028582387e-05
1.772204871743601664e-04
2.606551885387287278e-04
3.064582503178884458e-04
3.220600269641446111e-04
3.263915998724140977e-04
3.424650142374596491e-04
3.884579764775699566e-04
4.707974384966906846e-04
5.819067085521532380e-04
7.034110202316840900e-04
8.134463678423918586e-04
8.951374545201532364e-04
9.429150880895046652e-04
9.642797438604510610e-04
9.764664808638914015e-04
9.994770980846358170e-04
1.048315160200678211e-03
1.127471840240060370e-03
1.229711421702729896e-03
1.339435795160387119e-03
1.439101708771352729e-03
1.516039255701982866e-03
1.566995304614123702e-03
1.598760351967270284e-03
1.624870154748515698e-03
1.659922178040473296e-03
1.713893412034812489e-03
1.788689197284867470e-03
1.878115018644771136e-03
1.971014656595140770e-03
2.056071114502878126e-03
2.126215957241910613e-03
2.180915314040097162e-03
2.225614202633232133e-03
2.268846582276091203e-03
2.318433783551336180e-03
2.378440402179149253e-03
2.448075537651107740e-03
2.522781544726001267e-03
2.596784744950259016e-03
2.665814623624924561e-03
2.728752132720922881e-03
2.787574359245873195e-03
2.845810923169712382e-03
2.906415364481722448e-03
2.970169937943739537e-03
3.035410273030041822e-03
3.099156011664684456e-03
3.159011154399751428e-03
3.214802137316878465e-03
3.269045787205613132e-03
3.325918579661957079e-03
3.389162959781641133e-03
3.459941506159000361e-03
3.535747090101906513e-03
3.611037106799387143e-03
3.679461929628711006e-03
3.736772499831727407e-03
3.783087522082227358e-03
3.823392309110997325e-03
3.865870314812183250e-03
3.918629959124618999e-03
3.986159615979903773e-03
4.067062329942337101e-03
4.154159280444545341e-03
4.237082014854861786e-03
4.306399372009405736e-03
4.357608626879290459e-03
4.393291033104852750e-03
4.422428656131800750e-03
4.457034942864796997e-03
4.507387068205278950e-03
4.577785064451629811e-03
4.664606929092374177e-03
4.757528723387068580e-03
4.843493775816530740e-03
4.911873590093340271e-03
4.958744043051048142e-03
4.988530995200007173e-03
5.012331793674454361e-03
5.043564167513100126e-03
5.092682019653964505e-03
5.163078549138829659e-03
5.249810869008397080e-03
5.341631670994958711e-03
5.425478682551830231e-03
5.491596920348296336e-03
5.537244437029315708e-03
5.567543396886551720e-03
5.593219001801569279e-03
5.626222838184149859e-03
5.675055821420156750e-03
5.741662691267168314e-03
5.821060647389318665e-03
5.903708220829953848e-03
5.979513556465645800e-03
6.041776957212244802e-03
6.089489339608979840e-03
6.127180173423553596e-03
6.162570271433015848e-03
6.203175971525135522e-03
6.253362081416659161e-03
6.313031286430241702e-03
6.378338626669511312e-03
6.443907141968628280e-03
6.505403216103873391e-03
6.561266160382754446e-03
6.612877202668738207e-03
6.663245731031619719e-03
6.715006333887829637e-03
6.768822301198971006e-03
6.823044295485925989e-03
6.874805685748174716e-03
6.921969659007275004e-03
6.964863558664737692e-03
7.006787446668833429e-03
7.052857188991743312e-03
7.107580880818673702e-03
7.172270375833574886e-03
7.243604232680069498e-03
7.314243531463138909e-03
7.375505691143266832e-03
7.421114372019329761e-03
7.450420263125007159e-03
7.469547105089280152e-03
7.489690786996073581e-03
7.522994100339155249e-03
7.577536135891536906e-03
7.653510859502793244e-03
7.742341758586790412e-03
7.829371983999187587e-03
7.899303640621330169e-03
7.942334294567759620e-03
7.958501095393897412e-03
7.958328903261886050e-03
7.959291060045956337e-03
7.979282185936818761e-03
8.029583288653059647e-03
8.110124179433637892e-03
8.209038257029796851e-03
8.306853159347361154e-03
8.383811388052060665e-03
8.427519363053578155e-03
8.437915876329523529e-03
8.427544002728212108e-03
8.416929569450703683e-03
8.426798901924638374e-03
8.470138310919320124e-03
8.547189729904381902e-03
8.645346170666052404e-03
8.743996291141607757e-03
8.822427503004553681e-03
8.867703958291365748e-03
8.879463181849853518e-03
8.869817433582559071e-03
8.858481176810165114e-03
8.865105125229382280e-03
8.901844871927008795e-03
8.969025918771024800e-03
9.055481183034281081e-03
9.143265190262829176e-03
9.214753913889109360e-03
9.259285538715333538e-03
9.276794672865951857e-03
9.277184332200785061e-03
9.275910177026749220e-03
9.287716112538596178e-03
9.321080398893054689e-03
9.375500392105225178e-03
9.442483619273769196e-03
9.509575909066907834e-03
9.565583617422610332e-03
9.604796584535212414e-03
9.628592633304582440e-03
9.644010766661079842e-03
9.660171790364383698e-03
9.684253013752565364e-03
9.718768575442090704e-03
9.761195760085702999e-03
9.805874612145529592e-03
9.847104768343391268e-03
9.881904403039524012e-03
9.911159214561550065e-03
9.938721457599740405e-03
9.969018866529684442e-03
1.000443547435957842e-02
1.004381160218646013e-02
1.008284835179624681e-02
1.011626220420468007e-02
1.014065827993522115e-02
1.015669240438146943e-02
1.016937168387737137e-02
1.018618625243563301e-02
1.021379523021486227e-02
1.025473179214132433e-02
1.030568438353553218e-02
1.035829048272213747e-02
1.040229452447074751e-02
1.042984036644257866e-02
1.043908214910316441e-02
1.043548381890312127e-02
1.043008963003120085e-02
1.043531676598444952e-02
1.045991345329175433e-02
1.050516104842912253e-02
1.056396697535989977e-02
1.062335150069089115e-02
1.066943541064464991e-02
1.069296856895003527e-02
1.069315676049566524e-02
1.067818623351819360e-02
1.066216076556417147e-02
1.065962367477035766e-02
1.067983823475881534e-02
1.072311980604439240e-02
1.078069556633183372e-02
1.083815222428678032e-02
1.088108950702249000e-02
1.090071998528008637e-02
1.089719630444231299e-02
1.087938175950721627e-02
1.086121666535683206e-02
1.085618655771926171e-02
1.087212286360659218e-02
1.090837731721411817e-02
1.095640787326151132e-02
1.100342350067081733e-02
1.103752834521172337e-02
1.105226732060482150e-02
1.104880328918056778e-02
1.103498631422123594e-02
1.102185795627722009e-02
1.101913406532917770e-02
1.103153533213232541e-02
1.105737579662329287e-02
1.108980849885855824e-02
1.112001675303521224e-02
1.114089497088989987e-02
1.114967309487300239e-02
1.114850126808990260e-02
1.114294733324483304e-02
1.113924820232131511e-02
1.114161569871702402e-02
1.115075795556456049e-02
1.116413855961861067e-02
1.117767007331037059e-02
1.118790791100580766e-02
1.119365295696895385e-02
1.119623278214174240e-02
1.119842248255950232e-02
1.120264505955413659e-02
1.120943372722690672e-02
1.121698734018374347e-02
1.122208149706673680e-02
1.122189150309304238e-02
1.121578763624790469e-02
1.120612845990600140e-02
1.119753220050297843e-02
1.119484408565065738e-02
1.120069455797273981e-02
1.121382682510638565e-02
1.122910266504629356e-02
1.123936892616501926e-02
1.123849794060323946e-02
1.122430097045725578e-02
1.119995904953061637e-02
1.117317975834107927e-02
1.115325782525862161e-02
1.114717542217693973e-02
1.115639131503280354e-02
1.117578006300141806e-02
1.119533496210799520e-02
1.120408065100671896e-02
1.119464550996054387e-02
1.116656881860499800e-02
1.112686466958987680e-02
1.108746611802423343e-02
1.106048425010529822e-02
1.105318549063696171e-02
1.106478764384798488e-02
1.108648805750434875e-02
1.110482730994694425e-02
1.110709472522742811e-02
1.108658492881043310e-02
1.104551318421782315e-02
1.099431446892189419e-02
1.094752933995154359e-02
1.091790831551128944e-02
1.091114378912339845e-02
1.092342452833512147e-02
1.094287212789805432e-02
1.095432301123218551e-02
1.094552069244646500e-02
1.091216931358876714e-02
1.085974503958827414e-02
1.080129283256095647e-02
1.075209491738637543e-02
1.072339809594988376e-02
1.071778934438467022e-02
1.072813565867011647e-02
1.074053194971589034e-02
1.074004041868966558e-02
1.071684542791834574e-02
1.067027480548931803e-02
1.060902545528397481e-02
1.054751057907976457e-02
1.049986141025631425e-02
1.047408035041585798e-02
1.046878989936761255e-02
1.047386564327887869e-02
1.047479994535889698e-02
1.045857954219932794e-02
1.041958241315667395e-02
1.036027958582560506e-02
1.030178088491262058e-02
1.025888342442428554e-02
1.023385798753298145e-02
1.022255455963151129e-02
1.021436388518755234e-02
1.019753487196192916e-02
1.016400610528044902e-02
1.011281216153657979e-02
1.005030269055021998e-02
9.987247189706487810e-03
9.934100489521337923e-03
9.896503078351919641e-03
9.872943604246300908e-03
9.855551888027396998e-03
9.833627705599595412e-03
9.798337818356605416e-03
9.746531944235817257e-03
9.682035956899244164e-03
9.613893001533072372e-03
9.552352021317586650e-03
9.504374131993325453e-03
9.470616773429254079e-03
9.445193117317450190e-03
9.418288122804470072e-03
9.380472439844805485e-03
9.326825753751171247e-03
9.259075846524789793e-03
9.184831490671990090e-03
9.114253444003975191e-03
9.055619381713082144e-03
9.011713519546611650e-03
8.978608855489969565e-03
8.947367752080373146e-03
8.907920314245082807e-03
8.853436790424700636e-03
8.783297821374084005e-03
8.703374937627968155e-03
8.623499506283284141e-03
8.553216128635240251e-03
8.497657687068740917e-03
8.455327132995963529e-03
8.418741862557895320e-03
8.377658426382094195e-03
8.323484078188610885e-03
8.252972656941866270e-03
8.169614207757223273e-03
8.082124335742523619e-03
8.000689789457476886e-03
7.932591163737703205e-03
7.879086777698610794e-03
7.834894374793186303e-03
7.790485531633790581e-03
7.736196368259003024e-03
7.666379946722218924e-03
7.581813870768181265e-03
7.489333530836094627e-03
7.398860200960390848e-03
7.319115860408257832e-03
7.253877157014811464e-03
7.200380701689096732e-03
7.150558086626013221e-03
7.094551296989807035e-03
7.024979713742443392e-03
6.940113120127429196e-03
6.844586438088310146e-03
6.747359643136607854e-03
6.657817501041741852e-03
6.581704140324018751e-03
6.518652695719414150e-03
6.462373221177483001e-03
6.403407997495802820e-03
6.333252363085671056e-03
6.248050544492111773e-03
6.150263718054807885e-03
6.047589827688978036e-03
5.949608449537922839e-03
5.863610831402047037e-03
5.791427878633091664e-03
5.728633895812827899e-03
5.666472571033582054e-03
5.595669070675456970e-03
5.510469936804127805e-03
5.411156157736207208e-03
5.303936596120642846e-03
5.198264963538837442e-03
5.102741034734138356e-03
5.021372640071869280e-03
4.951821554249432288e-03
4.886398753042012558e-03
4.815384278189350706e-03
4.731238939853312821e-03
4.631885084121443834e-03
4.521632008273152384e-03
4.409337805555378631e-03
4.304594599598978236e-03
4.213583231372760272e-03
4.136390364398466468e-03
4.066952621371900528e-03
3.995659618673230197e-03
3.913498830584425520e-03
3.815953277425932454e-03
3.704966293073778429e-03
3.588121460324284005e-03
3.475386675148413752e-03
3.374823112476303330e-03
3.289108632411991053e-03
3.214377614894729784e-03
3.141881327300376486e-03
3.061756680342577527e-03
2.967281392496876145e-03
2.857780478785004134e-03
2.738928299836155753e-03
2.620311993798547096e-03
2.511303385681930289e-03
2.417019152944460333e-03
2.329909204512169152e-03
2.247607375522711875e-03
2.169968782322157994e-03
2.096848541256524957e-03
2.028101768671897436e-03
1.963583580914294181e-03
1.903149094329786200e-03
1.846653425264434961e-03
1.793951690064267239e-03
1.744899005075358379e-03
1.699350486643738624e-03
1.657161251115471393e-03
1.618186414836615553e-03
1.582281094153205900e-03
1.549300405411309757e-03
1.519099464956965607e-03
1.491533389136231666e-03
1.466457294295164197e-03
1.443726296779805802e-03
1.423195512936216650e-03
1.404720059110439777e-03
1.388155051648531663e-03
1.373355606896547055e-03
1.360176841200531591e-03
1.348473870906542402e-03
1.338101812360625344e-03
1.328915781908836247e-03
1.320770895897228122e-03
1.313522270671848126e-03
1.307025022578752090e-03
1.301134267963988253e-03
1.295705123173610494e-03
1.290592704553671392e-03
1.285652128450220054e-03
1.280738511209310575e-03
1.275706969176992282e-03
1.270412618699318834e-03
1.264710576122341943e-03
1.258455957792112018e-03
1.251503880054682287e-03
1.243709459256102726e-03
1.234927811742425694e-03
1.225014053859704855e-03
1.213823301953988448e-03
1.201210672371332954e-03
1.187031281457783579e-03
1.171140245559395936e-03
1.153392681022224770e-03
1.133643704192314637e-03
1.111748431415725703e-03
1.087561979038500354e-03
1.060939463406694204e-03
1.031736000866366552e-03
9.998067077635552306e-04
9.650067004443182387e-04
9.271910952547170442e-04
8.862150085407853595e-04
8.419335566485939767e-04
7.942018559241742232e-04
7.428750227135877838e-04
6.878081733628989454e-04
6.288564242181344816e-04
5.658748916253727741e-04
4.987186919306373437e-04
4.272429414799937784e-04
3.513027566195100516e-04
2.707532536952051306e-04
1.854495490531673715e-04
9.524675903940836921e-05
-4.336808689942017736e-19
