5.609035288371882366e+00
5.597793276475095503e+00
5.586551260663884300e+00
5.575309236962570303e+00
5.564067201336277080e+00
5.552825149772588453e+00
5.541583078282013908e+00
5.530340982897993918e+00
5.519098859676895508e+00
5.507856704698017580e+00
5.496614514063587364e+00
5.485372283898763079e+00
5.474129981614493268e+00
5.462887567315311443e+00
5.451645043724095530e+00
5.440402413836755713e+00
5.429159680639602747e+00
5.417916847109352396e+00
5.406673916213121878e+00
5.395430890908434307e+00
5.384187774143218697e+00
5.372944568855803738e+00
5.361701277974924906e+00
5.350457904419720023e+00
5.339214451099730141e+00
5.327970920914903985e+00
5.316727316755589072e+00
5.305483641502541481e+00
5.294239898026916968e+00
5.282996089190276301e+00
5.271752217844587918e+00
5.260508286832219049e+00
5.249264298985942823e+00
5.238020257128936485e+00
5.226776164074779629e+00
5.215532022627460407e+00
5.204287835581362209e+00
5.193043605721281430e+00
5.181799335822412367e+00
5.170555028650357876e+00
5.159310686961118719e+00
5.148066313501102442e+00
5.136821911007123376e+00
5.125577482206394642e+00
5.114333029816537923e+00
5.103088556545574583e+00
5.091844065091931881e+00
5.080599558144442085e+00
5.069355038382338918e+00
5.058110508475262002e+00
5.046865971083252411e+00
5.035621428856756232e+00
5.024376884436626334e+00
5.013132340454115266e+00
5.001887799530880585e+00
4.990643264278984859e+00
4.979398737300892996e+00
4.968154221189474917e+00
4.956909718528004660e+00
4.945665231890159497e+00
4.934420763840019042e+00
4.923176316932068808e+00
4.911931893711199315e+00
4.900687496712700764e+00
4.889443128462271915e+00
4.878198791476012097e+00
4.866954488260424760e+00
4.855710221312420138e+00
4.844465993119308145e+00
4.833221806158805478e+00
4.821977662899032957e+00
4.810733565798511968e+00
4.799489517306171571e+00
4.788245519861341393e+00
4.777001575893758734e+00
4.765757687823561461e+00
4.754513858061292453e+00
4.743270089007898704e+00
4.732026383054729557e+00
4.720782742583541136e+00
4.709539169966491023e+00
4.698295667566141809e+00
4.687052237735458426e+00
4.675808882817810819e+00
4.664565605146973937e+00
4.653322407047125076e+00
4.642079290832844762e+00
4.630836258809118533e+00
4.619593313271336044e+00
4.608350456505290182e+00
4.597107690787177958e+00
4.585865018383599612e+00
4.574622441551559504e+00
4.563379962538467005e+00
4.552137583582133828e+00
4.540895306910777585e+00
4.529653134743015563e+00
4.518411069287872728e+00
4.507169112744778161e+00
4.495927265751458179e+00
4.484685519493726069e+00
4.473443872439989200e+00
4.462202324859413594e+00
4.450960877014086492e+00
4.439719529159006584e+00
4.428478281542094663e+00
4.417237134404190080e+00
4.405996087979050735e+00
4.394755142493348643e+00
4.383514298166678813e+00
4.372273555211551255e+00
4.361032913833395419e+00
4.349792374230558423e+00
4.338551936594306824e+00
4.327311601108822181e+00
4.316071367951206383e+00
4.304831237291480761e+00
4.293591209292581645e+00
4.282351284110366585e+00
4.271111461893608130e+00
4.259871742783999160e+00
4.248632126916150220e+00
4.237392614417589520e+00
4.226153205408764713e+00
4.214913900003038449e+00
4.203674698306694602e+00
4.192435600418935593e+00
4.181196606431877960e+00
4.169957716430561234e+00
4.158718930492939947e+00
4.147480248689886295e+00
4.136241671085194582e+00
4.125003197735571447e+00
4.113764828690646524e+00
4.102526563992966224e+00
4.091288403677992846e+00
4.080050347774110797e+00
4.068812396302618595e+00
4.057574549277735976e+00
4.046336806706598566e+00
4.035099168589261431e+00
4.023861634918697305e+00
4.012624205680797473e+00
4.001386880854370887e+00
3.990149660411145494e+00
3.978912544315764688e+00
3.967675532525793081e+00
3.956438624991712949e+00
3.945201821656923347e+00
3.933965122457741881e+00
3.922728527323403380e+00
3.911492036176063891e+00
3.900255648930795349e+00
3.889019365495587799e+00
3.877783185771349395e+00
3.866547109651905956e+00
3.855311137024002743e+00
3.844075267767304016e+00
3.832839501754389033e+00
3.821603838850756940e+00
3.810368278914825435e+00
3.799132821797928994e+00
3.787897467344322422e+00
3.776662215391176858e+00
3.765427065768581105e+00
3.754192018299543410e+00
3.742957072799989682e+00
3.731722229078764386e+00
3.720487486937629207e+00
3.709252846171264384e+00
3.698018306567268265e+00
3.686783867906157752e+00
3.675549529961367856e+00
3.664315292499250365e+00
3.653081155279077397e+00
3.641847118053035626e+00
3.630613180566234721e+00
3.619379342556698909e+00
3.608145603755372299e+00
3.596911963886115782e+00
3.585678422665707910e+00
3.574444979803847566e+00
3.563211635003151301e+00
3.551978387959153327e+00
3.540745238360302860e+00
3.529512185887973885e+00
3.518279230216451392e+00
3.507046371012945141e+00
3.495813607937577672e+00
3.484580940643391855e+00
3.473348368776349560e+00
3.462115891975328541e+00
3.450883509872126442e+00
3.439651222091459015e+00
3.428419028250958789e+00
3.417186927961178178e+00
3.405954920825585486e+00
3.394723006440569790e+00
3.383491184395436502e+00
3.372259454272408696e+00
3.361027815646629779e+00
3.349796268086159046e+00
3.338564811151975675e+00
3.327333444397975626e+00
3.316102167529603850e+00
3.304870983425969744e+00
3.293639893015992026e+00
3.282408895909806557e+00
3.271177991719122158e+00
3.259947180057221505e+00
3.248716460538960682e+00
3.237485832780769623e+00
3.226255296400650785e+00
3.215024851018181806e+00
3.203794496254509294e+00
3.192564231732359481e+00
3.181334057076028454e+00
3.170103971911386598e+00
3.158873975865876371e+00
3.147644068568514530e+00
3.136414249649891683e+00
3.125184518742174067e+00
3.113954875479095996e+00
3.102725319495969636e+00
3.091495850429678338e+00
3.080266467918680195e+00
3.069037171603006264e+00
3.057807961124261009e+00
3.046578836125622303e+00
3.035349796251840981e+00
3.024120841149242178e+00
3.012891970465724434e+00
3.001663183850759253e+00
2.990434480955391550e+00
2.979205861432238756e+00
2.967977324935494376e+00
2.956748871120923550e+00
2.945520499645864820e+00
2.934292210169230142e+00
2.923064002351504875e+00
2.911835875854749123e+00
2.900607830342595062e+00
2.889379865480248721e+00
2.878151980934489540e+00
2.866924176373669031e+00
2.855696451467715224e+00
2.844468805888127783e+00
2.833241239307979775e+00
2.822013751401915904e+00
2.810786341846158720e+00
2.799559010318499741e+00
2.788331756498307445e+00
2.777104580066521500e+00
2.765877480705654978e+00
2.754650458099796140e+00
2.743423511934604875e+00
2.732196641897316258e+00
2.720969847676736553e+00
2.709743128963247205e+00
2.698516485448802626e+00
2.687289916826930636e+00
2.676063422792732460e+00
2.664837003042883179e+00
2.653610657275629947e+00
2.642384385190795104e+00
2.631158186489773065e+00
2.619932060875532986e+00
2.608706008052616099e+00
2.597480027727137930e+00
2.586254119606787416e+00
2.575028283400826012e+00
2.563802518820089915e+00
2.552576825576988284e+00
2.541351203385502799e+00
2.530125651961190325e+00
2.518900171021178913e+00
2.507674760284173132e+00
2.496449419470447406e+00
2.485224148301852676e+00
2.473998946501811513e+00
2.462773813795319455e+00
2.451548749908948555e+00
2.440323754570839832e+00
2.429098827510712599e+00
2.417873968459855138e+00
2.406649177151130914e+00
2.395424453318979463e+00
2.384199796699408402e+00
2.372975207030004086e+00
2.361750684049922722e+00
2.350526227499894816e+00
2.339301837122225614e+00
2.328077512660791992e+00
2.316853253861046014e+00
2.305629060470011815e+00
2.294404932236286943e+00
2.283180868910043682e+00
2.271956870243025950e+00
2.260732935988553294e+00
2.249509065901517335e+00
2.238285259738381772e+00
2.227061517257187262e+00
2.215837838217543876e+00
2.204614222380639088e+00
2.193390669509230229e+00
2.182167179367651144e+00
2.170943751721806425e+00
2.159720386339175402e+00
2.148497082988811702e+00
2.137273841441340139e+00
2.126050661468961600e+00
2.114827542845448605e+00
2.103604485346146635e+00
2.092381488747976803e+00
2.081158552829431851e+00
2.069935677370578819e+00
2.058712862153057710e+00
2.047490106960081047e+00
2.036267411576438313e+00
2.025044775788487073e+00
2.013822199384163625e+00
2.002599682152974125e+00
1.991377223885999026e+00
1.980154824375893963e+00
1.968932483416884649e+00
1.957710200804773981e+00
1.946487976336935599e+00
1.935265809812316995e+00
1.924043701031440623e+00
1.912821649796400347e+00
1.901599655910864994e+00
1.890377719180076355e+00
1.879155839410848738e+00
1.867934016411571641e+00
1.856712249992205965e+00
1.845490539964288468e+00
1.834268886140927535e+00
1.823047288336804517e+00
1.811825746368176615e+00
1.800604260052871330e+00
1.789382829210293124e+00
1.778161453661416314e+00
1.766940133228791954e+00
1.755718867736542066e+00
1.744497657010362524e+00
1.733276500877524162e+00
1.722055399166868783e+00
1.710834351708814927e+00
1.699613358335351432e+00
1.688392418880041657e+00
1.677171533178023477e+00
1.665950701066006179e+00
1.654729922382274454e+00
1.643509196966685515e+00
1.632288524660668871e+00
1.621067905307230550e+00
1.609847338750945989e+00
1.598626824837968252e+00
1.587406363416020705e+00
1.576185954334400563e+00
1.564965597443980672e+00
1.553745292597203953e+00
1.542525039648090734e+00
1.531304838452230976e+00
1.520084688866789824e+00
1.508864590750506496e+00
1.497644543963692287e+00
1.486424547737287938e+00
1.475204588988668908e+00
1.463984662478663212e+00
1.452764768096800330e+00
1.441544905731059645e+00
1.430325075267874224e+00
1.419105276592124598e+00
1.407885509587144535e+00
1.396665774134717486e+00
1.385446070115076589e+00
1.374226397406908662e+00
1.363006755887347543e+00
1.351787145431981640e+00
1.340567565914847270e+00
1.329348017208431987e+00
1.318128499183675695e+00
1.306909011709966872e+00
1.295689554655146791e+00
1.284470127885506185e+00
1.273250731265786362e+00
1.262031364659180532e+00
1.250812027927331371e+00
1.239592720930333680e+00
1.228373443526732167e+00
1.217154195573521225e+00
1.205934976926148927e+00
1.194715787438510590e+00
1.183496626962955656e+00
1.172277495350281917e+00
1.161058392449738408e+00
1.149839318109025843e+00
1.138620272174294179e+00
1.127401254490146165e+00
1.116182264899633569e+00
1.104963303244258954e+00
1.093744369363977009e+00
1.082525463097191665e+00
1.071306584280758978e+00
1.060087732749984246e+00
1.048868908338625117e+00
1.037650110878888920e+00
1.026431340201433118e+00
1.015212596135368406e+00
1.003993878508252946e+00
9.927751871460990252e-01
9.815565218733671715e-01
9.703378825129689300e-01
9.591192688862684168e-01
9.479006808130778783e-01
9.366821181116631312e-01
9.254635805987384556e-01
9.142450680894693704e-01
9.030265803974735217e-01
8.918081173348171298e-01
8.805896787120196523e-01
8.693712643380493432e-01
8.581528740203250294e-01
8.469345075647184418e-01
8.357161647755496636e-01
8.244978454555915715e-01
8.132795494060662822e-01
8.020612764266467076e-01
7.908430263154581086e-01
7.796247988690740982e-01
7.684065938825217490e-01
7.571884111492761527e-01
7.459702504612656382e-01
7.347521116088675530e-01
7.235339943809099283e-01
7.123158985646734775e-01
7.010978239458871553e-01
6.898797703087329314e-01
6.786617374358420163e-01
6.674437251082963041e-01
6.562257331056300380e-01
6.450077612058259247e-01
6.337898091853201299e-01
6.225718768189971719e-01
6.113539638801928078e-01
6.001360701406951437e-01
5.889181953707405270e-01
5.777003393390188757e-01
5.664825018126686818e-01
5.552646825572792322e-01
5.440468813368924961e-01
5.328290979139986838e-01
5.216113320495412431e-01
5.103935835029124179e-01
4.991758520319555803e-01
4.879581373929661736e-01
4.767404393406882712e-01
4.655227576283190172e-01
4.543050920075046850e-01
4.430874422283419545e-01
4.318698080393804095e-01
4.206521891876177088e-01
4.094345854185048594e-01
3.982169964759417202e-01
3.869994221022789449e-01
3.757818620383196473e-01
3.645643160233155156e-01
3.533467837949711421e-01
3.421292650894395271e-01
3.309117596413270190e-01
3.196942671836887073e-01
3.084767874480303651e-01
2.972593201643106142e-01
2.860418650609362068e-01
2.748244218647670767e-01
2.636069903011122317e-01
2.523895700937311970e-01
2.411721609648363185e-01
2.299547626350880725e-01
2.187373748236002557e-01
2.075199972479354615e-01
1.963026296241071889e-01
1.850852716665813968e-01
1.738679230882723969e-01
1.626505836005476824e-01
1.514332529132237093e-01
1.402159307345676176e-01
1.289986167712992293e-01
1.177813107285865524e-01
1.065640123100509012e-01
9.534672121776244236e-02
8.412943715224209529e-02
7.291215981246342015e-02
6.169488889584823915e-02
5.047762409827159097e-02
3.926036511405678331e-02
2.804311163598038198e-02
1.682586335526782551e-02
5.608619961595312509e-03
-5.608618856908964903e-03
-1.682585341366606493e-02
-2.804308402364754163e-02
-3.926031100337355750e-02
-5.047753467091354446e-02
-6.169475534588740595e-02
-7.291197334946057651e-02
-8.412918900435145675e-02
-9.534640263482647982e-02
-1.065636145667012841e-01
-1.177808251273420176e-01
-1.289980346456603977e-01
-1.402152434521209690e-01
-1.514324518787364682e-01
-1.626496602590687957e-01
-1.738668689282302782e-01
-1.850840782228788672e-01
-1.963012884812254666e-01
-2.075185000430289084e-01
-2.187357132495973688e-01
-2.299529284437894228e-01
-2.411701459700092698e-01
-2.523873661742140340e-01
-2.636045894039088511e-01
-2.748218160081480343e-01
-2.860390463375365178e-01
-2.972562807442245547e-01
-3.084735195819157116e-01
-3.196907632058612059e-01
-3.309080119728617375e-01
-3.421252662412683221e-01
-3.533425263709775721e-01
-3.645597927234392466e-01
-3.757770656616506999e-01
-3.869943455501589913e-01
-3.982116327550614399e-01
-4.094289276440008507e-01
-4.206462305861730089e-01
-4.318635419523218499e-01
-4.430808621147404036e-01
-4.542981914472722926e-01
-4.655155303253066257e-01
-4.767328791257854359e-01
-4.879502382271987959e-01
-4.991676080095861501e-01
-5.103849888545370916e-01
-5.216023811451871994e-01
-5.328197852662246436e-01
-5.440372016038856895e-01
-5.552546305459573617e-01
-5.664720724817718933e-01
-5.776895278022143865e-01
-5.889069968997183713e-01
-6.001244801682663610e-01
-6.113419780033915174e-01
-6.225594908021722107e-01
-6.337770189632399020e-01
-6.449945628867744807e-01
-6.562121229745045969e-01
-6.674296996297093276e-01
-6.786472932572136241e-01
-6.898649042633955286e-01
-7.010825330561804014e-01
-7.123001800450434740e-01
-7.235178456410102932e-01
-7.347355302566518365e-01
-7.459532343060920612e-01
-7.571709582050031306e-01
-7.683887023706063024e-01
-7.796064672216733715e-01
-7.908242531785214524e-01
-8.020420606630208615e-01
-8.132598900985901214e-01
-8.244777419101962934e-01
-8.356956165243576429e-01
-8.469135143691376433e-01
-8.581314358741529702e-01
-8.693493814705677281e-01
-8.805673515910960036e-01
-8.917853466700019771e-01
-9.030033671430952591e-01
-9.142214134477386622e-01
-9.254394860228428721e-01
-9.366575853088680015e-01
-9.478757117478245897e-01
-9.590938657832683845e-01
-9.703120478603085575e-01
-9.815302584256020424e-01
-9.927484979273548671e-01
-1.003966766815324041e+00
-1.015185065540811671e+00
-1.026403394556672843e+00
-1.037621754317310963e+00
-1.048840145278678637e+00
-1.060058567898278348e+00
-1.071277022635158671e+00
-1.082495509949921608e+00
-1.093714030304716145e+00
-1.104932584163240916e+00
-1.116151171990745317e+00
-1.127369794254023949e+00
-1.138588451421424619e+00
-1.149807143962842781e+00
-1.161025872349723764e+00
-1.172244637055062766e+00
-1.183463438553400637e+00
-1.194682277320831432e+00
-1.205901153834997075e+00
-1.217120068575089809e+00
-1.228339022021847970e+00
-1.239558014657562213e+00
-1.250777046966071504e+00
-1.261996119432764019e+00
-1.273215232544578246e+00
-1.284434386789998328e+00
-1.295653582659061831e+00
-1.306872820643353750e+00
-1.318092101236008284e+00
-1.329311424931710617e+00
-1.340530792226690915e+00
-1.351750203618732771e+00
-1.362969659607167205e+00
-1.374189160692875555e+00
-1.385408707378288362e+00
-1.396628300167382486e+00
-1.407847939565687323e+00
-1.419067626080281030e+00
-1.430287360219790083e+00
-1.441507142494391935e+00
-1.452726973415809697e+00
-1.463946853497318568e+00
-1.475166783253743397e+00
-1.486386763201456462e+00
-1.497606793858381913e+00
-1.508826875743988438e+00
-1.520046991839371087e+00
-1.531267106108135545e+00
-1.542487218787320868e+00
-1.553707331307033312e+00
-1.564927445088228009e+00
-1.576147561542713404e+00
-1.587367682073147934e+00
-1.598587808073040462e+00
-1.609807940926751835e+00
-1.621028082009490223e+00
-1.632248232687317779e+00
-1.643468394317146419e+00
-1.654688568246738933e+00
-1.665908755814709874e+00
-1.677128958350520227e+00
-1.688349177174486737e+00
-1.699569413597774137e+00
-1.710789668922399365e+00
-1.722009944441229790e+00
-1.733230241437981212e+00
-1.744450561187222748e+00
-1.755670904954373279e+00
-1.766891273995703227e+00
-1.778111669558333885e+00
-1.789332092880234093e+00
-1.800552545190226672e+00
-1.811773027707984873e+00
-1.822993541644031712e+00
-1.834214088199742632e+00
-1.845434668567339509e+00
-1.856655283929899980e+00
-1.867875935461349224e+00
-1.879096624326465070e+00
-1.890317351680876001e+00
-1.901538118671058264e+00
-1.912758926434341644e+00
-1.923979776098906358e+00
-1.935200668783783051e+00
-1.946421605598853910e+00
-1.957642587644848664e+00
-1.968863616013351026e+00
-1.980084691786794915e+00
-1.991305816038465126e+00
-2.002526989832494220e+00
-2.013748214223869404e+00
-2.024969490258426319e+00
-2.036190818972852590e+00
-2.047412201394686715e+00
-2.058633638542315403e+00
-2.069855131424977568e+00
-2.081076681042764775e+00
-2.092298288386617244e+00
-2.103519954438326955e+00
-2.114741680170533211e+00
-2.125963466546731073e+00
-2.137185314521263368e+00
-2.148407225039324686e+00
-2.159629199036960934e+00
-2.170851237441064896e+00
-2.182073341169385117e+00
-2.193295511130517905e+00
-2.204517748223911333e+00
-2.215740053339864790e+00
-2.226962427359525432e+00
-2.238184871154894839e+00
-2.249407385588822805e+00
-2.260629971515011327e+00
-2.271852629778013277e+00
-2.283075361213229293e+00
-2.294298166646914439e+00
-2.305521046896172876e+00
-2.316744002768958755e+00
-2.327967035064080203e+00
-2.339190144571190455e+00
-2.350413332070798056e+00
-2.361636598334260650e+00
-2.372859944123787201e+00
-2.384083370192438434e+00
-2.395306877284121505e+00
-2.406530466133598001e+00
-2.417754137466479936e+00
-2.428977891999229755e+00
-2.440201730439160777e+00
-2.451425653484434530e+00
-2.462649661824066527e+00
-2.473873756137922264e+00
-2.485097937096716780e+00
-2.496322205362018209e+00
-2.507546561586241118e+00
-2.518771006412654945e+00
-2.529995540475377780e+00
-2.541220164399379922e+00
-2.552444878800481654e+00
-2.563669684285351913e+00
-2.574894581451513176e+00
-2.586119570887337904e+00
-2.597344653172048989e+00
-2.608569828875721086e+00
-2.619795098559276614e+00
-2.631020462774491531e+00
-2.642245922063991337e+00
-2.653471476961254627e+00
-2.664697127990605541e+00
-2.675922875667223977e+00
-2.687148720497138044e+00
-2.698374662977226723e+00
-2.709600703595222537e+00
-2.720826842829703551e+00
-2.732053081150102258e+00
-2.743279419016701137e+00
-2.754505856880632209e+00
-2.765732395183882364e+00
-2.776959034359282263e+00
-2.788185774830518771e+00
-2.799412617012127402e+00
-2.810639561309494994e+00
-2.821866608118860587e+00
-2.833093757827308767e+00
-2.844321010812779882e+00
-2.855548367444064262e+00
-2.866775828080800892e+00
-2.878003393073482741e+00
-2.889231062763448321e+00
-2.900458837482892349e+00
-2.911686717554856418e+00
-2.922914703293235661e+00
-2.934142795002774751e+00
-2.945370992979067015e+00
-2.956599297508559765e+00
-2.967827708868549852e+00
-2.979056227327183670e+00
-2.990284853143461152e+00
-3.001513586567229108e+00
-3.012742427839187442e+00
-3.023971377190887377e+00
-3.035200434844729234e+00
-3.046429601013965538e+00
-3.057658875902697471e+00
-3.068888259705878419e+00
-3.080117752609312642e+00
-3.091347354789654389e+00
-3.102577066414410556e+00
-3.113806887641934917e+00
-3.125036818621434787e+00
-3.136266859492967907e+00
-3.147497010387442451e+00
-3.158727271426618799e+00
-3.169957642723103763e+00
-3.181188124380358584e+00
-3.192418716492695374e+00
-3.203649419145274901e+00
-3.214880232414111028e+00
-3.226111156366064492e+00
-3.237342191058851348e+00
-3.248573336541034973e+00
-3.259804592852031835e+00
-3.271035960022107947e+00
-3.282267438072378862e+00
-3.293499027014812786e+00
-3.304730726852227907e+00
-3.315962537578293290e+00
-3.327194459177529762e+00
-3.338426491625305026e+00
-3.349658634887842101e+00
-3.360890888922212660e+00
-3.372123253676338361e+00
-3.383355729088994401e+00
-3.394588315089802855e+00
-3.405821011599238446e+00
-3.417053818528627662e+00
-3.428286735780146532e+00
-3.439519763246821071e+00
-3.450752900812529056e+00
-3.461986148351999137e+00
-3.473219505730809953e+00
-3.484452972805393234e+00
-3.495686549423026257e+00
-3.506920235421842058e+00
-3.518154030630821438e+00
-3.529387934869797849e+00
-3.540621947949456061e+00
-3.551856069671327276e+00
-3.563090299827796681e+00
-3.574324638202101223e+00
-3.585559084568326504e+00
-3.596793638691410777e+00
-3.608028300327138727e+00
-3.619263069222150353e+00
-3.630497945113934755e+00
-3.641732927730831459e+00
-3.652968016792032646e+00
-3.664203212007576482e+00
-3.675438513078356895e+00
-3.686673919696116020e+00
-3.697909431543447312e+00
-3.709145048293795544e+00
-3.720380769611454586e+00
-3.731616595151570070e+00
-3.742852524560138505e+00
-3.754088557474006826e+00
-3.765324693520873733e+00
-3.776560932319286135e+00
-3.787797273478643589e+00
-3.799033716599196087e+00
-3.810270261272043602e+00
-3.821506907079139648e+00
-3.832743653593283728e+00
-3.843980500378129328e+00
-3.855217446988179475e+00
-3.866454492968789847e+00
-3.877691637856165219e+00
-3.888928881177359020e+00
-3.900166222450278664e+00
-3.911403661183681990e+00
-3.922641196877176384e+00
-3.933878829021221435e+00
-3.945116557097123611e+00
-3.956354380577043806e+00
-3.967592298923993344e+00
-3.978830311591833979e+00
-3.990068418025278341e+00
-4.001306617659886378e+00
-4.012544909922072911e+00
-4.023783294229104079e+00
-4.035021769989092455e+00
-4.046260336601005037e+00
-4.057498993454657921e+00
-4.068737739930717190e+00
-4.079976575400701577e+00
-4.091215499226980690e+00
-4.102454510762771456e+00
-4.113693609352146119e+00
-4.124932794330023356e+00
-4.136172065022175381e+00
-4.147411420745226174e+00
-4.158650860806645255e+00
-4.169890384504758352e+00
-4.181129991128739398e+00
-4.192369679958613204e+00
-4.203609450265256342e+00
-4.214849301310393592e+00
-4.226089232346603275e+00
-4.237329242617312808e+00
-4.248569331356800483e+00
-4.259809497790198130e+00
-4.271049741133482236e+00
-4.282290060593485492e+00
-4.293530455367888798e+00
-4.304770924645224817e+00
-4.316011467604876195e+00
-4.327252083417076456e+00
-4.338492771242910884e+00
-4.349733530234312973e+00
-4.360974359534067979e+00
-4.372215258275817362e+00
-4.383456225584042798e+00
-4.394697260574083941e+00
-4.405938362352129545e+00
-4.417179530015218347e+00
-4.428420762651243514e+00
-4.439662059338942868e+00
-4.450903419147907769e+00
-4.462144841138581342e+00
-4.473386324362256694e+00
-4.484627867861079586e+00
-4.495869470668041323e+00
-4.507111131806985860e+00
-4.518352850292612466e+00
-4.529594625130466845e+00
-4.540836455316948239e+00
-4.552078339839298771e+00
-4.563320277675622094e+00
-4.574562267794865633e+00
-4.585804309156830350e+00
-4.597046400712168079e+00
-4.608288541402378868e+00
-4.619530730159815413e+00
-4.630772965907680394e+00
-4.642015247560028257e+00
-4.653257574021764320e+00
-4.664499944188642111e+00
-4.675742356947267808e+00
-4.686984811175098464e+00
-4.698227305740441118e+00
-4.709469839502455457e+00
-4.720712411311147605e+00
-4.731955020007378110e+00
-4.743197664422858395e+00
-4.754440343380147205e+00
-4.765683055692659487e+00
-4.776925800164654845e+00
-4.788168575591246423e+00
-4.799411380758399126e+00
-4.810654214442926957e+00
-4.821897075412496569e+00
-4.833139962425621938e+00
-4.844382874231670577e+00
-4.855625809570859097e+00
-4.866868767174258537e+00
-4.878111745763783702e+00
-4.889354744052206492e+00
-4.900597760743147013e+00
-4.911840794531076249e+00
-4.923083844101316053e+00
-4.934326908130038269e+00
-4.945569985284265613e+00
-4.956813074221873450e+00
-4.968056173591585356e+00
-4.979299282032978446e+00
-4.990542398176475380e+00
-5.001785520643355021e+00
-5.013028648045745328e+00
-5.024271778986623360e+00
-5.035514912059819714e+00
-5.046758045850011420e+00
-5.058001178932730824e+00
-5.069244309874357590e+00
-5.080487437232124925e+00
-5.091730559554115132e+00
-5.102973675379260499e+00
-5.114216783237345965e+00
-5.125459881649004679e+00
-5.136702969125723328e+00
-5.147946044169839475e+00
-5.159189105274537113e+00
-5.170432150923854664e+00
-5.181675179592679648e+00
-5.192918189746752233e+00
-5.204161179842665241e+00
-5.215404148327852596e+00
-5.226647093640607977e+00
-5.237890014210075051e+00
-5.249132908456245694e+00
-5.260375774789963543e+00
-5.271618611612919558e+00
-5.282861417317661790e+00
-5.294104190287583833e+00
-5.305346928896932823e+00
-5.316589631510807656e+00
-5.327832296485150998e+00
-5.339074922166764381e+00
-5.350317506893296660e+00
-5.361560048993246674e+00
-5.372802546785966804e+00
-5.384044998581655861e+00
-5.395287402681367084e+00
-5.406529757377001921e+00
-5.417772060951315360e+00
-5.429014311677912374e+00
-5.440256507821244369e+00
-5.451498647636618955e+00
-5.462740729370191950e+00
-5.473982751258970048e+00
-5.485224711530812591e+00
-5.496466608404425358e+00
-5.507708440089369439e+00
-5.518950204786053249e+00
-5.530191900685738737e+00
-5.541433525970536067e+00
-5.552675078813407161e+00
-5.563916557378165706e+00
-5.575157959819474485e+00
-5.586399284282848043e+00
-5.597640528904650026e+00
-5.608881691812097614e+00
