-1.084202172485504434e-19
-1.324994135917416719e-04
-2.551721639254567750e-04
-3.683978132013626021e-04
-4.725559236197845406e-04
-5.680260573809695632e-04
-6.551877766851710392e-04
-7.344206437327017523e-04
-8.061042207238003268e-04
-8.706180698587708726e-04
-9.283417533378710961e-04
-9.796548333613618476e-04
-1.024936872129540190e-03
-1.064567431842659709e-03
-1.098926074701011071e-03
-1.128392362904857187e-03
-1.153345858654467255e-03
-1.174166124150125435e-03
-1.191232721592095506e-03
-1.204925213180657942e-03
-1.215623161116082158e-03
-1.223706127598641041e-03
-1.229553674828609425e-03
-1.233545365006259546e-03
-1.236060760331865373e-03
-1.237479423005700008e-03
-1.238180915228036119e-03
-1.238544799199147242e-03
-1.238950637119306262e-03
-1.239777991188786713e-03
-1.241406423607862349e-03
-1.244215496576805188e-03
-1.248584772295890499e-03
-1.254893812965388131e-03
-1.263522180785575308e-03
-1.274849437956723612e-03
-1.289255146679103761e-03
-1.307118869152993626e-03
-1.328820167578659804e-03
-1.354738604156384939e-03
-1.385253741086437795e-03
-1.420745140569082583e-03
-1.461592364804609970e-03
-1.508174975993273759e-03
-1.560872536335367652e-03
-1.620064608031156293e-03
-1.686130753280897388e-03
-1.759450534284892446e-03
-1.840403513243383561e-03
-1.929369252356678312e-03
-2.026727313825034404e-03
-2.132857259848699571e-03
-2.248138652627995268e-03
-2.372951054363141906e-03
-2.507674027254469615e-03
-2.652687133502224827e-03
-2.808369935306643563e-03
-2.975101994868070265e-03
-3.153262874386703225e-03
-3.343232136062895127e-03
-3.545389342096880256e-03
-3.760114054688883361e-03
-3.987785836039273168e-03
-4.228784248348219782e-03
-4.483488853816107976e-03
-4.752279214643154691e-03
-5.014428314090125030e-03
-5.193747948438315158e-03
-5.307670865604001247e-03
-5.401144831710290133e-03
-5.527225779865642744e-03
-5.724215539500122039e-03
-5.999184498295385276e-03
-6.324956415653334302e-03
-6.651831784767770275e-03
-6.928985052561531001e-03
-7.126314720152257184e-03
-7.247342881638474399e-03
-7.327630756044069271e-03
-7.419416698033649837e-03
-7.569106347793939406e-03
-7.797307494602261774e-03
-8.089992512544821532e-03
-8.404572499401286728e-03
-8.688248424132074058e-03
-8.900726488766623826e-03
-9.031518613904224863e-03
-9.104393229740841489e-03
-9.167079050791688416e-03
-9.270669928743556498e-03
-9.447619079961964983e-03
-9.697802597936852967e-03
-9.988630784489088352e-03
-1.026913129777848668e-02
-1.049191651048083512e-02
-1.063356380689862296e-02
-1.070463600423213896e-02
-1.074505070846491772e-02
-1.080682278953597891e-02
-1.093163409707082097e-02
-1.113289693557197729e-02
-1.139002638089196481e-02
-1.165736654308365157e-02
-1.188390278514499764e-02
-1.203525112920212151e-02
-1.210844636951154824e-02
-1.213316657848857727e-02
-1.215888254171637248e-02
-1.223348668377523610e-02
-1.238262476794998318e-02
-1.259865520528602109e-02
-1.284398647358271986e-02
-1.306733119378839132e-02
-1.322585175313193209e-02
-1.330363779128086038e-02
-1.331854519360905001e-02
-1.331445883445027747e-02
-1.334233112519119142e-02
-1.343818362662200887e-02
-1.360756240442438647e-02
-1.382314947016979705e-02
-1.403655631424801688e-02
-1.419920974866739453e-02
-1.428331893974937178e-02
-1.429387730189082134e-02
-1.426651961700793961e-02
-1.425215457412511329e-02
-1.429499753198570401e-02
-1.441347875051102526e-02
-1.459226964606442391e-02
-1.478888493592659704e-02
-1.495200875645653557e-02
-1.504363666410515367e-02
-1.505548114414857405e-02
-1.501255900758909773e-02
-1.496241202409825943e-02
-1.495461004368743747e-02
-1.501937493919067168e-02
-1.515454311108498445e-02
-1.532649134060978108e-02
-1.548463142333197581e-02
-1.558322839889362925e-02
-1.560113463900082188e-02
-1.555092568409023601e-02
-1.547349106093346034e-02
-1.542040419269846696e-02
-1.543167070931850474e-02
-1.551845573712865543e-02
-1.565825326850292520e-02
-1.580459904662036286e-02
-1.590714864139462434e-02
-1.593344228300708904e-02
-1.588295019579762796e-02
-1.578732192739254817e-02
-1.569672184499712117e-02
-1.565814785819829094e-02
-1.569509845307686877e-02
-1.579738191409015349e-02
-1.592549056575418356e-02
-1.602767396405513356e-02
-1.606234995574178440e-02
-1.601616549420235500e-02
-1.590987518123470820e-02
-1.578945471914385695e-02
-1.570624847490761575e-02
-1.569471071038168117e-02
-1.575737728874403512e-02
-1.586361617569084434e-02
-1.596276875594841715e-02
-1.600606379740183299e-02
-1.596784473238497745e-02
-1.585688668042762803e-02
-1.571283627672826616e-02
-1.558922768575593185e-02
-1.553035053945353225e-02
-1.555195097294303011e-02
-1.563415411517235856e-02
-1.572976897863933785e-02
-1.578450435851927805e-02
-1.576046138512135139e-02
-1.565272851830485853e-02
-1.549199384436547068e-02
-1.533135536864894261e-02
-1.522476135040840353e-02
-1.520014208337741764e-02
-1.525805205420625518e-02
-1.533348683354349151e-02
-1.532341456067223134e-02
-1.521767954562405073e-02
-1.503963815400670943e-02
-1.484485334708142423e-02
-1.469487837601674007e-02
-1.463228208176207273e-02
-1.466221161510974230e-02
-1.475032958316634460e-02
-1.483725210842559532e-02
-1.486362906556970565e-02
-1.479517274067716250e-02
-1.463709167742134609e-02
-1.443185327273522126e-02
-1.424126750897749399e-02
-1.412049297582925259e-02
-1.409493528106182947e-02
-1.414973831655920271e-02
-1.423622020524558350e-02
-1.429245360692527750e-02
-1.426926150652345349e-02
-1.415068395238602839e-02
-1.396037524032044466e-02
-1.375136924886392192e-02
-1.358365267262837649e-02
-1.349908387766123909e-02
-1.350420156590097925e-02
-1.356801353566178779e-02
-1.363548036491765876e-02
-1.365081746888123851e-02
-1.358071370857266529e-02
-1.342775919299592571e-02
-1.322864472946652485e-02
-1.303818090678580954e-02
-1.290611052069874642e-02
-1.285656470628105882e-02
-1.287869683691301656e-02
-1.293215195587406677e-02
-1.296471725947276332e-02
-1.293444271472852722e-02
-1.282682784759031983e-02
-1.265998664231218762e-02
-1.247595799966414593e-02
-1.232223105027244192e-02
-1.223159132751965722e-02
-1.220888978334468654e-02
-1.223012315936906035e-02
-1.225379792488654265e-02
-1.223930740470316123e-02
-1.216421549248778745e-02
-1.203306845104626030e-02
-1.187424032091397193e-02
-1.172660225856712174e-02
-1.162216265386887409e-02
-1.157238119008168441e-02
-1.156402126842518384e-02
-1.156605299723452093e-02
-1.154421256468131374e-02
-1.147652751675305033e-02
-1.136285052049635855e-02
-1.122426772605762506e-02
-1.109286244454365210e-02
-1.099664350776861227e-02
-1.094656875535031729e-02
-1.093158082877189984e-02
-1.092388827620498042e-02
-1.089203106323112340e-02
-1.081572144161923807e-02
-1.069562178319637645e-02
-1.055349224301463211e-02
-1.042250010822038352e-02
-1.033198048003075922e-02
-1.029354490315487376e-02
-1.029494861648390901e-02
-1.030473815486320638e-02
-1.028588698979756265e-02
-1.021251375740569491e-02
-1.008222196437006876e-02
-9.918345901042738971e-03
-9.760728770156825232e-03
-9.648729492527697432e-03
-9.603723971451944702e-03
-9.618826521953185993e-03
-9.660623820971414241e-03
-9.682589213023614499e-03
-9.644718589593336000e-03
-9.531047556269449730e-03
-9.357405341547844757e-03
-9.165776540372174569e-03
-9.007314800767968199e-03
-8.920972952061859140e-03
-8.916746240070060753e-03
-8.970741974233064839e-03
-9.034402603330382586e-03
-9.054256033228279613e-03
-8.994062976772083939e-03
-8.850106975577828536e-03
-8.653141237870653341e-03
-8.456037890859750134e-03
-8.312168439245808116e-03
-8.253455475070737776e-03
-8.277221893229425725e-03
-8.347321238871205362e-03
-8.409075375658964235e-03
-8.411791196978796181e-03
-8.329475736162687480e-03
-8.171170812173875198e-03
-7.976730106403963350e-03
-7.799963302978407155e-03
-7.686314571760803280e-03
-7.654425549260185369e-03
-7.689166748432932699e-03
-7.748804069170103434e-03
-7.783009939343644122e-03
-7.753950047696149019e-03
-7.651546560432715381e-03
-7.496662672784350223e-03
-7.331192790661291044e-03
-7.199610707269788260e-03
-7.130050502840950925e-03
-7.123003878355418060e-03
-7.152264165661420536e-03
-7.177361150894494106e-03
-7.161776365424620157e-03
-7.088842993421387399e-03
-6.968407285344044647e-03
-6.831527301567205668e-03
-6.715817396133206760e-03
-6.648147251036616058e-03
-6.632496683622904690e-03
-6.648385429935677049e-03
-6.660524008531852440e-03
-6.635287968643878778e-03
-6.556535117086884079e-03
-6.433537647170049778e-03
-6.297293511326656178e-03
-6.186685015791450540e-03
-6.130571481954061319e-03
-6.133871853859967915e-03
-6.174096208707875212e-03
-6.210263367810306238e-03
-6.200634454918887289e-03
-6.121627924018797386e-03
-5.979494635842321631e-03
-5.809248496151542089e-03
-5.660781254270275120e-03
-5.577746621616640720e-03
-5.578165698767072363e-03
-5.645269057376803463e-03
-5.732945143159549894e-03
-5.784013340106480480e-03
-5.753979492031588427e-03
-5.630354877639621308e-03
-5.439201291496494756e-03
-5.235728110003517836e-03
-5.082404156516971694e-03
-5.023381644068142075e-03
-5.065787990352482728e-03
-5.175816026747483319e-03
-5.291555710715663274e-03
-5.347600159510501258e-03
-5.301507487377201538e-03
-5.151297069858428931e-03
-4.936719603844150900e-03
-4.723629127098474996e-03
-4.577700698295480118e-03
-4.538139442283851098e-03
-4.602041627670114959e-03
-4.725710669592141436e-03
-4.842321099305221289e-03
-4.888699339222427748e-03
-4.830354099783933965e-03
-4.674707654368120621e-03
-4.467376373925512414e-03
-4.273277897953503893e-03
-4.150445479798337348e-03
-4.127228329796140197e-03
-4.191962112858394103e-03
-4.298938282549977750e-03
-4.387794879665383486e-03
-4.408084885801814325e-03
-4.338926886505839117e-03
-4.195970300825779473e-03
-4.023346458343889445e-03
-3.874493887636089751e-03
-3.790154573212421545e-03
-3.782675697953082582e-03
-3.832746816990160142e-03
-3.899284728893792802e-03
-3.937699010652437499e-03
-3.918507357726100371e-03
-3.838509623338455870e-03
-3.720235865626270871e-03
-3.600550185299662871e-03
-3.513863654288070220e-03
-3.477456500460949888e-03
-3.485149369963710594e-03
-3.511657854865326157e-03
-3.525187710757890416e-03
-3.502292176095490352e-03
-3.438234384459581440e-03
-3.348338942512829250e-03
-3.260007668901872355e-03
-3.199309664128252399e-03
-3.178446292706557479e-03
-3.189900752150616383e-03
-3.209955445531220437e-03
-3.209925582764078938e-03
-3.169911883370669231e-03
-3.088691283827506382e-03
-2.985075824841740711e-03
-2.889917007061746246e-03
-2.832198781357726097e-03
-2.825433312208201157e-03
-2.860587973256171340e-03
-2.908984978973783858e-03
-2.934221961422576411e-03
-2.908089026180493523e-03
-2.823523458686890645e-03
-2.698750462506008946e-03
-2.570476264908466181e-03
-2.478747317739993933e-03
-2.449806777953413613e-03
-2.484321664086391619e-03
-2.556216724620929276e-03
-2.622901209296255639e-03
-2.642788540307051785e-03
-2.592799547117150428e-03
-2.478426543164542143e-03
-2.331976916289169033e-03
-2.199559898631171014e-03
-2.122141297450938578e-03
-2.118544166283172110e-03
-2.177520772125020668e-03
-2.262260066455959538e-03
-2.325499666251049525e-03
-2.328964714055123397e-03
-2.259042907896619164e-03
-2.132195319130524448e-03
-1.987913953371329371e-03
-1.872247028148295604e-03
-1.818824374494743944e-03
-1.835288125311240357e-03
-1.900685856179342966e-03
-1.974726317036649970e-03
-2.014828491154038639e-03
-1.993705271985129427e-03
-1.910138466746689068e-03
-1.788622614977138786e-03
-1.668322702300234321e-03
-1.586271430848486437e-03
-1.562033624739975245e-03
-1.590252018581195508e-03
-1.643972977694806246e-03
-1.686986648277339924e-03
-1.689616326551152559e-03
-1.641072939656500543e-03
-1.553175940606166044e-03
-1.454132534752857571e-03
-1.375429251243383798e-03
-1.337811901511858385e-03
-1.342565939962012947e-03
-1.371804236013708482e-03
-1.397371718705396528e-03
-1.394129821605765871e-03
-1.351501857050991552e-03
-1.278039198778498997e-03
-1.197015137260994946e-03
-1.135171639469970172e-03
-1.109872049606774880e-03
-1.120647358823913947e-03
-1.149125420551013041e-03
-1.167493739646885539e-03
-1.151690935842893332e-03
-1.093248264943011330e-03
-1.004173805856178360e-03
-9.123337428984250493e-04
-8.491020829054052137e-04
-8.346880406840513850e-04
-8.678385138812536384e-04
-9.248955171014621411e-04
-9.691392849136562992e-04
-9.667104218671880664e-04
-9.022441585163077900e-04
-7.871438642923301102e-04
-6.563664871944871427e-04
-5.545035835906014354e-04
-5.167436334664944923e-04
-5.528291732175224810e-04
-6.411968950705529587e-04
-7.363867872864769031e-04
-7.871848539648021014e-04
-7.582057317301540847e-04
-6.458116151482925886e-04
-4.812979358438364491e-04
-3.194253172510695162e-04
-2.165371946668711819e-04
-2.070805485373088128e-04
-2.883453381691126311e-04
-4.201211169030116019e-04
-5.399307605944439698e-04
-5.880034986281684056e-04
-5.319120932800661247e-04
-3.806667615089466571e-04
-1.821696721280269922e-04
-4.669675900711768330e-06
9.052344333303969964e-05
7.404327746142209260e-05
-3.907861474031482628e-05
-1.947884570414331479e-04
-3.212749898943484308e-04
-3.576681123100884803e-04
-2.785935723618832515e-04
-1.045889037179479372e-04
1.059227649075625754e-04
2.799271499135451923e-04
3.590011799839569516e-04
3.226074347340035530e-04
1.961203088373472019e-04
4.041005045591594241e-05
-7.271193103882892103e-05
-8.919175342925119180e-05
6.002159798480906307e-06
1.835032999268112596e-04
3.820016937280139757e-04
5.332482312891254940e-04
5.893405264998835590e-04
5.412682203466779923e-04
4.214585470376791955e-04
2.896824116551075532e-04
2.084171261335187979e-04
2.178734018806544525e-04
3.207615177825678802e-04
4.826346120714548947e-04
6.471492384225178062e-04
7.595446444454215240e-04
7.885251663172416527e-04
7.377283384111829687e-04
6.425393285493405339e-04
5.541720417543436004e-04
5.180864808748527001e-04
5.558460887310780717e-04
6.577085465915649904e-04
7.884855895325330443e-04
9.035858155582907579e-04
9.680523595801901211e-04
9.704818005384780984e-04
9.262388383380071050e-04
8.691827329804012285e-04
8.360330750828970630e-04
8.504476870770086207e-04
9.136795440730750362e-04
1.005519365482008447e-03
1.094593136953754152e-03
1.153034767971249791e-03
1.168836329903621268e-03
1.150466746516762414e-03
1.121987575496728035e-03
1.111211443568633399e-03
1.136510541233764701e-03
1.198353807976636426e-03
1.279377718660877714e-03
1.352840065527419330e-03
1.395467290477669323e-03
1.398707833165051609e-03
1.373138333818044263e-03
1.343897458671141363e-03
1.339140536572809136e-03
1.376754986691269920e-03
1.455455632554328175e-03
1.554496820358746692e-03
1.642392003890508038e-03
1.690933801720749183e-03
1.688302474477449116e-03
1.645286780392336617e-03
1.591563152796978461e-03
1.563341298214297216e-03
1.587574851752291761e-03
1.669621223453727566e-03
1.789915857596723666e-03
1.911426320971990013e-03
1.994987836204618718e-03
2.016105978311920430e-03
1.975998928783282999e-03
1.901953694475913906e-03
1.836551153817663536e-03
1.820082364763121610e-03
1.873499547010288886e-03
1.989160373742500723e-03
2.133434856425826982e-03
2.260274715479961786e-03
2.330187988275386930e-03
2.326713777292943337e-03
2.263464652302527719e-03
2.178715774486050718e-03
2.119729787810524600e-03
2.123317902780980180e-03
2.200727843850449131e-03
2.333136338744445232e-03
2.479577210943371014e-03
2.593940801916908186e-03
2.643919351251580556e-03
2.624020330711010138e-03
2.557322937244206618e-03
2.485413992902831687e-03
2.450884655250546058e-03
2.479810626061556590e-03
2.571525262063470603e-03
2.699785608443194818e-03
2.824545190810461969e-03
2.909097548221005729e-03
2.935217095159486141e-03
2.909966122028245523e-03
2.861554145512994977e-03
2.826383294081485746e-03
2.833131310828369137e-03
2.890830957286508358e-03
2.985970355416036996e-03
3.089565927612498378e-03
3.170766538490625563e-03
3.210760397103774345e-03
3.210770716262358396e-03
3.190696785060584927e-03
3.179223262696291488e-03
3.200067451392248682e-03
3.260745783073616590e-03
3.349056460017784276e-03
3.438930032966606206e-03
3.502964470686110651e-03
3.525835184901133634e-03
3.512279306630124599e-03
3.485744062498443742e-03
3.478024211570384609e-03
3.514404619662242577e-03
3.601064992091936989e-03
3.720725186983922517e-03
3.838973897710227200e-03
3.918946575970867763e-03
3.938112580000753711e-03
3.899671479493186863e-03
3.833105196676677394e-03
3.783004053700949037e-03
3.790451455043894295e-03
3.874758284583479460e-03
4.023577932600989025e-03
4.196168932768268994e-03
4.339093107634354150e-03
4.408219263739967912e-03
4.387897886445125614e-03
4.299010132367456216e-03
4.192002657460554109e-03
4.127237031861360518e-03
4.150421424613691922e-03
4.273219896232894298e-03
4.467283100797810047e-03
4.674577844158655376e-03
4.830186694933413967e-03
4.888493611054821157e-03
4.842076735352401212e-03
4.725427787911697618e-03
4.601720692354869732e-03
4.537781127969860683e-03
4.577305643455313600e-03
4.723197648705694356e-03
4.936251492697918061e-03
5.150791508784524977e-03
5.300963136459904690e-03
5.347015408274081311e-03
5.290929001743750748e-03
5.175146159389401243e-03
5.065074360732306144e-03
5.022624305169456384e-03
5.081603732180332497e-03
5.234885560285931251e-03
5.438317552855563217e-03
5.629430557325319946e-03
5.753014667515491537e-03
5.783007487939957267e-03
5.731897230889912778e-03
5.644177773154394895e-03
5.577029724436612969e-03
5.576564866867292358e-03
5.659553043754286111e-03
5.807973581752504805e-03
5.978173151827932859e-03
6.120260293788359722e-03
6.199221247031123407e-03
6.208805149784273926e-03
6.172593409604852296e-03
6.132324703286105329e-03
6.128979897920016663e-03
6.185048570363714873e-03
6.295611457107941344e-03
6.431809002960246768e-03
6.554758823640669495e-03
6.633463088911475437e-03
6.658649934321428376e-03
6.646462037084541717e-03
6.630524370255983478e-03
6.646126863387857332e-03
6.713749989258228912e-03
6.829413821268232564e-03
6.966248283611600756e-03
7.086638425283536824e-03
7.159525590868910140e-03
7.175063071691654103e-03
7.149917594887387172e-03
7.120607815924742852e-03
7.127604403759041016e-03
7.197114581222324725e-03
7.328647126869439199e-03
7.494068294423034127e-03
7.648904395754028279e-03
7.751260891673130565e-03
7.780274298726102232e-03
7.746022096423982491e-03
7.686338270514734769e-03
7.651550228041305475e-03
7.683392029936323211e-03
7.796993217441930239e-03
7.973712253528724911e-03
8.168105092602831810e-03
8.326362155066831250e-03
8.408629903200775385e-03
8.405866701370112715e-03
8.344065700280484110e-03
8.273920182365382056e-03
8.250108348988257484e-03
8.308776573532065945e-03
8.452601728259801980e-03
8.649660880351104503e-03
8.846582177143293493e-03
8.990493231918729455e-03
9.050640772458515976e-03
9.030741436828998436e-03
8.967034895726238436e-03
8.912993722878841119e-03
8.917175898358661174e-03
9.003474358289752927e-03
9.161893830264332059e-03
9.353481208731258267e-03
9.527082403129527241e-03
9.640712369303951201e-03
9.678541542067733289e-03
9.656534224292001242e-03
9.614694697025300343e-03
9.599549959579494612e-03
9.644513738426235480e-03
9.756472024625916298e-03
9.914049076483117881e-03
1.007788595972499909e-02
1.020813932594443092e-02
1.028147469008718062e-02
1.030028837012976657e-02
1.029046160372754613e-02
1.028902088017635656e-02
1.032741969593825235e-02
1.041790284817201498e-02
1.054885879342258928e-02
1.069095241245322965e-02
1.081101643051297911e-02
1.088729074535189044e-02
1.091911312325691275e-02
1.092677154451813550e-02
1.094172628216878718e-02
1.099176893394703675e-02
1.108795683490806407e-02
1.121933195602573506e-02
1.135788512093300652e-02
1.147153268202426822e-02
1.153918819728939373e-02
1.156099891613388171e-02
1.155893744124191630e-02
1.156726793414044295e-02
1.161702072803991875e-02
1.172143280879431142e-02
1.186904468944965929e-02
1.202784792650043490e-02
1.215897108813867103e-02
1.223403974528537545e-02
1.224850726410293272e-02
1.222480954521315555e-02
1.220355325214747717e-02
1.222623211875153125e-02
1.231684969550998071e-02
1.247055528074618100e-02
1.265456349701013505e-02
1.282138516546334379e-02
1.292898127623985649e-02
1.295923770859086846e-02
1.292665487148490951e-02
1.287318279856887460e-02
1.285103433693744746e-02
1.290056449993396206e-02
1.303261992211057416e-02
1.322306940351310536e-02
1.342217000037086716e-02
1.357511094909059218e-02
1.364520130206293286e-02
1.362985097296993270e-02
1.356237131000325932e-02
1.349854724541677681e-02
1.349341856826415456e-02
1.357797769827334342e-02
1.374568591230313115e-02
1.395468459754248790e-02
1.414498663558178514e-02
1.426355770959281642e-02
1.428674322573589631e-02
1.423050308150767412e-02
1.414401447113171340e-02
1.408920510306465278e-02
1.411475725879108439e-02
1.423552734722721355e-02
1.442610987576176985e-02
1.463134613200035676e-02
1.478942584719023824e-02
1.485788130081986888e-02
1.483150370569952595e-02
1.474458070909935060e-02
1.465646254572266355e-02
1.462653330898270460e-02
1.468913058472932215e-02
1.483910731624386165e-02
1.503389464949452317e-02
1.521193917156772948e-02
1.531767773752934839e-02
1.532775387777516977e-02
1.525232332223995339e-02
1.519441806725835634e-02
1.521904268601920879e-02
1.532564281868075556e-02
1.548628822164027988e-02
1.564703054551086839e-02
1.575477155183892947e-02
1.577882289934574161e-02
1.572409595361418805e-02
1.562848955426379693e-02
1.554629505517874689e-02
1.552470371313455395e-02
1.558359070045709123e-02
1.570721012146494844e-02
1.585127233542729663e-02
1.596224299891147586e-02
1.600047516063902303e-02
1.595719336843642172e-02
1.585805398437963032e-02
1.575182819702325432e-02
1.568917476929557880e-02
1.570072595722666817e-02
1.578394617069437886e-02
1.590438130880928932e-02
1.601068702999406540e-02
1.605688747180110745e-02
1.602222777491448327e-02
1.592006076785149743e-02
1.579196851158723089e-02
1.568970147826836969e-02
1.565276750981550724e-02
1.569135855083141073e-02
1.578197622205650824e-02
1.587762260893763391e-02
1.592813320077340195e-02
1.590185824958624539e-02
1.579932732387765923e-02
1.565300011313270484e-02
1.551322112571455226e-02
1.542645482583122896e-02
1.541520747610678442e-02
1.546831414148812714e-02
1.554576923257227836e-02
1.559599919418307862e-02
1.557811422382138038e-02
1.547953845171581161e-02
1.532141932688854159e-02
1.514949178851802275e-02
1.501434423281518618e-02
1.494960018548529765e-02
1.495742351278564822e-02
1.500759249560840863e-02
1.505053723443935780e-02
1.503871571162438206e-02
1.494711078673151630e-02
1.478400968725441383e-02
1.458741674614112520e-02
1.440864789643322291e-02
1.429018865987966534e-02
1.424736788345193003e-02
1.426175548118799666e-02
1.428913611590480054e-02
1.427860096944902520e-02
1.419451502330168827e-02
1.403188462149503220e-02
1.381850045605251438e-02
1.360293573302528980e-02
1.343357912279710686e-02
1.333774885354379290e-02
1.330989907576328804e-02
1.331400829806317007e-02
1.329912400374054504e-02
1.322136108166727109e-02
1.306286337168969039e-02
1.283954104010519119e-02
1.259423163237267593e-02
1.237822266136747416e-02
1.222910589149829239e-02
1.215452314416495642e-02
1.212882878601535819e-02
1.210413036025301085e-02
1.203095690143841934e-02
1.187963008918380484e-02
1.165311492491817244e-02
1.138579530422061982e-02
1.112868593640818290e-02
1.092744291599504099e-02
1.080265142068724191e-02
1.074089930253797030e-02
1.070050468495037377e-02
1.062945251586368267e-02
1.048782486819246212e-02
1.026505860986814955e-02
9.984576177109367318e-03
9.693765201845363361e-03
9.443598274985726126e-03
9.266665462541050918e-03
9.163091017357648249e-03
9.100421860868710550e-03
9.027564070711084632e-03
8.896788689574533851e-03
8.684326954648394215e-03
8.400666725250409417e-03
8.086101695767336159e-03
7.793430975927071423e-03
7.565243657852013456e-03
7.415567597115342927e-03
7.323795155090988794e-03
7.243520686720090335e-03
7.122505673038933942e-03
6.925188678942972680e-03
6.648047457253503101e-03
6.321183467878273635e-03
5.995422361150935797e-03
5.720463879957914111e-03
5.523484526190936689e-03
5.397414045532565249e-03
5.303950549610632163e-03
5.190037892369741244e-03
5.010727986797880798e-03
4.748587820130400518e-03
4.479810253180148590e-03
4.225123428719518119e-03
3.984147612537324197e-03
3.756503070422221452e-03
3.541810068163080485e-03
3.339688871548566335e-03
3.149759746367495391e-03
2.971642958408668000e-03
2.804958773460770882e-03
2.649327457312640813e-03
2.504369275752975355e-03
2.369704494570573118e-03
2.244953379554224908e-03
2.129736196492640864e-03
2.023673211174635642e-03
1.926384689388927407e-03
1.837490896924304359e-03
1.756612099569547763e-03
1.683368563113386189e-03
1.617380553344617599e-03
1.558268336051975766e-03
1.505652177024241522e-03
1.459152342050187888e-03
1.418389096918559484e-03
1.382982707418138222e-03
1.352553439337673274e-03
1.326721558465936797e-03
1.305107330591698343e-03
1.287331021503712288e-03
1.273012896990750355e-03
1.261773222841571906e-03
1.253232264844944110e-03
1.247010288789632184e-03
1.242727560464397443e-03
1.240004345658007488e-03
1.238460910159224718e-03
1.237717519756814568e-03
1.237394440239540953e-03
1.237111937396168006e-03
1.236490277015461813e-03
1.235149724886184120e-03
1.232710546797101446e-03
1.228793008536978142e-03
1.223017375894576604e-03
1.215003914658665737e-03
1.204372890618002952e-03
1.190744569561357370e-03
1.173739217277497025e-03
1.152977099555176728e-03
1.128078482183164947e-03
1.098663630950234924e-03
1.064352811645135830e-03
1.024766290056648059e-03
9.795243319735190499e-04
9.282472031845209574e-04
8.705551694784311421e-04
8.060684966439881499e-04
7.344074504699866883e-04
6.551922967451572800e-04
5.680433012582811886e-04
4.725807297981435805e-04
3.684248481534680396e-04
2.551959221130631512e-04
1.325142174656442594e-04
4.336808689942017736e-19
