4.995327442133472295e-02
4.985317435276819670e-02
4.975307446947378059e-02
4.965297495313156229e-02
4.955287598095439727e-02
4.945277771982168474e-02
4.935268032624515883e-02
4.925258394636887471e-02
4.915248871596925723e-02
4.905239476045501756e-02
4.895230219486726431e-02
4.885221112387938547e-02
4.875212149071262574e-02
4.865203309835107459e-02
4.855194591268257448e-02
4.845185990143922178e-02
4.835177503291642614e-02
4.825169127597289664e-02
4.815160860003070420e-02
4.805152697507518444e-02
4.795144637165504181e-02
4.785136676088225238e-02
4.775128811443214022e-02
4.765121040454332879e-02
4.755113360401776179e-02
4.745105768622071007e-02
4.735098262508075084e-02
4.725090839508978846e-02
4.715083497130302670e-02
4.705076232933901037e-02
4.695069044537958369e-02
4.685061929616991111e-02
4.675054885901847729e-02
4.665047911179709406e-02
4.655041003294085877e-02
4.645034160144823066e-02
4.635027379688093363e-02
4.625020659936407430e-02
4.615013998958600316e-02
4.605007394879844645e-02
4.595000845881641593e-02
4.584994350201825747e-02
4.574987906134561633e-02
4.564981512030346494e-02
4.554975166296010292e-02
4.544968867394713619e-02
4.534962613845947010e-02
4.524956404225537882e-02
4.514950237165638036e-02
4.504944111354738240e-02
4.494938025537656423e-02
4.484931978515543233e-02
4.474925969145882032e-02
4.464919996342486819e-02
4.454914059075503613e-02
4.444908156371409763e-02
4.434902287313016028e-02
4.424896451039463108e-02
4.414890646746223030e-02
4.404884873685101926e-02
4.394879131164235869e-02
4.384873418548090873e-02
4.374867735257469831e-02
4.364862080769501412e-02
4.354856454617651862e-02
4.344850856391713201e-02
4.334845285737813636e-02
4.324839742358411315e-02
4.314834226012296409e-02
4.304828736514589721e-02
4.294823273736746855e-02
4.284817837606549884e-02
4.274812428108118456e-02
4.264807045281899384e-02
4.254801689224675665e-02
4.244796360089556075e-02
4.234791058085986964e-02
4.224785783479741846e-02
4.214780536592929033e-02
4.204775317803987472e-02
4.194770127547687438e-02
4.184764966315131229e-02
4.174759834653753166e-02
4.164754733167318895e-02
4.154749662515926090e-02
4.144744623416004442e-02
4.134739616640312199e-02
4.124734643017945873e-02
4.114729703434327063e-02
4.104724798831212856e-02
4.094719930206690978e-02
4.084715098615180479e-02
4.074710305167431740e-02
4.064705551030530634e-02
4.054700837427888810e-02
4.044696165639254798e-02
4.034691537000703598e-02
4.024686952904647785e-02
4.014682414799827792e-02
4.004677924191318156e-02
3.994673482640521273e-02
3.984669091765175031e-02
3.974664753239346565e-02
3.964660468793439196e-02
3.954656240214181329e-02
3.944652069344638246e-02
3.934647958084203784e-02
3.924643908388605884e-02
3.914639922269902428e-02
3.904636001796484707e-02
3.894632149093073953e-02
3.884628366339112210e-02
3.874624641981489620e-02
3.864620963413865906e-02
3.854617330416252458e-02
3.844613742769204673e-02
3.834610200253830287e-02
3.824606702651780349e-02
3.814603249745257552e-02
3.804599841317007902e-02
3.794596477150326969e-02
3.784593157029057103e-02
3.774589880737588832e-02
3.764586648060860852e-02
3.754583458784357258e-02
3.744580312694110319e-02
3.734577209576700474e-02
3.724574149219255642e-02
3.714571131409451221e-02
3.704568155935509394e-02
3.694565222586198433e-02
3.684562331150838255e-02
3.674559481419292090e-02
3.664556673181974117e-02
3.654553906229841831e-02
3.644551180354404368e-02
3.634548495347715569e-02
3.624545851002378832e-02
3.614543247111542262e-02
3.604540683468904910e-02
3.594538159868709143e-02
3.584535676105749663e-02
3.574533231975364489e-02
3.564530827273441199e-02
3.554528461796414157e-02
3.544526135341265899e-02
3.534523847705524358e-02
3.524521598687269108e-02
3.514519388085122348e-02
3.504517215698257221e-02
3.494515081326392963e-02
3.484512984769795596e-02
3.474510925829280006e-02
3.464508904306208559e-02
3.454506920002490405e-02
3.444504972720580788e-02
3.434503062263485895e-02
3.424501188434756621e-02
3.414499351038492725e-02
3.404497549879339363e-02
3.394495784762491253e-02
3.384494055493689896e-02
3.374492361879225660e-02
3.364490703725933618e-02
3.354489080841199095e-02
3.344487493032950731e-02
3.334485940109670199e-02
3.324484421880383178e-02
3.314482938154664216e-02
3.304481488742632561e-02
3.294480073454959107e-02
3.284478692102858061e-02
3.274477344498095965e-02
3.264476030452981986e-02
3.254474749780375542e-02
3.244473502293682837e-02
3.234472287806856861e-02
3.224471106134399467e-02
3.214469957091358604e-02
3.204468840493331083e-02
3.194467756156459115e-02
3.184466703897435164e-02
3.174465683533497784e-02
3.164464694882432316e-02
3.154463737762570191e-02
3.144462811992796564e-02
3.134461917392535046e-02
3.124461053781765751e-02
3.114460220981009678e-02
3.104459418811337731e-02
3.094458647094368298e-02
3.084457905652266893e-02
3.074457194307747207e-02
3.064456512884070061e-02
3.054455861205042366e-02
3.044455239095021290e-02
3.034454646378908008e-02
3.024454082882155337e-02
3.014453548430759758e-02
3.004453042851266270e-02
2.994452565970769781e-02
2.984452117616908512e-02
2.974451697617871981e-02
2.964451305802395104e-02
2.954450941999759925e-02
2.944450606039797011e-02
2.934450297752885448e-02
2.924450016969949370e-02
2.914449763522461781e-02
2.904449537242442120e-02
2.894449337962458346e-02
2.884449165515626592e-02
2.874449019735609082e-02
2.864448900456614822e-02
2.854448807513402034e-02
2.844448740741275725e-02
2.834448699976089073e-02
2.824448685054240654e-02
2.814448695812679299e-02
2.804448732088898194e-02
2.794448793720941474e-02
2.784448880547397975e-02
2.774448992407405404e-02
2.764449129140648595e-02
2.754449290587359170e-02
2.744449476588316922e-02
2.734449686984849817e-02
2.724449921618832607e-02
2.714450180332686480e-02
2.704450462969381144e-02
2.694450769372433788e-02
2.684451099385909770e-02
2.674451452854420541e-02
2.664451829623125725e-02
2.654452229537731037e-02
2.644452652444492444e-02
2.634453098190211659e-02
2.624453566622237874e-02
2.614454057588467412e-02
2.604454570937345115e-02
2.594455106517862611e-02
2.584455664179559353e-02
2.574456243772521927e-02
2.564456845147384742e-02
2.554457468155328648e-02
2.544458112648083359e-02
2.534458778477925722e-02
2.524459465497680064e-02
2.514460173560716799e-02
2.504460902520956253e-02
2.494461652232863799e-02
2.484462422551454372e-02
2.474463213332288997e-02
2.464464024431475830e-02
2.454464855705672591e-02
2.444465707012082045e-02
2.434466578208456522e-02
2.424467469153094093e-02
2.414468379704840656e-02
2.404469309723090975e-02
2.394470259067785559e-02
2.384471227599413434e-02
2.374472215179010762e-02
2.364473221668160485e-02
2.354474246928994763e-02
2.344475290824190802e-02
2.334476353216976413e-02
2.324477433971123413e-02
2.314478532950953876e-02
2.304479650021335618e-02
2.294480785047684629e-02
2.284481937895964723e-02
2.274483108432686848e-02
2.264484296524908041e-02
2.254485502040235942e-02
2.244486724846822198e-02
2.234487964813369060e-02
2.224489221809123132e-02
2.214490495703881623e-02
2.204491786367987136e-02
2.194493093672329406e-02
2.184494417488347731e-02
2.174495757688026804e-02
2.164497114143900530e-02
2.154498486729049256e-02
2.144499875317099763e-02
2.134501279782229435e-02
2.124502699999159319e-02
2.114504135843161409e-02
2.104505587190052748e-02
2.094507053916198208e-02
2.084508535898511525e-02
2.074510033014452179e-02
2.064511545142029211e-02
2.054513072159796366e-02
2.044514613946856949e-02
2.034516170382861394e-02
2.024517741348006925e-02
2.014519326723038586e-02
2.004520926389249946e-02
1.994522540228479274e-02
1.984524168123115787e-02
1.974525809956093059e-02
1.964527465610895265e-02
1.954529134971550244e-02
1.944530817922637475e-02
1.934532514349280446e-02
1.924534224137151514e-02
1.914535947172471553e-02
1.904537683342006488e-02
1.894539432533072498e-02
1.884541194633531161e-02
1.874542969531791184e-02
1.864544757116811530e-02
1.854546557278095170e-02
1.844548369905695678e-02
1.834550194890211677e-02
1.824552032122790310e-02
1.814553881495126544e-02
1.804555742899462134e-02
1.794557616228586658e-02
1.784559501375837173e-02
1.774561398235097176e-02
1.764563306700800069e-02
1.754565226667923264e-02
1.744567158031995815e-02
1.734569100689090787e-02
1.724571054535829415e-02
1.714573019469382148e-02
1.704574995387464487e-02
1.694576982188342185e-02
1.684578979770825699e-02
1.674580988034273660e-02
1.664583006878594257e-02
1.654585036204240037e-02
1.644587075912213800e-02
1.634589125904064091e-02
1.624591186081886587e-02
1.614593256348326525e-02
1.604595336606573844e-02
1.594597426760369085e-02
1.584599526713997147e-02
1.574601636372293181e-02
1.564603755640637389e-02
1.554605884424959186e-02
1.544608022631734946e-02
1.534610170167987134e-02
1.524612326941288815e-02
1.514614492859757411e-02
1.504616667832059038e-02
1.494618851767407809e-02
1.484621044575564278e-02
1.474623246166837688e-02
1.464625456452083724e-02
1.454627675342705199e-02
1.444629902750654317e-02
1.434632138588428155e-02
1.424634382769074045e-02
1.414636635206184545e-02
1.404638895813899863e-02
1.394641164506909767e-02
1.384643441200448556e-02
1.374645725810300784e-02
1.364648018252796573e-02
1.354650318444813699e-02
1.344652626303778631e-02
1.334654941747663928e-02
1.324657264694990670e-02
1.314659595064826200e-02
1.304661932776787076e-02
1.294664277751035771e-02
1.284666629908282239e-02
1.274668989169785646e-02
1.264671355457350210e-02
1.254673728693329882e-02
1.244676108800624528e-02
1.234678495702681671e-02
1.224680889323497175e-02
1.214683289587613520e-02
1.204685696420121181e-02
1.194688109746658115e-02
1.184690529493408542e-02
1.174692955587106416e-02
1.164695387955030567e-02
1.154697825115128841e-02
1.144700265073606699e-02
1.134702707839146431e-02
1.124705153433736178e-02
1.114707601878835164e-02
1.104710053195379071e-02
1.094712507403775188e-02
1.084714964523905527e-02
1.074717424575126826e-02
1.064719887576267947e-02
1.054722353545633172e-02
1.044724822500999774e-02
1.034727294459618363e-02
1.024729769438215143e-02
1.014732247452987922e-02
1.004734728519610792e-02
9.947372126532296258e-03
9.847396998684644978e-03
9.747421901794105573e-03
9.647446835996352499e-03
9.547471801421814411e-03
9.447496798195641199e-03
9.347521826437735215e-03
9.247546886262733926e-03
9.147571977779997768e-03
9.047597101093656988e-03
8.947622256302545721e-03
8.847647443500266176e-03
8.747672662775138330e-03
8.647697914210225947e-03
8.547723197883341784e-03
8.447748513867018097e-03
8.347773862228544811e-03
8.247799243029938290e-03
8.147824656327948278e-03
8.047850102174085654e-03
7.947875580614570390e-03
7.847901091690390532e-03
7.747926635437246690e-03
7.647952211885587596e-03
7.547977821060610111e-03
7.448003462982231461e-03
7.348029137665125672e-03
7.248054845118692344e-03
7.148080585347067924e-03
7.048106358349143057e-03
6.948132164118525286e-03
6.848158002643582425e-03
6.748183873907400050e-03
6.648209777887822275e-03
6.548235714557417049e-03
6.448261683883486570e-03
6.348287685828095904e-03
6.248313720348016610e-03
6.148339787394789188e-03
6.048365886914670170e-03
5.948392018848658140e-03
5.848418183132505013e-03
5.748444379696679603e-03
5.648470608466410990e-03
5.548496869361648626e-03
5.448523162297084013e-03
5.348549487182159383e-03
5.248575843921037334e-03
5.148602232412638133e-03
5.048628652550603280e-03
4.948655104223316330e-03
4.848681587313912432e-03
4.748708101700245370e-03
4.648734647254926591e-03
4.548761223845291385e-03
4.448787831333414489e-03
4.348814469576123103e-03
4.248841138424963061e-03
4.148867837726237864e-03
4.048894567320975718e-03
3.948921327044942545e-03
3.848948116728657595e-03
3.748974936197357888e-03
3.649001785271041576e-03
3.549028663764426314e-03
3.449055571486970510e-03
3.349082508242886332e-03
3.249109473831102851e-03
3.149136468045308970e-03
3.049163490673910924e-03
2.949190541500073919e-03
2.849217620301686994e-03
2.749244726851375175e-03
2.649271860916521150e-03
2.549299022259221906e-03
2.449326210636335564e-03
2.349353425799442351e-03
2.249380667494860209e-03
2.149407935463663443e-03
2.049435229441640659e-03
1.949462549159343113e-03
1.849489894342042215e-03
1.749517264709748608e-03
1.649544659977227349e-03
1.549572079853960829e-03
1.449599524044190620e-03
1.349626992246881485e-03
1.249654484155735467e-03
1.149681999459210542e-03
1.049709537840479850e-03
9.497370989774783171e-04
8.497646825428615625e-04
7.497922882040244409e-04
6.498199156231165450e-04
5.498475644570033913e-04
4.498752343573115772e-04
3.499029249703837865e-04
2.499306359373231336e-04
1.499583668939546738e-04
4.998611747084171435e-05
-4.998611270670279510e-05
-1.499583240186275516e-04
-2.499305168501539712e-04
-3.499026915917594180e-04
-4.498748486391828077e-04
-5.498469883934359922e-04
-6.498191112607590086e-04
-7.497912176526865414e-04
-8.497633079860041202e-04
-9.497353826827586911e-04
-1.049707442170269784e-03
-1.149679486881085601e-03
-1.249651517253048613e-03
-1.349623533729252516e-03
-1.449595536758051988e-03
-1.549567526793074398e-03
-1.649539504293176225e-03
-1.749511469722508103e-03
-1.849483423550470811e-03
-1.949455366251727842e-03
-2.049427298306214298e-03
-2.149399220199094390e-03
-2.249371132420826484e-03
-2.349343035467120391e-03
-2.449314929838946470e-03
-2.549286816042547772e-03
-2.649258694589397105e-03
-2.749230565996260353e-03
-2.849202430785155275e-03
-2.949174289483360179e-03
-3.049146142623426932e-03
-3.149117990743134990e-03
-3.249089834385559053e-03
-3.349061674099023962e-03
-3.449033510437117707e-03
-3.549005343958697937e-03
-3.648977175227853791e-03
-3.748949004813966618e-03
-3.848920833291670507e-03
-3.948892661240859664e-03
-4.048864489246701420e-03
-4.148836317899592431e-03
-4.248808147795221993e-03
-4.348779979534531277e-03
-4.448751813723723740e-03
-4.548723650974272927e-03
-4.648695491902884308e-03
-4.748667337131555997e-03
-4.848639187287537115e-03
-4.948611043003347740e-03
-5.048582904916739875e-03
-5.148554773670757298e-03
-5.248526649913695663e-03
-5.348498534299112039e-03
-5.448470427485835321e-03
-5.548442330137924594e-03
-5.648414242924732452e-03
-5.748386166520860763e-03
-5.848358101606175412e-03
-5.948330048865814977e-03
-6.048302008990144758e-03
-6.148273982674824431e-03
-6.248245970620765546e-03
-6.348217973534141939e-03
-6.448189992126398401e-03
-6.548162027114209915e-03
-6.648134079219542372e-03
-6.748106149169618741e-03
-6.848078237696917335e-03
-6.948050345539191763e-03
-7.048022473439424090e-03
-7.147994622145891624e-03
-7.247966792412121814e-03
-7.347938984996901790e-03
-7.447911200664293976e-03
-7.547883440183588387e-03
-7.647855704329369411e-03
-7.747827993881471580e-03
-7.847800309624992574e-03
-7.947772652350301031e-03
-8.047745022852994048e-03
-8.147717421933963963e-03
-8.247689850399357592e-03
-8.347662309060576227e-03
-8.447634798734298192e-03
-8.547607320242426795e-03
-8.647579874412166662e-03
-8.747552462075966484e-03
-8.847525084071539841e-03
-8.947497741241868668e-03
-9.047470434435170294e-03
-9.147443164504952956e-03
-9.247415932309975897e-03
-9.347388738714256309e-03
-9.447361584587090147e-03
-9.547334470802998352e-03
-9.647307398241797977e-03
-9.747280367788555347e-03
-9.847253380333599940e-03
-9.947226436772529587e-03
-1.004719953800617925e-02
-1.014717268494066786e-02
-1.024714587848737576e-02
-1.034711911956293431e-02
-1.044709240908925536e-02
-1.054706574799347575e-02
-1.064703913720802843e-02
-1.074701257767059388e-02
-1.084698607032413137e-02
-1.094695961611682165e-02
-1.104693321600214509e-02
-1.114690687093882956e-02
-1.124688058189086612e-02
-1.134685434982752109e-02
-1.144682817572328405e-02
-1.154680206055793898e-02
-1.164677600531652604e-02
-1.174675001098934336e-02
-1.184672407857196436e-02
-1.194669820906518395e-02
-1.204667240347510014e-02
-1.214664666281306017e-02
-1.224662098809566578e-02
-1.234659538034479920e-02
-1.244656984058756591e-02
-1.254654436985637271e-02
-1.264651896918886700e-02
-1.274649363962796975e-02
-1.284646838222186158e-02
-1.294644319802396373e-02
-1.304641808809298316e-02
-1.314639305349288474e-02
-1.324636809529288611e-02
-1.334634321456748540e-02
-1.344631841239640573e-02
-1.354629368986466631e-02
-1.364626904806253392e-02
-1.374624448808554021e-02
-1.384622001103448866e-02
-1.394619561801541292e-02
-1.404617131013963585e-02
-1.414614708852373476e-02
-1.424612295428955185e-02
-1.434609890856419420e-02
-1.444607495248000258e-02
-1.454605108717461036e-02
-1.464602731379090715e-02
-1.474600363347703183e-02
-1.484598004738640897e-02
-1.494595655667768468e-02
-1.504593316251480288e-02
-1.514590986606695160e-02
-1.524588666850859066e-02
-1.534586357101944132e-02
-1.544584057478446716e-02
-1.554581768099390880e-02
-1.564579489084327521e-02
-1.574577220553332463e-02
-1.584574962627009406e-02
-1.594572715426484724e-02
-1.604570479073413533e-02
-1.614568253689977612e-02
-1.624566039398883319e-02
-1.634563836323365757e-02
-1.644561644587181140e-02
-1.654559464314616507e-02
-1.664557295630483477e-02
-1.674555138660119985e-02
-1.684552993529391321e-02
-1.694550860364684927e-02
-1.704548739292918724e-02
-1.714546630441534519e-02
-1.724544533938501822e-02
-1.734542449912315418e-02
-1.744540378491994670e-02
-1.754538319807088034e-02
-1.764536273987668547e-02
-1.774534241164336251e-02
-1.784532221468215080e-02
-1.794530215030957360e-02
-1.804528221984742081e-02
-1.814526242462272121e-02
-1.824524276596778752e-02
-1.834522324522017134e-02
-1.844520386372270476e-02
-1.854518462282347263e-02
-1.864516552387581946e-02
-1.874514656823837722e-02
-1.884512775727498549e-02
-1.894510909235479559e-02
-1.904509057485219772e-02
-1.914507220614684868e-02
-1.924505398762368230e-02
-1.934503592067284700e-02
-1.944501800668980290e-02
-1.954500024707525249e-02
-1.964498264323515792e-02
-1.974496519658075488e-02
-1.984494790852851104e-02
-1.994493078050018492e-02
-2.004491381392279128e-02
-2.014489701022859416e-02
-2.024488037085514502e-02
-2.034486389724521685e-02
-2.044484759084688047e-02
-2.054483145311344905e-02
-2.064481548550350237e-02
-2.074479968948089725e-02
-2.084478406651471549e-02
-2.094476861807932980e-02
-2.104475334565436909e-02
-2.114473825072471849e-02
-2.124472333478054711e-02
-2.134470859931723169e-02
-2.144469404583546762e-02
-2.154467967584118224e-02
-2.164466549084557642e-02
-2.174465149236511768e-02
-2.184463768192149852e-02
-2.194462406104171620e-02
-2.204461063125801382e-02
-2.214459739410789760e-02
-2.224458435113413346e-02
-2.234457150388473659e-02
-2.244455885391300268e-02
-2.254454640277749056e-02
-2.264453415204199793e-02
-2.274452210327561688e-02
-2.284451025805266447e-02
-2.294449861795274520e-02
-2.304448718456071285e-02
-2.314447595946669475e-02
-2.324446494426607793e-02
-2.334445414055949172e-02
-2.344444354995284252e-02
-2.354443317405729985e-02
-2.364442301448930334e-02
-2.374441307287052452e-02
-2.384440335082791892e-02
-2.394439384999370174e-02
-2.404438457200534784e-02
-2.414437551850560568e-02
-2.424436669114244866e-02
-2.434435809156914460e-02
-2.444434972144422097e-02
-2.454434158243145453e-02
-2.464433367619990253e-02
-2.474432600442384722e-02
-2.484431856878286868e-02
-2.494431137096179280e-02
-2.504430441265071208e-02
-2.514429769554498914e-02
-2.524429122134521156e-02
-2.534428499175727170e-02
-2.544427900849230428e-02
-2.554427327326670369e-02
-2.564426778780214133e-02
-2.574426255382552056e-02
-2.584425757306903909e-02
-2.594425284727013004e-02
-2.604424837817150354e-02
-2.614424416752114330e-02
-2.624424021707225455e-02
-2.634423652858333686e-02
-2.644423310381814260e-02
-2.654422994454569071e-02
-2.664422705254026330e-02
-2.674422442958137788e-02
-2.684422207745383940e-02
-2.694421999794771594e-02
-2.704421819285832487e-02
-2.714421666398626407e-02
-2.724421541313735290e-02
-2.734421444212271207e-02
-2.744421375275870809e-02
-2.754421334686697406e-02
-2.764421322627440628e-02
-2.774421339281314333e-02
-2.784421384832060434e-02
-2.794421459463947502e-02
-2.804421563361768344e-02
-2.814421696710844509e-02
-2.824421859697019699e-02
-2.834422052506667747e-02
-2.844422275326686372e-02
-2.854422528344500651e-02
-2.864422811748062320e-02
-2.874423125725846309e-02
-2.884423470466856293e-02
-2.894423846160621913e-02
-2.904424252997198433e-02
-2.914424691167168818e-02
-2.924425160861637840e-02
-2.934425662272241095e-02
-2.944426195591138065e-02
-2.954426761011015590e-02
-2.964427358725086822e-02
-2.974427988927088110e-02
-2.984428651811284888e-02
-2.994429347572468217e-02
-3.004430076405955122e-02
-3.014430838507589985e-02
-3.024431634073739342e-02
-3.034432463301300203e-02
-3.044433326387694511e-02
-3.054434223530870171e-02
-3.064435154929299673e-02
-3.074436120781984250e-02
-3.084437121288450059e-02
-3.094438156648748883e-02
-3.104439227063460899e-02
-3.114440332733688782e-02
-3.124441473861064647e-02
-3.134442650647744494e-02
-3.144443863296413066e-02
-3.154445112010279689e-02
-3.164446396993077920e-02
-3.174447718449070061e-02
-3.184449076583045768e-02
-3.194450471600317892e-02
-3.204451903706726640e-02
-3.214453373108636797e-02
-3.224454880012943281e-02
-3.234456424627064203e-02
-3.244458007158942253e-02
-3.254459627817051642e-02
-3.264461286810387691e-02
-3.274462984348473077e-02
-3.284464720641357832e-02
-3.294466495899617958e-02
-3.304468310334355424e-02
-3.314470164157197474e-02
-3.324472057580297318e-02
-3.334473990816337607e-02
-3.344475964078522101e-02
-3.354477977580586773e-02
-3.364480031536785931e-02
-3.374482126161906792e-02
-3.384484261671260458e-02
-3.394486438280683999e-02
-3.404488656206541841e-02
-3.414490915665721604e-02
-3.424493216875638263e-02
-3.434495560054236230e-02
-3.444497945419981721e-02
-3.454500373191870394e-02
-3.464502843589420400e-02
-3.474505356832680025e-02
-3.484507913142220747e-02
-3.494510512739141400e-02
-3.504513155845068867e-02
-3.514515842682151836e-02
-3.524518573473068433e-02
-3.534521348441021366e-02
-3.544524167809741388e-02
-3.554527031803484532e-02
-3.564529940647030715e-02
-3.574532894565688596e-02
-3.584535893785294192e-02
-3.594538938532205324e-02
-3.604542029033312028e-02
-3.614545165516022673e-02
-3.624548348208278536e-02
-3.634551577338544087e-02
-3.644554853135812539e-02
-3.654558175829596828e-02
-3.664561545649943491e-02
-3.674564962827421566e-02
-3.684568427593127443e-02
-3.694571940178682790e-02
-3.704575500816234546e-02
-3.714579109738457702e-02
-3.724582767178553216e-02
-3.734586473370247323e-02
-3.744590228547793609e-02
-3.754594032945968857e-02
-3.764597886800079285e-02
-3.774601790345956387e-02
-3.784605743819957624e-02
-3.794609747458967813e-02
-3.804613801500392883e-02
-3.814617906182171669e-02
-3.824622061742764811e-02
-3.834626268421161693e-02
-3.844630526456876973e-02
-3.854634836089949890e-02
-3.864639197560946343e-02
-3.874643611110961672e-02
-3.884648076981613019e-02
-3.894652595415046964e-02
-3.904657166653931893e-02
-3.914661790941468406e-02
-3.924666468521378210e-02
-3.934671199637911759e-02
-3.944675984535846169e-02
-3.954680823460481748e-02
-3.964685716657646852e-02
-3.974690664373695809e-02
-3.984695666855510993e-02
-3.994700724350497972e-02
-4.004705837106588978e-02
-4.014711005372242902e-02
-4.024716229396446687e-02
-4.034721509428709774e-02
-4.044726845719072428e-02
-4.054732238518094639e-02
-4.064737688076868610e-02
-4.074743194647009042e-02
-4.084748758480660075e-02
-4.094754379830489038e-02
-4.104760058949689927e-02
-4.114765796091982009e-02
-4.124771591511615376e-02
-4.134777445463360540e-02
-4.144783358202518142e-02
-4.154789329984912016e-02
-4.164795361066894047e-02
-4.174801451705342781e-02
-4.184807602157659956e-02
-4.194813812681778137e-02
-4.204820083536151692e-02
-4.214826414979762348e-02
-4.224832807272119184e-02
-4.234839260673257250e-02
-4.244845775443737562e-02
-4.254852351844645719e-02
-4.264858990137594674e-02
-4.274865690584724737e-02
-4.284872453448699409e-02
-4.294879278992714405e-02
-4.304886167480481696e-02
-4.314893119176248931e-02
-4.324900134344784181e-02
-4.334907213251386338e-02
-4.344914356161874019e-02
-4.354921563342598057e-02
-4.364928835060431084e-02
-4.374936171582776562e-02
-4.384943573177560450e-02
-4.394951040113235369e-02
-4.404958572658779214e-02
-4.414966171083699320e-02
-4.424973835658027599e-02
-4.434981566652320545e-02
-4.444989364337662008e-02
-4.454997228985662500e-02
-4.465005160868458500e-02
-4.475013160258711070e-02
-4.485021227429610707e-02
-4.495029362654871102e-02
-4.505037566208732608e-02
-4.515045838365961545e-02
-4.525054179401853671e-02
-4.535062589592227245e-02
-4.545071069213426490e-02
-4.555079618542322989e-02
-4.565088237856316372e-02
-4.575096927433328770e-02
-4.585105687551813136e-02
-4.595114518490741456e-02
-4.605123420529619316e-02
-4.615132393948473410e-02
-4.625141439027860568e-02
-4.635150556048861503e-02
-4.645159745293081510e-02
-4.655169007042653240e-02
-4.665178341580238780e-02
-4.675187749189022718e-02
-4.685197230152716996e-02
-4.695206784755557444e-02
-4.705216413282310023e-02
-4.715226116018264579e-02
-4.725235893249236235e-02
-4.735245745261570244e-02
-4.745255672342132969e-02
-4.755265674778319518e-02
-4.765275752858050967e-02
-4.775285906869775054e-02
-4.785296137102465486e-02
-4.795306443845619854e-02
-4.805316827389264495e-02
-4.815327288023951713e-02
-4.825337826040758393e-02
-4.835348441731292246e-02
-4.845359135387677929e-02
-4.855369907302575783e-02
-4.865380757769165870e-02
-4.875391687081159081e-02
-4.885402695532790884e-02
-4.895413783418819248e-02
-4.905424951034532965e-02
-4.915436198675745411e-02
-4.925447526638797313e-02
-4.935458935220552595e-02
-4.945470424718402536e-02
-4.955481995430267156e-02
-4.965493647654588977e-02
-4.975505381690340651e-02
-4.985517197837015246e-02
-4.995529096394638047e-02
