8.996036661800999923e+00
8.977967309589491407e+00
8.959897952488390160e+00
8.941828585174555144e+00
8.923759201877174974e+00
8.905689796648440293e+00
8.887620363365110521e+00
8.869550895728526285e+00
8.851481387264598766e+00
8.833411831323815022e+00
8.815342221081236218e+00
8.797272549536499398e+00
8.779202781551491697e+00
8.761132875123792019e+00
8.743062830101909100e+00
8.724992646821695175e+00
8.706922325830648290e+00
8.688851867887922964e+00
8.670781273964331959e+00
8.652710545242332074e+00
8.634639683116038356e+00
8.616568689191218766e+00
8.598497565285290634e+00
8.580426313427329532e+00
8.562354935858060401e+00
8.544283435029864648e+00
8.526211813606769496e+00
8.508140074464463964e+00
8.490068220690284662e+00
8.471996255583221114e+00
8.453924182653917541e+00
8.435852005624672856e+00
8.417779728429438890e+00
8.399707355213813287e+00
8.381634890335053711e+00
8.363562338362072524e+00
8.345489704075427895e+00
8.327416992467334467e+00
8.309344208741663351e+00
8.291271358313935025e+00
8.273198446811322881e+00
8.255125480072649680e+00
8.237052464148401754e+00
8.218979405300707697e+00
8.200906310003357902e+00
8.182833184941786797e+00
8.164760037013087057e+00
8.146686873326006051e+00
8.128613701200940511e+00
8.110540528169940089e+00
8.092467361976712681e+00
8.074394210576610220e+00
8.056321082136644662e+00
8.038247985035479104e+00
8.020174927863431336e+00
8.002101919422466736e+00
7.984028968726210707e+00
7.965956084999936238e+00
7.947883277680571013e+00
7.929810556416697409e+00
7.911737931068549834e+00
7.893665411708011170e+00
7.875593008618626989e+00
7.857520732295586008e+00
7.839448593445736080e+00
7.821376602987575311e+00
7.803304772051256499e+00
7.785233111978583587e+00
7.767161634323015207e+00
7.749090350849662912e+00
7.731019273535290282e+00
7.712948414568312927e+00
7.694877786348802040e+00
7.676807401488479954e+00
7.658737272810723695e+00
7.640667413350562320e+00
7.622597836354675138e+00
7.604528555281399704e+00
7.586459583800722939e+00
7.568390935794286456e+00
7.550322625300569079e+00
7.532254657030797773e+00
7.514187025588831226e+00
7.496119727065483573e+00
7.478052757517679616e+00
7.459986112968444161e+00
7.441919789406909125e+00
7.423853782788310873e+00
7.405788089033991106e+00
7.387722704031395971e+00
7.369657623634075172e+00
7.351592843661683752e+00
7.333528359899982974e+00
7.315464168100837661e+00
7.297400263982218860e+00
7.279336643228199399e+00
7.261273301488958332e+00
7.243210234380781820e+00
7.225147437486057811e+00
7.207084906353281362e+00
7.189022636497048424e+00
7.170960623398063838e+00
7.152898862503134225e+00
7.134837349225176872e+00
7.116776078943205519e+00
7.098715047002343681e+00
7.080654248713819321e+00
7.062593679354962184e+00
7.044533334169212679e+00
7.026473208366111223e+00
7.008413297121301788e+00
6.990353595576539014e+00
6.972294098839676657e+00
6.954234801984677361e+00
6.936175700051606441e+00
6.918116788046631882e+00
6.900058060942031446e+00
6.881999513676184677e+00
6.863941141153575565e+00
6.845882938244794325e+00
6.827824899786534729e+00
6.809767020581596775e+00
6.791709295398883128e+00
6.773651718973403568e+00
6.755594286006271432e+00
6.737536991164703615e+00
6.719479829082025901e+00
6.701422794357663193e+00
6.683365881557151056e+00
6.665309085212125062e+00
6.647252399820327007e+00
6.629195819845605797e+00
6.611139339717910346e+00
6.593082953833301119e+00
6.575026656553936810e+00
6.556970442208083227e+00
6.538914305090113288e+00
6.520858239460500805e+00
6.502802239545827589e+00
6.484746299538779901e+00
6.466690413598144005e+00
6.448634575848818606e+00
6.430578780381803305e+00
6.412523021254200373e+00
6.394467292489220966e+00
6.376411591371270227e+00
6.358355924601982068e+00
6.340300284855443280e+00
6.322244663353114191e+00
6.304189051543025890e+00
6.286133441099781116e+00
6.268077823924550707e+00
6.250022192145080702e+00
6.231966538115680798e+00
6.213910854417235896e+00
6.195855133857197217e+00
6.177799369469589408e+00
6.159743554515007880e+00
6.141687682480614363e+00
6.123631747080144905e+00
6.105575742253901872e+00
6.087519662168761947e+00
6.069463501218170798e+00
6.051407254022142190e+00
6.033350915427262429e+00
6.015294480506686803e+00
5.997237944560142253e+00
5.979181303113924706e+00
5.961124551920901737e+00
5.943067686960509022e+00
5.925010704438753883e+00
5.906953600788213521e+00
5.888896372668036783e+00
5.870839016963940615e+00
5.852781530788213615e+00
5.834723911479713365e+00
5.816666156603869098e+00
5.798608263952679920e+00
5.780550231544715700e+00
5.762492057625116182e+00
5.744433740665587429e+00
5.726375279364411597e+00
5.708316672646441603e+00
5.690257919663094910e+00
5.672199019792362407e+00
5.654139972638805745e+00
5.636080778033555561e+00
5.618021436034314142e+00
5.599961946925353651e+00
5.581902311217514345e+00
5.563842529648209911e+00
5.545782603181421244e+00
5.527722533007703554e+00
5.509662320544178371e+00
5.491601967434538878e+00
5.473541475549049018e+00
5.455480846984541721e+00
5.437420084064423342e+00
5.419359189338665672e+00
5.401298165583813926e+00
5.383237015802984082e+00
5.365175743225859328e+00
5.347114351308697167e+00
5.329052843734322309e+00
5.310991224412128453e+00
5.292929497478084500e+00
5.274867667294725671e+00
5.256805738451159726e+00
5.238743715763062525e+00
5.220681604272679799e+00
5.202619409248830706e+00
5.184557136186902504e+00
5.166494790808854098e+00
5.148432379063212494e+00
5.130369907125074569e+00
5.112307381396110628e+00
5.094244808504560851e+00
5.076182195305233513e+00
5.058119548879507654e+00
5.040056876535330410e+00
5.021994185807225008e+00
5.003931484456282774e+00
4.985868780470161354e+00
4.967806082063092710e+00
4.949743397675875123e+00
4.931680735975882968e+00
4.913618105857057827e+00
4.895555516439909383e+00
4.877492977071521629e+00
4.859430497325543996e+00
4.841368087002201115e+00
4.823305753157685949e+00
4.805243422067920100e+00
4.787181072025565420e+00
4.769118721739008748e+00
4.751056389760248244e+00
4.732994094484901382e+00
4.714931854152198731e+00
4.696869686844983960e+00
4.678807610489718272e+00
4.660745642856478632e+00
4.642683801558957768e+00
4.624622104054459726e+00
4.606560567643907866e+00
4.588499209471836870e+00
4.570438046526401621e+00
4.552377095639369209e+00
4.534316373486120710e+00
4.516255896585654739e+00
4.498195681300585669e+00
4.480135743837139195e+00
4.462076100245161214e+00
4.444016766418108944e+00
4.425957758093056249e+00
4.407899090850693646e+00
4.389840780115323859e+00
4.371782841154867150e+00
4.353725289080859540e+00
4.335668138848448372e+00
4.317611405256402080e+00
4.299555102947095975e+00
4.281499246406532677e+00
4.263443849964317245e+00
4.245388927793677603e+00
4.227334493911456548e+00
4.209280562178108198e+00
4.191227146297705985e+00
4.173174259817935550e+00
4.155121916130100068e+00
4.137070128469115815e+00
4.119018909913516602e+00
4.100968273385449336e+00
4.082918231650677576e+00
4.064868797318578864e+00
4.046819982842147390e+00
4.028771800517990442e+00
4.010724262486333735e+00
3.992677380731013859e+00
3.974631167079488048e+00
3.956585633202824415e+00
3.938540790615706833e+00
3.920496650676436712e+00
3.902453224586927227e+00
3.884410523392711312e+00
3.866368557982932774e+00
3.848327339090352517e+00
3.830286877291347203e+00
3.812247183005906592e+00
3.794208266497639315e+00
3.776170137873766208e+00
3.758132807085122096e+00
3.740096283926162446e+00
3.722060578034951384e+00
3.704025698893173679e+00
3.685991655826125868e+00
3.667958458002720690e+00
3.649926114435487534e+00
3.631894633980567999e+00
3.613864025337722552e+00
3.595834297050323869e+00
3.577805457505360387e+00
3.559777514933438081e+00
3.541750477408774245e+00
3.523724352849205488e+00
3.505699149016179739e+00
3.487674873514764240e+00
3.469651533793637999e+00
3.451629137145095338e+00
3.433607690705049897e+00
3.415587201453024413e+00
3.397567676212163601e+00
3.379549121649220833e+00
3.361531544274567906e+00
3.343514950442192823e+00
3.325499346349696683e+00
3.307484738038297678e+00
3.289471131392827985e+00
3.271458532141733766e+00
3.253446945857080053e+00
3.235436377954542753e+00
3.217426833693417088e+00
3.199418318176610931e+00
3.181410836350647031e+00
3.163404393005665671e+00
3.145398992775419345e+00
3.127394640137279858e+00
3.109391339412229893e+00
3.091389094764869228e+00
3.073387910203413842e+00
3.055387789579692814e+00
3.037388736589153204e+00
3.019390754770854279e+00
3.001393847507471513e+00
2.983398018025297915e+00
2.965403269394237373e+00
2.947409604527813531e+00
2.929417026183161799e+00
2.911425536961034233e+00
2.893435139305798653e+00
2.875445835505435976e+00
2.857457627691545987e+00
2.839470517839339347e+00
2.821484507767645589e+00
2.803499599138907339e+00
2.785515793459182099e+00
2.767533092078145351e+00
2.749551496189083899e+00
2.731571006828904302e+00
2.713591624878124442e+00
2.695613351060877072e+00
2.677636185944915592e+00
2.659660129941601170e+00
2.641685183305917395e+00
2.623711346136457401e+00
2.605738618375431859e+00
2.587766999808668089e+00
2.569796490065604733e+00
2.551827088619300188e+00
2.533858794786425506e+00
2.515891607727265722e+00
2.497925526445724742e+00
2.479960549789317792e+00
2.461996676449178967e+00
2.444033904960054571e+00
2.426072233700307113e+00
2.408111660891916195e+00
2.390152184600472296e+00
2.372193802735186541e+00
2.354236513048880486e+00
2.336280313137994558e+00
2.318325200442582279e+00
2.300371172246311158e+00
2.282418225676467571e+00
2.264466357703950106e+00
2.246515565143274440e+00
2.228565844652570682e+00
2.210617192733582925e+00
2.192669605731673244e+00
2.174723079835815476e+00
2.156777611078602330e+00
2.138833195336239612e+00
2.120889828328547555e+00
2.102947505618964374e+00
2.085006222614540050e+00
2.067065974565943431e+00
2.049126756567455576e+00
2.031188563556973747e+00
2.013251390316011857e+00
1.995315231469696027e+00
1.977380081486771246e+00
1.959445934679594714e+00
1.941512785204138947e+00
1.923580627059994885e+00
1.905649454090364348e+00
1.887719259982068687e+00
1.869790038265540799e+00
1.851861782314829563e+00
1.833934485347601617e+00
1.816008140425135142e+00
1.798082740452327188e+00
1.780158278177687459e+00
1.762234746193340529e+00
1.744312136935028956e+00
1.726390442682107063e+00
1.708469655557548483e+00
1.690549767527936842e+00
1.672630770403476852e+00
1.654712655837983659e+00
1.636795415328888836e+00
1.618879040217241494e+00
1.600963521687702507e+00
1.583048850768551619e+00
1.565135018331680561e+00
1.547222015092596825e+00
1.529309831610425885e+00
1.511398458287904090e+00
1.493487885371387769e+00
1.475578102950844350e+00
1.457669100959857911e+00
1.439760869175629177e+00
1.421853397218971526e+00
1.403946674554316321e+00
1.386040690489708460e+00
1.368135434176806386e+00
1.350230894610888521e+00
1.332327060630843052e+00
1.314423920919178368e+00
1.296521464002014623e+00
1.278619678249087066e+00
1.260718551873749593e+00
1.242818072932966977e+00
1.224918236659306769e+00
1.207019177800768173e+00
1.189120939344624261e+00
1.171223506081582988e+00
1.153326862861995927e+00
1.135430994595862941e+00
1.117535886252823518e+00
1.099641522862165433e+00
1.081747889512817862e+00
1.063854971353354717e+00
1.045962753591996641e+00
1.028071221496605014e+00
1.010180360394689059e+00
9.922901556733998429e-01
9.744005927795321709e-01
9.565116572195285771e-01
9.386233345594716670e-01
9.207356104250925544e-01
9.028484705017635337e-01
8.849619005345011891e-01
8.670758863279696138e-01
8.491904137464726388e-01
8.313054687139632692e-01
8.134210372140349143e-01
7.955371052899260498e-01
7.776536590445221053e-01
7.597706846403484704e-01
7.418881682995797089e-01
7.240060963040307884e-01
7.061244549951616323e-01
6.882432307740792288e-01
6.703624101015305259e-01
6.524819794979115350e-01
6.346019255432587824e-01
6.167222348772538609e-01
5.988428941992249843e-01
5.809638902681409922e-01
5.630852099026191215e-01
5.452068399809166799e-01
5.273287674409394832e-01
5.094509792802345283e-01
4.915734625559930460e-01
4.736962043850538318e-01
4.558191919438957518e-01
4.379424124686461250e-01
4.200658532550735069e-01
4.021895016585906868e-01
3.843133450942578522e-01
3.664373710367755388e-01
3.485615670204925132e-01
3.306859206393988893e-01
3.128104195471289595e-01
2.949350514569644699e-01
2.770598041418274593e-01
2.591846654342881973e-01
2.413096232265583285e-01
2.234346654704937873e-01
2.055597801775977118e-01
1.876849554190137270e-01
1.698101793255336334e-01
1.519354400875905509e-01
1.340607259552620001e-01
1.161860252382726499e-01
9.831132630598758693e-02
8.043661758742018386e-02
6.256188757122412014e-02
4.468712480570135454e-02
2.681231789879516200e-02
8.937455518093148643e-03
-8.937473609170805411e-03
-2.681248069611851317e-02
-4.468757689622946533e-02
-6.256277330333784303e-02
-8.043808095163355876e-02
-9.831351081566414019e-02
-1.161890738103269344e-01
-1.340647807908808831e-01
-1.519406425529385984e-01
-1.698166698324685420e-01
-1.876928733057966758e-01
-2.055692635895987885e-01
-2.234458512409123465e-01
-2.413226467571284450e-01
-2.591996605759939176e-01
-2.770769030756133344e-01
-2.949543845744408976e-01
-3.128321153312925151e-01
-3.307101055453377514e-01
-3.485883653561019369e-01
-3.664669048434681109e-01
-3.843457340276689727e-01
-4.022248628692989270e-01
-4.201043012693058687e-01
-4.379840590689938473e-01
-4.558641460500241771e-01
-4.737445719344080541e-01
-4.916253463845183247e-01
-5.095064790030816582e-01
-5.273879793331800458e-01
-5.452698568582536875e-01
-5.631521210020921098e-01
-5.810347811288465447e-01
-5.989178465430223808e-01
-6.168013264894799397e-01
-6.346852301534376961e-01
-6.525695666604640621e-01
-6.704543450764886003e-01
-6.883395744077949185e-01
-7.062252636010220019e-01
-7.241114215431668777e-01
-7.419980570615762883e-01
-7.598851789239582377e-01
-7.777727958383749973e-01
-7.956609164532438827e-01
-8.135495493573404735e-01
-8.314387030797899536e-01
-8.493283860900787685e-01
-8.672186067980476309e-01
-8.851093735538944074e-01
-9.030006946481670127e-01
-9.208925783117752895e-01
-9.387850327159821262e-01
-9.566780659724065661e-01
-9.745716861330251390e-01
-9.924659011901642014e-01
-1.010360719076511593e+00
-1.028256147665109532e+00
-1.046152194769355059e+00
-1.064048868143002924e+00
-1.081946175480158479e+00
-1.099844124415287894e+00
-1.117742722523211496e+00
-1.135641977319104878e+00
-1.153541896258501787e+00
-1.171442486737285682e+00
-1.189343756091701065e+00
-1.207245711598347038e+00
-1.225148360474177744e+00
-1.243051709876504818e+00
-1.260955766902990494e+00
-1.278860538591658269e+00
-1.296766031920884910e+00
-1.314672253809403335e+00
-1.332579211116303952e+00
-1.350486910641027327e+00
-1.368395359123374844e+00
-1.386304563243502486e+00
-1.404214529621921503e+00
-1.422125264819500412e+00
-1.440036775337458552e+00
-1.457949067617375860e+00
-1.475862148041186428e+00
-1.493776022931180281e+00
-1.511690698550004486e+00
-1.529606181100656714e+00
-1.547522476726495011e+00
-1.565439591511232686e+00
-1.583357531478937430e+00
-1.601276302594035528e+00
-1.619195910761302315e+00
-1.637116361825875499e+00
-1.655037661573245389e+00
-1.672959815729259558e+00
-1.690882829960121736e+00
-1.708806709872386476e+00
-1.726731461012968927e+00
-1.744657088869139283e+00
-1.762583598868522339e+00
-1.780510996379100819e+00
-1.798439286709207829e+00
-1.816368475107537073e+00
-1.834298566763136629e+00
-1.852229566805410288e+00
-1.870161480304119550e+00
-1.888094312269374964e+00
-1.906028067651649449e+00
-1.923962751341769861e+00
-1.941898368170919653e+00
-1.959834922910632882e+00
-1.977772420272805309e+00
-1.995710864909685744e+00
-2.013650261413879594e+00
-2.031590614318349086e+00
-2.049531928096406386e+00
-2.067474207161725808e+00
-2.085417455868334713e+00
-2.103361678510616617e+00
-2.121306879323312522e+00
-2.139253062481513368e+00
-2.157200232100671577e+00
-2.175148392236593065e+00
-2.193097546885439897e+00
-2.211047699983731185e+00
-2.228998855408336865e+00
-2.246951016976487470e+00
-2.264904188445767463e+00
-2.282858373514117467e+00
-2.300813575819835588e+00
-2.318769798941568983e+00
-2.336727046398327179e+00
-2.354685321649473639e+00
-2.372644628094727093e+00
-2.390604969074164199e+00
-2.408566347868210222e+00
-2.426528767697654132e+00
-2.444492231723636610e+00
-2.462456743047655827e+00
-2.480422304711565662e+00
-2.498388919697571708e+00
-2.516356590928239712e+00
-2.534325321266489794e+00
-2.552295113515598235e+00
-2.570265970419197465e+00
-2.588237894661271632e+00
-2.606210888866165032e+00
-2.624184955598576341e+00
-2.642160097363559057e+00
-2.660136316606526385e+00
-2.678113615713239248e+00
-2.696091997009820052e+00
-2.714071462762747355e+00
-2.732052015178853210e+00
-2.750033656405327154e+00
-2.768016388529710881e+00
-2.786000213579904905e+00
-2.803985133524165008e+00
-2.821971150271102236e+00
-2.839958265669685566e+00
-2.857946481509233916e+00
-2.875935799519426794e+00
-2.893926221370298535e+00
-2.911917748672239181e+00
-2.929910382975994931e+00
-2.947904125772663697e+00
-2.965898978493703986e+00
-2.983894942510927351e+00
-3.001892019136503276e+00
-3.019890209622957400e+00
-3.037889515163164411e+00
-3.055889936890361369e+00
-3.073891475878140156e+00
-3.091894133140446588e+00
-3.109897909631585300e+00
-3.127902806246209977e+00
-3.145908823819336231e+00
-3.163915963126334052e+00
-3.181924224882929142e+00
-3.199933609745199803e+00
-3.217944118309583601e+00
-3.235955751112872925e+00
-3.253968508632214984e+00
-3.271982391285115810e+00
-3.289997399429430924e+00
-3.308013533363376890e+00
-3.326030793325524204e+00
-3.344049179494798629e+00
-3.362068691990485636e+00
-3.380089330872217523e+00
-3.398111096139990295e+00
-3.416133987734152555e+00
-3.434158005535409952e+00
-3.452183149364824732e+00
-3.470209418983807748e+00
-3.488236814094134441e+00
-3.506265334337931527e+00
-3.524294950858052555e+00
-3.542325305346733622e+00
-3.560356285246784935e+00
-3.578387884692789900e+00
-3.596420097845035801e+00
-3.614452918889519584e+00
-3.632486342037948734e+00
-3.650520361527732849e+00
-3.668554971621995620e+00
-3.686590166609567287e+00
-3.704625940804985973e+00
-3.722662288548501230e+00
-3.740699204206064277e+00
-3.758736682169339538e+00
-3.776774716855700653e+00
-3.794813302708226921e+00
-3.812852434195709517e+00
-3.830892105812640391e+00
-3.848932312079228257e+00
-3.866973047541385711e+00
-3.885014306770735448e+00
-3.903056084364609379e+00
-3.921098374946042409e+00
-3.939141173163783538e+00
-3.957184473692288762e+00
-3.975228271231721067e+00
-3.993272560507954427e+00
-4.011317336272566259e+00
-4.029362593302846740e+00
-4.047408326401792600e+00
-4.065454530398110222e+00
-4.083501200146215204e+00
-4.101548330526225250e+00
-4.119595916443973493e+00
-4.137643952830998728e+00
-4.155692434644548960e+00
-4.173741356867579633e+00
-4.191790714508751847e+00
-4.209840502602441248e+00
-4.227890716208726474e+00
-4.245941350413398929e+00
-4.263992400327952126e+00
-4.282043861089595005e+00
-4.300095727861238615e+00
-4.318147995831508545e+00
-4.336200660214736047e+00
-4.354253716250955364e+00
-4.372307159205917948e+00
-4.390360984371078246e+00
-4.408415187063600804e+00
-4.426469762626359383e+00
-4.444524706427930738e+00
-4.462580013862607053e+00
-4.480635680350385286e+00
-4.498691701336971605e+00
-4.516748072293781391e+00
-4.534804788717933910e+00
-4.552861846132262080e+00
-4.570919240085305368e+00
-4.588976966151309789e+00
-4.607035019930235009e+00
-4.625093397047740140e+00
-4.643152093155200610e+00
-4.661211103929697508e+00
-4.679270425074019357e+00
-4.697330052316665672e+00
-4.715389981411839848e+00
-4.733450208139458049e+00
-4.751510728305141207e+00
-4.769571537740222134e+00
-4.787632632301741076e+00
-4.805694007872443052e+00
-4.823755660360785846e+00
-4.841817585700932902e+00
-4.859879779852757764e+00
-4.877942238801844077e+00
-4.896004958559475817e+00
-4.914067935162655054e+00
-4.932131164674085966e+00
-4.950194643182182830e+00
-4.968258366801072690e+00
-4.986322331670582031e+00
-5.004386533956251881e+00
-5.022450969849328928e+00
-5.040515635566771735e+00
-5.058580527351247191e+00
-5.076645641471120740e+00
-5.094710974220479471e+00
-5.112776521919111694e+00
-5.130842280912515818e+00
-5.148908247571898578e+00
-5.166974418294173255e+00
-5.185040789501962344e+00
-5.203107357643599329e+00
-5.221174119193122465e+00
-5.239241070650282772e+00
-5.257308208540532490e+00
-5.275375529415038400e+00
-5.293443029850673831e+00
-5.311510706450019548e+00
-5.329578555841368193e+00
-5.347646574678712739e+00
-5.365714759641763365e+00
-5.383783107435934134e+00
-5.401851614792348322e+00
-5.419920278467840191e+00
-5.437989095244944338e+00
-5.456058061931911674e+00
-5.474127175362698772e+00
-5.492196432396972305e+00
-5.510265829920102831e+00
-5.528335364843172783e+00
-5.546405034102972920e+00
-5.564474834662000546e+00
-5.582544763508465735e+00
-5.600614817656278888e+00
-5.618684994145064948e+00
-5.636755290040156297e+00
-5.654825702432592749e+00
-5.672896228439124222e+00
-5.690966865202205405e+00
-5.709037609890001086e+00
-5.727108459696385268e+00
-5.745179411840942052e+00
-5.763250463568962090e+00
-5.781321612151437250e+00
-5.799392854885081050e+00
-5.817464189092306448e+00
-5.835535612121236504e+00
-5.853607121345706155e+00
-5.871678714165251556e+00
-5.889750388005122517e+00
-5.907822140316277171e+00
-5.925893968575379311e+00
-5.943965870284806385e+00
-5.962037842972635282e+00
-5.980109884192658321e+00
-5.998181991524375256e+00
-6.016254162572991504e+00
-6.034326394969425245e+00
-6.052398686370296765e+00
-6.070471034457940007e+00
-6.088543436940395459e+00
-6.106615891551411046e+00
-6.124688396050445682e+00
-6.142760948222663053e+00
-6.160833545878936057e+00
-6.178906186855849469e+00
-6.196978869015692837e+00
-6.215051590246465807e+00
-6.233124348461873687e+00
-6.251197141601332774e+00
-6.269269967629967688e+00
-6.287342824538609598e+00
-6.305415710343802438e+00
-6.323488623087790472e+00
-6.341561560838532507e+00
-6.359634521689695674e+00
-6.377707503760651875e+00
-6.395780505196487553e+00
-6.413853524167988596e+00
-6.431926558871656319e+00
-6.449999607529695922e+00
-6.468072668390027147e+00
-6.486145739726273618e+00
-6.504218819837762844e+00
-6.522291907049540427e+00
-6.540364999712353189e+00
-6.558438096202661605e+00
-6.576511194922627368e+00
-6.594584294300125826e+00
-6.612657392788741539e+00
-6.630730488867763839e+00
-6.648803581042193045e+00
-6.666876667842735138e+00
-6.684949747825806199e+00
-6.703022819573531521e+00
-6.721095881693742946e+00
-6.739168932819984192e+00
-6.757241971611500198e+00
-6.775314996753249552e+00
-6.793388006955900060e+00
-6.811461000955825185e+00
-6.829533977515110266e+00
-6.847606935421540975e+00
-6.865679873488620188e+00
-6.883752790555554668e+00
-6.901825685487260387e+00
-6.919898557174365195e+00
-6.937971404533196385e+00
-6.956044226505797567e+00
-6.974117022059918014e+00
-6.992189790189016207e+00
-7.010262529912259843e+00
-7.028335240274519613e+00
-7.046407920346379861e+00
-7.064480569224133255e+00
-7.082553186029777237e+00
-7.100625769911023788e+00
-7.118698320041283445e+00
-7.136770835619683950e+00
-7.154843315871056930e+00
-7.172915760045945888e+00
-7.190988167420601762e+00
-7.209060537296976712e+00
-7.227132869002740101e+00
-7.245205161891267842e+00
-7.263277415341642396e+00
-7.281349628758656323e+00
-7.299421801572805180e+00
-7.317493933240300841e+00
-7.335566023243058176e+00
-7.353638071088703043e+00
-7.371710076310568738e+00
-7.389782038467695102e+00
-7.407853957144832080e+00
-7.425925831952439715e+00
-7.443997662526681935e+00
-7.462069448529438098e+00
-7.480141189648286115e+00
-7.498212885596519328e+00
-7.516284536113138515e+00
-7.534356140962851889e+00
-7.552427699936076877e+00
-7.570499212848935677e+00
-7.588570679543263253e+00
-7.606642099886601116e+00
-7.624713473772199990e+00
-7.642784801119018923e+00
-7.660856081871720846e+00
-7.678927316000684122e+00
-7.696998503501990996e+00
-7.715069644397432924e+00
-7.733140738734512354e+00
-7.751211786586434727e+00
-7.769282788052117361e+00
-7.787353743256185901e+00
-7.805424652348976089e+00
-7.823495515506525777e+00
-7.841566332930586469e+00
-7.859637104848617106e+00
-7.877707831513784065e+00
-7.895778513204966487e+00
-7.913849150226742069e+00
-7.931919742909403936e+00
-7.949990291608954429e+00
-7.968060796707101545e+00
-7.986131258611264272e+00
-8.004201677754561928e+00
-8.022272054595834589e+00
-8.040342389619619112e+00
-8.058412683336168669e+00
-8.076482936281443870e+00
-8.094553149017107430e+00
-8.112623322130536607e+00
-8.130693456234816097e+00
-8.148763551968734475e+00
-8.166833609996798415e+00
-8.184903631009211367e+00
-8.202973615721893097e+00
-8.221043564876465481e+00
-8.239113479240264937e+00
-8.257183359606338868e+00
-8.275253206793429683e+00
-8.293323021645996107e+00
-8.311392805034209630e+00
-8.329462557853947402e+00
-8.347532281026788681e+00
-8.365601975500029042e+00
-8.383671642246664391e+00
-8.401741282265410504e+00
-8.419810896580678161e+00
-8.437880486242598010e+00
-8.455950052327001032e+00
-8.474019595935430971e+00
-8.492089118195135455e+00
-8.510158620259078432e+00
-8.528228103305924179e+00
-8.546297568540051515e+00
-8.564367017191537812e+00
-8.582436450516182092e+00
-8.600505869795481928e+00
-8.618575276336651214e+00
-8.636644671472598844e+00
-8.654714056561957136e+00
-8.672783432989056962e+00
-8.690852802163943736e+00
-8.708922165522368530e+00
-8.726991524525788080e+00
-8.745060880661368330e+00
-8.763130235441989768e+00
-8.781199590406233213e+00
-8.799268947118395801e+00
-8.817338307168471445e+00
-8.835407672172175708e+00
-8.853477043770920929e+00
-8.871546423631839318e+00
-8.889615813447759862e+00
-8.907685214937227869e+00
-8.925754629844492527e+00
-8.943824059939514015e+00
-8.961893507017963501e+00
-8.979962968448834459e+00
-8.998032427503941832e+00
