-5.082197683525802034e-21
-1.151944487282633138e-06
-2.242978858302216404e-06
-3.274852443293774472e-06
-4.249314572493290012e-06
-5.168114576136037782e-06
-6.033001784457342943e-06
-6.845725527693098589e-06
-7.608035136078453273e-06
-8.321679939849265360e-06
-8.988409269240873987e-06
-9.609972454488651322e-06
-1.018811882582838458e-05
-1.072459771349533751e-05
-1.122115844772525837e-05
-1.167955035875352948e-05
-1.210152277681558401e-05
-1.248882503214712108e-05
-1.284320645498346373e-05
-1.316641637556029922e-05
-1.346020412411305394e-05
-1.372631903087718306e-05
-1.396651042608831626e-05
-1.418252763998185957e-05
-1.437612000279342404e-05
-1.454903684475846653e-05
-1.470302749611247781e-05
-1.483984128709102485e-05
-1.496122754792956623e-05
-1.506893560886366216e-05
-1.516471480012880677e-05
-1.525031445196049421e-05
-1.532748389459426266e-05
-1.539797245826560797e-05
-1.546352947321005477e-05
-1.552590426966311414e-05
-1.558684617786027345e-05
-1.564810452803707766e-05
-1.571142865042901752e-05
-1.577856787527162445e-05
-1.585127153280040276e-05
-1.593128895325083980e-05
-1.602036946685849071e-05
-1.612026240385882591e-05
-1.623271709448740393e-05
-1.635948286897970873e-05
-1.650230905757123107e-05
-1.666294499049753963e-05
-1.684313999799407434e-05
-1.704464341029643100e-05
-1.726920455764008002e-05
-1.751857277026047489e-05
-1.779449737839324867e-05
-1.809872771227378029e-05
-1.843301310213772654e-05
-1.879910287822053074e-05
-1.919874637075760909e-05
-1.963369290998465903e-05
-2.010569182613699513e-05
-2.061649244945033176e-05
-2.116784411016010207e-05
-2.176149613850166130e-05
-2.239919786471079497e-05
-2.308269861902273294e-05
-2.381374773167328445e-05
-2.459409453289782167e-05
-2.542548835293166934e-05
-2.630967852201069430e-05
-2.724841437037003492e-05
-2.824344522824560549e-05
-2.929652042587273074e-05
-3.043636233396353400e-05
-3.175466360091684659e-05
-3.318940905911676282e-05
-3.462700600733072668e-05
-3.595125096131858211e-05
-3.709336772099812018e-05
-3.806154250323883138e-05
-3.893726190708188170e-05
-3.984008100097716394e-05
-4.087604495468119222e-05
-4.209200569949283506e-05
-4.345549997074332369e-05
-4.486881495588411256e-05
-4.621112962987188174e-05
-4.739052823322404691e-05
-4.838346027548508493e-05
-4.924467380786753202e-05
-5.008339643064024229e-05
-5.101609286982530870e-05
-5.211623535203579343e-05
-5.338276369013390924e-05
-5.474076929548511055e-05
-5.607402741326863467e-05
-5.727523026114421378e-05
-5.829219906685956443e-05
-5.915013891904419730e-05
-5.994040550616742778e-05
-6.078073720634630635e-05
-6.176422833222906025e-05
-6.291912934990185463e-05
-6.419682718420323408e-05
-6.549313334367794161e-05
-6.669358600152079306e-05
-6.772309091299249530e-05
-6.857838032044459098e-05
-6.932924090112521968e-05
-7.008802158017475093e-05
-7.096066308458403779e-05
-7.200057513471794213e-05
-7.318537626427192141e-05
-7.442662492593698912e-05
-7.560831098764420424e-05
-7.663737696347217466e-05
-7.748430252100967270e-05
-7.819607806531382436e-05
-7.887586878834907549e-05
-7.963817948559421915e-05
-8.055895759421157778e-05
-8.164228312891641840e-05
-8.281823237685879556e-05
-8.397294722981551442e-05
-8.499796652465241287e-05
-8.583746022227882304e-05
-8.651282977254254780e-05
-8.711387678729117195e-05
-8.776020179671779073e-05
-8.854942815692093709e-05
-8.951464610050882545e-05
-9.060959388569370088e-05
-9.172817606742115419e-05
-9.275002263883423920e-05
-9.359248191032519743e-05
-9.424657251579275446e-05
-9.478126194975148081e-05
-9.531408375361755570e-05
-9.596064647108293343e-05
-9.678476746376133842e-05
-9.777072992850889218e-05
-9.882974755123944213e-05
-9.983795417268484691e-05
-1.006896085139819989e-04
-1.013426335609027219e-04
-1.018368275546056991e-04
-1.022768363038090085e-04
-1.027871605665982020e-04
-1.034585558773160041e-04
-1.043089371825441260e-04
-1.052756821507930707e-04
-1.062426978220081891e-04
-1.070905883122031050e-04
-1.077482157259919600e-04
-1.082233464710454136e-04
-1.085991172174613994e-04
-1.089978681430266508e-04
-1.095280113233264714e-04
-1.102369890455481448e-04
-1.110907425005503644e-04
-1.119886314950173693e-04
-1.128073544723936909e-04
-1.134547915312139469e-04
-1.139103194959839214e-04
-1.142339664623512585e-04
-1.145402918430103950e-04
-1.149482567629890150e-04
-1.155289031029060930e-04
-1.162737543914661958e-04
-1.170979494880324353e-04
-1.178770288370014816e-04
-1.185015412289892070e-04
-1.189256423558712977e-04
-1.191882210918654216e-04
-1.193969315019791685e-04
-1.196816707070228473e-04
-1.201375186063787664e-04
-1.207820509430384940e-04
-1.215460040143839636e-04
-1.223019748945705415e-04
-1.229192702785524482e-04
-1.233214034117376568e-04
-1.235210382938910873e-04
-1.236169710007253039e-04
-1.237524012679000690e-04
-1.240560277101741002e-04
-1.245775049751403807e-04
-1.252881002400139726e-04
-1.260072429629631994e-04
-1.264783321672159513e-04
-1.266712899510316300e-04
-1.266549965462900659e-04
-1.265885157354575022e-04
-1.266491118523856434e-04
-1.269604387520021412e-04
-1.275392429584743567e-04
-1.282876203485374181e-04
-1.290327367455948774e-04
-1.295982874092038056e-04
-1.298778391274458361e-04
-1.298795329946786739e-04
-1.297234026968431748e-04
-1.295922606677291707e-04
-1.296564335516369945e-04
-1.300034943492197714e-04
-1.306020669562155633e-04
-1.313146438467391579e-04
-1.319540606390109743e-04
-1.323602516628905729e-04
-1.324656310650156868e-04
-1.323222867869740086e-04
-1.320800542693585070e-04
-1.319247992923091575e-04
-1.320025669520455739e-04
-1.323608792655300273e-04
-1.329307709878393431e-04
-1.335564037135624242e-04
-1.340593868887276639e-04
-1.343110431304382624e-04
-1.342831010130391756e-04
-1.340567319885614716e-04
-1.337872601848768563e-04
-1.336399803460495506e-04
-1.337238340603069111e-04
-1.340498014289195016e-04
-1.345300039511694167e-04
-1.350164695243463329e-04
-1.353624516014249662e-04
-1.354806780352805064e-04
-1.353751639244916809e-04
-1.351349547068960561e-04
-1.348941343108216466e-04
-1.347760079369658616e-04
-1.348449378139782065e-04
-1.350848901631234388e-04
-1.354117029568175062e-04
-1.357118551101174555e-04
-1.358900623607120549e-04
-1.359055724388890632e-04
-1.357831649038511782e-04
-1.355964130093697130e-04
-1.354325899019344023e-04
-1.353555893762804806e-04
-1.353827351098003961e-04
-1.354839639325190271e-04
-1.356015062358195992e-04
-1.356792105975466577e-04
-1.356872459366017082e-04
-1.356313754706909864e-04
-1.355439745756635919e-04
-1.354628747707479022e-04
-1.354096555422498141e-04
-1.353786518232693139e-04
-1.353420745780557462e-04
-1.352681168080757646e-04
-1.351421892100010348e-04
-1.349795116269634750e-04
-1.348215116276946669e-04
-1.347165132985849811e-04
-1.346935287252050222e-04
-1.347422721324483626e-04
-1.348105646241769674e-04
-1.348226025081933116e-04
-1.347116820815937391e-04
-1.344533037245162761e-04
-1.340829016987505999e-04
-1.336881750178286782e-04
-1.333767611759033051e-04
-1.332313427830100511e-04
-1.332710285317207331e-04
-1.334366529290469713e-04
-1.336085106178924362e-04
-1.336514745064765761e-04
-1.334702027582049548e-04
-1.330516217013043398e-04
-1.324758999196351300e-04
-1.318894487569268793e-04
-1.314490846603444982e-04
-1.312590426109359095e-04
-1.313265268542219207e-04
-1.315547895875336019e-04
-1.317779791149639604e-04
-1.318249654013438853e-04
-1.315871533072829238e-04
-1.310629388009331917e-04
-1.303604419797303130e-04
-1.296566368037669378e-04
-1.291286414895724815e-04
-1.288843710882333379e-04
-1.289201705097851977e-04
-1.291224926287624236e-04
-1.293127757285158987e-04
-1.293175466743946855e-04
-1.290356808565099793e-04
-1.284761643848620944e-04
-1.277519377469010765e-04
-1.270332053096068280e-04
-1.264797378206172990e-04
-1.261795907605702905e-04
-1.261182773279841596e-04
-1.261894546737832366e-04
-1.262411090163135000e-04
-1.261372084482770197e-04
-1.258094279973889416e-04
-1.252787774618669553e-04
-1.246402454918534616e-04
-1.240190156489506476e-04
-1.235181307409883807e-04
-1.231796367915963491e-04
-1.229743999793096883e-04
-1.228224963094483974e-04
-1.226329722940631202e-04
-1.223441222068274818e-04
-1.219464639979831301e-04
-1.214795355433794931e-04
-1.210061165596276181e-04
-1.205777160659349620e-04
-1.202085996728901327e-04
-1.198708329301968089e-04
-1.195122283650914077e-04
-1.190877228231844789e-04
-1.185879330890698583e-04
-1.180496897672000706e-04
-1.175418536580390784e-04
-1.171318505766888489e-04
-1.168483962654913574e-04
-1.166589683244163985e-04
-1.164749592179469440e-04
-1.161852042220824956e-04
-1.157050876163505940e-04
-1.150198265727747215e-04
-1.142012467435898611e-04
-1.133875199733797598e-04
-1.127311098491373160e-04
-1.123348658736721860e-04
-1.122030827943362296e-04
-1.122299838423891616e-04
-1.122335901800009607e-04
-1.120241721216458039e-04
-1.114810881649044394e-04
-1.106066405088591446e-04
-1.095332847014124388e-04
-1.084785311774992165e-04
-1.076631053544821936e-04
-1.072237113891493974e-04
-1.071553258255150871e-04
-1.073073606957430974e-04
-1.074373120363026344e-04
-1.073023314153723966e-04
-1.067535565259976213e-04
-1.057959092904359687e-04
-1.045891939458316552e-04
-1.033889437555729382e-04
-1.024493712331130243e-04
-1.019260114201957755e-04
-1.018160309948979754e-04
-1.019594510706015695e-04
-1.021006511300608951e-04
-1.019862040933564550e-04
-1.014608290074297143e-04
-1.005245400442500572e-04
-9.932957834506766170e-05
-9.811945053019515512e-05
-9.713477828070906696e-05
-9.652295336293713335e-05
-9.628613142121839638e-05
-9.628623433966058400e-05
-9.630291591428542883e-05
-9.612008516526174598e-05
-9.560653026793965766e-05
-9.476003544481431391e-05
-9.370005176097557912e-05
-9.261470594844258431e-05
-9.168539171878495938e-05
-9.101953335686697652e-05
-9.061682733443788445e-05
-9.037937760866392471e-05
-9.015814310712459321e-05
-8.981442255323384902e-05
-8.927092320382239426e-05
-8.853338709634921123e-05
-8.767730972545461482e-05
-8.680895073506595067e-05
-8.601941403752265500e-05
-8.535145446558659954e-05
-8.479121165535682383e-05
-8.428503981200022386e-05
-8.377071660620340589e-05
-8.320698435366611267e-05
-8.258802223813059703e-05
-8.193789178010192403e-05
-8.129001891078130944e-05
-8.066390133003081744e-05
-8.005189781530535991e-05
-7.942319254988951379e-05
-7.874282044733384991e-05
-7.799554694528723913e-05
-7.720139698247042374e-05
-7.641333066324618910e-05
-7.569617533163910158e-05
-7.509546292623181084e-05
-7.461083639017743207e-05
-7.418780031674088410e-05
-7.373407128139872094e-05
-7.315568837332278053e-05
-7.239834861809005078e-05
-7.147573745744396358e-05
-7.047095514917273444e-05
-6.950807080158337252e-05
-6.870373364877769748e-05
-6.811820298404163093e-05
-6.772661541110430088e-05
-6.742386867757386461e-05
-6.706294127414196612e-05
-6.651232786647630802e-05
-6.570965003858959656e-05
-6.468921873708147045e-05
-6.357138340490597330e-05
-6.251689840667855531e-05
-6.166397098508207453e-05
-6.107317587044295410e-05
-6.070256003877794193e-05
-6.042339046133854202e-05
-6.007051413626871429e-05
-5.950729021433984883e-05
-5.867910993286734600e-05
-5.763405669907394079e-05
-5.650277516810440381e-05
-5.544597532039823100e-05
-5.459101426582700401e-05
-5.398301214871116305e-05
-5.356964817581403541e-05
-5.322486526877946163e-05
-5.280078564174161388e-05
-5.218633383609202158e-05
-5.134884070442076258e-05
-5.034276707094722039e-05
-4.928355667714984744e-05
-4.829880007825204018e-05
-4.747755940500307314e-05
-4.683823176360769620e-05
-4.632684718682780094e-05
-4.584445577540406837e-05
-4.529037059243875727e-05
-4.460239642726341615e-05
-4.377762982861094806e-05
-4.286683984923661626e-05
-4.194716879284391580e-05
-4.108675896504728934e-05
-4.031742350775327429e-05
-3.962647666410819156e-05
-3.896957094622055111e-05
-3.829642125387562086e-05
-3.757613483913433853e-05
-3.680983297980471329e-05
-3.602525408171989863e-05
-3.525724791542210321e-05
-3.452508269176988689e-05
-3.381901178376192326e-05
-3.310372577510158250e-05
-3.233760249657355220e-05
-3.149821691881970765e-05
-3.060061448706875056e-05
-2.969750952911808995e-05
-2.885893445472025815e-05
-2.813915533762825446e-05
-2.754597612472069331e-05
-2.702806581069231719e-05
-2.648896638548949221e-05
-2.582462208836493029e-05
-2.496978813523035827e-05
-2.393293619045914374e-05
-2.280238526663073812e-05
-2.171768926191321961e-05
-2.081529375993679590e-05
-2.016979193978141847e-05
-1.975592204635457790e-05
-1.944957348156337764e-05
-1.907072093033788707e-05
-1.845344882423642074e-05
-1.751560995860612616e-05
-1.629887683530679434e-05
-1.496044126336637586e-05
-1.371667824899428303e-05
-1.275911698782653501e-05
-1.217567321293503541e-05
-1.190968382641286765e-05
-1.177534982127838493e-05
-1.152596533172685419e-05
-1.094963647660435284e-05
-9.954862520865651328e-06
-8.611268527635778595e-06
-7.127506900345883350e-06
-5.773264689994223111e-06
-4.774743013849221114e-06
-4.224748457571499366e-06
-4.043426434596912666e-06
-4.006244000214087806e-06
-3.829336326222428070e-06
-3.279384623865456035e-06
-2.264988025967321357e-06
-8.733227877789653128e-07
6.627259935016880614e-07
2.054407358012278996e-06
3.068832502009943010e-06
3.618819339858355593e-06
3.795763277771164443e-06
3.832980336097421716e-06
4.014336423973748580e-06
4.564368914090228040e-06
5.562938222292266685e-06
6.917242455656294658e-06
8.401082016293767019e-06
9.744767534757664654e-06
1.073964143198685574e-05
1.131607281559556509e-05
1.156555839872537946e-05
1.169999150698611417e-05
1.196608108170251299e-05
1.254963143780711958e-05
1.350731087317161924e-05
1.475120649681942831e-05
1.608978838107267265e-05
1.730667756650627241e-05
1.824467680613633920e-05
1.886210902772781479e-05
1.924111967965331759e-05
1.954762609186847530e-05
1.996165803874278634e-05
2.060733131059651227e-05
2.150991135829663644e-05
2.259480566763792463e-05
2.372556610576607574e-05
2.476263423625098939e-05
2.561768657312178964e-05
2.628224902922599558e-05
2.682156706397354287e-05
2.733969988076502379e-05
2.793311016993494755e-05
2.865313281772224221e-05
2.949196531855757092e-05
3.039534007278388734e-05
3.129322097653353287e-05
3.213288958493070601e-05
3.289929780263353037e-05
3.361487066866640288e-05
3.432123299083482187e-05
3.505369824050223282e-05
3.582201667418960023e-05
3.660692165871988539e-05
3.737356228701411244e-05
3.809419687174635423e-05
3.876770023587569565e-05
3.942496241047541090e-05
4.011626820336953412e-05
4.088596734701317368e-05
4.174674930574815546e-05
4.266680435815258817e-05
4.357799169556176943e-05
4.440316781304960432e-05
4.509156022294688235e-05
4.564606819942378612e-05
4.612888389294880585e-05
4.664069366093061644e-05
4.728044955145816049e-05
4.810212539206750555e-05
4.908732782046976428e-05
5.014699650366624310e-05
5.115353974057532983e-05
5.199151002178880367e-05
5.260644165461895463e-05
5.303099987810161253e-05
5.337625889871171246e-05
5.379009844572338008e-05
5.439857985944040829e-05
5.525402858063594195e-05
5.631132732293542899e-05
5.744311860796656629e-05
5.848868882475355662e-05
5.931738784272971502e-05
5.988112720137308317e-05
6.023451317181723465e-05
6.051418776202293362e-05
6.088530828768593125e-05
6.147661337488115210e-05
6.233006046855279396e-05
6.338507608770647885e-05
6.450345042384648432e-05
6.552442373626088737e-05
6.632764064915593494e-05
6.687878625239369629e-05
6.724023868839608799e-05
6.754350685807149191e-05
6.793561820321883328e-05
6.852168077376916133e-05
6.932656115198043961e-05
7.028999926607674888e-05
7.129534149650306016e-05
7.221851264283645746e-05
7.297640727853929078e-05
7.355533796302708054e-05
7.400960972249035397e-05
7.443318871372114692e-05
7.491836457623973853e-05
7.551963726926202525e-05
7.623736484334704385e-05
7.702601243407002671e-05
7.782074716957174771e-05
7.856860324143813586e-05
7.924955230489771170e-05
7.987882926311127381e-05
8.049140309751478465e-05
8.111809533526061916e-05
8.176655221255968529e-05
8.241727815329863264e-05
8.303684555162635188e-05
8.360118816805096637e-05
8.411612112527905619e-05
8.462289790725073969e-05
8.518373992093992173e-05
8.585229562619659514e-05
8.664243035806063159e-05
8.751139426126353885e-05
8.836808612273751372e-05
8.910624545175834833e-05
8.965037267863718809e-05
8.999472022636137165e-05
9.021657624763567307e-05
9.045464038100822920e-05
9.085795569374727188e-05
9.152442291301688933e-05
9.245435078628594339e-05
9.354031837806442017e-05
9.460093186329450498e-05
9.544806087388946420e-05
9.596224872814414697e-05
9.614570606186157386e-05
9.612964230507292608e-05
9.613014989166619349e-05
9.636757974467126322e-05
9.698001592589044497e-05
9.796530734326267128e-05
9.917606335032677525e-05
1.003716593967981282e-04
1.013085831956613188e-04
1.018345875879263549e-04
1.019496546822226549e-04
1.018090657016789747e-04
1.016662519714199510e-04
1.017768404922654357e-04
1.023008161363037950e-04
1.032410151528026743e-04
1.044419010939614764e-04
1.056492562856236413e-04
1.066075407282364424e-04
1.071569447472403070e-04
1.072925446138767982e-04
1.071632052406608690e-04
1.070117809771564351e-04
1.070807824974018876e-04
1.075208024050688357e-04
1.083368647268626798e-04
1.093922615432163503e-04
1.104662608976532764e-04
1.113413457466542377e-04
1.118850565776769818e-04
1.120950914156354137e-04
1.120920959222453632e-04
1.120658059510131675e-04
1.121982057511579042e-04
1.125950743658768211e-04
1.132521151762186254e-04
1.140664734336992148e-04
1.148856791092273848e-04
1.155715553521047387e-04
1.160522748999898493e-04
1.163426228147106578e-04
1.165272196767171966e-04
1.167172353970783632e-04
1.170012806550746335e-04
1.174118775446688669e-04
1.179203067141606706e-04
1.184591370365379454e-04
1.189595029982719917e-04
1.193845718537394452e-04
1.197437280316399468e-04
1.200820385075127911e-04
1.204516952973169438e-04
1.208806359643168206e-04
1.213545951293727883e-04
1.218220610166735119e-04
1.222202494530002538e-04
1.225096184747262690e-04
1.226996482917059477e-04
1.228520458812835904e-04
1.230577684969995822e-04
1.233967446682815829e-04
1.238981113944702796e-04
1.245198229517164483e-04
1.251588337567314580e-04
1.256899556322393658e-04
1.260181956010967468e-04
1.261225418893736471e-04
1.260713208895189019e-04
1.260005688467930474e-04
1.260623049740032184e-04
1.263628762530784322e-04
1.269167704269360088e-04
1.276359292408005925e-04
1.283605765871915366e-04
1.289205024780619858e-04
1.292027630618395998e-04
1.291983727335103895e-04
1.290084604250539676e-04
1.288065056799190535e-04
1.287710759938368922e-04
1.290157211225200526e-04
1.295440944238565020e-04
1.302482753743516484e-04
1.309511388107673243e-04
1.314757052916199040e-04
1.317138530655862600e-04
1.316671891066186276e-04
1.314443149164987320e-04
1.312163676562221428e-04
1.311492038705137334e-04
1.313395718368926544e-04
1.317802631402679731e-04
1.323670356672027677e-04
1.329430658075597910e-04
1.333619379806087919e-04
1.335434840265840774e-04
1.335007824621480725e-04
1.333291822716629427e-04
1.331638169105918781e-04
1.331243945794589585e-04
1.332700788335616164e-04
1.335817550339138567e-04
1.339767330841534461e-04
1.343473695639577981e-04
1.346059635012178998e-04
1.347170833461545675e-04
1.347052348179642186e-04
1.346371284053428960e-04
1.345885723306900492e-04
1.346117458226973591e-04
1.347169306724966176e-04
1.348751082355592265e-04
1.350379481127706545e-04
1.351640193528107583e-04
1.352381030481638691e-04
1.352747932700543599e-04
1.353059034851676547e-04
1.353592280561618350e-04
1.354404339369989817e-04
1.355279393225774349e-04
1.355839072552151746e-04
1.355759562529932141e-04
1.354983190402669522e-04
1.353808264946829089e-04
1.352796337934529720e-04
1.352525166236608284e-04
1.353295439034222516e-04
1.354933948698086295e-04
1.356801745542218275e-04
1.358026051017878206e-04
1.357871071319522414e-04
1.356088962908531749e-04
1.353087235690748815e-04
1.349818761169431004e-04
1.347418808912154023e-04
1.346729062487583427e-04
1.347909900054277093e-04
1.350317698990039265e-04
1.352719365960362819e-04
1.353773997073213066e-04
1.352591078171675072e-04
1.349130429680669714e-04
1.344264788601488435e-04
1.339461674017404947e-04
1.336200875994097525e-04
1.335361234157016392e-04
1.336832963648753225e-04
1.339526618582744931e-04
1.341789187289627408e-04
1.342067356692975297e-04
1.339549363291136748e-04
1.334517916178461238e-04
1.328259830261979755e-04
1.322559080940918525e-04
1.318974121241976033e-04
1.318194642177968859e-04
1.319745414860451103e-04
1.322165935536678816e-04
1.323597471543535751e-04
1.322541602960491643e-04
1.318477421952449734e-04
1.312080807985863357e-04
1.304952479434405490e-04
1.298964156797985023e-04
1.295490975213160170e-04
1.294846714145862505e-04
1.296155613490895515e-04
1.297714341685552624e-04
1.297694702498053063e-04
1.294896311542964628e-04
1.289237755377746237e-04
1.281783410303740029e-04
1.274296396643022963e-04
1.268505128020939131e-04
1.265388687494566912e-04
1.264779605616370964e-04
1.265441297211443894e-04
1.265601051223789629e-04
1.263668171016196177e-04
1.258953829868761538e-04
1.251758828148380443e-04
1.244649228905060883e-04
1.239430797306449673e-04
1.236390910043645122e-04
1.235033040636060399e-04
1.234070187481530877e-04
1.232070311144182941e-04
1.228045401774057203e-04
1.221868785132983616e-04
1.214305324177448146e-04
1.206661978654807136e-04
1.200212823856340767e-04
1.195650542335794037e-04
1.192799402885602649e-04
1.190708603486160362e-04
1.188079143656750700e-04
1.183834441435090205e-04
1.177585573566793976e-04
1.169790970456606710e-04
1.161545158121963812e-04
1.154092765287795220e-04
1.148282440167556465e-04
1.144198971205944901e-04
1.141131939858589076e-04
1.137891712237519104e-04
1.133332659758793900e-04
1.126854471488648467e-04
1.118663367511947489e-04
1.109680558703780384e-04
1.101139090280277180e-04
1.094045397511822916e-04
1.088740089765751948e-04
1.084748743170533593e-04
1.080987213805505848e-04
1.076232065022150362e-04
1.069651899925662793e-04
1.061169043773884464e-04
1.051494890453335998e-04
1.041823433815169053e-04
1.033315643739231011e-04
1.026597771347384725e-04
1.021490669673557337e-04
1.017086758803164724e-04
1.012140989731625076e-04
1.005606864111600342e-04
9.970863788692969389e-05
9.870003135681569030e-05
9.764061182369270875e-05
9.665425051520580178e-05
9.582973808335083278e-05
9.518279311037202545e-05
9.464959666772103082e-05
9.411453591371035491e-05
9.346007206597576212e-05
9.261723368577252620e-05
9.159500124129369542e-05
9.047602908929551274e-05
8.938069251281823674e-05
8.841509277468855238e-05
8.762549565240582595e-05
8.697881155440843925e-05
8.637741413644235992e-05
8.570169750239444990e-05
8.486185452589641313e-05
8.383648037961235176e-05
8.268140528575802805e-05
8.150509411160896788e-05
8.042141070716057676e-05
7.950028427586782755e-05
7.873763786878387684e-05
7.805752352158014666e-05
7.734543260961578601e-05
7.649819443159175619e-05
7.546881366460498849e-05
7.428680828949544809e-05
7.304523690301612795e-05
7.186011367652509526e-05
7.081988542110457272e-05
6.994693794695386714e-05
6.918786325849619434e-05
6.843671915203382869e-05
6.758115276434573126e-05
6.655137273520379294e-05
6.535064334731491807e-05
6.405405794104628220e-05
6.277608025957976767e-05
6.162090260284382160e-05
6.063714208003642518e-05
5.979655080588332022e-05
5.900603460400011632e-05
5.814785288131800315e-05
5.713064646982621514e-05
5.592920710325992203e-05
5.459571204694145047e-05
5.323746982397774209e-05
5.197070773445736200e-05
5.087033749011715065e-05
4.993742155401754361e-05
4.909848813834996866e-05
4.823707098821231683e-05
4.724393977446288124e-05
4.606434385070575297e-05
4.472183250142069944e-05
4.330832226821475158e-05
4.194463663415786363e-05
4.072849146403526721e-05
3.969235225659977650e-05
3.878936742433722963e-05
3.791349003583667119e-05
3.694516190272465871e-05
3.580289333693444955e-05
3.447849652206768744e-05
3.304074840661360075e-05
3.160585538295022126e-05
3.028741404703723275e-05
2.914744278562540964e-05
2.809438177471071407e-05
2.709954010832181547e-05
2.616116344065965980e-05
2.527749742592456621e-05
2.444678771831768055e-05
2.366727997203935924e-05
2.293721984129055500e-05
2.225485298027214264e-05
2.161842504318455988e-05
2.102618168422883062e-05
2.047636855760545018e-05
1.996723131751527980e-05
1.949701561815916380e-05
1.906396711373763817e-05
1.866633145845163531e-05
1.830235430650172846e-05
1.797028131208873824e-05
1.766835812941347844e-05
1.739483041267656299e-05
1.714794381607884298e-05
1.692594399382095941e-05
1.672707660010370578e-05
1.654958728912786541e-05
1.639172171509409965e-05
1.625172553220321893e-05
1.612784439465590153e-05
1.601832395665293078e-05
1.592140987239506290e-05
1.583534779608299312e-05
1.575838338191751491e-05
1.568876228409932014e-05
1.562473015682917855e-05
1.556453265430783961e-05
1.550641543073601886e-05
1.544862414031449285e-05
1.538940443724396697e-05
1.532700197572520423e-05
1.525966240995895067e-05
1.518563139414593201e-05
1.510315458248690956e-05
1.501047762918260057e-05
1.490584618843376633e-05
1.478750591444115969e-05
1.465370246140548094e-05
1.450268148352753713e-05
1.433268863500799469e-05
1.414196957004762339e-05
1.392876994284722350e-05
1.369133540760744280e-05
1.342791161852911884e-05
1.313674422981288585e-05
1.281607889565953902e-05
1.246416127026990740e-05
1.207923700784456257e-05
1.165955176258432850e-05
1.120335118869005289e-05
1.070888094036227681e-05
1.017438667180195807e-05
9.598114037209605552e-06
8.978308690786068649e-06
8.313216286732250961e-06
7.601082479248586832e-06
6.840152922536144189e-06
6.028673270795330269e-06
5.164889178227040204e-06
4.247046299032230111e-06
3.273390287411229302e-06
2.242166797565231062e-06
1.151621483694496942e-06
0.000000000000000000e+00
