1.473121275574408973e+00
1.470169605836249671e+00
1.467217935395150885e+00
1.464266263604168561e+00
1.461314589876531844e+00
1.458362913675887329e+00
1.455411234516240659e+00
1.452459551961956530e+00
1.449507865627761571e+00
1.446556175178740133e+00
1.443604480330337392e+00
1.440652780848358239e+00
1.437701075955610364e+00
1.434749364941132699e+00
1.431797648096365672e+00
1.428845925719709919e+00
1.425894198110295275e+00
1.422942465567981207e+00
1.419990728393357715e+00
1.417038986887744434e+00
1.414087241353190638e+00
1.411135492092475463e+00
1.408183739409107904e+00
1.405231983607327040e+00
1.402280224992101143e+00
1.399328463869129457e+00
1.396376700544839977e+00
1.393424935326391223e+00
1.390473168521671132e+00
1.387521400439297503e+00
1.384569631388618438e+00
1.381617861679711012e+00
1.378666091623383716e+00
1.375714321531173123e+00
1.372762551715346113e+00
1.369810782488900314e+00
1.366859014165562325e+00
1.363907247059789052e+00
1.360955481486766594e+00
1.358003717762411799e+00
1.355051956203370489e+00
1.352100197127018788e+00
1.349148440851462905e+00
1.346196687695538019e+00
1.343244937978810283e+00
1.340293192021574820e+00
1.337341450144856836e+00
1.334389712670411843e+00
1.331437979920724102e+00
1.328486252219009289e+00
1.325534529889211388e+00
1.322582813256004686e+00
1.319631102644794218e+00
1.316679398381713995e+00
1.313727700793627662e+00
1.310776010208129172e+00
1.307824326953542338e+00
1.304872651358920610e+00
1.301920983754047301e+00
1.298969324469436026e+00
1.296017673836329376e+00
1.293066032186700243e+00
1.290114399853251825e+00
1.287162777169416294e+00
1.284211164469356348e+00
1.281259562087964099e+00
1.278307970360861745e+00
1.275356389624401121e+00
1.272404820215663923e+00
1.269453262472462596e+00
1.266501716733337668e+00
1.263550183337560417e+00
1.260598662625132871e+00
1.257647154936785361e+00
1.254695660613979191e+00
1.251744179998904638e+00
1.248792713434482504e+00
1.245841261264363009e+00
1.242889823832926455e+00
1.239938401485283226e+00
1.236986994567272680e+00
1.234035603425464478e+00
1.231084228407159031e+00
1.228132869860385057e+00
1.225181528133902242e+00
1.222230203577199470e+00
1.219278896540495705e+00
1.216327607374739994e+00
1.213376336431610580e+00
1.210425084063516454e+00
1.207473850623595579e+00
1.204522636465716001e+00
1.201571441944476293e+00
1.198620267415203777e+00
1.195669113233956526e+00
1.192717979757522029e+00
1.189766867343417411e+00
1.186815776349889884e+00
1.183864707135916960e+00
1.180913660061205128e+00
1.177962635486191845e+00
1.175011633772042652e+00
1.172060655280654728e+00
1.169109700374654004e+00
1.166158769417396934e+00
1.163207862772968948e+00
1.160256980806186888e+00
1.157306123882595239e+00
1.154355292368470121e+00
1.151404486630816848e+00
1.148453707037370375e+00
1.145502953956115455e+00
1.142552223689293767e+00
1.139601512397481642e+00
1.136650819980419724e+00
1.133700146339045256e+00
1.130749491375494076e+00
1.127798854993097510e+00
1.124848237096385484e+00
1.121897637591084518e+00
1.118947056384118621e+00
1.115996493383608623e+00
1.113045948498873061e+00
1.110095421640427515e+00
1.107144912719984831e+00
1.104194421650454672e+00
1.101243948345945078e+00
1.098293492721759801e+00
1.095343054694401186e+00
1.092392634181567956e+00
1.089442231102156100e+00
1.086491845376259535e+00
1.083541476925168334e+00
1.080591125671371167e+00
1.077640791538552412e+00
1.074690474451594602e+00
1.071740174336577978e+00
1.068789891120778712e+00
1.065839624732670909e+00
1.062889375101926159e+00
1.059939142159412873e+00
1.056988925837196502e+00
1.054038726068540432e+00
1.051088542787905311e+00
1.048138375930947497e+00
1.045188225434522167e+00
1.042238091236681541e+00
1.039287973276674659e+00
1.036337871494947604e+00
1.033387785833144390e+00
1.030437716234105405e+00
1.027487662641868971e+00
1.024537625001670671e+00
1.021587603259942911e+00
1.018637597364315139e+00
1.015687607263614289e+00
1.012737632907865226e+00
1.009787674248288969e+00
1.006837731237304467e+00
1.003887803828527492e+00
1.000937891976771299e+00
9.979879956380460770e-01
9.950381147695599449e-01
9.920882493297172866e-01
9.891383992781204171e-01
9.861885645755684715e-01
9.832387451840581827e-01
9.802889410667835479e-01
9.773391521881352739e-01
9.743893785137016650e-01
9.714396200102681789e-01
9.684898766458176489e-01
9.655401483895301729e-01
9.625904352117826690e-01
9.596407370841496531e-01
9.566910539794026835e-01
9.537413858715106940e-01
9.507917327356401049e-01
9.478420945481538240e-01
9.448924712866126896e-01
9.419428629297742495e-01
9.389932694575937600e-01
9.360436908512236309e-01
9.330941270930130926e-01
9.301445781665088619e-01
9.271950440564552531e-01
9.242455247487930681e-01
9.212960202306611501e-01
9.183465304903948301e-01
9.153970555175269253e-01
9.124475953027879616e-01
9.094981498381049523e-01
9.065487191166029524e-01
9.035993031326032821e-01
9.006499018816250812e-01
8.977005153603848653e-01
8.947511435667959701e-01
8.918017864999693289e-01
8.888524441602129178e-01
8.859031165490316440e-01
8.829538036691282343e-01
8.800045055244023473e-01
8.770552221199509058e-01
8.741059534620680971e-01
8.711566995582450401e-01
8.682074604171705623e-01
8.652582360487306445e-01
8.623090264640080882e-01
8.593598316752834032e-01
8.564106516960339199e-01
8.534614865409344553e-01
8.505123362258572017e-01
8.475632007678712831e-01
8.446140801852431990e-01
8.416649744974364911e-01
8.387158837251121879e-01
8.357668078901285824e-01
8.328177470155410100e-01
8.298687011256020707e-01
8.269196702457614068e-01
8.239706544026663693e-01
8.210216536241613516e-01
8.180726679392876788e-01
8.151236973782843842e-01
8.121747419725872108e-01
8.092258017548294990e-01
8.062768767588418539e-01
8.033279670196520339e-01
8.003790725734848399e-01
7.974301934577623374e-01
7.944813297111039674e-01
7.915324813236040979e-01
7.885836480358039413e-01
7.856348296264666908e-01
7.826860258889777322e-01
7.797372366186464676e-01
7.767884616127059827e-01
7.738397006703123804e-01
7.708909535925457801e-01
7.679422201824093186e-01
7.649935002448300381e-01
7.620447935866591083e-01
7.590961000166703831e-01
7.561474193455616222e-01
7.531987513859539352e-01
7.502500959523925594e-01
7.473014528613459717e-01
7.443528219312059990e-01
7.414042029822881519e-01
7.384555958368317352e-01
7.355070003189995154e-01
7.325584162548778311e-01
7.296098434724763715e-01
7.266612818017285091e-01
7.237127310744914110e-01
7.207641911245454835e-01
7.178156617875951495e-01
7.148671429012677381e-01
7.119186343051145949e-01
7.089701358406106380e-01
7.060216473511540247e-01
7.030731686820671511e-01
7.001246996805952083e-01
6.971762401959070710e-01
6.942277900790958522e-01
6.912793491831774606e-01
6.883309173630920430e-01
6.853824944757025417e-01
6.824340803797958044e-01
6.794856749360828063e-01
6.765372780071970960e-01
6.735888894576967934e-01
6.706405091540625918e-01
6.676921369646994231e-01
6.647437727599356805e-01
6.617954164120231075e-01
6.588470677951373533e-01
6.558987267853770842e-01
6.529503932607653161e-01
6.500020671012479712e-01
6.470537481886945441e-01
6.441054364068988791e-01
6.411571316415770605e-01
6.382088337803701883e-01
6.352605427128418247e-01
6.323122583304796596e-01
6.293639805266949550e-01
6.264157091968217683e-01
6.234674442381192838e-01
6.205191855497685927e-01
6.175709330328752467e-01
6.146226865904682590e-01
6.116744461274999933e-01
6.087262115508469407e-01
6.057779827693081653e-01
6.028297596936071923e-01
5.998815422363907857e-01
5.969333303122290602e-01
5.939851238376163689e-01
5.910369227309697493e-01
5.880887269126302552e-01
5.851405363048628461e-01
5.821923508318552765e-01
5.792441704197197616e-01
5.762959949964909789e-01
5.733478244921282885e-01
5.703996588385140676e-01
5.674514979694539329e-01
5.645033418206780729e-01
5.615551903298390268e-01
5.586070434365139059e-01
5.556589010822027275e-01
5.527107632103293033e-01
5.497626297662414618e-01
5.468145006972094935e-01
5.438663759524284824e-01
5.409182554830163081e-01
5.379701392420144224e-01
5.350220271843886266e-01
5.320739192670270734e-01
5.291258154487425980e-01
5.261777156902709418e-01
5.232296199542714188e-01
5.202815282053274704e-01
5.173334404099453332e-01
5.143853565365555935e-01
5.114372765555117439e-01
5.084892004390910714e-01
5.055411281614947683e-01
5.025930596988468224e-01
4.996449950291957931e-01
4.966969341325129239e-01
4.937488769906933084e-01
4.908008235875560010e-01
4.878527739088429627e-01
4.849047279422203371e-01
4.819566856772773411e-01
4.790086471055269302e-01
4.760606122204059099e-01
4.731125810172741031e-01
4.701645534934154047e-01
4.672165296480368935e-01
4.642685094822696090e-01
4.613204929991678860e-01
4.583724802037094093e-01
4.554244711027960468e-01
4.524764657052525729e-01
4.495284640218280003e-01
4.465804660651943037e-01
4.436324718499471409e-01
4.406844813926061866e-01
4.377364947116140215e-01
4.347885118273375205e-01
4.318405327620664647e-01
4.288925575400144297e-01
4.259445861873187300e-01
4.229966187320399196e-01
4.200486552041626798e-01
4.171006956355946538e-01
4.141527400601671127e-01
4.112047885136353997e-01
4.082568410336778753e-01
4.053088976598968607e-01
4.023609584338179723e-01
3.994130233988902878e-01
3.964650926004870124e-01
3.935171660859042575e-01
3.905692439043622621e-01
3.876213261070042826e-01
3.846734127468977027e-01
3.817255038790331456e-01
3.787775995603245294e-01
3.758296998496101771e-01
3.728818048076508740e-01
3.699339144971321991e-01
3.669860289826622490e-01
3.640381483307730814e-01
3.610902726099206039e-01
3.581424018904835749e-01
3.551945362447653243e-01
3.522466757469919219e-01
3.492988204733130653e-01
3.463509705018025797e-01
3.434031259124571411e-01
3.404552867871977750e-01
3.375074532098684688e-01
3.345596252662366710e-01
3.316118030439940689e-01
3.286639866327553117e-01
3.257161746756800369e-01
3.227683636927534128e-01
3.198205536055986897e-01
3.168727444997455067e-01
3.139249364594993708e-01
3.109771295679428227e-01
3.080293239069344935e-01
3.050815195571096594e-01
3.021337165978802974e-01
2.991859151074346412e-01
2.962381151627378473e-01
2.932903168395311067e-01
2.903425202123322557e-01
2.873947253544359426e-01
2.844469323379129611e-01
2.814991412336110277e-01
2.785513521111538937e-01
2.756035650389422331e-01
2.726557800841530876e-01
2.697079973127398667e-01
2.667602167894329024e-01
2.638124385777384506e-01
2.608646627399399121e-01
2.579168893370969440e-01
2.549691184290454049e-01
2.520213500743982982e-01
2.490735843305444952e-01
2.461258212536500956e-01
2.431780608986570946e-01
2.402303033192841608e-01
2.372825485680267743e-01
2.343347966961565332e-01
2.313870477537219861e-01
2.284393017895478273e-01
2.254915588512352576e-01
2.225438189851624005e-01
2.195960822364834142e-01
2.166483486491294630e-01
2.137006182658078568e-01
2.107528911280023010e-01
2.078051672759737012e-01
2.048574467487586093e-01
2.019097295841708883e-01
1.989620158188002697e-01
1.960143054880135738e-01
1.930665986259537115e-01
1.901188952655401276e-01
1.871711954384691901e-01
1.842234991752132456e-01
1.812758065050217027e-01
1.783281174559201154e-01
1.753804320547104334e-01
1.724327503269717232e-01
1.694850722970588919e-01
1.665373979881039079e-01
1.635897274220149689e-01
1.606420606194766121e-01
1.576943975999504921e-01
1.547467383816740483e-01
1.517990829816620035e-01
1.488514314157049767e-01
1.459037836983702319e-01
1.429561398430019559e-01
1.400084998617201759e-01
1.370608637654222584e-01
1.341132315637813543e-01
1.311656032652473991e-01
1.282179788770471118e-01
1.252703584051831631e-01
1.223227418544354378e-01
1.193751292283598275e-01
1.164275205292887028e-01
1.134799157583314677e-01
1.105323149153734086e-01
1.075847179990769564e-01
1.046371250068806047e-01
1.016895359349993255e-01
9.874195077842513879e-02
9.579436953092590468e-02
9.284679218504666987e-02
8.989921873210832137e-02
8.695164916220896045e-02
8.400408346422269523e-02
8.105652162580014031e-02
7.810896363336895798e-02
7.516140947213262313e-02
7.221385912607182489e-02
6.926631257794325924e-02
6.631876980928015641e-02
6.337123080039275269e-02
6.042369553036715940e-02
5.747616397706662578e-02
5.452863611713046343e-02
5.158111192597449740e-02
4.863359137779154490e-02
4.568607444555031899e-02
4.273856110099667066e-02
3.979105131465250633e-02
3.684354505581623196e-02
3.389604229256329426e-02
3.094854299174497336e-02
2.800104711898973239e-02
2.505355463870206911e-02
2.210606551406299122e-02
1.915857970703052637e-02
1.621109717833855990e-02
1.326361788749815147e-02
1.031614179279623233e-02
7.368668851296896784e-03
4.421199018840275483e-03
1.473732250043017708e-03
-1.473731501701385340e-03
-4.421192284222919509e-03
-7.368650146575379464e-03
-1.031610513903587906e-02
-1.326355731310500767e-02
-1.621100672150716654e-02
-1.915845341818925990e-02
-2.210589745832264655e-02
-2.505333889830183708e-02
-2.800077779574483561e-02
-3.094821420949344509e-02
-3.389564819961196629e-02
-3.684307982738917187e-02
-3.979050915533697413e-02
-4.273793624719077200e-02
-4.568536116790978402e-02
-4.863278398367570921e-02
-5.158020476189471848e-02
-5.452762357119612935e-02
-5.747504048143275979e-02
-6.042245556368121273e-02
-6.336986889024058545e-02
-6.631728053463448180e-02
-6.926469057160962450e-02
-7.221209907713618814e-02
-7.515950612840822942e-02
-7.810691180384224386e-02
-8.105431618307919195e-02
-8.400171934698322240e-02
-8.694912137764196358e-02
-8.989652235836681493e-02
-9.284392237369169798e-02
-9.579132150937498535e-02
-9.873871985239822402e-02
-1.016861174909664267e-01
-1.046335145145084050e-01
-1.075809110136755065e-01
-1.105283070803435019e-01
-1.134757028076113228e-01
-1.164230982898013939e-01
-1.193704936224599389e-01
-1.223178889023557037e-01
-1.252652842274818434e-01
-1.282126796970547433e-01
-1.311600754115141709e-01
-1.341074714725238037e-01
-1.370548679829697580e-01
-1.400022650469626151e-01
-1.429496627698361444e-01
-1.458970612581478588e-01
-1.488444606196778208e-01
-1.517918609634306137e-01
-1.547392623996338146e-01
-1.576866650397386604e-01
-1.606340689964200208e-01
-1.635814743835754259e-01
-1.665288813163267045e-01
-1.694762899110190402e-01
-1.724237002852209155e-01
-1.753711125577246954e-01
-1.783185268485452946e-01
-1.812659432789219538e-01
-1.842133619713172410e-01
-1.871607830494169955e-01
-1.901082066381311053e-01
-1.930556328635917585e-01
-1.960030618531557189e-01
-1.989504937354028558e-01
-2.018979286401365036e-01
-2.048453666983838795e-01
-2.077928080423946111e-01
-2.107402528056428193e-01
-2.136877011228258405e-01
-2.166351531298644217e-01
-2.195826089639031087e-01
-2.225300687633089969e-01
-2.254775326676736191e-01
-2.284250008178116409e-01
-2.313724733557612767e-01
-2.343199504247844567e-01
-2.372674321693656607e-01
-2.402149187352138615e-01
-2.431624102692611089e-01
-2.461099069196630296e-01
-2.490574088357989380e-01
-2.520049161682707539e-01
-2.549524290689048067e-01
-2.578999476907505861e-01
-2.608474721880810754e-01
-2.637950027492528271e-01
-2.667425402227157072e-01
-2.696900848412311924e-01
-2.726376364942293962e-01
-2.755851950725048405e-01
-2.785327604682169000e-01
-2.814803325748880813e-01
-2.844279112874067428e-01
-2.873754965020249297e-01
-2.903230881163595400e-01
-2.932706860293917139e-01
-2.962182901414663894e-01
-2.991659003542938566e-01
-3.021135165709484260e-01
-3.050611386958689275e-01
-3.080087666348587661e-01
-3.109564002950849781e-01
-3.139040395850798970e-01
-3.168516844147399869e-01
-3.197993346953265092e-01
-3.227469903394640238e-01
-3.256946512611426647e-01
-3.286423173757165306e-01
-3.315899885999042951e-01
-3.345376648517891516e-01
-3.374853460508179803e-01
-3.404330321178028473e-01
-3.433807229749200607e-01
-3.463284185457104480e-01
-3.492761187550792457e-01
-3.522238235292954323e-01
-3.551715327959932278e-01
-3.581192464841711498e-01
-3.610669645241919579e-01
-3.640146868477831532e-01
-3.669624133880357575e-01
-3.699101440794061446e-01
-3.728578788577149306e-01
-3.758056176601469733e-01
-3.787533604252518726e-01
-3.817011070929428040e-01
-3.846488576044982954e-01
-3.875966119025610057e-01
-3.905443699311378913e-01
-3.934921316356008170e-01
-3.964398969626848901e-01
-3.993876658604908481e-01
-4.023354382784835037e-01
-4.052832141674918009e-01
-4.082309934797097584e-01
-4.111787761686947484e-01
-4.141265621893694959e-01
-4.170743514980208566e-01
-4.200221440523000949e-01
-4.229699398112231612e-01
-4.259177387351696376e-01
-4.288655407858843471e-01
-4.318133459264761886e-01
-4.347611541214186359e-01
-4.377089653365497934e-01
-4.406567795390712305e-01
-4.436045966975499244e-01
-4.465524167819169832e-01
-4.495002397634678681e-01
-4.524480656148628377e-01
-4.553958943101256707e-01
-4.583437258246453871e-01
-4.612915601351751382e-01
-4.642393972198325947e-01
-4.671872370581001688e-01
-4.701350796308235713e-01
-4.730829249202141984e-01
-4.760307729098470775e-01
-4.789786235846621998e-01
-4.819264769309639096e-01
-4.848743329364201826e-01
-4.878221915900642913e-01
-4.907700528822937502e-01
-4.937179168048703159e-01
-4.966657833509207087e-01
-4.996136525149348917e-01
-5.025615242927682358e-01
-5.055093986816404650e-01
-5.084572756801354343e-01
-5.114051552882017404e-01
-5.143530375071517780e-01
-5.173009223396628498e-01
-5.202488097897769448e-01
-5.231966998629002941e-01
-5.261445925658025935e-01
-5.290924879066193354e-01
-5.320403858948498099e-01
-5.349882865413576605e-01
-5.379361898583715496e-01
-5.408840958594833825e-01
-5.438320045596505281e-01
-5.467799159751945970e-01
-5.497278301238012199e-01
-5.526757470245212689e-01
-5.556236666977685257e-01
-5.585715891653229015e-01
-5.615195144503276614e-01
-5.644674425772908677e-01
-5.674153735720853797e-01
-5.703633074619471888e-01
-5.733112442754781934e-01
-5.762591840426438683e-01
-5.792071267947743740e-01
-5.821550725645645574e-01
-5.851030213860728413e-01
-5.880509732947228896e-01
-5.909989283273024974e-01
-5.939468865219637017e-01
-5.968948479182238920e-01
-5.998428125569632563e-01
-6.027907804804276681e-01
-6.057387517322271320e-01
-6.086867263573356723e-01
-6.116347044020928880e-01
-6.145826859142009546e-01
-6.175306709427279550e-01
-6.204786595381059922e-01
-6.234266517521313000e-01
-6.263746476379654649e-01
-6.293226472501328717e-01
-6.322706506445235908e-01
-6.352186578783918236e-01
-6.381666690103562356e-01
-6.411146841004000674e-01
-6.440627032098701354e-01
-6.470107264014786086e-01
-6.499587537393017866e-01
-6.529067852887802115e-01
-6.558548211167196662e-01
-6.588028612912887327e-01
-6.617509058820217893e-01
-6.646989549598173452e-01
-6.676470085969380408e-01
-6.705950668670115355e-01
-6.735431298450289539e-01
-6.764911976073463284e-01
-6.794392702316846000e-01
-6.823873477971283963e-01
-6.853354303841276973e-01
-6.882835180744953929e-01
-6.912316109514099471e-01
-6.941797090994141772e-01
-6.971278126044152534e-01
-7.000759215536843660e-01
-7.030240360358572804e-01
-7.059721561409345592e-01
-7.089202819602810068e-01
-7.118684135866257812e-01
-7.148165511140621708e-01
-7.177646946380484838e-01
-7.207128442554068259e-01
-7.236610000643244334e-01
-7.266091621643527843e-01
-7.295573306564067106e-01
-7.325055056427669520e-01
-7.354536872270778236e-01
-7.384018755143485491e-01
-7.413500706109527050e-01
-7.442982726246273328e-01
-7.472464816644752705e-01
-7.501946978409629319e-01
-7.531429212659216388e-01
-7.560911520525471774e-01
-7.590393903153984656e-01
-7.619876361704006618e-01
-7.649358897348422781e-01
-7.678841511273767351e-01
-7.708324204680216951e-01
-7.737806978781587297e-01
-7.767289834805346516e-01
-7.796772773992601824e-01
-7.826255797598109520e-01
-7.855738906890267215e-01
-7.885222103151111606e-01
-7.914705387676331805e-01
-7.944188761775256014e-01
-7.973672226770861515e-01
-8.003155783999769124e-01
-8.032639434812233192e-01
-8.062123180572167147e-01
-8.091607022657120174e-01
-8.121090962458287210e-01
-8.150575001380513385e-01
-8.180059140842274035e-01
-8.209543382275702461e-01
-8.239027727126569944e-01
-8.268512176854292406e-01
-8.297996732931935959e-01
-8.327481396846196926e-01
-8.356966170097430702e-01
-8.386451054199629551e-01
-8.415936050680429270e-01
-8.445421161081119177e-01
-8.474906386956614357e-01
-8.504391729875492301e-01
-8.533877191419967367e-01
-8.563362773185895227e-01
-8.592848476782786182e-01
-8.622334303833779634e-01
-8.651820255975670726e-01
-8.681306334858894802e-01
-8.710792542147531847e-01
-8.740278879519309818e-01
-8.769765348665591320e-01
-8.799251951291392482e-01
-8.828738689115369631e-01
-8.858225563869823738e-01
-8.887712577300704853e-01
-8.917199731167594345e-01
-8.946687027243731549e-01
-8.976174467315993777e-01
-9.005662053184905202e-01
-9.035149786664629090e-01
-9.064637669582976676e-01
-9.094125703781404946e-01
-9.123613891115012198e-01
-9.153102233452545811e-01
-9.182590732676386702e-01
-9.212079390682571534e-01
-9.241568209380773835e-01
-9.271057190694317329e-01
-9.300546336560168159e-01
-9.330035648928929337e-01
-9.359525129764856288e-01
-9.389014781045847968e-01
-9.418504604763444643e-01
-9.447994602922836771e-01
-9.477484777542847239e-01
-9.506975130655954676e-01
-9.536465664308275691e-01
-9.565956380559574868e-01
-9.595447281483261426e-01
-9.624938369166381458e-01
-9.654429645709632357e-01
-9.683921113227353938e-01
-9.713412773847532877e-01
-9.742904629711796050e-01
-9.772396682975412752e-01
-9.801888935807302472e-01
-9.831381390390024899e-01
-9.860874045260971110e-01
-9.890366855361784060e-01
-9.919859808404231094e-01
-9.949352906543474928e-01
-9.978846151887695859e-01
-1.000833954649810176e+00
-1.003783309238892141e+00
-1.006732679152740229e+00
-1.009682064583381722e+00
-1.012631465718146551e+00
-1.015580882739666402e+00
-1.018530315825875388e+00
-1.021479765150010044e+00
-1.024429230880608443e+00
-1.027378713181512193e+00
-1.030328212211864436e+00
-1.033277728126110517e+00
-1.036227261073997985e+00
-1.039176811200577033e+00
-1.042126378646199836e+00
-1.045075963546520992e+00
-1.048025566032497302e+00
-1.050975186230387770e+00
-1.053924824261753601e+00
-1.056874480243458869e+00
-1.059824154287668962e+00
-1.062773846501852582e+00
-1.065723556988779519e+00
-1.068673285846522658e+00
-1.071623033168457084e+00
-1.074572799043260085e+00
-1.077522583554910707e+00
-1.080472386782691085e+00
-1.083422208801184894e+00
-1.086372049680278673e+00
-1.089321909485161388e+00
-1.092271788276322875e+00
-1.095221686109556725e+00
-1.098171603035958510e+00
-1.101121539101925562e+00
-1.104071494349158078e+00
-1.107021468814657794e+00
-1.109971462530729314e+00
-1.112921475524979220e+00
-1.115871507820316522e+00
-1.118821559434952873e+00
-1.121771630382401019e+00
-1.124721720671477243e+00
-1.127671830306299361e+00
-1.130621959286287836e+00
-1.133572107606165114e+00
-1.136522275255956060e+00
-1.139472462220987525e+00
-1.142422668481889225e+00
-1.145372894014592413e+00
-1.148323138790331877e+00
-1.151273402775642607e+00
-1.154223685932363574e+00
-1.157173988217635729e+00
-1.160124309583901558e+00
-1.163074649978906860e+00
-1.166025009345698749e+00
-1.168975387622626760e+00
-1.171925784743343524e+00
-1.174876200636802537e+00
-1.177826635227261720e+00
-1.180777088434278532e+00
-1.183727560172714632e+00
-1.186678050352733660e+00
-1.189628558879800790e+00
-1.192579085654684512e+00
-1.195529630573454405e+00
-1.198480193527483362e+00
-1.201430774403445589e+00
-1.204381373083318385e+00
-1.207331989444381470e+00
-1.210282623359215659e+00
-1.213233274695704633e+00
-1.216183943317034943e+00
-1.219134629081694676e+00
-1.222085331843475009e+00
-1.225036051451467767e+00
-1.227986787750068753e+00
-1.230937540578975309e+00
-1.233888309773186531e+00
-1.236839095163005497e+00
-1.239789896574035488e+00
-1.242740713827182653e+00
-1.245691546738656674e+00
-1.248642395119968107e+00
-1.251593258777930373e+00
-1.254544137514658653e+00
-1.257495031127570995e+00
-1.260445939409387428e+00
-1.263396862148129962e+00
-1.266347799127124141e+00
-1.269298750124995934e+00
-1.272249714915674401e+00
-1.275200693268391694e+00
-1.278151684947681277e+00
-1.281102689713378595e+00
-1.284053707320622184e+00
-1.287004737519852560e+00
-1.289955780056812440e+00
-1.292906834672546967e+00
-1.295857901103403043e+00
-1.298808979081030435e+00
-1.301760068332380671e+00
-1.304711168579708369e+00
-1.307662279540570127e+00
-1.310613400927823413e+00
-1.313564532449629896e+00
-1.316515673809452558e+00
-1.319466824706056807e+00
-1.322417984833510474e+00
-1.325369153881183371e+00
-1.328320331533747733e+00
-1.331271517471177779e+00
-1.334222711368750813e+00
-1.337173912897045902e+00
-1.340125121721943424e+00
-1.343076337504627737e+00
-1.346027559901584514e+00
-1.348978788564601849e+00
-1.351930023140770265e+00
-1.354881263272482039e+00
-1.357832508597432097e+00
-1.360783758748617345e+00
-1.363735013354337999e+00
-1.366686272038195815e+00
-1.369637534419093639e+00
-1.372588800111238516e+00
-1.375540068724138809e+00
-1.378491339862605081e+00
-1.381442613126750985e+00
-1.384393888111991266e+00
-1.387345164409043319e+00
-1.390296441603927624e+00
-1.393247719277965535e+00
-1.396198997007782605e+00
-1.399150274365303925e+00
-1.402101550917759454e+00
-1.405052826227680240e+00
-1.408004099852899538e+00
-1.410955371346553244e+00
-1.413906640257079017e+00
-1.416857906128217381e+00
-1.419809168499010621e+00
-1.422760426903803666e+00
-1.425711680872244091e+00
-1.428662929929280123e+00
-1.431614173595164186e+00
-1.434565411385449796e+00
-1.437516642810993117e+00
-1.440467867377952738e+00
-1.443419084587789003e+00
-1.446370293937264906e+00
-1.449321494918445641e+00
-1.452272687018699049e+00
-1.455223869720694507e+00
-1.458175042502403596e+00
-1.461126204837101206e+00
-1.464077356193363766e+00
-1.467028496035070129e+00
-1.469979623821401127e+00
-1.472930739006840017e+00
