6.661777501516420452e-01
6.648430821835979998e-01
6.635084144149310248e-01
6.621737470457623731e-01
6.608390802768908667e-01
6.595044143083693688e-01
6.581697493394960130e-01
6.568350855688140921e-01
6.555004231941129467e-01
6.541657624124262993e-01
6.528311034200341423e-01
6.514964464124612942e-01
6.501617920179909582e-01
6.488271409929033950e-01
6.474924934604752158e-01
6.461578495376163467e-01
6.448232093390922071e-01
6.434885729775244867e-01
6.421539405633905906e-01
6.408193122050240831e-01
6.394846880086141327e-01
6.381500680782060675e-01
6.368154525157009305e-01
6.354808414208560352e-01
6.341462348912842995e-01
6.328116330224548003e-01
6.314770359076924411e-01
6.301424436381779515e-01
6.288078563029479984e-01
6.274732739888952970e-01
6.261386967807686110e-01
6.248041247611721971e-01
6.234695580105668045e-01
6.221349966072685644e-01
6.208004406274498788e-01
6.194658901451390864e-01
6.181313452322199087e-01
6.167968059584328921e-01
6.154622723913738547e-01
6.141277445964947734e-01
6.127932226371034519e-01
6.114587065743637417e-01
6.101241964672952101e-01
6.087896923727735832e-01
6.074551943455304137e-01
6.061207024381533026e-01
6.047862167010853440e-01
6.034517371826262355e-01
6.021172639289310569e-01
6.007827969840110471e-01
5.994483363897332717e-01
5.981138821858207333e-01
5.967794344098525938e-01
5.954449930972635086e-01
5.941105582813445141e-01
5.927761299932421402e-01
5.914417082619592980e-01
5.901072931143543920e-01
5.887728845751418749e-01
5.874384826668924697e-01
5.861040874100325038e-01
5.847696988228439086e-01
5.834353169214654411e-01
5.821009417198909075e-01
5.807665732299706063e-01
5.794322114614103292e-01
5.780978564217719162e-01
5.767635081164735888e-01
5.754291665487888396e-01
5.740948317198476536e-01
5.727605036286353979e-01
5.714261822719938211e-01
5.700918676446202760e-01
5.687575597390681637e-01
5.674232585457469336e-01
5.660889640529217504e-01
5.647546762467138270e-01
5.634203951111004249e-01
5.620861206279144096e-01
5.607518527768449168e-01
5.594175915354366868e-01
5.580833368790903970e-01
5.567490887810632172e-01
5.554148472124674774e-01
5.540806121422718888e-01
5.527463835373011003e-01
5.514121613622353646e-01
5.500779455796112050e-01
5.487437361498207489e-01
5.474095330311123941e-01
5.460753361795902538e-01
5.447411455492142673e-01
5.434069610918007553e-01
5.420727827570214208e-01
5.407386104924041259e-01
5.394044442433326703e-01
5.380702839530466797e-01
5.367361295626419393e-01
5.354019810110701716e-01
5.340678382351385922e-01
5.327337011695105762e-01
5.313995697467057688e-01
5.300654438970989757e-01
5.287313235489219387e-01
5.273972086282613381e-01
5.260630990590603462e-01
5.247289947631180729e-01
5.233948956600893432e-01
5.220608016674849194e-01
5.207267127006716123e-01
5.193926286728719477e-01
5.180585494952330006e-01
5.167244756536721884e-01
5.153904076512914045e-01
5.140563454599711424e-01
5.127222890516601739e-01
5.113882383983754387e-01
5.100541934722022663e-01
5.087201542452945979e-01
5.073861206898742093e-01
5.060520927782313771e-01
5.047180704827246567e-01
5.033840537757808820e-01
5.020500426298952767e-01
5.007160370176311215e-01
4.993820369116199753e-01
4.980480422845622313e-01
4.967140531092259503e-01
4.953800693584478609e-01
4.940460910051327481e-01
4.927121180222537311e-01
4.913781503828524855e-01
4.900441880600385214e-01
4.887102310269901273e-01
4.873762792569535929e-01
4.860423327232434865e-01
4.847083913992428217e-01
4.833744552584027798e-01
4.820405242742429874e-01
4.807065984203511833e-01
4.793726776703833292e-01
4.780387619980640546e-01
4.767048513771860452e-01
4.753709457816102102e-01
4.740370451852658484e-01
4.727031495621504820e-01
4.713692588863300226e-01
4.700353731319387163e-01
4.687014922731789213e-01
4.673676162843214410e-01
4.660337451397051911e-01
4.646998788137376435e-01
4.633660172808943822e-01
4.620321605157193812e-01
4.606983084928247263e-01
4.593644611868909489e-01
4.580306185726669144e-01
4.566967806249697115e-01
4.553629473186847632e-01
4.540291186287656600e-01
4.526952945302343267e-01
4.513614749981810226e-01
4.500276600077645628e-01
4.486938495342115418e-01
4.473600435528172214e-01
4.460262420389449201e-01
4.446924449680264568e-01
4.433586523155618186e-01
4.420248640571193821e-01
4.406910801683357470e-01
4.393573006249156254e-01
4.380235254026323966e-01
4.366897544773275519e-01
4.353559878249108617e-01
4.340222254213603748e-01
4.326884672427223633e-01
4.313547132651115446e-01
4.300209634647109702e-01
4.286872178177718040e-01
4.273534763006136550e-01
4.260197388896241888e-01
4.246860055612596274e-01
4.233522762920444160e-01
4.220185510585712785e-01
4.206848298375010509e-01
4.193511126055632365e-01
4.180173993395553400e-01
4.166836900163432555e-01
4.153499846128611561e-01
4.140162831061114379e-01
4.126825854731649978e-01
4.113488916911606785e-01
4.100152017373060453e-01
4.086815155888767204e-01
4.073478332232164933e-01
4.060141546177377103e-01
4.046804797499207740e-01
4.033468085973146433e-01
4.020131411375363339e-01
4.006794773482711403e-01
3.993458172072730239e-01
3.980121606923637256e-01
3.966785077814336535e-01
3.953448584524413834e-01
3.940112126834136030e-01
3.926775704524455568e-01
3.913439317377008786e-01
3.900102965174111480e-01
3.886766647698763899e-01
3.873430364734649078e-01
3.860094116066133951e-01
3.846757901478267683e-01
3.833421720756782225e-01
3.820085573688092317e-01
3.806749460059294377e-01
3.793413379658172047e-01
3.780077332273188429e-01
3.766741317693489410e-01
3.753405335708904778e-01
3.740069386109947103e-01
3.726733468687811746e-01
3.713397583234377963e-01
3.700061729542207245e-01
3.686725907404542757e-01
3.673390116615311562e-01
3.660054356969125178e-01
3.646718628261275685e-01
3.633382930287740176e-01
3.620047262845176306e-01
3.606711625730925630e-01
3.593376018743014710e-01
3.580040441680150121e-01
3.566704894341723442e-01
3.553369376527807377e-01
3.540033888039157972e-01
3.526698428677215169e-01
3.513362998244102253e-01
3.500027596542624186e-01
3.486692223376268718e-01
3.473356878549206939e-01
3.460021561866293283e-01
3.446686273133064971e-01
3.433351012155741455e-01
3.420015778741226642e-01
3.406680572697103893e-01
3.393345393831644352e-01
3.380010241953799732e-01
3.366675116873203977e-01
3.353340018400173816e-01
3.340004946345711545e-01
3.326669900521497802e-01
3.313334880739902122e-01
3.299999886813972383e-01
3.286664918557439807e-01
3.273329975784721180e-01
3.259995058310913296e-01
3.246660165951798516e-01
3.233325298523839764e-01
3.219990455844182753e-01
3.206655637730659314e-01
3.193320844001781289e-01
3.179986074476744418e-01
3.166651328975427782e-01
3.153316607318391585e-01
3.139981909326881593e-01
3.126647234822823029e-01
3.113312583628829455e-01
3.099977955568192223e-01
3.086643350464886582e-01
3.073308768143573899e-01
3.059974208429593889e-01
3.046639671148972939e-01
3.033305156128418556e-01
3.019970663195320482e-01
3.006636192177754574e-01
2.993301742904476148e-01
2.979967315204924971e-01
2.966632908909223598e-01
2.953298523848177370e-01
2.939964159853274972e-01
2.926629816756686764e-01
2.913295494391268114e-01
2.899961192590555514e-01
2.886626911188770461e-01
2.873292650020813910e-01
2.859958408922272932e-01
2.846624187729416278e-01
2.833289986279194927e-01
2.819955804409245426e-01
2.806621641957884883e-01
2.793287498764112642e-01
2.779953374667613053e-01
2.766619269508752699e-01
2.753285183128581504e-01
2.739951115368830514e-01
2.726617066071915230e-01
2.713283035080935046e-01
2.699949022239669372e-01
2.686615027392584287e-01
2.673281050384825330e-01
2.659947091062222491e-01
2.646613149271289100e-01
2.633279224859219614e-01
2.619945317673895158e-01
2.606611427563875205e-01
2.593277554378405347e-01
2.579943697967413407e-01
2.566609858181508330e-01
2.553276034871984623e-01
2.539942227890817361e-01
2.526608437090668291e-01
2.513274662324877506e-01
2.499940903447469831e-01
2.486607160313154541e-01
2.473273432777321479e-01
2.459939720696045495e-01
2.446606023926082840e-01
2.433272342324872550e-01
2.419938675750538670e-01
2.406605024061885256e-01
2.393271387118402482e-01
2.379937764780261089e-01
2.366604156908314605e-01
2.353270563364101564e-01
2.339936984009840792e-01
2.326603418708437232e-01
2.313269867323475837e-01
2.299936326972761569e-01
2.286602793451510962e-01
2.273269266733946581e-01
2.259935746836925496e-01
2.246602233776837376e-01
2.233268727569605594e-01
2.219935228230689728e-01
2.206601735775080009e-01
2.193268250217304260e-01
2.179934771571420959e-01
2.166601299851023121e-01
2.153267835069239688e-01
2.139934377238730256e-01
2.126600926371691735e-01
2.113267482479851689e-01
2.099934045574474994e-01
2.086600615666357461e-01
2.073267192765829159e-01
2.059933776882756362e-01
2.046600368026535999e-01
2.033266966206102311e-01
2.019933571429920749e-01
2.006600183705990470e-01
1.993266803041847668e-01
1.979933429444558912e-01
1.966600062920726977e-01
1.953266703476487232e-01
1.939933351117508475e-01
1.926600005848995989e-01
1.913266667675685706e-01
1.899933336601850320e-01
1.886600012631294565e-01
1.873266695767356882e-01
1.859933386012911360e-01
1.846600083370363576e-01
1.833266787841656142e-01
1.819933499428262602e-01
1.806600218131190760e-01
1.793266943950984627e-01
1.779933676887719696e-01
1.766600416941006835e-01
1.753267164109988674e-01
1.739933918393345436e-01
1.726600679789287718e-01
1.713267448295560935e-01
1.699934223909445874e-01
1.686601006627755084e-01
1.673267796446837041e-01
1.659934593362572541e-01
1.646601397370376085e-01
1.633268208465198101e-01
1.619935026641520504e-01
1.606601851893361410e-01
1.593268684214270980e-01
1.579935523597333358e-01
1.566602370035168057e-01
1.553269223519926356e-01
1.539936084043296016e-01
1.526602951596496838e-01
1.513269826170281496e-01
1.499936707754940257e-01
1.486603596340293487e-01
1.473270491915698033e-01
1.459937394470043059e-01
1.446604303991751161e-01
1.433271220468781415e-01
1.419938143888623827e-01
1.406605074238305164e-01
1.393272011504383401e-01
1.379938955672951606e-01
1.366605906729637110e-01
1.353272864659599839e-01
1.339939829447535924e-01
1.326606801077673259e-01
1.313273779533773167e-01
1.299940764799134008e-01
1.286607756856584517e-01
1.273274755688489634e-01
1.259941761276746341e-01
1.246608773602787962e-01
1.233275792647579722e-01
1.219942818391620415e-01
1.206609850814945040e-01
1.193276889897119664e-01
1.179943935617247114e-01
1.166610987953961703e-01
1.153278046885432007e-01
1.139945112389362525e-01
1.126612184442988551e-01
1.113279263023082555e-01
1.099946348105948213e-01
1.086613439667423603e-01
1.073280537682882452e-01
1.059947642127229556e-01
1.046614752974907026e-01
1.033281870199887903e-01
1.019948993775679630e-01
1.006616123675325575e-01
9.932832598713998984e-02
9.799504023360139371e-02
9.666175510408103744e-02
9.532847059569658776e-02
9.399518670551934574e-02
9.266190343057369161e-02
9.132862076783765382e-02
8.999533871424242326e-02
8.866205726667281128e-02
8.732877642196681944e-02
8.599549617691586156e-02
8.466221652826493027e-02
8.332893747271213902e-02
8.199565900690924947e-02
8.066238112746121347e-02
7.932910383092638129e-02
7.799582711381669586e-02
7.666255097259717932e-02
7.532927540368659913e-02
7.399600040345681584e-02
7.266272596823313001e-02
7.132945209429443489e-02
6.999617877787270293e-02
6.866290601515361025e-02
6.732963380227599548e-02
6.599636213533208173e-02
6.466309101036772644e-02
6.332982042338185236e-02
6.199655037032705124e-02
6.066328084710913282e-02
5.933001184958726359e-02
5.799674337357421661e-02
5.666347541483586492e-02
5.533020796909178529e-02
5.399694103201468920e-02
5.266367459923070038e-02
5.133040866631954219e-02
4.999714322881403800e-02
4.866387828220068712e-02
4.733061382191915828e-02
4.599734984336251858e-02
4.466408634187744170e-02
4.333082331276368049e-02
4.199756075127469152e-02
4.066429865261701748e-02
3.933103701195088397e-02
3.799777582438967904e-02
3.666451508500018913e-02
3.533125478880280723e-02
3.399799493077101942e-02
3.266473550583199464e-02
3.133147650886607127e-02
2.999821793470698952e-02
2.866495977814206841e-02
2.733170203391174086e-02
2.599844469671012959e-02
2.466518776118451287e-02
2.333193122193556387e-02
2.199867507351756235e-02
2.066541931043788458e-02
1.933216392715758972e-02
1.799890891809090634e-02
1.666565427760544754e-02
1.533240000002243988e-02
1.399914607961620476e-02
1.266589251061474471e-02
1.133263928719923166e-02
9.999386403504225557e-03
8.666133853617896329e-03
7.332881631581507006e-03
5.999629731390007832e-03
4.666378146991440393e-03
3.333126872287530459e-03
1.999875901133171038e-03
6.666252273366450685e-04
-6.666251553402291865e-04
-1.999875253182243316e-03
-3.333125072520949465e-03
-4.666374619734434820e-03
-5.999623901247400429e-03
-7.332872923531303343e-03
-8.666121693103769411e-03
-9.999370216529478855e-03
-1.133261850041957820e-02
-1.266586655143181993e-02
-1.399911437627071945e-02
-1.533236198168695837e-02
-1.666560937447826921e-02
-1.799885656148885946e-02
-1.933210354960953128e-02
-2.066535034577786020e-02
-2.199859695697758272e-02
-2.333184339023948797e-02
-2.466508965264083142e-02
-2.599833575130548052e-02
-2.733158169340406049e-02
-2.866482748615336446e-02
-2.999807313681724166e-02
-3.133131865270599725e-02
-3.266456404117655532e-02
-3.399780930963259423e-02
-3.533105446552397416e-02
-3.666429951634758710e-02
-3.799754446964680177e-02
-3.933078933301159541e-02
-4.066403411407869956e-02
-4.199727882053103101e-02
-4.333052346009853839e-02
-4.466376804055764704e-02
-4.599701256973138391e-02
-4.733025705548955797e-02
-4.866350150574810796e-02
-4.999674592847005994e-02
-5.132999033166488895e-02
-5.266323472338867856e-02
-5.399647911174428744e-02
-5.532972350488071789e-02
-5.666296791099405261e-02
-5.799621233832681633e-02
-5.932945679516814924e-02
-6.066270128985396665e-02
-6.199594583076633442e-02
-6.332919042633437801e-02
-6.466243508503367876e-02
-6.599567981538659311e-02
-6.732892462596164196e-02
-6.866216952537437801e-02
-6.999541452228684457e-02
-7.132865962540767268e-02
-7.266190484349228929e-02
-7.399515018534225108e-02
-7.532839565980618823e-02
-7.666164127577919374e-02
-7.799488704220294832e-02
-7.932813296806592862e-02
-8.066137906240276878e-02
-8.199462533429512090e-02
-8.332787179287114154e-02
-8.466111844730560276e-02
-8.599436530682000313e-02
-8.732761238068202647e-02
-8.866085967820641622e-02
-8.999410720875436476e-02
-9.132735498173367994e-02
-9.266060300659893778e-02
-9.399385129285087181e-02
-9.532709985003728903e-02
-9.666034868775241762e-02
-9.799359781563715677e-02
-9.932684724337911830e-02
-1.006600969807120854e-01
-1.019933470374169149e-01
-1.033265974233209122e-01
-1.046598481482979986e-01
-1.059930992222688773e-01
-1.073263506552003671e-01
-1.086596024571063884e-01
-1.099928546380473104e-01
-1.113261072081301040e-01
-1.126593601775084941e-01
-1.139926135563824050e-01
-1.153258673549987789e-01
-1.166591215836510625e-01
-1.179923762526792763e-01
-1.193256313724702089e-01
-1.206588869534568204e-01
-1.219921430061191164e-01
-1.233253995409835935e-01
-1.246586565686233355e-01
-1.259919140996582088e-01
-1.273251721447541673e-01
-1.286584307146243500e-01
-1.299916898200282611e-01
-1.313249494717720345e-01
-1.326582096807085720e-01
-1.339914704577369886e-01
-1.353247318138033617e-01
-1.366579937599003147e-01
-1.379912563070670173e-01
-1.393245194663894349e-01
-1.406577832489997182e-01
-1.419910476660770360e-01
-1.433243127288470198e-01
-1.446575784485821248e-01
-1.459908448366008527e-01
-1.473241119042688341e-01
-1.486573796629982180e-01
-1.499906481242476441e-01
-1.513239172995226034e-01
-1.526571872003747166e-01
-1.539904578384026501e-01
-1.553237292252515889e-01
-1.566570013726132360e-01
-1.579902742922261460e-01
-1.593235479958750034e-01
-1.606568224953915103e-01
-1.619900978026538874e-01
-1.633233739295869569e-01
-1.646566508881622815e-01
-1.659899286903975812e-01
-1.673232073483576776e-01
-1.686564868741537992e-01
-1.699897672799438320e-01
-1.713230485779324019e-01
-1.726563307803702929e-01
-1.739896138995553621e-01
-1.753228979478319016e-01
-1.766561829375908610e-01
-1.779894688812699022e-01
-1.793227557913528725e-01
-1.806560436803706926e-01
-1.819893325609007462e-01
-1.833226224455669628e-01
-1.846559133470401237e-01
-1.859892052780371119e-01
-1.873224982513218839e-01
-1.886557922797048592e-01
-1.899890873760430865e-01
-1.913223835532403549e-01
-1.926556808242466112e-01
-1.939889792020589032e-01
-1.953222786997206584e-01
-1.966555793303220168e-01
-1.979888811069998034e-01
-1.993221840429370284e-01
-2.006554881513637756e-01
-2.019887934455565637e-01
-2.033220999388385686e-01
-2.046554076445796788e-01
-2.059887165761959404e-01
-2.073220267471505285e-01
-2.086553381709529698e-01
-2.099886508611595037e-01
-2.113219648313731103e-01
-2.126552800952428712e-01
-2.139885966664649974e-01
-2.153219145587821071e-01
-2.166552337859835031e-01
-2.179885543619051458e-01
-2.193218763004292360e-01
-2.206551996154850481e-01
-2.219885243210482639e-01
-2.233218504311411667e-01
-2.246551779598328635e-01
-2.259885069212385633e-01
-2.273218373295205763e-01
-2.286551691988876478e-01
-2.299885025435951524e-01
-2.313218373779452053e-01
-2.326551737162861067e-01
-2.339885115730132303e-01
-2.353218509625683574e-01
-2.366551918994400650e-01
-2.379885343981631152e-01
-2.393218784733192606e-01
-2.406552241395367719e-01
-2.419885714114905495e-01
-2.433219203039021783e-01
-2.446552708315394842e-01
-2.459886230092172832e-01
-2.473219768517969097e-01
-2.486553323741862720e-01
-2.499886895913400187e-01
-2.513220485182590669e-01
-2.526554091699912963e-01
-2.539887715616311326e-01
-2.553221357083194087e-01
-2.566555016252440313e-01
-2.579888693276387590e-01
-2.593222388307846460e-01
-2.606556101500090983e-01
-2.619889833006860957e-01
-2.633223582982365252e-01
-2.646557351581272366e-01
-2.659891138958723200e-01
-2.673224945270322728e-01
-2.686558770672141105e-01
-2.699892615320717004e-01
-2.713226479373050948e-01
-2.726560362986613639e-01
-2.739894266319340410e-01
-2.753228189529632330e-01
-2.766562132776358984e-01
-2.779896096218850698e-01
-2.793230080016909089e-01
-2.806564084330799291e-01
-2.819898109321254398e-01
-2.833232155149473241e-01
-2.846566221977117062e-01
-2.859900309966318388e-01
-2.873234419279672713e-01
-2.886568550080243489e-01
-2.899902702531559906e-01
-2.913236876797614672e-01
-2.926571073042870119e-01
-2.939905291432252654e-01
-2.953239532131156087e-01
-2.966573795305441075e-01
-2.979908081121429020e-01
-2.993242389745914278e-01
-3.006576721346153058e-01
-3.019911076089870083e-01
-3.033245454145256370e-01
-3.046579855680964233e-01
-3.059914280866117831e-01
-3.073248729870305396e-01
-3.086583202863580344e-01
-3.099917700016465161e-01
-3.113252221499943073e-01
-3.126586767485468599e-01
-3.139921338144959773e-01
-3.153255933650803700e-01
-3.166590554175847672e-01
-3.179925199893410270e-01
-3.193259870977274151e-01
-3.206594567601689927e-01
-3.219929289941372841e-01
-3.233264038171502208e-01
-3.246598812467727524e-01
-3.259933613006161246e-01
-3.273268439963383791e-01
-3.286603293516442426e-01
-3.299938173842846822e-01
-3.313273081120576280e-01
-3.326608015528074724e-01
-3.339942977244252376e-01
-3.353277966448487968e-01
-3.366612983320620422e-01
-3.379948028040959951e-01
-3.393283100790281392e-01
-3.406618201749825880e-01
-3.419953331101301952e-01
-3.433288489026879442e-01
-3.446623675709198920e-01
-3.459958891331366138e-01
-3.473294136076952587e-01
-3.486629410129996609e-01
-3.499964713674999506e-01
-3.513300046896933315e-01
-3.526635409981232483e-01
-3.539970803113799969e-01
-3.553306226481005026e-01
-3.566641680269679315e-01
-3.579977164667124123e-01
-3.593312679861105918e-01
-3.606648226039857463e-01
-3.619983803392079480e-01
-3.633319412106932877e-01
-3.646655052374050410e-01
-3.659990724383529459e-01
-3.673326428325932591e-01
-3.686662164392290331e-01
-3.699997932774095610e-01
-3.713333733663311542e-01
-3.726669567252365312e-01
-3.740005433734150397e-01
-3.753341333302028793e-01
-3.766677266149822678e-01
-3.780013232471826079e-01
-3.793349232462797094e-01
-3.806685266317959560e-01
-3.820021334233005827e-01
-3.833357436404088991e-01
-3.846693573027832880e-01
-3.860029744301326504e-01
-3.873365950422125170e-01
-3.886702191588249922e-01
-3.900038467998185876e-01
-3.913374779850887775e-01
-3.926711127345774432e-01
-3.940047510682731513e-01
-3.953383930062111529e-01
-3.966720385684729400e-01
-3.980056877751870226e-01
-3.993393406465283180e-01
-4.006729972027185394e-01
-4.020066574640259738e-01
-4.033403214507650936e-01
-4.046739891832975000e-01
-4.060076606820312572e-01
-4.073413359674211143e-01
-4.086750150599681164e-01
-4.100086979802202158e-01
-4.113423847487718832e-01
-4.126760753862642184e-01
-4.140097699133851172e-01
-4.153434683508684944e-01
-4.166771707194955598e-01
-4.180108770400937090e-01
-4.193445873335371887e-01
-4.206783016207469306e-01
-4.220120199226898849e-01
-4.233457422603802423e-01
-4.246794686548785447e-01
-4.260131991272921304e-01
-4.273469336987748002e-01
-4.286806723905267624e-01
-4.300144152237952433e-01
-4.313481622198737653e-01
-4.326819134001027023e-01
-4.340156687858690576e-01
-4.353494283986059643e-01
-4.366831922597936844e-01
-4.380169603909588871e-01
-4.393507328136749268e-01
-4.406845095495618980e-01
-4.420182906202859696e-01
-4.433520760475604949e-01
-4.446858658531451791e-01
-4.460196600588464122e-01
-4.473534586865173246e-01
-4.486872617580572875e-01
-4.500210692954125236e-01
-4.513548813205759402e-01
-4.526886978555868524e-01
-4.540225189225315927e-01
-4.553563445435424573e-01
-4.566901747407987600e-01
-4.580240095365264441e-01
-4.593578489529980269e-01
-4.606916930125327103e-01
-4.620255417374958262e-01
-4.633593951502999464e-01
-4.646932532734039389e-01
-4.660271161293133568e-01
-4.673609837405804934e-01
-4.686948561298037719e-01
-4.700287333196287998e-01
-4.713626153327474810e-01
-4.726965021918984600e-01
-4.740303939198670657e-01
-4.753642905394847573e-01
-4.766981920736301781e-01
-4.780320985452283233e-01
-4.793660099772508731e-01
-4.806999263927161925e-01
-4.820338478146888872e-01
-4.833677742662805810e-01
-4.847017057706494159e-01
-4.860356423510000523e-01
-4.873695840305837246e-01
-4.887035308326984628e-01
-4.900374827806887046e-01
-4.913714398979456832e-01
-4.927054022079072615e-01
-4.940393697340575430e-01
-4.953733424999276491e-01
-4.967073205290951088e-01
-4.980413038451842467e-01
-4.993752924718659059e-01
-5.007092864328572812e-01
-5.020432857519225855e-01
-5.033772904528722725e-01
-5.047113005595639246e-01
-5.060453160959011987e-01
-5.073793370858346030e-01
-5.087133635533611642e-01
-5.100473955225246492e-01
-5.113814330174154543e-01
-5.127154760621704943e-01
-5.140495246809730912e-01
-5.153835788980536403e-01
-5.167176387376887225e-01
-5.180517042242017700e-01
-5.193857753819630663e-01
-5.207198522353886361e-01
-5.220539348089419107e-01
-5.233880231271328398e-01
-5.247221172145176693e-01
-5.260562170956997186e-01
-5.273903227953283812e-01
-5.287244343380997913e-01
-5.300585517487571563e-01
-5.313926750520897579e-01
-5.327268042729338404e-01
-5.340609394361718332e-01
-5.353950805667333501e-01
-5.367292276895940795e-01
-5.380633808297766718e-01
-5.393975400123504071e-01
-5.407317052624307507e-01
-5.420658766051802413e-01
-5.434000540658078249e-01
-5.447342376695690769e-01
-5.460684274417663131e-01
-5.474026234077482567e-01
-5.487368255929102601e-01
-5.500710340226944162e-01
-5.514052487225893362e-01
-5.527394697181305938e-01
-5.540736970348996149e-01
-5.554079306985250097e-01
-5.567421707346820181e-01
-5.580764171690921760e-01
-5.594106700275240929e-01
-5.607449293357923414e-01
-5.620791949391003017e-01
-5.634134657163882842e-01
-5.647477415751336327e-01
-5.660820226379007503e-01
-5.674163090221674421e-01
-5.687506008403254709e-01
-5.700848981996802234e-01
-5.714192012024509326e-01
-5.727535099457706780e-01
-5.740878245216857190e-01
-5.754221450171563834e-01
-5.767564715140568454e-01
-5.780908040891750144e-01
-5.794251428142119797e-01
-5.807594877557830104e-01
-5.820938389754169995e-01
-5.834281965295566863e-01
-5.847625604695584345e-01
-5.860969308416920098e-01
-5.874313076871413575e-01
-5.887656910420039358e-01
-5.901000809372908273e-01
-5.914344773989271831e-01
-5.927688804477514450e-01
-5.941032900995159016e-01
-5.954377063648866875e-01
-5.967721292494436724e-01
-5.981065587536803507e-01
-5.994409948730037296e-01
-6.007754375977347738e-01
-6.021098869131081832e-01
-6.034443427992723930e-01
-6.047788052312894624e-01
-6.061132741791349643e-01
-6.074477496076986505e-01
-6.087822314767836751e-01
-6.101167197411069276e-01
-6.114512143502992547e-01
-6.127857152489046832e-01
-6.141202223763815304e-01
-6.154547356671016267e-01
-6.167892550503504268e-01
-6.181237804503274536e-01
-6.194583117861451882e-01
-6.207928489718304021e-01
-6.221273919163237132e-01
-6.234619405234791412e-01
-6.247964946920645524e-01
-6.261310543157613262e-01
-6.274656192831647994e-01
-6.288001894777839329e-01
-6.301347647780415340e-01
-6.314693450572740341e-01
-6.328039301837312669e-01
-6.341385200205773565e-01
-6.354731144258897180e-01
-6.368077132526596129e-01
-6.381423163487923711e-01
-6.394769235571062804e-01
-6.408115347153338082e-01
-6.421461496561212678e-01
-6.434807682070283752e-01
-6.448153901905289143e-01
-6.461500154240099603e-01
-6.474846437197726567e-01
-6.488192748850315494e-01
-6.501539087219152524e-01
-6.514885450274660039e-01
-6.528231835936394445e-01
-6.541578242073052829e-01
-6.554924666502467412e-01
-6.568271106991612207e-01
-6.581617561256589699e-01
-6.594964026962645276e-01
-6.608310501724162789e-01
-6.621656983104660110e-01
-6.635003468616794686e-01
-6.648349955722356874e-01
-6.661696441832278826e-01
