7.214898652403326729e+00
7.200730634195500635e+00
7.186562591904628761e+00
7.172394501869814754e+00
7.158226340891170381e+00
7.144058086235003380e+00
7.129889715633849434e+00
7.115721207286465955e+00
7.101552539857841850e+00
7.087383692479186870e+00
7.073214644747939595e+00
7.059045376727764776e+00
7.044875795168507260e+00
7.030705789182609244e+00
7.016535357736350065e+00
7.002364500297928451e+00
6.988193216109889860e+00
6.974021504189141574e+00
6.959849363326941152e+00
6.945676792088906204e+00
6.931503788815008171e+00
6.917330351619571438e+00
6.903156478391277773e+00
6.888982166793167217e+00
6.874807414262630090e+00
6.860632218011415873e+00
6.846456575025626989e+00
6.832280482065725913e+00
6.818103935666522730e+00
6.803926932137188466e+00
6.789749467561249752e+00
6.775571537796587940e+00
6.761393138475437325e+00
6.747214265004391365e+00
6.733034912564394681e+00
6.718855076110753721e+00
6.704674750373123437e+00
6.690493929855517941e+00
6.676312608836306950e+00
6.662130781368214016e+00
6.647948441278318299e+00
6.633765582168056341e+00
6.619582197413218516e+00
6.605398280163949920e+00
6.591213823344753031e+00
6.577028819654485048e+00
6.562843261566357889e+00
6.548657141327938191e+00
6.534470450961149979e+00
6.520283182262274657e+00
6.506095326801942136e+00
6.491906875925144149e+00
6.477717820751225375e+00
6.463528152173886099e+00
6.449337860861183103e+00
6.435146937255526112e+00
6.420955371573683124e+00
6.406763153806775968e+00
6.392570273720281193e+00
6.378376720854033621e+00
6.364182484522222794e+00
6.349987553813388530e+00
6.335791917590433364e+00
6.321595564490610997e+00
6.307398482925532512e+00
6.293200661081162828e+00
6.279002086917822467e+00
6.264802748170191116e+00
6.250602632347296073e+00
6.236401726732528239e+00
6.222200018383629683e+00
6.207997494132698080e+00
6.193794140586187602e+00
6.179589944124906253e+00
6.165384890904022086e+00
6.151178966853052543e+00
6.136972157675871564e+00
6.122764448850713137e+00
6.108555825630162417e+00
6.094346273041161943e+00
6.080135775885007199e+00
6.065924318737352827e+00
6.051711885948205527e+00
6.037498461641928493e+00
6.023284029717242305e+00
6.009068573847222261e+00
5.994852077479293939e+00
5.980634523835247407e+00
5.966415895911220346e+00
5.952196176477710488e+00
5.937975348079568505e+00
5.923753393036001569e+00
5.909530293440573345e+00
5.895306031161200444e+00
5.881080587840155971e+00
5.866853944894070416e+00
5.852626083513927213e+00
5.838396984665063627e+00
5.824166629087178748e+00
5.809934997294321946e+00
5.795702069574898196e+00
5.781467825991668086e+00
5.767232246381749583e+00
5.752995310356617154e+00
5.738756997302095542e+00
5.724517286378367764e+00
5.710276156519974222e+00
5.696033586435809148e+00
5.681789554609120607e+00
5.667544039297514047e+00
5.653297018532949636e+00
5.639048470129300661e+00
5.624798435321084256e+00
5.610546956387300277e+00
5.596294016768332824e+00
5.582039600151826875e+00
5.567783690472698943e+00
5.553526271913130863e+00
5.539267328902568011e+00
5.525006846117722858e+00
5.510744808482574975e+00
5.496481201168369246e+00
5.482216009593615880e+00
5.467949219424092178e+00
5.453680816572840762e+00
5.439410787200170461e+00
5.425139117713656312e+00
5.410865794768138670e+00
5.396590805265725876e+00
5.382314136355789813e+00
5.368035775434968571e+00
5.353755710147168223e+00
5.339473928383560164e+00
5.325190418282581106e+00
5.310905168229933970e+00
5.296618166858586996e+00
5.282329403048776406e+00
5.268038865928001080e+00
5.253746544871031432e+00
5.239452429499900532e+00
5.225156509683903217e+00
5.210858775539607635e+00
5.196559217430846367e+00
5.182257825968714648e+00
5.167954592011575699e+00
5.153649506665058055e+00
5.139342561282060018e+00
5.125033747462739875e+00
5.110723057054525675e+00
5.096410482152110788e+00
5.082096015097455677e+00
5.067779648479782573e+00
5.053461375135587019e+00
5.039141188148624551e+00
5.024819080849917796e+00
5.010495046817755593e+00
4.996169079877694763e+00
4.981841174102557446e+00
4.967511323812430213e+00
4.953179523574665843e+00
4.938845768203885100e+00
4.924510052761972290e+00
4.910172372558079701e+00
4.895832723148624943e+00
4.881491100337292721e+00
4.867147500175029506e+00
4.852801918960052419e+00
4.838454353237844785e+00
4.824104799801153476e+00
4.809753255689990681e+00
4.795399718191636573e+00
4.781044184840638422e+00
4.766686653418806152e+00
4.752327121955218558e+00
4.737965588726218868e+00
4.723602052255417405e+00
4.709236511313688922e+00
4.694868964919176157e+00
4.680499412337287168e+00
4.666127853080696219e+00
4.651754286909340230e+00
4.637378713830427657e+00
4.623001134098432274e+00
4.608621548215088737e+00
4.594239956929400570e+00
4.579856361237640172e+00
4.565470762383342596e+00
4.551083161857309989e+00
4.536693561397609820e+00
4.522301962989576651e+00
4.507908368865810367e+00
4.493512781506176168e+00
4.479115203637808129e+00
4.464715638235103867e+00
4.450314088519725431e+00
4.435910557960605516e+00
4.421505050273938586e+00
4.407097569423187977e+00
4.392688119619081455e+00
4.378276705319612105e+00
4.363863331230043663e+00
4.349448002302898075e+00
4.335030723737969716e+00
4.320611500982317388e+00
4.306190339730265215e+00
4.291767245923401752e+00
4.277342225750585314e+00
4.262915285647938646e+00
4.248486432298848925e+00
4.234055672633968648e+00
4.219623013831222735e+00
4.205188463315794323e+00
4.190752028760137193e+00
4.176313718083969562e+00
4.161873539454275850e+00
4.147431501285305799e+00
4.132987612238577135e+00
4.118541881222872902e+00
4.104094317394240576e+00
4.089644930155993841e+00
4.075193729158715250e+00
4.060740724300250903e+00
4.046285925725713106e+00
4.031829338898136328e+00
4.017370902228130980e+00
4.002910605647167941e+00
3.988448463845722269e+00
3.973984491453745882e+00
3.959518703040672438e+00
3.945051113115412011e+00
3.930581736126356418e+00
3.916110586461376997e+00
3.901637678447820168e+00
3.887163026352515871e+00
3.872686644381769572e+00
3.858208546681368922e+00
3.843728747336579321e+00
3.829247260372145689e+00
3.814764099752290694e+00
3.800279279380717412e+00
3.785792813100607113e+00
3.771304714694622806e+00
3.756814997884903473e+00
3.742323676333067617e+00
3.727830763640213707e+00
3.713336273346919736e+00
3.698840218933243218e+00
3.684342613818718526e+00
3.669843471362360443e+00
3.655342804862663719e+00
3.640840627557599962e+00
3.626336952624623411e+00
3.611831793180663830e+00
3.597325162282131394e+00
3.582817072924916246e+00
3.568307538044386273e+00
3.553796570515390663e+00
3.539284183152255014e+00
3.524770388708784896e+00
3.510255199878266730e+00
3.495738629293462907e+00
3.481220689526618006e+00
3.466701393089454797e+00
3.452180752433172461e+00
3.437658779948454590e+00
3.423135487965458079e+00
3.408610888753823787e+00
3.394084994522668985e+00
3.379557817420590471e+00
3.365029369535665005e+00
3.350499662895446207e+00
3.335968709466971216e+00
3.321436521156751809e+00
3.306903109810779728e+00
3.292368487214528461e+00
3.277832665092947906e+00
3.263295655110468818e+00
3.248757468870998366e+00
3.234218117917927238e+00
3.219677613734121202e+00
3.205135967741926883e+00
3.190593191303169540e+00
3.176049295719154397e+00
3.161504292230665314e+00
3.146958192017964340e+00
3.132411006200793047e+00
3.117862745838374305e+00
3.103313421929406069e+00
3.088763045412069808e+00
3.074211627164023408e+00
3.059659178002402058e+00
3.045105708683825796e+00
3.030551229904387966e+00
3.015995752299664545e+00
3.001439286444709698e+00
2.986881842854054891e+00
2.972323431981714226e+00
2.957764064221177325e+00
2.943203749905416444e+00
2.928642499306880254e+00
2.914080322637496501e+00
2.899517230048674232e+00
2.884953231631298909e+00
2.870388337415739066e+00
2.855822557371836101e+00
2.841255901408918039e+00
2.826688379375785765e+00
2.812120001060721908e+00
2.797550776191489064e+00
2.782980714435326686e+00
2.768409825398955970e+00
2.753838118628574527e+00
2.739265603609860378e+00
2.724692289767971065e+00
2.710118186467542767e+00
2.695543303012691183e+00
2.680967648647010648e+00
2.666391232553572799e+00
2.651814063854933678e+00
2.637236151613122193e+00
2.622657504829651209e+00
2.608078132445510011e+00
2.593498043341166071e+00
2.578917246336570379e+00
2.564335750191147678e+00
2.549753563603807560e+00
2.535170695212932923e+00
2.520587153596388852e+00
2.506002947271519954e+00
2.491418084695148139e+00
2.476832574263577058e+00
2.462246424312586779e+00
2.447659643117436445e+00
2.433072238892867389e+00
2.418484219793096468e+00
2.403895593911822726e+00
2.389306369282222509e+00
2.374716553876949909e+00
2.360126155608142096e+00
2.345535182327411317e+00
2.330943641825852009e+00
2.316351541834035910e+00
2.301758890022014281e+00
2.287165693999318794e+00
2.272571961314956646e+00
2.257977699457418108e+00
2.243382915854670756e+00
2.228787617874161686e+00
2.214191812822817074e+00
2.199595507947040840e+00
2.184998710432719093e+00
2.170401427405213024e+00
2.155803665929367341e+00
2.141205433009502723e+00
2.126606735589418928e+00
2.112007580552397901e+00
2.097407974721195778e+00
2.082807924858053550e+00
2.068207437664686399e+00
2.053606519782290807e+00
2.039005177791543222e+00
2.024403418212596506e+00
2.009801247505086153e+00
1.995198672068124068e+00
1.980595698240300795e+00
1.965992332299689505e+00
1.951388580463838229e+00
1.936784448889777854e+00
1.922179943674015234e+00
1.907575070852539190e+00
1.892969836400815398e+00
1.878364246233788837e+00
1.863758306205885784e+00
1.849152022111008264e+00
1.834545399682541156e+00
1.819938444593345528e+00
1.805331162455761973e+00
1.790723558821612160e+00
1.776115639182193728e+00
1.761507408968287391e+00
1.746898873550149389e+00
1.732290038237515928e+00
1.717680908279604513e+00
1.703071488865108396e+00
1.688461785122203462e+00
1.673851802118541787e+00
1.659241544861255413e+00
1.644631018296956571e+00
1.630020227311734571e+00
1.615409176731160912e+00
1.600797871320283283e+00
1.586186315783628453e+00
1.571574514765205821e+00
1.556962472848499202e+00
1.542350194556475707e+00
1.527737684351578418e+00
1.513124946635730605e+00
1.498511985750335951e+00
1.483898805976274549e+00
1.469285411533909125e+00
1.454671806583078375e+00
1.440057995223100518e+00
1.425443981492775514e+00
1.410829769370378850e+00
1.396215362773668422e+00
1.381600765559877875e+00
1.366985981525723703e+00
1.352371014407398597e+00
1.337755867880574545e+00
1.323140545560405057e+00
1.308525051001519834e+00
1.293909387698029878e+00
1.279293559083524157e+00
1.264677568531070495e+00
1.250061419353217129e+00
1.235445114801989375e+00
1.220828658068894734e+00
1.206212052284917124e+00
1.191595300520519318e+00
1.176978405785646276e+00
1.162361371029718704e+00
1.147744199141638832e+00
1.133126892949786635e+00
1.118509455222020499e+00
1.103891888665680998e+00
1.089274195927583788e+00
1.074656379594027600e+00
1.060038442190787356e+00
1.045420386183117500e+00
1.030802213975753556e+00
1.016183927912907459e+00
1.001565530278272442e+00
9.869470232950192656e-01
9.723284091257997641e-01
9.577096898727427421e-01
9.430908675774563044e-01
9.284719442210298546e-01
9.138529217240290992e-01
8.992338019465014876e-01
8.846145866879717712e-01
8.699952776874433358e-01
8.553758766234011990e-01
8.407563851138064592e-01
8.261368047161025130e-01
8.115171369272093926e-01
7.968973831835259869e-01
7.822775448609332605e-01
7.676576232747874817e-01
7.530376196799276611e-01
7.384175352706694451e-01
7.237973711808075583e-01
7.091771284836180245e-01
6.945568081918531700e-01
6.799364112577471753e-01
6.653159385730114117e-01
6.506953909688361071e-01
6.360747692158930100e-01
6.214540740243297279e-01
6.068333060437762771e-01
5.922124658633395322e-01
5.775915540116051128e-01
5.629705709566404925e-01
5.483495171059888929e-01
5.337283928066758332e-01
5.191071983452034688e-01
5.044859339475534776e-01
4.898645997791885032e-01
4.752431959450474919e-01
4.606217224895514661e-01
4.460001793965975292e-01
4.313785665895650268e-01
4.167568839313099405e-01
4.021351312241675524e-01
3.875133082099544435e-01
3.728914145699632754e-01
3.582694499249690079e-01
3.436474138352231256e-01
3.290253058004564135e-01
3.144031252598811221e-01
2.997808715921854716e-01
2.851585441155398137e-01
2.705361420875914691e-01
2.559136647054666147e-01
2.412911111057730873e-01
2.266684803645946378e-01
2.120457714974972874e-01
1.974229633603312717e-01
1.827999896177791017e-01
1.681768486440866628e-01
1.535535444030605434e-01
1.389300808705802859e-01
1.243064620345925436e-01
1.096826918951137458e-01
9.505877446423241506e-02
8.043471376610336621e-02
6.581051383695450674e-02
5.118617872507998101e-02
3.656171249084693570e-02
2.193711920668976051e-02
7.312402957112449156e-03
-7.312432161309711902e-03
-2.193738203993173680e-02
-3.656244255804066284e-02
-5.118760958285296925e-02
-6.581287896951557026e-02
-8.043824656110726279e-02
-9.506370818863238426e-02
-1.096892596710303952e-01
-1.243148968151695788e-01
-1.389406154158484563e-01
-1.535664112557975636e-01
-1.681922801056729144e-01
-1.828182177240657014e-01
-1.974442198574958562e-01
-2.120702822404136045e-01
-2.266964005952012140e-01
-2.413225706321663611e-01
-2.559487880495519563e-01
-2.705750485335296496e-01
-2.852013477582012735e-01
-2.998276813856007861e-01
-3.144540450656877484e-01
-3.290804344363565948e-01
-3.437068451234306377e-01
-3.583332727406636220e-01
-3.729597128897410574e-01
-3.875861611602741674e-01
-4.022126131298090490e-01
-4.168390643638208992e-01
-4.314655104157149590e-01
-4.460919468268286225e-01
-4.607183691264246095e-01
-4.753447728317009568e-01
-4.899711534477842467e-01
-5.045975064677317157e-01
-5.192238273725321429e-01
-5.338501116311002992e-01
-5.484763547002855510e-01
-5.631025520248665872e-01
-5.777286990375519737e-01
-5.923547911589823745e-01
-6.069808237977241117e-01
-6.216067923502787140e-01
-6.362326922010758112e-01
-6.508585187224762425e-01
-6.654842672747721677e-01
-6.801099332061816272e-01
-6.947355118528576456e-01
-7.093609985388820149e-01
-7.239863885762684026e-01
-7.386116772649561346e-01
-7.532368598928196324e-01
-7.678619317356620844e-01
-7.824868880572170005e-01
-7.971117241091496552e-01
-8.117364351310512038e-01
-8.263610163504475636e-01
-8.409854629827937522e-01
-8.556097702314748865e-01
-8.702339332878081812e-01
-8.848579473310360655e-01
-8.994818075283366188e-01
-9.141055090348161327e-01
-9.287290469935116644e-01
-9.433524165353921465e-01
-9.579756127793517262e-01
-9.725986308322198681e-01
-9.872214657887549150e-01
-1.001844112731645531e+00
-1.016466566731512255e+00
-1.031088822846900843e+00
-1.045710876124292588e+00
-1.060332721598097994e+00
-1.074954354290656555e+00
-1.089575769212240752e+00
-1.104196961361048501e+00
-1.118817925723212481e+00
-1.133438657272794581e+00
-1.148059150971786568e+00
-1.162679401770112309e+00
-1.177299404605621325e+00
-1.191919154404098347e+00
-1.206538646079256649e+00
-1.221157874532739829e+00
-1.235776834654123579e+00
-1.250395521320908809e+00
-1.265013929398532078e+00
-1.279632053740358266e+00
-1.294249889187682800e+00
-1.308867430569732759e+00
-1.323484672703661325e+00
-1.338101610394556440e+00
-1.352718238435434595e+00
-1.367334551607243043e+00
-1.381950544678860915e+00
-1.396566212407092555e+00
-1.411181549536677293e+00
-1.425796550800284113e+00
-1.440411210918511653e+00
-1.455025524599890208e+00
-1.469639486540876616e+00
-1.484253091425861815e+00
-1.498866333927166172e+00
-1.513479208705039936e+00
-1.528091710407665449e+00
-1.542703833671151381e+00
-1.557315573119539609e+00
-1.571926923364802775e+00
-1.586537879006844287e+00
-1.601148434633493656e+00
-1.615758584820515154e+00
-1.630368324131602042e+00
-1.644977647118377684e+00
-1.659586548320397537e+00
-1.674195022265142940e+00
-1.688803063468029553e+00
-1.703410666432402465e+00
-1.718017825649537089e+00
-1.732624535598640048e+00
-1.747230790746844287e+00
-1.761836585549217737e+00
-1.776441914448756876e+00
-1.791046771876388499e+00
-1.805651152250971503e+00
-1.820255049979290440e+00
-1.834858459456064406e+00
-1.849461375063942148e+00
-1.864063791173502072e+00
-1.878665702143254679e+00
-1.893267102319636130e+00
-1.907867986037017349e+00
-1.922468347617698470e+00
-1.937068181371909947e+00
-1.951667481597813891e+00
-1.966266242581497847e+00
-1.980864458596985012e+00
-1.995462123906227125e+00
-2.010059232759105807e+00
-2.024655779393435218e+00
-2.039251758034954953e+00
-2.053847162897339373e+00
-2.068441988182191604e+00
-2.083036228079046204e+00
-2.097629876765367385e+00
-2.112222928406548128e+00
-2.126815377155912845e+00
-2.141407217154718268e+00
-2.155998442532148118e+00
-2.170589047405321104e+00
-2.185179025879279813e+00
-2.199768372047001375e+00
-2.214357079989393462e+00
-2.228945143775292514e+00
-2.243532557461468180e+00
-2.258119315092614876e+00
-2.272705410701362005e+00
-2.287290838308267737e+00
-2.301875591921821673e+00
-2.316459665538443957e+00
-2.331043053142480836e+00
-2.345625748706213987e+00
-2.360207746189852962e+00
-2.374789039541539193e+00
-2.389369622697344209e+00
-2.403949489581266086e+00
-2.418528634105238329e+00
-2.433107050169122321e+00
-2.447684731660710877e+00
-2.462261672455727357e+00
-2.476837866417822109e+00
-2.491413307398579136e+00
-2.505987989237512537e+00
-2.520561905762065624e+00
-2.535135050787614919e+00
-2.549707418117461266e+00
-2.564279001542840941e+00
-2.578849794842920318e+00
-2.593419791784794981e+00
-2.607988986123488839e+00
-2.622557371601959009e+00
-2.637124941951092261e+00
-2.651691690889705466e+00
-2.666257612124547816e+00
-2.680822699350293714e+00
-2.695386946249552107e+00
-2.709950346492861595e+00
-2.724512893738690877e+00
-2.739074581633440086e+00
-2.753635403811436344e+00
-2.768195353894939981e+00
-2.782754425494140538e+00
-2.797312612207159432e+00
-2.811869907620048625e+00
-2.826426305306785292e+00
-2.840981798829282923e+00
-2.855536381737382889e+00
-2.870090047568857550e+00
-2.884642789849410249e+00
-2.899194602092670880e+00
-2.913745477800204764e+00
-2.928295410461504211e+00
-2.942844393553992521e+00
-2.957392420543026645e+00
-2.971939484881887417e+00
-2.986485580011790208e+00
-3.001030699361881382e+00
-3.015574836349235177e+00
-3.030117984378859486e+00
-3.044660136843687415e+00
-3.059201287124586610e+00
-3.073741428590353930e+00
-3.088280554597716776e+00
-3.102818658491333537e+00
-3.117355733603789147e+00
-3.131891773255603528e+00
-3.146426770755224478e+00
-3.160960719399031227e+00
-3.175493612471334881e+00
-3.190025443244370873e+00
-3.204556204978311396e+00
-3.219085890921255633e+00
-3.233614494309235088e+00
-3.248142008366211808e+00
-3.262668426304073499e+00
-3.277193741322643294e+00
-3.291717946609673984e+00
-3.306241035340846235e+00
-3.320763000679774812e+00
-3.335283835778000139e+00
-3.349803533774995401e+00
-3.364322087798165661e+00
-3.378839490962844305e+00
-3.393355736372296594e+00
-3.407870817117714779e+00
-3.422384726278225209e+00
-3.436897456920881666e+00
-3.451409002100673362e+00
-3.465919354860512058e+00
-3.480428508231245388e+00
-3.494936455231650196e+00
-3.509443188868433428e+00
-3.523948702136233901e+00
-3.538452988017616541e+00
-3.552956039483079920e+00
-3.567457849491053157e+00
-3.581958410987895025e+00
-3.596457716907894842e+00
-3.610955760173269358e+00
-3.625452533694170310e+00
-3.639948030368677312e+00
-3.654442243082800967e+00
-3.668935164710482866e+00
-3.683426788113590700e+00
-3.697917106141928922e+00
-3.712406111633227646e+00
-3.726893797413149745e+00
-3.741380156295288639e+00
-3.755865181081164295e+00
-3.770348864560230773e+00
-3.784831199509871791e+00
-3.799312178695401165e+00
-3.813791794870064145e+00
-3.828270040775032967e+00
-3.842746909139412637e+00
-3.857222392680239142e+00
-3.871696484102476798e+00
-3.886169176099024902e+00
-3.900640461350703969e+00
-3.915110332526273940e+00
-3.929578782282420413e+00
-3.944045803263761751e+00
-3.958511388102845530e+00
-3.972975529420146756e+00
-3.987438219824075869e+00
-4.001899451910969852e+00
-4.016359218265099784e+00
-4.030817511458664626e+00
-4.045274324051791659e+00
-4.059729648592540485e+00
-4.074183477616903915e+00
-4.088635803648799971e+00
-4.103086619200083440e+00
-4.117535916770529880e+00
-4.131983688847854275e+00
-4.146429927907697710e+00
-4.160874626413632704e+00
-4.175317776817163207e+00
-4.189759371557718381e+00
-4.204199403062664153e+00
-4.218637863747293437e+00
-4.233074746014828804e+00
-4.247510042256428697e+00
-4.261943744851173221e+00
-4.276375846166077466e+00
-4.290806338556089727e+00
-4.305235214364083518e+00
-4.319662465920866445e+00
-4.334088085545172220e+00
-4.348512065543668648e+00
-4.362934398210953191e+00
-4.377355075829552078e+00
-4.391774090669924746e+00
-4.406191434990456735e+00
-4.420607101037468567e+00
-4.435021081045205982e+00
-4.449433367235853254e+00
-4.463843951819514544e+00
-4.478252826994229885e+00
-4.492659984945971630e+00
-4.507065417848639122e+00
-4.521469117864065801e+00
-4.535871077142005880e+00
-4.550271287820156552e+00
-4.564669742024137555e+00
-4.579066431867500953e+00
-4.593461349451731124e+00
-4.607854486866236776e+00
-4.622245836188363377e+00
-4.636635389483383385e+00
-4.651023138804502466e+00
-4.665409076192855053e+00
-4.679793193677500796e+00
-4.694175483275438765e+00
-4.708555936991593249e+00
-4.722934546818818191e+00
-4.737311304737902518e+00
-4.751686202717558594e+00
-4.766059232714434657e+00
-4.780430386673107712e+00
-4.794799656526083531e+00
-4.809167034193802870e+00
-4.823532511584629923e+00
-4.837896080594862980e+00
-4.852257733108732651e+00
-4.866617460998396538e+00
-4.880975256123946338e+00
-4.895331110333396296e+00
-4.909685015462700086e+00
-4.924036963335736594e+00
-4.938386945764317026e+00
-4.952734954548183133e+00
-4.967080981475003654e+00
-4.981425018320381426e+00
-4.995767056847848053e+00
-5.010107088808865683e+00
-5.024445105942829670e+00
-5.038781099977058808e+00
-5.053115062626805987e+00
-5.067446985595258191e+00
-5.081776860573528509e+00
-5.096104679240660573e+00
-5.110430433263628558e+00
-5.124754114297337182e+00
-5.139075713984622595e+00
-5.153395223956248827e+00
-5.167712635830915779e+00
-5.182027941215245015e+00
-5.196341131703795746e+00
-5.210652198879053287e+00
-5.224961134311436162e+00
-5.239267929559294323e+00
-5.253572576168900277e+00
-5.267875065674465951e+00
-5.282175389598130266e+00
-5.296473539449960910e+00
-5.310769506727957889e+00
-5.325063282918049978e+00
-5.339354859494098271e+00
-5.353644227917891740e+00
-5.367931379639154343e+00
-5.382216306095532588e+00
-5.396498998712610629e+00
-5.410779448903898725e+00
-5.425057648070840344e+00
-5.439333587602808606e+00
-5.453607258877102737e+00
-5.467878653258959609e+00
-5.482147762101540422e+00
-5.496414576745938696e+00
-5.510679088521181157e+00
-5.524941288744219747e+00
-5.539201168719938728e+00
-5.553458722042431184e+00
-5.567714400398233288e+00
-5.581968558914572220e+00
-5.596221215530163384e+00
-5.610472388066061633e+00
-5.624722094225659497e+00
-5.638970351594681851e+00
-5.653217177641193025e+00
-5.667462589715587029e+00
-5.681706605050600878e+00
-5.695949240761304821e+00
-5.710190513845105009e+00
-5.724430441181743490e+00
-5.738669039533296434e+00
-5.752906325544179467e+00
-5.767142315741141445e+00
-5.781377026533269792e+00
-5.795610474211986052e+00
-5.809842674951046781e+00
-5.824073644806544436e+00
-5.838303399716911812e+00
-5.852531955502912275e+00
-5.866759327867649532e+00
-5.880985532396557858e+00
-5.895210584557412758e+00
-5.909434499700322974e+00
-5.923657293057734030e+00
-5.937878979744429131e+00
-5.952099574757521161e+00
-5.966319092976466898e+00
-5.980537549163052802e+00
-5.994754957961405673e+00
-6.008971333897988210e+00
-6.023186691381592794e+00
-6.037401044703355701e+00
-6.051614408036744663e+00
-6.065826795437564201e+00
-6.080038220843957397e+00
-6.094248698076397019e+00
-6.108458240837698838e+00
-6.122666862713009195e+00
-6.136874577169813882e+00
-6.151081397557935482e+00
-6.165287337109526256e+00
-6.179492408939079695e+00
-6.193696626043425191e+00
-6.207900001301727144e+00
-6.222102547475486745e+00
-6.236304277208537528e+00
-6.250505203027052481e+00
-6.264705337339540492e+00
-6.278904692436845458e+00
-6.293103280492146290e+00
-6.307301113560958683e+00
-6.321498203581136011e+00
-6.335694562372864880e+00
-6.349890201638671350e+00
-6.364085132963412050e+00
-6.378279367814283063e+00
-6.392472917540817257e+00
-6.406665793374882512e+00
-6.420858006430681719e+00
-6.435049567704752782e+00
-6.449240488075973055e+00
-6.463430778305553126e+00
-6.477620449037039485e+00
-6.491809510796318072e+00
-6.505997973991604511e+00
-6.520185848913456539e+00
-6.534373145734762467e+00
-6.548559874510751833e+00
-6.562746045178989185e+00
-6.576931667559368755e+00
-6.591116751354127778e+00
-6.605301306147837614e+00
-6.619485341407403745e+00
-6.633668866482071103e+00
-6.647851890603416081e+00
-6.662034422885353635e+00
-6.676216472324134621e+00
-6.690398047798344017e+00
-6.704579158068908917e+00
-6.718759811779083435e+00
-6.732940017454462023e+00
-6.747119783502975920e+00
-6.761299118214892268e+00
-6.775478029762814103e+00
-6.789656526201675035e+00
-6.803834615468752567e+00
-6.818012305383656546e+00
-6.832189603648332721e+00
-6.846366517847062738e+00
-6.860543055446464145e+00
-6.874719223795491274e+00
-6.888895030125432584e+00
-6.903070481549915982e+00
-6.917245585064904390e+00
-6.931420347548690408e+00
-6.945594775761909645e+00
-6.959768876347533606e+00
-6.973942655830866144e+00
-6.988116120619549676e+00
-7.002289277003559853e+00
-7.016462131155210002e+00
-7.030634689129151127e+00
-7.044806956862366576e+00
-7.058978940174180927e+00
-7.073150644766247552e+00
-7.087322076222560163e+00
-7.101493240009447483e+00
-7.115664141475577686e+00
-7.129834785851946855e+00
-7.144005178251894073e+00
-7.158175323671093437e+00
-7.172345226987551392e+00
-7.186514892961614720e+00
-7.200684326235962551e+00
-7.214853531335610803e+00
