-5.551115123125782702e-17
3.457097172057493374e-03
5.428500564340966485e-03
5.958766361567935203e-03
5.092450748457105422e-03
2.874109909726983974e-03
-6.516999699033682817e-04
-5.440422705717047613e-03
-1.144750211299351561e-02
-1.862838200701695882e-02
-2.693850620306756719e-02
-3.633331851642480903e-02
-4.676826276237455032e-02
-5.819878275619355668e-02
-7.058032231316835325e-02
-8.386832524857847082e-02
-9.801823537770158745e-02
-1.129854965158259700e-01
-1.287255524782267846e-01
-1.451938470801920067e-01
-1.623458241369999666e-01
-1.801369274639284812e-01
-1.985226008762665528e-01
-2.174582881892880570e-01
-2.368994332182823292e-01
-2.568014797785276304e-01
-2.771198716853000565e-01
-2.978100527538907749e-01
-3.188274667995718570e-01
-3.401275576376345255e-01
-3.616657690833553485e-01
-3.833975449520110601e-01
-4.052783290588931608e-01
-4.272635652192731670e-01
-4.493086972484427455e-01
-4.713691689616782421e-01
-4.934004241742563357e-01
-5.153579067014687487e-01
-5.371970603585868309e-01
-5.588733289609021382e-01
-5.803421563236911274e-01
-6.015589862622306994e-01
-6.224792625918120770e-01
-6.430584291277072762e-01
-6.632519296852070756e-01
-6.830152080795883762e-01
-7.023037081261288561e-01
-7.210728736401179617e-01
-7.392781484368294853e-01
-7.568749763315529844e-01
-7.738188011395654708e-01
-7.900650666761452889e-01
-8.055692167565813300e-01
-8.202866951961480524e-01
-8.341729458101335704e-01
-8.471834124138164501e-01
-8.592735388224750359e-01
-8.703987688513967758e-01
-8.805145463158579044e-01
-8.895763150311444267e-01
-8.975395188125361301e-01
-9.043596014753125800e-01
-9.099920068347586710e-01
-9.143921787061533024e-01
-9.175155609047800365e-01
-9.193175972459194378e-01
-9.197537315448529593e-01
-9.187794076168622759e-01
-9.163500692772295064e-01
-9.124211603412351046e-01
-9.069481246241610783e-01
-9.002267663240157702e-01
-8.934927231900519073e-01
-8.867381621016180437e-01
-8.799144876194676668e-01
-8.729724838937829023e-01
-8.659024135117869836e-01
-8.587562596482090083e-01
-8.516420437576922575e-01
-8.446921961079421060e-01
-8.380191346052308088e-01
-8.316767369464506121e-01
-8.256439211095250030e-01
-8.198371606134563505e-01
-8.141464844911339149e-01
-8.084795996283482555e-01
-8.027954648641930646e-01
-7.971133239641580159e-01
-7.914938369169784993e-01
-7.860009696384829825e-01
-7.806615901332348839e-01
-7.754406794536061742e-01
-7.702433151087485497e-01
-7.649430868307004472e-01
-7.594252685399440761e-01
-7.536267396679133812e-01
-7.475560185155069037e-01
-7.412852463191734742e-01
-7.349178722219791293e-01
-7.285460397117484721e-01
-7.222158986735227604e-01
-7.159154869728174830e-01
-7.095900087742176288e-01
-7.031775020391130004e-01
-6.966491032403898664e-01
-6.900361374959272931e-01
-6.834319094022230923e-01
-6.769669029044048658e-01
-6.707674727371093493e-01
-6.649151641858896955e-01
-6.594235473276021109e-01
-6.542419443075342400e-01
-6.492839662932726741e-01
-6.444682782807817922e-01
-6.397539312484703533e-01
-6.351550975451274450e-01
-6.307290342031902641e-01
-6.265426912111788926e-01
-6.226326077714819940e-01
-6.189756660952098200e-01
-6.154836644510386368e-01
-6.120245185694651591e-01
-6.084615507482002972e-01
-6.046946270288140468e-01
-6.006861396682843246e-01
-5.964613134110887671e-01
-5.920832512237834688e-01
-5.876138546736496826e-01
-5.830776840917016868e-01
-5.784444462846263235e-01
-5.736377240694251478e-01
-5.685661973371974875e-01
-5.631639021816887691e-01
-5.574221449719596322e-01
-5.513991826034835286e-01
-5.452032122294309113e-01
-5.389555333615994037e-01
-5.327491211476187427e-01
-5.266197368580265437e-01
-5.205413158232724546e-01
-5.144470301855328387e-01
-5.082665396732142238e-01
-5.019631445317904728e-01
-4.955547191140560748e-01
-4.891093392112662031e-01
-4.827173942771622595e-01
-4.764520582686025962e-01
-4.703349957459518893e-01
-4.643219914193613129e-01
-4.583147672919765658e-01
-4.521941863107163395e-01
-4.458610137205596402e-01
-4.392673339098199237e-01
-4.324258156252343555e-01
-4.253935099810025044e-01
-4.182376855283249650e-01
-4.109987439747689875e-01
-4.036663488126689403e-01
-3.961791181890367830e-01
-3.884480869444510431e-01
-3.803939686629132511e-01
-3.719823700730534588e-01
-3.632420002482701360e-01
-3.542581601035970640e-01
-3.451442679953480308e-01
-3.360034096996818986e-01
-3.268959856016335208e-01
-3.178267667242082317e-01
-3.087562874476153518e-01
-2.996311037581597114e-01
-2.904194560391862856e-01
-2.811366862705464431e-01
-2.718493119875590724e-01
-2.626559034707133256e-01
-2.536528737560773683e-01
-2.448997192951575252e-01
-2.363984386750262456e-01
-2.280957770838704379e-01
-2.199072228045442778e-01
-2.117525273999655844e-01
-2.035876509231607789e-01
-1.954201550860589776e-01
-1.873007661181867733e-01
-1.792992794135805090e-01
-1.714624993933170083e-01
-1.638136034909973560e-01
-1.562589816368069040e-01
-1.486239586483133202e-01
-1.409099628430542372e-01
-1.331576844735394838e-01
-1.254464536107367523e-01
-1.178547651448097616e-01
-1.104309409137797099e-01
-1.031755624564439366e-01
-9.604743740575807931e-02
-8.898868250270319802e-02
-8.195824644592407393e-02
-7.495880106635841034e-02
-6.804507232100159841e-02
-6.130971594900553462e-02
-5.485265516604176383e-02
-4.874697656020834935e-02
-4.301593692633021854e-02
-3.763076622762531048e-02
-3.252989222346605591e-02
-2.765090925031662289e-02
-2.296111409179043411e-02
-1.847311990606732152e-02
-1.423863195024028562e-02
-1.032305873605513132e-02
-6.772073588172172406e-03
-3.584869163444367492e-03
-7.060084382732748163e-04
1.960259291193580753e-03
4.519084320180235224e-03
7.050586311740400167e-03
9.586548275817140252e-03
1.210808422726653531e-02
1.456505678605243999e-02
1.690858217851328588e-02
1.912225969584226831e-02
2.123829201525126442e-02
2.333118749244000867e-02
2.549145799411959776e-02
2.779045612854639732e-02
3.025146079741142940e-02
3.283958825028022305e-02
3.547513648437623096e-02
3.806496751202027851e-02
4.053878936098088276e-02
4.287503795073217827e-02
4.510544694562897139e-02
4.729652669016175953e-02
4.951605801861863609e-02
5.179914623089050540e-02
5.412861644762189534e-02
5.643844636857049679e-02
5.863911065084249918e-02
6.065433247773602266e-02
6.245380394097387045e-02
6.406806309415895295e-02
6.557919063402267712e-02
6.709114554032664934e-02
6.869209773395568153e-02
7.042443071283947809e-02
7.227479068736922252e-02
7.418806068160174738e-02
7.609904179019366666e-02
7.796819310555724858e-02
7.980612889402080579e-02
8.167636756557759836e-02
8.367503492268413279e-02
8.589595031162713945e-02
8.839559056942891679e-02
9.117237588817976579e-02
9.416863016190890612e-02
9.729405687061037922e-02
1.004606680931730278e-01
1.036145349791432191e-01
1.067513563434118740e-01
1.099098661741932104e-01
1.131464875339008302e-01
1.165024224361313476e-01
1.199773119599332749e-01
1.235205670695940505e-01
1.270438460252057422e-01
1.304492279457255821e-01
1.336611855172611940e-01
1.366491383095303491e-01
1.394316224785208391e-01
1.420610346579143091e-01
1.445960686338722545e-01
1.470739073924966223e-01
1.494938975562334349e-01
1.518191540413035556e-01
1.539946823221901295e-01
1.559735717423454682e-01
1.577395951474173941e-01
1.593164336669222747e-01
1.607597703435415248e-01
1.621359721727601011e-01
1.634967644177342805e-01
1.648607842218326458e-01
1.662096416105945940e-01
1.674996295145210479e-01
1.686833907217941686e-01
1.697316440074720933e-01
1.706452781129695062e-01
1.714525806593960866e-01
1.721930745877739422e-01
1.728954101625312378e-01
1.735593994090758596e-01
1.741504166977469736e-01
1.746088788844770701e-01
1.748708342257132842e-01
1.748907572703736757e-01
1.746566318372277105e-01
1.741907626934779130e-01
1.735359995429706093e-01
1.727334561468407415e-01
1.718015745773080749e-01
1.707258692568605074e-01
1.694640930309954108e-01
1.679648693758599431e-01
1.661919202740843038e-01
1.641434492913879939e-01
1.618581415891210407e-01
1.594048341146594161e-01
1.568598248143337204e-01
1.542810752119350981e-01
1.516899552835356269e-01
1.490680856534321030e-01
1.463705061070562086e-01
1.435495541678248055e-01
1.405793701384661643e-01
1.374707070224606698e-01
1.342698146520446834e-01
1.310418373461785524e-01
1.278456021501352957e-01
1.247102077272492920e-01
1.216230106397028776e-01
1.185338378582035113e-01
1.153735623876566418e-01
1.120793634455114207e-01
1.086164428439552465e-01
1.049876711854518530e-01
1.012277939958074607e-01
9.738523406120774828e-02
9.349948970674938631e-02
8.958363528629186001e-02
8.561896320256658088e-02
8.156352127823070230e-02
7.737046666637573122e-02
7.300826539858529252e-02
6.847436573496004653e-02
6.379707481427303317e-02
5.902552255189426333e-02
5.421253743405524128e-02
4.939791572503972328e-02
4.459892027675897708e-02
3.981132891423374426e-02
3.501960986565908623e-02
3.021093885511957552e-02
2.538642787912846754e-02
2.056458337839769598e-02
1.577579616325820028e-02
1.105082410670460424e-02
6.408876974473914738e-03
1.850901838794438486e-03
-2.638927373266742281e-03
-7.084442929053278576e-03
-1.150579872169371631e-02
-1.591058426019027749e-02
-2.029208504455600262e-02
-2.463560029646323646e-02
-2.892981913440037869e-02
-3.317769647700080649e-02
-3.740127363954146023e-02
-4.163751435385635441e-02
-4.592633730499987715e-02
-5.029577349074254577e-02
-5.475082717935181309e-02
-5.927134158106612399e-02
-6.382042206765324577e-02
-6.836033260885943097e-02
-7.286929151531329474e-02
-7.735184954940756141e-02
-8.183797860031961913e-02
-8.637068980937651075e-02
-9.098697596774998897e-02
-9.569998633325384196e-02
-1.004901865242664172e-01
-1.053097693587544681e-01
-1.100991297885830639e-01
-1.148091102977604056e-01
-1.194201082428972688e-01
-1.239501707383042634e-01
-1.284485370496196710e-01
-1.329769833099772036e-01
-1.375863530530914147e-01
-1.422977231416448218e-01
-1.470958639234381526e-01
-1.519377010423064445e-01
-1.567723831359628117e-01
-1.615648046673872906e-01
-1.663129922358024815e-01
-1.710522394302454174e-01
-1.758442538070959515e-01
-1.807556544123505304e-01
-1.858344433056070555e-01
-1.910938256168989158e-01
-1.965096959255818454e-01
-2.020325089295231247e-01
-2.076084299426342317e-01
-2.132010504086339076e-01
-2.188049437696709398e-01
-2.244458733924883931e-01
-2.301680303174221676e-01
-2.360139532296989529e-01
-2.420056099320916088e-01
-2.481343975613143071e-01
-2.543639331486674537e-01
-2.606441385151699874e-01
-2.669305237458798330e-01
-2.732006287896454055e-01
-2.794610331278996052e-01
-2.857424845822559289e-01
-2.920857228940791361e-01
-2.985243514459566816e-01
-3.050720887014639060e-01
-3.117195827524484320e-01
-3.184416906483923948e-01
-3.252115869327696362e-01
-3.320152337497618289e-01
-3.388597953494123516e-01
-3.457723895690995586e-01
-3.527898733196235814e-01
-3.599442652234459139e-01
-3.672502333203414016e-01
-3.747000616231728753e-01
-3.822681415611930977e-01
-3.899228126628405677e-01
-3.976401499021381958e-01
-4.054134718272480176e-01
-4.132542789668128824e-01
-4.211841682368470119e-01
-4.292213211203600998e-01
-4.373676493882711069e-01
-4.456025002797627810e-01
-4.538860285569539244e-01
-4.621711298414776792e-01
-4.704190285348268108e-01
-4.786118870476203657e-01
-4.867569512253894226e-01
-4.948803036623713458e-01
-5.030127463496633089e-01
-5.111737816859195371e-01
-5.193606058620297006e-01
-5.275470238367517828e-01
-5.356930460440417763e-01
-5.437613666100269416e-01
-5.517338783269695179e-01
-5.596211764576812797e-01
-5.674607748642586103e-01
-5.753043842690658272e-01
-5.831991717160484034e-01
-5.911705174322952061e-01
-5.992132995342670521e-01
-6.072953319147824658e-01
-6.153716293190337749e-01
-6.234037174508308965e-01
-6.313760904945975305e-01
-6.393030171622102742e-01
-6.472228130134978219e-01
-6.551818063848708906e-01
-6.632144388546500346e-01
-6.713275499732397344e-01
-6.794952434491750015e-01
-6.876664926941639111e-01
-6.957825397436575576e-01
-7.037972358633244330e-01
-7.116923378141328804e-01
-7.194818504746143262e-01
-7.272039231564272344e-01
-7.349037597601653093e-01
-7.426145013354172875e-01
-7.503437075768691900e-01
-7.580706826946836951e-01
-7.657554726556954350e-01
-7.733557139654954060e-01
-7.808445031417035054e-01
-7.882222275359851427e-01
-7.955178556056274886e-01
-8.027794588722748648e-01
-8.100579450545835059e-01
-8.173904557308706575e-01
-8.247897289889558614e-01
-8.322431131648508895e-01
-8.397209881303213663e-01
-8.471907213767477796e-01
-8.546303741317853309e-01
-8.620368497456434298e-01
-8.694257126116610168e-01
-8.768233618097693860e-01
-8.842551886987746190e-01
-8.917346410303486071e-01
-8.992573637170118150e-01
-9.068022469327321478e-01
-9.143383526027119013e-01
-9.218345176160922527e-01
-9.292677565920520744e-01
-9.366275401713534121e-01
-9.439150431021194887e-01
-9.511385989964882270e-01
-9.583079370708049716e-01
-9.654298296098975385e-01
-9.725066898077182609e-01
-9.795380489427203408e-01
-9.865235126742240013e-01
-9.934653391149386170e-01
-1.000369325422213240e+00
-1.007243859252677565e+00
-1.014098121063121916e+00
-1.020940902248712590e+00
-1.027781079619083604e+00
-1.034629689530955243e+00
-1.041502373502250833e+00
-1.048420389464931990e+00
-1.055408790578792999e+00
-1.062491660521656112e+00
-1.069685889141261503e+00
-1.076996079516981064e+00
-1.084413168036708397e+00
-1.091918050874697510e+00
-1.099489401313298753e+00
-1.107112845228443998e+00
-1.114787676445672782e+00
-1.122527915729926384e+00
-1.130356636938130155e+00
-1.138295313099769279e+00
-1.146352277499097738e+00
-1.154515180336727953e+00
-1.162751074953073172e+00
-1.171014861018337072e+00
-1.179263368108304899e+00
-1.187469806759097191e+00
-1.195632792776381237e+00
-1.203776014056066046e+00
-1.211938207260659706e+00
-1.220157040962969619e+00
-1.228453148479965673e+00
-1.236820757191283260e+00
-1.245228935672237913e+00
-1.253633298887092629e+00
-1.261993732505176213e+00
-1.270291106617422283e+00
-1.278536134249378842e+00
-1.286766507923494451e+00
-1.295033087652626147e+00
-1.303380356187119116e+00
-1.311828782518237757e+00
-1.320366112475257481e+00
-1.328951133777640514e+00
-1.337528506529632510e+00
-1.346048800652554389e+00
-1.354485757410945901e+00
-1.362843883511642762e+00
-1.371153372059124464e+00
-1.379454458917531268e+00
-1.387777596079863951e+00
-1.396127516723577822e+00
-1.404477684882339705e+00
-1.412777409703066755e+00
-1.420968765928264821e+00
-1.429006499714750467e+00
-1.436872957472580925e+00
-1.444582168708291814e+00
-1.452171678209468020e+00
-1.459685709203392578e+00
-1.467156690453761181e+00
-1.474592703199911314e+00
-1.481975819664956839e+00
-1.489271718975740733e+00
-1.496446303887544405e+00
-1.503482231533157742e+00
-1.510388452237626300e+00
-1.517198901625366858e+00
-1.523961085418632955e+00
-1.530719492434617468e+00
-1.537500817734175795e+00
-1.544307050906363887e+00
-1.551119024072714847e+00
-1.557908527443885083e+00
-1.564653498908826768e+00
-1.571349612974184184e+00
-1.578013314422366697e+00
-1.584675165759681148e+00
-1.591366630099054547e+00
-1.598106243770967660e+00
-1.604891333152211441e+00
-1.611698933019421798e+00
-1.618495473794805406e+00
-1.625250920475811434e+00
-1.631951070999960951e+00
-1.638602530733335616e+00
-1.645228122790898251e+00
-1.651854753744690374e+00
-1.658499164894805977e+00
-1.665158041146836077e+00
-1.671807125145994499e+00
-1.678410051721188845e+00
-1.684933271307176517e+00
-1.691360584747157336e+00
-1.697700745732454886e+00
-1.703984434645747559e+00
-1.710251484050408388e+00
-1.716533565218592905e+00
-1.722839729702215994e+00
-1.729151230972516551e+00
-1.735428254451456098e+00
-1.741626121060682042e+00
-1.747714349476454210e+00
-1.753690489675481690e+00
-1.759582591030311560e+00
-1.765438798784485286e+00
-1.771307982336095987e+00
-1.777219218025296588e+00
-1.783168681436005043e+00
-1.789119658466868490e+00
-1.795016069608110332e+00
-1.800804291057491291e+00
-1.806454490191079731e+00
-1.811972698902517109e+00
-1.817398481870629912e+00
-1.822788917714351475e+00
-1.828195245685106496e+00
-1.833641601434757629e+00
-1.839114501721141659e+00
-1.844567417459579861e+00
-1.849938658147833648e+00
-1.855175382577242127e+00
-1.860254070290694450e+00
-1.865189252730012903e+00
-1.870027099216346134e+00
-1.874826596826575376e+00
-1.879636037480108213e+00
-1.884474312133110230e+00
-1.889324417679278945e+00
-1.894141515570395340e+00
-1.898871956858816379e+00
-1.903475347363718928e+00
-1.907940713328905247e+00
-1.912290481677825893e+00
-1.916571136670960573e+00
-1.920834891670777367e+00
-1.925120198500104740e+00
-1.929439043663361719e+00
-1.933775825891211886e+00
-1.938097598565849733e+00
-1.942370755264061444e+00
-1.946576804957737661e+00
-1.950720659408776259e+00
-1.954828381898661815e+00
-1.958936006159642140e+00
-1.963074779709897300e+00
-1.967259434593355394e+00
-1.971484395552797197e+00
-1.975729051305877171e+00
-1.979969087720439447e+00
-1.984188268024261070e+00
-1.988385075168680460e+00
-1.992571231723801128e+00
-1.996763050085226920e+00
-2.000970004609110120e+00
-2.005186261059789032e+00
-2.009389503193047766e+00
-2.013547928361633765e+00
-2.017632339509709549e+00
-2.021627682203633203e+00
-2.025538403586586877e+00
-2.029384704680726070e+00
-2.033190949297599914e+00
-2.036971282283213558e+00
-2.040719132948978665e+00
-2.044405892547914494e+00
-2.047990151731686304e+00
-2.051434123176894442e+00
-2.054720372038752352e+00
-2.057861371368435943e+00
-2.060897105361593873e+00
-2.063880918975104617e+00
-2.066858970974449150e+00
-2.069851718432295762e+00
-2.072845406966217663e+00
-2.075797596151554902e+00
-2.078654887336504054e+00
-2.081375742765288805e+00
-2.083948858233059198e+00
-2.086399112062024663e+00
-2.088778119317299620e+00
-2.091142836441069353e+00
-2.093530788319490021e+00
-2.095942134265930790e+00
-2.098336178502516969e+00
-2.100644077976367541e+00
-2.102792812408753598e+00
-2.104730758081700515e+00
-2.106444460365458848e+00
-2.107959792319472392e+00
-2.109327150973240528e+00
-2.110596993654263898e+00
-2.111796051933463758e+00
-2.112914256435420857e+00
-2.113907892127955268e+00
-2.114717655880832048e+00
-2.115294008081170407e+00
-2.115619190572129327e+00
-2.115716750611237540e+00
-2.115644735336304372e+00
-2.115475623875559652e+00
-2.115271596800053722e+00
-2.115065564953454658e+00
-2.114855744859451825e+00
-2.114615633194834476e+00
-2.114314568834287922e+00
-2.113939552488761198e+00
-2.113508558235226875e+00
-2.113069386493811930e+00
-2.112684500230253892e+00
-2.112408465091367038e+00
-2.112267878244113106e+00
-2.112252570773476723e+00
-2.112321897312575025e+00
-2.112423267167676144e+00
-2.112514638942525558e+00
-2.112580934373766706e+00
-2.112637036505844446e+00
-2.112716025831308464e+00
-2.112847959824986521e+00
-2.113038862092817105e+00
-2.113259695808454186e+00
-2.113450836935162780e+00
-2.113540747155786992e+00
-2.113471144975388238e+00
-2.113217833660057110e+00
-2.112797929695813259e+00
-2.112259961521603557e+00
-2.111660747020774664e+00
-2.111038883109296993e+00
-2.110396446439572582e+00
-2.109697202756414036e+00
-2.108882580246979721e+00
-2.107898873828241815e+00
-2.106723991126296713e+00
-2.105381837727804406e+00
-2.103937446626463537e+00
-2.102474094423644857e+00
-2.101061463755323544e+00
-2.099728022163852348e+00
-2.098449343911352294e+00
-2.097157605629435650e+00
-2.095768605430472054e+00
-2.094215148816291894e+00
-2.092472749458049286e+00
-2.090566633023619669e+00
-2.088556822102851207e+00
-2.086507380086686680e+00
-2.084452769303587250e+00
-2.082375764321225731e+00
-2.080206716449494841e+00
-2.077845087914391708e+00
-2.075194782162301799e+00
-2.072198868940615668e+00
-2.068859390436835533e+00
-2.065234053890718791e+00
-2.061411291530008683e+00
-2.057474241040623042e+00
-2.053468840738283951e+00
-2.049389477505806578e+00
-2.045188193101884266e+00
-2.040803462228585552e+00
-2.036196226855602642e+00
-2.031377736053088245e+00
-2.026417138997661294e+00
-2.021425284984609494e+00
-2.016521204416472202e+00
-2.011795037588195001e+00
-2.007282654165966296e+00
-2.002962220166702334e+00
-1.998773657729933095e+00
-1.994652277810438523e+00
-1.990561954032317615e+00
-1.986513552337946242e+00
-1.982560763905306889e+00
-1.978775246110566988e+00
-1.975211910668479565e+00
-1.971879401671123633e+00
-1.968728553985599650e+00
-1.965663921516100476e+00
-1.962573619706657224e+00
-1.959364963581922803e+00
-1.955991015279519907e+00
-1.952457171621900800e+00
-1.948805566418473134e+00
-1.945084600329189506e+00
-1.941317236351125519e+00
-1.937482104247981063e+00
-1.933515769714954091e+00
-1.929335236229795525e+00
-1.924870902911243187e+00
-1.920095622533398494e+00
-1.915037167069062018e+00
-1.909768575830542048e+00
-1.904380418768111038e+00
-1.898946810419998021e+00
-1.893499665044642732e+00
-1.888022002093366458e+00
-1.882462771221388387e+00
-1.876766287020330104e+00
-1.870903018278365915e+00
-1.864887928771176151e+00
-1.858778052436493189e+00
-1.852650120453298355e+00
-1.846567860813237205e+00
-1.840553220699093107e+00
-1.834574186037337240e+00
-1.828554743275484284e+00
-1.822402910892259031e+00
-1.816044988643769731e+00
-1.809451226605383489e+00
-1.802642574626474259e+00
-1.795674294201954124e+00
-1.788608227865233546e+00
-1.781474948538253056e+00
-1.774274806931513515e+00
-1.766839300515331779e+00
-1.759086586724059931e+00
-1.751059763663468827e+00
-1.742833183543987641e+00
-1.734509799514943218e+00
-1.726177365722763035e+00
-1.717882811448396829e+00
-1.709622697542164449e+00
-1.701357730569470927e+00
-1.693043758133294663e+00
-1.684665965871075421e+00
-1.676261050549164855e+00
-1.667917268513550155e+00
-1.659751639857169003e+00
-1.651873406927777843e+00
-1.644348846457909907e+00
-1.637182121442436467e+00
-1.630320155787063019e+00
-1.623679340703687801e+00
-1.617182577173406743e+00
-1.610790714884312136e+00
-1.604514861503023582e+00
-1.598404263068201159e+00
-1.592514992408973207e+00
-1.586873042103239539e+00
-1.581448002146831566e+00
-1.576149163221892024e+00
-1.570846434004118830e+00
-1.565407902174109855e+00
-1.559738708465191026e+00
-1.553805234307984451e+00
-1.547634745809271184e+00
-1.541291006764872851e+00
-1.534836567759695347e+00
-1.528298105275991414e+00
-1.521649878304382364e+00
-1.514822611342002023e+00
-1.507734176149347016e+00
-1.500328995452152148e+00
-1.492609182432716564e+00
-1.484643756072285825e+00
-1.476551508224617226e+00
-1.468464234913865685e+00
-1.460485374464949748e+00
-1.452661064716666450e+00
-1.444975377840847397e+00
-1.437371236268872865e+00
-1.429787609395111847e+00
-1.422196685177999020e+00
-1.414624764823946057e+00
-1.407147631120999165e+00
-1.399862116541844337e+00
-1.392845871191471741e+00
-1.386122512420608022e+00
-1.379647196185051383e+00
-1.373319078284668926e+00
-1.367015761069975355e+00
-1.360635500231611061e+00
-1.354129679184445489e+00
-1.347512230357207574e+00
-1.340842537927876554e+00
-1.334189722088499952e+00
-1.327594125968991179e+00
-1.321042976672275771e+00
-1.314471065411807693e+00
-1.307786501409559099e+00
-1.300910750580939856e+00
-1.293815914160542091e+00
-1.286543229496523555e+00
-1.279194665841778544e+00
-1.271900876804177516e+00
-1.264778796811414807e+00
-1.257896541755259223e+00
-1.251260109499112927e+00
-1.244827013386297754e+00
-1.238540413892734504e+00
-1.232368495087308169e+00
-1.226331572730599451e+00
-1.220504691672194664e+00
-1.214994024930099892e+00
-1.209896737300241609e+00
-1.205261238921691458e+00
-1.201064737994253395e+00
-1.197217762504192207e+00
-1.193593920177351109e+00
-1.190072471441718571e+00
-1.186575880579080700e+00
-1.183086718284930505e+00
-1.179637188002744530e+00
-1.176276333253349238e+00
-1.173029608936877022e+00
-1.169868835359121118e+00
-1.166706146326259796e+00
-1.163415255928583303e+00
-1.159871592927343098e+00
-1.155994631372698978e+00
-1.151774645126351970e+00
-1.147272616441652238e+00
-1.142593369300129558e+00
-1.137843338202703114e+00
-1.133090889048142813e+00
-1.128345933347218555e+00
-1.123567201483035571e+00
-1.118693604326236324e+00
-1.113685701427752583e+00
-1.108558875029612034e+00
-1.103393295914207428e+00
-1.098315692829493262e+00
-1.093460049318810912e+00
-1.088923462913764295e+00
-1.084735596425838056e+00
-1.080854463566657930e+00
-1.077190135597615894e+00
-1.073646097106857322e+00
-1.070160494726746236e+00
-1.065925601669176270e+00
-1.060749572619569259e+00
-1.054659793866566275e+00
-1.047683651698802620e+00
-1.039848532404920034e+00
-1.031181822273553594e+00
-1.021710907593343487e+00
-1.011463174652930341e+00
-1.000466009740947682e+00
-9.887467991460395789e-01
-9.763329291568391133e-01
-9.632517860619873584e-01
-9.495307561501254989e-01
-9.351972257098861707e-01
-9.202785810299145552e-01
-9.048022083988420672e-01
-8.887954941053105573e-01
-8.722858244379619874e-01
-8.553005856854282163e-01
-8.378671641363544254e-01
-8.200129460793721403e-01
-8.017653178031228789e-01
-7.831516655962499351e-01
-7.641993757473831694e-01
-7.449358345451696506e-01
-7.253884282782391280e-01
-7.055845432352344515e-01
-6.855515657047986933e-01
-6.653168819755611585e-01
-6.449078783361695821e-01
-6.243519410752530474e-01
-6.036764564814549594e-01
-5.829088108434182791e-01
-5.620763904497718677e-01
-5.412065815891639042e-01
-5.203267705502238050e-01
-4.994643436215940868e-01
-4.786466870919181549e-01
-4.579011872498254254e-01
-4.372552303839631338e-01
-4.167362027829607518e-01
-3.963714907354615180e-01
-3.761884805301086154e-01
-3.562145584555309608e-01
-3.364771108003763445e-01
-3.170035238532742938e-01
-2.978211839028678254e-01
-2.789574772377993450e-01
-2.604397901466991572e-01
-2.422955089182138311e-01
-2.245520198409738932e-01
-2.072367092036219161e-01
-1.903769632948000279e-01
-1.740001684031390883e-01
-1.581337108172816142e-01
-1.428049768258694008e-01
-1.280413527175340294e-01
-1.138702247809205426e-01
-1.003189793046611322e-01
-8.741500257739751034e-02
-7.518568088777072278e-02
-6.365840052441400221e-02
-5.286054777597072596e-02
-4.281950893107468181e-02
-3.356267027836697114e-02
-2.511741810648768225e-02
-1.751113870407153272e-02
-1.077121835976047048e-02
-4.925043362189990281e-03
-2.775557561562891351e-17
