5.551115123125782702e-17
1.632010156434489379e-02
3.157734137115058431e-02
4.580623596191212010e-02
5.904130187813744213e-02
7.131705566132497121e-02
8.266801385297382898e-02
9.312869299459083927e-02
1.027336096276729172e-01
1.115172802937260815e-01
1.195142215342498010e-01
1.267589498907440160e-01
1.332859819047137462e-01
1.391298341176576692e-01
1.443250230710801663e-01
1.489060653064813999e-01
1.529074773653623376e-01
1.563637757892262503e-01
1.593094771195733561e-01
1.617790978979065653e-01
1.638071546657269006e-01
1.654281639645357183e-01
1.666766423358352900e-01
1.675871063211268330e-01
1.681940724619122862e-01
1.685320572996932831e-01
1.686355773759712628e-01
1.685391492322479701e-01
1.682772894100252048e-01
1.678845144508043508e-01
1.673953408960873190e-01
1.668442852873757709e-01
1.662658641661712011e-01
1.656945940739753542e-01
1.651649915522897250e-01
1.647115731426161966e-01
1.643688553864564583e-01
1.641713548253118660e-01
1.641535880006843029e-01
1.643500714540754304e-01
1.647953217269869097e-01
1.655238553609200691e-01
1.665701888973771250e-01
1.679688388778591279e-01
1.697543218438683221e-01
1.719611543369062301e-01
1.746238528984737637e-01
1.777769340700738332e-01
1.814549143932066289e-01
1.856923104093754773e-01
1.905236386600812626e-01
1.959834156868244248e-01
2.021061580311090122e-01
2.089263822344338828e-01
2.164786048383038064e-01
2.247973423842190288e-01
2.339171114136790186e-01
2.438724284681895449e-01
2.546978100892478003e-01
2.664277728183603311e-01
2.790968331970264393e-01
2.927395077667446222e-01
3.073903130690226471e-01
3.230837656453555140e-01
3.398543820372520452e-01
3.577366787862104602e-01
3.765552370595733889e-01
3.955134961451602926e-01
4.144205539389842485e-01
4.331015413741780007e-01
4.514710274752312680e-01
4.695664239444980459e-01
4.875280868097766618e-01
5.055359914428544377e-01
5.237311899786970537e-01
5.421559903872912312e-01
5.607378285599035062e-01
5.793224087652194543e-01
5.977404780085087133e-01
6.158787640341700786e-01
6.337248189655789732e-01
6.513676589298076358e-01
6.689555217052529645e-01
6.866302115179624410e-01
7.044666732383296770e-01
7.224430766939109461e-01
7.404527291198582661e-01
7.583510041085774755e-01
7.760160486800181667e-01
7.933972201390164791e-01
8.105315784503637211e-01
8.275231602048271906e-01
8.444955723356023514e-01
8.615389770935689695e-01
8.786736918925545092e-01
8.958444672816077148e-01
9.129460001591096496e-01
9.298673346978558740e-01
9.465358488959643157e-01
9.629429844845222020e-01
9.791425461850301604e-01
9.952241705652455916e-01
1.011274377953129466e+00
1.027341635223969041e+00
1.043418932072640803e+00
1.059449304088310617e+00
1.075350259575589273e+00
1.091046083509124465e+00
1.106494992406196642e+00
1.121701336722865427e+00
1.136709649525004195e+00
1.151584436400858502e+00
1.166384392189091068e+00
1.181140786357531169e+00
1.195847228304302456e+00
1.210463317355864543e+00
1.224929736438884920e+00
1.239188847234540702e+00
1.253203656570315516e+00
1.266969133279850057e+00
1.280512602971481284e+00
1.293883396787604223e+00
1.307135152603666306e+00
1.320306402837400750e+00
1.333405782353748847e+00
1.346407059265878559e+00
1.359256330051193062e+00
1.371889750335356428e+00
1.384256241026798895e+00
1.396337145871675123e+00
1.408155022103851461e+00
1.419767067309910091e+00
1.431244271208952590e+00
1.442643273433403595e+00
1.453981687818132640e+00
1.465227389992234119e+00
1.476307523433550317e+00
1.487135234272259021e+00
1.497644406287761853e+00
1.507818325915104785e+00
1.517699544079681218e+00
1.527375214641922385e+00
1.536942343026758362e+00
1.546466477973961862e+00
1.555951266713744952e+00
1.565332817449011538e+00
1.574502940517677141e+00
1.583352967611589612e+00
1.591820290338365362e+00
1.599917456677188543e+00
1.607730103239203956e+00
1.615382957876407621e+00
1.622987158975805588e+00
1.630591033122994471e+00
1.638156065001159734e+00
1.645569756799243333e+00
1.652691377876282397e+00
1.659411942025375897e+00
1.665702676131904703e+00
1.671630243100429514e+00
1.677330756968450354e+00
1.682952482328822663e+00
1.688591296096710881e+00
1.694247025478909263e+00
1.699820513861667770e+00
1.705153969130335900e+00
1.710098161598086364e+00
1.714577721544607636e+00
1.718625796416239027e+00
1.722372024937419255e+00
1.725987912922107625e+00
1.729612620282882984e+00
1.733291324352848273e+00
1.736953494148368193e+00
1.740441441605238060e+00
1.743577606865978291e+00
1.746241768093505842e+00
1.748424451575723904e+00
1.750232703403341361e+00
1.751844827501534363e+00
1.753433469193539374e+00
1.755089209383003501e+00
1.756782305776257491e+00
1.758365893734719743e+00
1.759665119715071668e+00
1.760472039508652164e+00
1.760912970609541883e+00
1.761395686599745103e+00
1.761794816638553751e+00
1.761976820629842511e+00
1.761795166535894630e+00
1.761173043922314774e+00
1.760127465686569082e+00
1.758763843259332216e+00
1.757229023294242021e+00
1.755648864879082005e+00
1.754075335199859920e+00
1.752466107166994469e+00
1.750704575158902543e+00
1.748651064822943191e+00
1.746202811575912950e+00
1.743337026513827048e+00
1.740119138544229838e+00
1.736673532652849072e+00
1.733130116525012809e+00
1.729569987696649935e+00
1.725993250151657055e+00
1.722322000583898172e+00
1.718436207352283418e+00
1.714226314500616910e+00
1.709639782073691494e+00
1.704702040124943085e+00
1.699503860535172661e+00
1.694161654141474127e+00
1.688768441372050955e+00
1.683356556099811385e+00
1.677887397332986641e+00
1.672271509227242436e+00
1.666409302233781364e+00
1.660234366033392250e+00
1.653740963357907212e+00
1.646984776455285182e+00
1.640057765727109373e+00
1.633048911417704030e+00
1.626008049300439628e+00
1.618927916296272418e+00
1.611751121026750111e+00
1.604397903574500184e+00
1.596801964583535183e+00
1.588938860352399729e+00
1.580835362460783156e+00
1.572556799515388404e+00
1.564178867752898050e+00
1.555756585615567067e+00
1.547303586070659875e+00
1.538789872663549829e+00
1.530157960092417557e+00
1.521349613477874341e+00
1.512331407130150129e+00
1.503108509132973891e+00
1.493721659087444475e+00
1.484229611439761509e+00
1.474685204979570230e+00
1.465115328841299247e+00
1.455512767036085009e+00
1.445842476471815408e+00
1.436058760156627034e+00
1.426125603703197964e+00
1.416031729408356421e+00
1.405794701646228217e+00
1.395453266087188338e+00
1.385051889439471662e+00
1.374624245824116908e+00
1.364182209405887969e+00
1.353714151816052924e+00
1.343192360574869904e+00
1.332585894108598179e+00
1.321873489640572608e+00
1.311051697846882691e+00
1.300135743004224187e+00
1.289153572499773803e+00
1.278135965116507844e+00
1.267106609359797353e+00
1.256075573645791588e+00
1.245037990449187726e+00
1.233977809718423080e+00
1.222874864351909396e+00
1.211712681055678420e+00
1.200484550689979280e+00
1.189196151926855682e+00
1.177864164705233252e+00
1.166511478703652793e+00
1.155160535481580597e+00
1.143826843243094249e+00
1.132514679206443109e+00
1.121216410185658985e+00
1.109915807325539072e+00
1.098594443742596738e+00
1.087239129108060531e+00
1.075847780726222114e+00
1.064431466238724200e+00
1.053011594461574330e+00
1.041613019992072564e+00
1.030255501356282632e+00
1.018946801101988875e+00
1.007680286272965020e+00
9.964382259416056931e-01
9.851996860996219407e-01
9.739499289892112888e-01
9.626874343991455030e-01
9.514254982795806725e-01
9.401875666433727741e-01
9.289981534613538372e-01
9.178731787796186037e-01
9.068139386290465787e-01
8.958074376309433928e-01
8.848330613206180084e-01
8.738727203390235232e-01
8.629199506820248722e-01
8.519838013126541654e-01
8.410856032369689039e-01
8.302499285946693952e-01
8.194937755618924013e-01
8.088189783331819482e-01
7.982115232220032830e-01
7.876483708690382723e-01
7.771088919857442878e-01
7.665857272921723364e-01
7.560899088490112829e-01
7.456475128650799089e-01
7.352889349509760253e-01
7.250353899396292379e-01
7.148887928437527295e-01
7.048299442194206899e-01
6.948263790566273634e-01
6.848468646779856117e-01
6.748763096674885720e-01
6.649243056497893267e-01
6.550230432702467409e-01
6.452149211233824122e-01
6.355348258517089510e-01
6.259947054960666168e-01
6.165774096166618534e-01
6.072429792492266554e-01
5.979452012825583473e-01
5.886516202999416691e-01
5.793584072949022890e-01
5.700934243630144671e-01
5.609057491390143646e-01
5.518457583021283419e-01
5.429440839000939656e-01
5.341984695389114801e-01
5.255743459425435971e-01
5.170191302969402436e-01
5.084843516991672807e-01
4.999462553506755502e-01
4.914160796212292404e-01
4.829355516600677412e-01
4.745594582996416344e-01
4.663327026751975524e-01
4.582716398341946107e-01
4.503576481661462627e-01
4.425456191824478913e-01
4.347836175172516970e-01
4.270351676253437700e-01
4.192945464464842287e-01
4.115885770837387492e-01
4.039643423604397654e-01
3.964683662035629053e-01
3.891264663435429205e-01
3.819330758345366172e-01
3.748545725680018093e-01
3.678449163191427340e-01
3.608664663380609094e-01
3.539066481780139828e-01
3.469830877903876676e-01
3.401350501845762375e-01
3.334051685638081408e-01
3.268197855087587311e-01
3.203768186691508535e-01
3.140466515509599543e-01
3.077856621870576070e-01
3.015562771065982695e-01
2.953444448392626986e-01
2.891665200947796110e-01
2.830622762472159160e-01
2.770770170695904255e-01
2.712407370794581718e-01
2.655537368473983584e-01
2.599853484781486368e-01
2.544866459226322597e-01
2.490117504952026883e-01
2.435383716096060081e-01
2.380783886478293199e-01
2.326735419345320188e-01
2.273778031032376024e-01
2.222339043553326343e-01
2.172542096987106486e-01
2.124143791399973058e-01
2.076628201751326008e-01
2.029420895522653367e-01
1.982131666153627847e-01
1.934721696237475252e-01
1.887522420969502401e-01
1.841096690217486065e-01
1.796000575207451211e-01
1.752547001166984142e-01
1.710671831374046270e-01
1.669959291644168287e-01
1.629815549771193861e-01
1.589716189574004734e-01
1.549422247830433141e-01
1.509073592749206327e-01
1.469121716917464182e-01
1.430132706412820531e-01
1.392545812606713063e-01
1.356490512154719941e-01
1.321738234844569426e-01
1.287806185477009813e-01
1.254165572792973748e-01
1.220463132865395456e-01
1.186661329729657988e-01
1.153039742872471046e-01
1.120061188034210398e-01
1.088164186401960887e-01
1.057573360069328783e-01
1.028208947567075537e-01
9.997313369809052164e-02
9.716968040979759302e-02
9.437528812764557629e-02
9.157865378141576140e-02
8.879615539018537174e-02
8.606320451846470598e-02
8.341743071207395610e-02
8.088141152506532483e-02
7.845266203577296038e-02
7.610517680443820709e-02
7.380155827220531706e-02
7.151004206136865604e-02
6.921863601687031076e-02
6.694001906264354651e-02
6.470510558196591877e-02
6.254833272514098708e-02
6.049144662286758123e-02
5.853318521910073902e-02
5.664953010921279508e-02
5.480438255723567298e-02
5.296578794607666174e-02
5.112032054117462976e-02
4.927907363667029944e-02
4.747249778091783279e-02
4.573637848863687516e-02
4.409527171516432198e-02
4.255089853049137671e-02
4.108078806375210779e-02
3.964786326600789473e-02
3.821673354545966628e-02
3.676940333118385029e-02
3.531330863855598745e-02
3.387798039961594648e-02
3.250171079116741940e-02
3.121410766420755489e-02
3.002233519306677506e-02
2.890726816732271456e-02
2.783141264817264038e-02
2.675519448370863515e-02
2.565442460334609043e-02
2.453112913409408874e-02
2.341279261398206829e-02
2.234017325945739790e-02
2.134895803316627649e-02
2.045335098668137411e-02
1.963896451178094235e-02
1.886834893659923226e-02
1.809692227094924361e-02
1.729240951107922919e-02
1.644922401873232312e-02
1.559131119300750760e-02
1.476196070331039882e-02
1.400482138799400041e-02
1.334431919831293757e-02
1.277410275603540687e-02
1.225877040214818151e-02
1.174839814683156271e-02
1.119976496943175803e-02
1.059512433320591168e-02
9.950272459987532028e-03
9.308182044104757955e-03
8.720691989890078794e-03
8.225984190734820720e-03
7.831531467748658465e-03
7.509990765360958012e-03
7.210042555490783420e-03
6.877732294934466722e-03
6.479279485153635262e-03
6.015573434289890262e-03
5.522022027372524081e-03
5.053632583225888333e-03
4.661535041603035757e-03
4.370896729429867185e-03
4.169688287581453830e-03
4.013202648957659747e-03
3.842533267574343298e-03
3.609236689099069948e-03
3.295706274525836334e-03
2.922545313563638079e-03
2.539723117176223826e-03
2.205201762207740449e-03
1.960087317938937878e-03
1.810873226881686135e-03
1.726357965343345386e-03
1.650592782723023537e-03
1.526386999469391166e-03
1.319366589150585724e-03
1.032339210191148080e-03
7.038406289671054594e-04
3.914672419606381008e-04
1.470839388417818786e-04
-5.532884665642774934e-06
-8.108412679703197869e-05
-1.267367408290518728e-04
-2.022728113182407298e-04
-3.548602003237404253e-04
-5.992011522285776689e-04
-9.115204888747338542e-04
-1.239953854822356798e-03
-1.526904505395528531e-03
-1.733835711516758032e-03
-1.857938481281434144e-03
-1.933585853241178267e-03
-2.017968289648401376e-03
-2.167035184015340607e-03
-2.411989307316054348e-03
-2.746338521488142677e-03
-3.128977702068572349e-03
-3.501944882615431586e-03
-3.815270056544662995e-03
-4.048348697906774263e-03
-4.218786254816152964e-03
-4.375025605585622715e-03
-4.575973635562324664e-03
-4.866338518690419175e-03
-5.258151069673663511e-03
-5.726245084812973084e-03
-6.219490925075139148e-03
-6.682880725920214982e-03
-7.081005409534539552e-03
-7.412974593921168448e-03
-7.712568210371966750e-03
-8.033741115775256195e-03
-8.427813877684826871e-03
-8.922130986098064653e-03
-9.509220816956346842e-03
-1.015090199817211478e-02
-1.079533523965774816e-02
-1.139954675679691505e-02
-1.194773902586492714e-02
-1.245765772364633255e-02
-1.297252396769901263e-02
-1.354226284673141698e-02
-1.420227776471376380e-02
-1.495892181470013030e-02
-1.578776997644483482e-02
-1.664517315694448094e-02
-1.748784039863627085e-02
-1.829182455583783229e-02
-1.906271086309877308e-02
-1.983277395186271511e-02
-2.064659675728255234e-02
-2.154163091766545662e-02
-2.253226625945806486e-02
-2.360430034758928541e-02
-2.472204657643040440e-02
-2.584474574536670816e-02
-2.694491150182098949e-02
-2.802051584839049259e-02
-2.909574679244492784e-02
-3.021017880177616355e-02
-3.140130739465207127e-02
-3.268826001620302180e-02
-3.406387453261325998e-02
-3.549854405573821259e-02
-3.695397591417919070e-02
-3.840063758706388497e-02
-3.983109120565641453e-02
-4.126333110250391539e-02
-4.273274789895689652e-02
-4.427642001527391791e-02
-4.591682054360525511e-02
-4.765223052810618753e-02
-4.945809507679854722e-02
-5.129862822840251801e-02
-5.314337770966673369e-02
-5.498124803699835916e-02
-5.682566331816008010e-02
-5.870857795752595226e-02
-6.066609215133164645e-02
-6.272222697981459649e-02
-6.487824725593833997e-02
-6.711240855502639824e-02
-6.939027364309414969e-02
-7.168092627312161458e-02
-7.397168459780145700e-02
-7.627453808440062821e-02
-7.862124988847815632e-02
-8.104921835375955563e-02
-8.358445146773105239e-02
-8.622943739077064407e-02
-8.896160126810943869e-02
-9.174331463791468577e-02
-9.453916498732295448e-02
-9.733277176484558812e-02
-1.001354351271697557e-01
-1.029823998060778178e-01
-1.059180379615956014e-01
-1.089763124357464169e-01
-1.121652022510457591e-01
-1.154622481243164356e-01
-1.188235995921548827e-01
-1.222029748957330908e-01
-1.255724142150527745e-01
-1.289356684623346183e-01
-1.323280618848101664e-01
-1.358024730759655463e-01
-1.394071829003173113e-01
-1.431650511147352367e-01
-1.470631329488350791e-01
-1.510575051224270215e-01
-1.550915589920063287e-01
-1.591201434259965630e-01
-1.631292686948705162e-01
-1.671428284523041874e-01
-1.712132631825001028e-01
-1.753999570886027870e-01
-1.797444904818687739e-01
-1.842532806752233132e-01
-1.888950381196145278e-01
-1.936141567464641500e-01
-1.983543503199587943e-01
-2.030824722473461574e-01
-2.078024007912058213e-01
-2.125531542190098599e-01
-2.173921755033086656e-01
-2.223710590392762032e-01
-2.275141480888750456e-01
-2.328090819718890425e-01
-2.382131305930126897e-01
-2.436723224407576216e-01
-2.491449154492159090e-01
-2.546190275398113045e-01
-2.601169468853363198e-01
-2.656845512672176834e-01
-2.713707675633175720e-01
-2.772062659510253768e-01
-2.831907485370407929e-01
-2.892942226333172773e-01
-2.954713847229467616e-01
-3.016824600677495694e-01
-3.079110917239020195e-01
-3.141713291137491759e-01
-3.205007450317827744e-01
-3.269429625144676388e-01
-3.335276004392755955e-01
-3.402567438683926637e-01
-3.471040520738082891e-01
-3.540268920483002901e-01
-3.609859972855424814e-01
-3.679637393543057078e-01
-3.749726903315133697e-01
-3.820504897545698997e-01
-3.892431782893259751e-01
-3.965843801211685338e-01
-4.040796649601459123e-01
-4.117032174880889128e-01
-4.194085148328152157e-01
-4.271484736468332266e-01
-4.348962691169586670e-01
-4.426576222292442075e-01
-4.504690070696380499e-01
-4.583823587748475648e-01
-4.664427868683617695e-01
-4.746689146153424965e-01
-4.830443885301088369e-01
-4.915243062511008287e-01
-5.000538808292027682e-01
-5.085913844896468028e-01
-5.171255782807262502e-01
-5.256802170421193132e-01
-5.343037724060530902e-01
-5.430488283427291618e-01
-5.519499550181897751e-01
-5.610094089880627299e-01
-5.701965574371418155e-01
-5.794610222529453791e-01
-5.887537244801939185e-01
-5.980468015990317854e-01
-6.073440835284572570e-01
-6.166780278019625694e-01
-6.260948501493630580e-01
-6.356345115855469574e-01
-6.453141632254576487e-01
-6.551218559611485803e-01
-6.650227008566116371e-01
-6.749742968973072577e-01
-6.849444520157431660e-01
-6.949235748836513071e-01
-7.049267588769722037e-01
-7.149852395022291418e-01
-7.251314843228426898e-01
-7.353846939258873450e-01
-7.457429525602085052e-01
-7.561850433473640276e-01
-7.666805683454483988e-01
-7.772034501463229716e-01
-7.877426573320084335e-01
-7.983055516347007385e-01
-8.089127655315339060e-01
-8.195873407976217440e-01
-8.303432916393143071e-01
-8.411787820719512920e-01
-8.520768104936192744e-01
-8.630128013169263701e-01
-8.739654217541481529e-01
-8.849256238075231540e-01
-8.958998751266261662e-01
-9.069062700547652067e-01
-9.179654274408601822e-01
-9.290903445853775366e-01
-9.402797240806637369e-01
-9.515176417036128598e-01
-9.627795782277051018e-01
-9.740420835475261940e-01
-9.852918605839061650e-01
-9.965304319673167210e-01
-1.007772540531740146e+00
-1.019039125989345429e+00
-1.030347923330853233e+00
-1.041705566372125302e+00
-1.053104289986750652e+00
-1.064524330918672268e+00
-1.075940829751652394e+00
-1.087332374989780748e+00
-1.098687899546566538e+00
-1.110009489614795619e+00
-1.121310340411779904e+00
-1.132608882901255054e+00
-1.143921347462001137e+00
-1.155255365670729617e+00
-1.166606656385741569e+00
-1.177959706916064775e+00
-1.189292072834479574e+00
-1.200580864479864340e+00
-1.211809404876194929e+00
-1.222972019930897103e+00
-1.234075423143344397e+00
-1.245136089952074476e+00
-1.256174186357159384e+00
-1.267205758528476167e+00
-1.278235668784164059e+00
-1.289253844230426882e+00
-1.300236594293658898e+00
-1.311153141355944074e+00
-1.321975541972781887e+00
-1.332688576955647575e+00
-1.343295699853337188e+00
-1.353818175317180961e+00
-1.364286943715352196e+00
-1.374729713880688653e+00
-1.385158109367659929e+00
-1.395560251797668849e+00
-1.405902464707642796e+00
-1.416140281545432922e+00
-1.426234958970387767e+00
-1.436168936018550335e+00
-1.445953493621958463e+00
-1.455624648079321570e+00
-1.465228096352406695e+00
-1.474798879630943249e+00
-1.484344210884881665e+00
-1.493837197901094704e+00
-1.503224999786563210e+00
-1.512448861517667886e+00
-1.521468044472515491e+00
-1.530277382553137500e+00
-1.538910303543997937e+00
-1.547425043588031235e+00
-1.555879087820289719e+00
-1.564302430972086544e+00
-1.572681437398960824e+00
-1.580961085790125065e+00
-1.589065677969262902e+00
-1.596929885084235945e+00
-1.604526937136097953e+00
-1.611881280722467835e+00
-1.619059218019397672e+00
-1.626140510572098297e+00
-1.633182549129208461e+00
-1.640192593835700263e+00
-1.647120804592393073e+00
-1.653878196840034898e+00
-1.660372807560230868e+00
-1.666548954682199657e+00
-1.672412378293493873e+00
-1.678029493038344366e+00
-1.683499892462299252e+00
-1.688913034461213325e+00
-1.694307519124681694e+00
-1.699651008806374319e+00
-1.704850477801365782e+00
-1.709789510428457504e+00
-1.714377332306319168e+00
-1.718588514066640593e+00
-1.722475599092671894e+00
-1.726148148018634920e+00
-1.729726196272932004e+00
-1.733287648322852759e+00
-1.736832398062724270e+00
-1.740279343422197034e+00
-1.743498571517146267e+00
-1.746365693509023931e+00
-1.748815279337275985e+00
-1.750870119701629646e+00
-1.752632982925611982e+00
-1.754243547301900019e+00
-1.755818420771575017e+00
-1.757399930015661971e+00
-1.758936104803448641e+00
-1.760301081522549937e+00
-1.761348009120362379e+00
-1.761971473566011692e+00
-1.762154461843052689e+00
-1.761973786583540313e+00
-1.761575983140547086e+00
-1.761094594506015465e+00
-1.760654992546378139e+00
-1.759849403858082084e+00
-1.758551511087818042e+00
-1.756969256506171195e+00
-1.755277489738373387e+00
-1.753623070909238191e+00
-1.752035738815108434e+00
-1.750424911211480028e+00
-1.748617943990010914e+00
-1.746436536303769049e+00
-1.743773645837298547e+00
-1.740638749188703649e+00
-1.737152068870723820e+00
-1.733491162728051371e+00
-1.729813714833747351e+00
-1.726190251465955949e+00
-1.722575591584170951e+00
-1.718830573868059597e+00
-1.714783693895869376e+00
-1.710305316652502849e+00
-1.705362299126808256e+00
-1.700030014357574837e+00
-1.694457692606152976e+00
-1.688803123445324239e+00
-1.683165458517781543e+00
-1.677544865043738564e+00
-1.671845461906834363e+00
-1.665918983410735965e+00
-1.659629317939054216e+00
-1.652909807663208275e+00
-1.645789231395308416e+00
-1.638376579373055142e+00
-1.630812582871396854e+00
-1.623209736402725367e+00
-1.615606549040277784e+00
-1.607954687208686284e+00
-1.600143007448115329e+00
-1.592046780673427087e+00
-1.583580373320228052e+00
-1.574731243582450979e+00
-1.565562006774073867e+00
-1.556181336021091655e+00
-1.546697421824079210e+00
-1.537174152404448657e+00
-1.527607873940113548e+00
-1.517933030717781628e+00
-1.508052612644219748e+00
-1.497879465369174712e+00
-1.487371041736386346e+00
-1.476544061741732916e+00
-1.465464647920506236e+00
-1.454219657738649252e+00
-1.442881947041396051e+00
-1.431483635497085016e+00
-1.420007102567985902e+00
-1.408395702854561282e+00
-1.396578444261025176e+00
-1.384498131414549471e+00
-1.372132213283399516e+00
-1.359499353714942016e+00
-1.346650637759292835e+00
-1.333649911545600641e+00
-1.320551075345661074e+00
-1.307380353892876546e+00
-1.294129104092805349e+00
-1.280758787640405849e+00
-1.267215765604929434e+00
-1.253450711256199002e+00
-1.239436307433492201e+00
-1.225177594716750029e+00
-1.210711573141481256e+00
-1.196095882710367375e+00
-1.181389836510475133e+00
-1.166633827157649739e+00
-1.151834236084803731e+00
-1.136959787207533878e+00
-1.121951784103704108e+00
-1.106745725230425137e+00
-1.091297085717789495e+00
-1.075601524415593424e+00
-1.059700831887526729e+00
-1.043670725558349277e+00
-1.027593694200914731e+00
-1.011526695455862157e+00
-9.954767318122148545e-01
-9.793953306529022962e-01
-9.631959702051497985e-01
-9.467890172197520604e-01
-9.301206736300130506e-01
-9.131995050417095472e-01
-8.960981386903282830e-01
-8.789275316959358486e-01
-8.617929842430722687e-01
-8.447497400684274016e-01
-8.277774757938810568e-01
-8.107860254727881077e-01
-7.936517824902062923e-01
-7.762707144988756358e-01
-7.586057681426827681e-01
-7.407075924596344674e-01
-7.226980438469402523e-01
-7.047217478744738361e-01
-6.868853924314713977e-01
-6.692108007541829329e-01
-6.516230218379766015e-01
-6.339802488385964940e-01
-6.161342461323667807e-01
-5.979960039057024002e-01
-5.795779782090654253e-01
-5.609934482807088507e-01
-5.424116701848055166e-01
-5.239869376622081631e-01
-5.057918084237383871e-01
-4.877839661148743455e-01
-4.698223513978075361e-01
-4.517269857125101873e-01
-4.333575151776416501e-01
-4.146765348535900730e-01
-3.957694845822103957e-01
-3.768112410488204111e-01
-3.579927099317991024e-01
-3.401101659255038046e-01
-3.233389596133372512e-01
-3.076445852775069878e-01
-2.929925372002104567e-01
-2.793483096636588670e-01
-2.666773969500503827e-01
-2.549452933415926603e-01
-2.441174931204924958e-01
-2.341594905689494688e-01
-2.250367799691724846e-01
-2.167148556033618723e-01
-2.091592117537242057e-01
-2.023353427024654760e-01
-1.962087427317870114e-01
-1.907449061238959132e-01
-1.859093271609942866e-01
-1.816675001252879285e-01
-1.779849192989819140e-01
-1.748270789642790146e-01
-1.721594734033853047e-01
-1.699475968985038055e-01
-1.681569437318397586e-01
-1.667530081855977953e-01
-1.657012845419817693e-01
-1.649672670831966170e-01
-1.645164500914464145e-01
-1.643143278489358206e-01
-1.643263946378692442e-01
-1.645181447404512054e-01
-1.648550724388859190e-01
-1.653026720153781826e-01
-1.658264377521321831e-01
-1.663918639313523573e-01
-1.669644448352433641e-01
-1.675096747460093349e-01
-1.679930479458551229e-01
-1.683800587169848595e-01
-1.686362013416030647e-01
-1.687269701019142309e-01
-1.686178592801228782e-01
-1.682743631584332489e-01
-1.676619760190498909e-01
-1.667461921441775186e-01
-1.654925058160199580e-01
-1.638664113167825898e-01
-1.618334029286687126e-01
-1.593589749338833739e-01
-1.564086216146317598e-01
-1.529478372531166697e-01
-1.489421161315434283e-01
-1.443569525321175828e-01
-1.391578407370413495e-01
-1.333102750285216076e-01
-1.267797496887602959e-01
-1.195317589999629337e-01
-1.115317972443357342e-01
-1.027453587040798588e-01
-9.313793766140343600e-02
-8.267502839850676688e-02
-7.132212519759639768e-02
-5.904472234087937421e-02
-4.580831411055485969e-02
-3.157839478883317508e-02
-1.632045865791231787e-02
0.000000000000000000e+00
