6.968897065733439256e+00
6.955216714891178320e+00
6.941536341232872331e+00
6.927855922383947096e+00
6.914175436450361367e+00
6.900494862007223951e+00
6.886814178098718209e+00
6.873133364238104726e+00
6.859452400407727524e+00
6.845771267059004295e+00
6.832089945112435281e+00
6.818408415957595281e+00
6.804726595846957160e+00
6.791044385573939302e+00
6.777361783743568679e+00
6.763678789412263193e+00
6.749995401440478382e+00
6.736311618492705655e+00
6.722627439037474950e+00
6.708942861347352959e+00
6.695257883498945795e+00
6.681572503372894545e+00
6.667886718653877942e+00
6.654200526830613249e+00
6.640513925195853595e+00
6.626826910846393304e+00
6.613139480683059013e+00
6.599451631410718555e+00
6.585763359538274742e+00
6.572074661378668914e+00
6.558385533048880056e+00
6.544695970469923907e+00
6.531005969366853847e+00
6.517315525268761789e+00
6.503624633508773734e+00
6.489933289224057766e+00
6.476241487355815174e+00
6.462549222649287550e+00
6.448856489653752355e+00
6.435163282722523803e+00
6.421469596012957304e+00
6.407775423486440580e+00
6.394080758908403439e+00
6.380385595848308000e+00
6.366689927679658467e+00
6.352993747579994910e+00
6.339297048530891487e+00
6.325599823317967108e+00
6.311902064530870327e+00
6.298203764563292673e+00
6.284504915612959763e+00
6.270805509681635748e+00
6.257105538575123305e+00
6.243404993903259204e+00
6.229703867079921409e+00
6.216002149323025527e+00
6.202299831654519480e+00
6.188596904900394158e+00
6.174893359690674544e+00
6.161189186459424150e+00
6.147484375444745019e+00
6.133778916688773286e+00
6.120072800037687166e+00
6.106366015141697190e+00
6.092658551455055971e+00
6.078950398236051100e+00
6.065241544547006036e+00
6.051531979254285432e+00
6.037821691028288029e+00
6.024110668343453767e+00
6.010398899478254009e+00
5.996686372515203978e+00
5.982973075340852986e+00
5.969258995645787103e+00
5.955544120924631812e+00
5.941828438476049357e+00
5.928111935402737842e+00
5.914394598611434795e+00
5.900676414812914494e+00
5.886957370521988864e+00
5.873237452057507468e+00
5.859516645542353963e+00
5.845794936903455863e+00
5.832072311871771220e+00
5.818348755982301057e+00
5.804624254574080489e+00
5.790898792790182270e+00
5.777172355577718577e+00
5.763444927687836561e+00
5.749716493675723683e+00
5.735987037900601493e+00
5.722256544525730071e+00
5.708524997518408028e+00
5.694792380649972507e+00
5.681058677495793852e+00
5.667323871435283600e+00
5.653587945651886493e+00
5.639850883133091131e+00
5.626112666670418427e+00
5.612373278859427828e+00
5.598632702099716418e+00
5.584890918594918929e+00
5.571147910352707733e+00
5.557403659184792843e+00
5.543658146706921030e+00
5.529911354338874041e+00
5.516163263304476594e+00
5.502413854631585721e+00
5.488663109152098762e+00
5.474911007501950699e+00
5.461157530121109716e+00
5.447402657256133374e+00
5.433646390588723563e+00
5.419888732844667878e+00
5.406129667230257674e+00
5.392369177189038965e+00
5.378607246401810649e+00
5.364843858786626285e+00
5.351078998498794981e+00
5.337312649930876063e+00
5.323544797712682630e+00
5.309775426711285995e+00
5.296004522031005024e+00
5.282232069013419462e+00
5.268458053237356609e+00
5.254682460518900200e+00
5.240905276911387745e+00
5.227126488705410523e+00
5.213346082428812700e+00
5.199564044846693989e+00
5.185780362961405210e+00
5.171995024012552733e+00
5.158208015476997588e+00
5.144419325068852800e+00
5.130628940739486055e+00
5.116836850677517035e+00
5.103043043308823634e+00
5.089247507296531303e+00
5.075450231541024593e+00
5.061651205179940050e+00
5.047850417588165328e+00
5.034047858377846296e+00
5.020243517398380817e+00
5.006437384736418750e+00
4.992629450715866390e+00
4.978819705897882031e+00
4.965008141080876847e+00
4.951194747300520227e+00
4.937379515829730892e+00
4.923562438178683109e+00
4.909743506094804033e+00
4.895922711562774587e+00
4.882100046804533022e+00
4.868275504279265142e+00
4.854449076683415853e+00
4.840620756950679393e+00
4.826790538252008211e+00
4.812958413995605866e+00
4.799124377826930576e+00
4.785288423628693444e+00
4.771450545520859343e+00
4.757610737860647809e+00
4.743768995242532149e+00
4.729925312498240331e+00
4.716079684696751428e+00
4.702232107144299178e+00
4.688382575384372863e+00
4.674531085197713765e+00
4.660677632602317821e+00
4.646822213853434747e+00
4.632964825443565360e+00
4.619105464102468694e+00
4.605244126797155779e+00
4.591380810731890527e+00
4.577515513348190623e+00
4.563648232324827525e+00
4.549778965577827350e+00
4.535907711260469988e+00
4.522034467763289989e+00
4.508159233714073011e+00
4.494282007977859372e+00
4.480402789656944051e+00
4.466521578090876687e+00
4.452638372856458027e+00
4.438753173767744364e+00
4.424865980876045768e+00
4.410976794469924300e+00
4.397085615075199350e+00
4.383192443454940523e+00
4.369297280609472089e+00
4.355400127776373864e+00
4.341500986430476772e+00
4.327599858283869061e+00
4.313696745285888312e+00
4.299791649623128542e+00
4.285884573719438428e+00
4.271975520235916868e+00
4.258064492070921858e+00
4.244151492360060729e+00
4.230236524476193694e+00
4.216319592029440066e+00
4.202400698867168494e+00
4.188479849074003170e+00
4.174557046971821173e+00
4.160632297119753353e+00
4.146705604314185223e+00
4.132776973588756952e+00
4.118846410214360709e+00
4.104913919699140656e+00
4.090979507788498282e+00
4.077043180465087957e+00
4.063104943948818715e+00
4.049164804696848918e+00
4.035222769403596033e+00
4.021278845000727742e+00
4.007333038657167279e+00
3.993385357779092537e+00
3.979435810009932073e+00
3.965484403230370436e+00
3.951531145558345504e+00
3.937576045349048481e+00
3.923619111194925679e+00
3.909660351925676292e+00
3.895699776608252840e+00
3.881737394546860731e+00
3.867773215282961807e+00
3.853807248595271240e+00
3.839839504499755307e+00
3.825869993249637169e+00
3.811898725335390647e+00
3.797925711484746003e+00
3.783950962662687267e+00
3.769974490071450912e+00
3.755996305150525849e+00
3.742016419576658315e+00
3.728034845263845209e+00
3.714051594363339426e+00
3.700066679263647185e+00
3.686080112590526703e+00
3.672091907206991301e+00
3.658102076213308074e+00
3.644110632946999218e+00
3.630117584188248259e+00
3.616122900130536166e+00
3.602126586504489136e+00
3.588128656673495342e+00
3.574129123943884601e+00
3.560128001564925704e+00
3.546125302728827311e+00
3.532121040570741499e+00
3.518115228168757991e+00
3.504107878543909038e+00
3.490099004660167203e+00
3.476088619424443582e+00
3.462076735686592688e+00
3.448063366239406236e+00
3.434048523818621135e+00
3.420032221102910608e+00
3.406014470713889075e+00
3.391995285216114819e+00
3.377974677117081548e+00
3.363952658867228607e+00
3.349929242859932543e+00
3.335904441431509770e+00
3.321878266861221896e+00
3.307850731371265063e+00
3.293821847126780611e+00
3.279791626235849300e+00
3.265760080749489980e+00
3.251727222661665806e+00
3.237693063909276692e+00
3.223657616372166856e+00
3.209620891873118609e+00
3.195582902177854123e+00
3.181543658995039880e+00
3.167503173976278230e+00
3.153461458716115828e+00
3.139418524752036532e+00
3.125374383564468950e+00
3.111329046576778001e+00
3.097282525155271138e+00
3.083234830609196564e+00
3.069185974190741906e+00
3.055135967095038207e+00
3.041084820460152827e+00
3.027032545367096095e+00
3.012979152839819097e+00
2.998924653845212340e+00
2.984869059293107973e+00
2.970812380036278011e+00
2.956754626870434777e+00
2.942695810534232237e+00
2.928635941709263335e+00
2.914575031020063545e+00
2.900513089034107317e+00
2.886450126261808968e+00
2.872386153156525790e+00
2.858321180114553606e+00
2.844255217475130770e+00
2.830188275520433727e+00
2.816120364475580118e+00
2.802051494508630114e+00
2.787981675730581088e+00
2.773910918195375164e+00
2.759839231899890777e+00
2.745766626783949782e+00
2.731693112730313455e+00
2.717618699564682938e+00
2.703543397055702346e+00
2.689467214914952997e+00
2.675390162796960070e+00
2.661312250299186832e+00
2.647233486962037308e+00
2.633153882268858492e+00
2.619073445645934139e+00
2.604992186462492754e+00
2.590910114030700040e+00
2.576827237605662013e+00
2.562743566385429439e+00
2.548659109510988507e+00
2.534573876066269715e+00
2.520487875078142093e+00
2.506401115516415423e+00
2.492313606293841133e+00
2.478225356266109181e+00
2.464136374231853388e+00
2.450046668932644334e+00
2.435956249052994682e+00
2.421865123220359628e+00
2.407773300005131123e+00
2.393680787920645425e+00
2.379587595423176882e+00
2.365493730911939707e+00
2.351399202729091975e+00
2.337304019159728963e+00
2.323208188431888921e+00
2.309111718716549078e+00
2.295014618127627415e+00
2.280916894721983557e+00
2.266818556499416104e+00
2.252719611402665745e+00
2.238620067317411699e+00
2.224519932072276607e+00
2.210419213438821640e+00
2.196317919131547391e+00
2.182216056807898319e+00
2.168113634068256523e+00
2.154010658455946636e+00
2.139907137457232267e+00
2.125803078501317778e+00
2.111698488960349618e+00
2.097593376149412769e+00
2.083487747326534745e+00
2.069381609692682034e+00
2.055274970391761435e+00
2.041167836510622280e+00
2.027060215079051986e+00
2.012952113069780946e+00
1.998843537398478531e+00
1.984734494923753534e+00
1.970624992447159052e+00
1.956515036713184497e+00
1.942404634409263586e+00
1.928293792165767462e+00
1.914182516556008906e+00
1.900070814096242788e+00
1.885958691245661401e+00
1.871846154406401341e+00
1.857733209923535744e+00
1.843619864085082494e+00
1.829506123121996231e+00
1.815391993208173904e+00
1.801277480460453662e+00
1.787162590938612183e+00
1.773047330645369346e+00
1.758931705526383116e+00
1.744815721470252656e+00
1.730699384308519662e+00
1.716582699815662583e+00
1.702465673709104399e+00
1.688348311649206401e+00
1.674230619239269524e+00
1.660112602025538120e+00
1.645994265497194631e+00
1.631875615086363585e+00
1.617756656168109153e+00
1.603637394060435373e+00
1.589517834024289034e+00
1.575397981263555236e+00
1.561277840925061833e+00
1.547157418098574766e+00
1.533036717816801620e+00
1.518915745055391842e+00
1.504794504732932303e+00
1.490673001710954404e+00
1.476551240793927189e+00
1.462429226729260012e+00
1.448306964207305203e+00
1.434184457861353401e+00
1.420061712267637555e+00
1.405938731945329589e+00
1.391815521356541963e+00
1.377692084906329884e+00
1.363568426942685763e+00
1.349444551756546318e+00
1.335320463581785022e+00
1.321196166595219212e+00
1.307071664916604758e+00
1.292946962608637618e+00
1.278822063676956722e+00
1.264696972070139092e+00
1.250571691679703834e+00
1.236446226340110366e+00
1.222320579828756637e+00
1.208194755865984904e+00
1.194068758115074180e+00
1.179942590182247564e+00
1.165816255616665797e+00
1.151689757910430600e+00
1.137563100498586444e+00
1.123436286759115221e+00
1.109309320012942468e+00
1.095182203523932030e+00
1.081054940498887840e+00
1.066927534087557472e+00
1.052799987382625924e+00
1.038672303419720500e+00
1.024544485177408371e+00
1.010416535577196573e+00
9.962884574835345619e-01
9.821602537038101044e-01
9.680319269883540523e-01
9.539034800304350137e-01
9.397749154662646820e-01
9.256462358749936170e-01
9.115174437787126882e-01
8.973885416424555173e-01
8.832595318741932600e-01
8.691304168248408235e-01
8.550011987882510933e-01
8.408718800012175976e-01
8.267424626434770607e-01
8.126129488377029642e-01
7.984833406495132069e-01
7.843536400874633330e-01
7.702238491030497514e-01
7.560939695907114011e-01
7.419640033878249774e-01
7.278339522747108159e-01
7.137038179746272304e-01
6.995736021537732885e-01
6.854433064212910320e-01
6.713129323292594819e-01
6.571824813727018544e-01
6.430519549895791220e-01
6.289213545607932332e-01
6.147906814101886663e-01
6.006599368045473231e-01
5.865291219535951894e-01
5.723982380099960077e-01
5.582672860693542738e-01
5.441362671702172360e-01
5.300051822940695656e-01
5.158740323653399074e-01
5.017428182513947732e-01
4.876115407625412068e-01
4.734802006520295037e-01
4.593487986160468828e-01
4.452173352937246475e-01
4.310858112671314135e-01
4.169542270612792145e-01
4.028225831441185623e-01
3.886908799265404446e-01
3.745591177623787127e-01
3.604272969484046407e-01
3.462954177243331988e-01
3.321634802728175018e-01
3.180314847194513073e-01
3.038994311327711251e-01
2.897673195242509436e-01
2.756351498483085027e-01
2.615029220022995760e-01
2.473706358265206628e-01
2.332382911042110984e-01
2.191058875615474744e-01
2.049734248676503001e-01
1.908409026345780912e-01
1.767082704871313359e-01
1.625750820883464232e-01
1.484412426736204105e-01
1.343067657667696702e-01
1.201716648483981409e-01
1.060359533558999368e-01
9.189964468346153992e-02
7.776275218205631889e-02
6.362528915945088459e-02
4.948726888019875508e-02
3.534870456564665614e-02
2.120960939392897010e-02
7.069996499970199189e-03
-7.070121024513579058e-03
-2.121073013101618804e-02
-3.535181781424302089e-02
-4.949337111210853207e-02
-6.363537710573718975e-02
-7.777782291946500060e-02
-9.192069572083313989e-02
-1.060639827205974439e-01
-1.202076711727221303e-01
-1.343517483743814078e-01
-1.484962016659608919e-01
-1.626410184310515261e-01
-1.767861860964588805e-01
-1.909316921321969063e-01
-2.050775240514894349e-01
-2.192236694107718709e-01
-2.333701158096848638e-01
-2.475168508910836340e-01
-2.616638623410317832e-01
-2.758111378888030707e-01
-2.899586653068825237e-01
-3.041064324109603589e-01
-3.182544270599416691e-01
-3.324026371559398174e-01
-3.465510506442780470e-01
-3.606996555134911464e-01
-3.748484397953192326e-01
-3.889973915647170211e-01
-4.031464989398475529e-01
-4.172957500820837495e-01
-4.314451331960101887e-01
-4.455946365294166656e-01
-4.597442483733075735e-01
-4.738939570618956321e-01
-4.880437509726036627e-01
-5.021936185260658103e-01
-5.163435481861216036e-01
-5.304935284598251144e-01
-5.446435478974388511e-01
-5.587935950924352024e-01
-5.729436586814981025e-01
-5.870937273445169247e-01
-6.012437898045952522e-01
-6.153938348280454385e-01
-6.295438512243894946e-01
-6.436938278463611995e-01
-6.578437535898994382e-01
-6.719936173941576385e-01
-6.861434082414977764e-01
-7.002931151574933732e-01
-7.144427272109229454e-01
-7.285922335137797745e-01
-7.427416232212656899e-01
-7.568908855317921791e-01
-7.710400096869824971e-01
-7.851889849716648939e-01
-7.993378007138824959e-01
-8.134864462848867550e-01
-8.276349110991387814e-01
-8.417831846143115637e-01
-8.559312563312831967e-01
-8.700791157941463183e-01
-8.842267525902021141e-01
-8.983741563499616500e-01
-9.125213167471474263e-01
-9.266682234986871602e-01
-9.408148663647234455e-01
-9.549612351486069795e-01
-9.691073196968986725e-01
-9.832531098993704255e-01
-9.973985956890002447e-01
-1.011543767041980013e+00
-1.025688613977710162e+00
-1.039833126558801668e+00
-1.053977294891075722e+00
-1.068121109123560064e+00
-1.082264559448496533e+00
-1.096407636101335070e+00
-1.110550329360736166e+00
-1.124692629548571299e+00
-1.138834527029917831e+00
-1.152976012213066559e+00
-1.167117075549518157e+00
-1.181257707533982071e+00
-1.195397898704380069e+00
-1.209537639641838469e+00
-1.223676920970698800e+00
-1.237815733358510251e+00
-1.251954067516033220e+00
-1.266091914197237989e+00
-1.280229264199301387e+00
-1.294366108362614343e+00
-1.308502437570776111e+00
-1.322638242750596271e+00
-1.336773514872095170e+00
-1.350908244948499481e+00
-1.365042424036249313e+00
-1.379176043234994209e+00
-1.393309093687592926e+00
-1.407441566580116099e+00
-1.421573453141839583e+00
-1.435704744645253550e+00
-1.449835432406056945e+00
-1.463965507783158593e+00
-1.478094962178678529e+00
-1.492223787037942229e+00
-1.506351973849490156e+00
-1.520479514145070432e+00
-1.534606399499643725e+00
-1.548732621531374143e+00
-1.562858171901642779e+00
-1.576983042315037054e+00
-1.591107224519355601e+00
-1.605230710305607822e+00
-1.619353491508009224e+00
-1.633475560003988969e+00
-1.647596907714185210e+00
-1.661717526602445760e+00
-1.675837408675830087e+00
-1.689956545984603098e+00
-1.704074930622243800e+00
-1.718192554725439969e+00
-1.732309410474089262e+00
-1.746425490091301214e+00
-1.760540785843389244e+00
-1.774655290039883537e+00
-1.788768995033520603e+00
-1.802881893220248388e+00
-1.816993977039225161e+00
-1.831105238972815519e+00
-1.845215671546598157e+00
-1.859325267329359876e+00
-1.873434018933098244e+00
-1.887541919013021374e+00
-1.901648960267543265e+00
-1.915755135438292234e+00
-1.929860437310105370e+00
-1.943964858711028976e+00
-1.958068392512321898e+00
-1.972171031628447313e+00
-1.986272769017083606e+00
-2.000373597679117044e+00
-2.014473510658644440e+00
-2.028572501042973375e+00
-2.042670561962617093e+00
-2.056767686591304045e+00
-2.070863868145969899e+00
-2.084959099886761091e+00
-2.099053375117035714e+00
-2.113146687183355965e+00
-2.127239029475499699e+00
-2.141330395426452871e+00
-2.155420778512411761e+00
-2.169510172252783420e+00
-2.183598570210180334e+00
-2.197685965990430201e+00
-2.211772353242568823e+00
-2.225857725658840991e+00
-2.239942076974704044e+00
-2.254025400968821646e+00
-2.268107691463069120e+00
-2.282188942322532554e+00
-2.296269147455507476e+00
-2.310348300813500622e+00
-2.324426396391223726e+00
-2.338503428226604175e+00
-2.352579390400776127e+00
-2.366654277038085397e+00
-2.380728082306088123e+00
-2.394800800415546327e+00
-2.408872425620436353e+00
-2.422942952217943091e+00
-2.437012374548461313e+00
-2.451080686995596558e+00
-2.465147883986161581e+00
-2.479213959990181682e+00
-2.493278909520891151e+00
-2.507342727134736826e+00
-2.521405407431369650e+00
-2.535466945053655330e+00
-2.549527334687668567e+00
-2.563586571062693054e+00
-2.577644648951225026e+00
-2.591701563168965272e+00
-2.605757308574828901e+00
-2.619811880070940457e+00
-2.633865272602634366e+00
-2.647917481158454933e+00
-2.661968500770153678e+00
-2.676018326512695999e+00
-2.690066953504254954e+00
-2.704114376906214812e+00
-2.718160591923170166e+00
-2.732205593802921939e+00
-2.746249377836484484e+00
-2.760291939358082480e+00
-2.774333273745147821e+00
-2.788373376418326277e+00
-2.802412242841468171e+00
-2.816449868521637256e+00
-2.830486249009107169e+00
-2.844521379897361424e+00
-2.858555256823094304e+00
-2.872587875466205531e+00
-2.886619231549809594e+00
-2.900649320840229084e+00
-2.914678139146997360e+00
-2.928705682322858550e+00
-2.942731946263761333e+00
-2.956756926908870931e+00
-2.970780620240560221e+00
-2.984803022284410634e+00
-2.998824129109216141e+00
-3.012843936826977043e+00
-3.026862441592906183e+00
-3.040879639605426288e+00
-3.054895527106169517e+00
-3.068910100379980133e+00
-3.082923355754906503e+00
-3.096935289602212205e+00
-3.110945898336368920e+00
-3.124955178415059542e+00
-3.138963126339176402e+00
-3.152969738652819043e+00
-3.166975011943300000e+00
-3.180978942841142132e+00
-3.194981528020075956e+00
-3.208982764197044535e+00
-3.222982648132197259e+00
-3.236981176628896062e+00
-3.250978346533713204e+00
-3.264974154736429490e+00
-3.278968598170038273e+00
-3.292961673810737011e+00
-3.306953378677939259e+00
-3.320943709834265345e+00
-3.334932664385548584e+00
-3.348920239480825511e+00
-3.362906432312350091e+00
-3.376891240115582615e+00
-3.390874660169194144e+00
-3.404856689795066504e+00
-3.418837326358287410e+00
-3.432816567267159780e+00
-3.446794409973193307e+00
-3.460770851971108897e+00
-3.474745890798838666e+00
-3.488719524037519726e+00
-3.502691749311504399e+00
-3.516662564288352666e+00
-3.530631966678834388e+00
-3.544599954236931527e+00
-3.558566524759831928e+00
-3.572531676087936425e+00
-3.586495406104854844e+00
-3.600457712737407334e+00
-3.614418593955626147e+00
-3.628378047772746751e+00
-3.642336072245221601e+00
-3.656292665472709480e+00
-3.670247825598080382e+00
-3.684201550807415959e+00
-3.698153839330001968e+00
-3.712104689438339378e+00
-3.726054099448139034e+00
-3.740002067718318557e+00
-3.753948592651008997e+00
-3.767893672691548179e+00
-3.781837306328484694e+00
-3.795779492093579233e+00
-3.809720228561800148e+00
-3.823659514351328781e+00
-3.837597348123549690e+00
-3.851533728583064864e+00
-3.865468654477681731e+00
-3.879402124598420265e+00
-3.893334137779509874e+00
-3.907264692898386738e+00
-3.921193788875700470e+00
-3.935121424675310564e+00
-3.949047599304284617e+00
-3.962972311812902770e+00
-3.976895561294651049e+00
-3.990817346886228467e+00
-4.004737667767543918e+00
-4.018656523161714844e+00
-4.032573912335071675e+00
-4.046489834597148949e+00
-4.060404289300697300e+00
-4.074317275841673691e+00
-4.088228793659245852e+00
-4.102138842235794058e+00
-4.116047421096903136e+00
-4.129954529811371344e+00
-4.143860167991205934e+00
-4.157764335291626701e+00
-4.171667031411061544e+00
-4.185568256091144690e+00
-4.199468009116725575e+00
-4.213366290315860851e+00
-4.227263099559819715e+00
-4.241158436763079465e+00
-4.255052301883323729e+00
-4.268944694921453120e+00
-4.282835615921572803e+00
-4.296725064971003150e+00
-4.310613042200266420e+00
-4.324499547783103637e+00
-4.338384581936458595e+00
-4.352268144920489412e+00
-4.366150237038564974e+00
-4.380030858637258717e+00
-4.393910010106357511e+00
-4.407787691878859881e+00
-4.421663904430971570e+00
-4.435538648282110863e+00
-4.449411923994899709e+00
-4.463283732175177931e+00
-4.477154073471990792e+00
-4.491022948577595209e+00
-4.504890358227457980e+00
-4.518756303200253122e+00
-4.532620784317867191e+00
-4.546483802445398403e+00
-4.560345358491150414e+00
-4.574205453406641197e+00
-4.588064088186593281e+00
-4.601921263868945289e+00
-4.615776981534841283e+00
-4.629631242308638761e+00
-4.643484047357903322e+00
-4.657335397893408668e+00
-4.671185295169141050e+00
-4.685033740482295705e+00
-4.698880735173278644e+00
-4.712726280625707531e+00
-4.726570378266402805e+00
-4.740413029565401892e+00
-4.754254236035950321e+00
-4.768093999234502611e+00
-4.781932320760725830e+00
-4.795769202257492481e+00
-4.809604645410886725e+00
-4.823438651950206157e+00
-4.837271223647953811e+00
-4.851102362319847039e+00
-4.864932069824805971e+00
-4.878760348064968611e+00
-4.892587198985679287e+00
-4.906412624575491321e+00
-4.920236626866171470e+00
-4.934059207932691038e+00
-4.947880369893235653e+00
-4.961700114909200821e+00
-4.975518445185189265e+00
-4.989335362969016252e+00
-5.003150870551705154e+00
-5.016964970267489221e+00
-5.030777664493813361e+00
-5.044588955651332363e+00
-5.058398846203910004e+00
-5.072207338658618170e+00
-5.086014435565742176e+00
-5.099820139518775441e+00
-5.113624453154423932e+00
-5.127427379152596387e+00
-5.141228920236419420e+00
-5.155029079172225970e+00
-5.168827858769560635e+00
-5.182625261881175227e+00
-5.196421291403034104e+00
-5.210215950274307950e+00
-5.224009241477382659e+00
-5.237801168037851340e+00
-5.251591733024516984e+00
-5.265380939549391570e+00
-5.279168790767696962e+00
-5.292955289877868452e+00
-5.306740440121548552e+00
-5.320524244783590539e+00
-5.334306707192054908e+00
-5.348087830718215585e+00
-5.361867618776554600e+00
-5.375646074824766529e+00
-5.389423202363752274e+00
-5.403199004937624395e+00
-5.416973486133704441e+00
-5.430746649582526508e+00
-5.444518498957831021e+00
-5.458289037976573610e+00
-5.472058270398911795e+00
-5.485826200028220079e+00
-5.499592830711080182e+00
-5.513358166337283706e+00
-5.527122210839835681e+00
-5.540884968194943916e+00
-5.554646442422030539e+00
-5.568406637583729335e+00
-5.582165557785881305e+00
-5.595923207177539105e+00
-5.609679589950961720e+00
-5.623434710341621567e+00
-5.637188572628200944e+00
-5.650941181132591140e+00
-5.664692540219894212e+00
-5.678442654298419434e+00
-5.692191527819689512e+00
-5.705939165278434366e+00
-5.719685571212596464e+00
-5.733430750203327264e+00
-5.747174706874986327e+00
-5.760917445895143985e+00
-5.774658971974583110e+00
-5.788399289867294684e+00
-5.802138404370477787e+00
-5.815876320324544047e+00
-5.829613042613113194e+00
-5.843348576163016617e+00
-5.857082925944294693e+00
-5.870816096970200348e+00
-5.884548094297189280e+00
-5.898278923024934173e+00
-5.912008588296314926e+00
-5.925737095297423096e+00
-5.939464449257559231e+00
-5.953190655449231095e+00
-5.966915719188159883e+00
-5.980639645833274898e+00
-5.994362440786717983e+00
-6.008084109493838199e+00
-6.021804657443195374e+00
-6.035524090166557443e+00
-6.049242413238906657e+00
-6.062959632278433375e+00
-6.076675752946533393e+00
-6.090390780947818605e+00
-6.104104722030108121e+00
-6.117817581984431818e+00
-6.131529366645031232e+00
-6.145240081889350670e+00
-6.158949733638053203e+00
-6.172658327855005567e+00
-6.186365870547289703e+00
-6.200072367765193881e+00
-6.213777825602215366e+00
-6.227482250195063962e+00
-6.241185647723660246e+00
-6.254888024411131120e+00
-6.268589386523816920e+00
-6.282289740371264308e+00
-6.295989092306233381e+00
-6.309687448724692338e+00
-6.323384816065820146e+00
-6.337081200812006543e+00
-6.350776621731520244e+00
-6.364471355155211896e+00
-6.378165515462327129e+00
-6.391859106073228602e+00
-6.405552130853988224e+00
-6.419244594116372049e+00
-6.432936500617858044e+00
-6.446627855561626319e+00
-6.460318664596556459e+00
-6.474008933817238187e+00
-6.487698669763958037e+00
-6.501387879422710903e+00
-6.515076570225193819e+00
-6.528764750048807741e+00
-6.542452427216660205e+00
-6.556139610497554671e+00
-6.569826309106004736e+00
-6.583512532702226139e+00
-6.597198291392138536e+00
-6.610883595727366391e+00
-6.624568456705232755e+00
-6.638252885768769040e+00
-6.651936894806710576e+00
-6.665620496153493058e+00
-6.679303702589260539e+00
-6.692986527339854774e+00
-6.706668984076824991e+00
-6.720351086917424333e+00
-6.734032850424608085e+00
-6.747714289607037230e+00
-6.761395419919072225e+00
-6.775076257260781887e+00
-6.788756817977936286e+00
-6.802437118862009413e+00
-6.816117177150181838e+00
-6.829797010525330947e+00
-6.843476637116043371e+00
-6.857156075496609660e+00
-6.870835344687020729e+00
-6.884514464152973190e+00
-6.898193453805866682e+00
-6.911872334002803875e+00
-6.925551125546594022e+00
-6.939229849685748519e+00
-6.952908528114479125e+00
-6.966587182972705072e+00
