0.000000000000000000e+00
4.551295420466251566e-03
7.551560996050882962e-03
9.047262968639464137e-03
9.084867580119752525e-03
7.710841072378257430e-03
4.971649687302701591e-03
9.137596667787678236e-04
-4.416362747304679141e-03
-1.097225131306331890e-02
-1.870743978860862564e-02
-2.757546193205174384e-02
-3.752985150151001703e-02
-4.852414225509152357e-02
-6.051186795091426096e-02
-7.344656234708915599e-02
-8.728175920172581703e-02
-1.019709922729435392e-01
-1.174677953188489193e-01
-1.337257020975617938e-01
-1.506982463671916184e-01
-1.683389618858476267e-01
-1.866013824116506403e-01
-2.054390417027056881e-01
-2.248054735171337304e-01
-2.446542116130445421e-01
-2.649387897485455667e-01
-2.856127416817595410e-01
-3.066296011707898561e-01
-3.279429019737593598e-01
-3.495061778487760229e-01
-3.712729625539481493e-01
-3.931967898473984757e-01
-4.152311934872302546e-01
-4.373297072315663891e-01
-4.594458648385148503e-01
-4.815332000661837752e-01
-5.035452466726961784e-01
-5.254355384161550901e-01
-5.471576090546835802e-01
-5.686649923463893419e-01
-5.899112220493809566e-01
-6.108498319217808836e-01
-6.314343557216928193e-01
-6.516183272072388899e-01
-6.713552801365276768e-01
-6.905987482676679834e-01
-7.093022653587810478e-01
-7.274193651679718986e-01
-7.449035814533615518e-01
-7.617084479730588109e-01
-7.777874984851731455e-01
-7.930942667478251273e-01
-8.075822865191205624e-01
-8.212050915571791343e-01
-8.339162156201106457e-01
-8.456691924660253434e-01
-8.564175558530415788e-01
-8.661148395392677113e-01
-8.747145772828206489e-01
-8.821703028418117487e-01
-8.884355499743524787e-01
-8.934638524385585256e-01
-8.972087439925409136e-01
-8.996237583944143301e-01
-9.006624294022906874e-01
-9.002782907742832297e-01
-8.984248762685047573e-01
-8.950557196430694029e-01
-8.901243546560884123e-01
-8.835843150656756961e-01
-8.757449710090139394e-01
-8.678937827122450432e-01
-8.600009179689448446e-01
-8.519927134150280246e-01
-8.438004144828050723e-01
-8.354069784664466258e-01
-8.268713684303441447e-01
-8.183194808751906857e-01
-8.099051718587646498e-01
-8.017576421477237147e-01
-7.939372646108036058e-01
-7.864183324791640395e-01
-7.791057528510894059e-01
-7.718783204205571513e-01
-7.646400212323851697e-01
-7.573575919056565464e-01
-7.500686237801641454e-01
-7.428572140896632092e-01
-7.358080824217896332e-01
-7.289592888852098884e-01
-7.222742298733368926e-01
-7.156452761971743293e-01
-7.089278983461250183e-01
-7.019911488594547944e-01
-6.947634581626389583e-01
-6.872547591300351977e-01
-6.795460771750883033e-01
-6.717515273827653344e-01
-6.639692554688132464e-01
-6.562423374492480921e-01
-6.485461594141356256e-01
-6.408073056996276273e-01
-6.329454325488567124e-01
-6.249197728407671626e-01
-6.167599802237264672e-01
-6.085677562882398917e-01
-6.004881877567300741e-01
-5.926626088997770658e-01
-5.851826098679293597e-01
-5.780642592906795052e-01
-5.712528915547504527e-01
-5.646557637209724811e-01
-5.581881067713888589e-01
-5.518125587730549064e-01
-5.455550041400620831e-01
-5.394901257523857518e-01
-5.337030556341422205e-01
-5.282437917989786236e-01
-5.230941700231084290e-01
-5.181618387128447134e-01
-5.133041907963800110e-01
-5.083724788218993984e-01
-5.032577964829685335e-01
-4.979198808117495934e-01
-4.923870577362595702e-01
-4.867279502249928780e-01
-4.810075493199893470e-01
-4.752468200315838054e-01
-4.694034004543723992e-01
-4.633818667179132045e-01
-4.570692989500265702e-01
-4.503810264654639073e-01
-4.432970339073658006e-01
-4.358734056749317132e-01
-4.282237256887034271e-01
-4.204780240290176829e-01
-4.127362902622885299e-01
-4.050357842220915772e-01
-3.973454605083692748e-01
-3.895893152997380038e-01
-3.816882512674363293e-01
-3.736023007718904942e-01
-3.653550111564208835e-01
-3.570294633610696100e-01
-3.487374802946398011e-01
-3.405749629924386124e-01
-3.325821674316705723e-01
-3.247256496474444365e-01
-3.169094799408308516e-01
-3.090110405576096952e-01
-3.009264328626584661e-01
-2.926066583426287226e-01
-2.840698192070588157e-01
-2.753848291600134446e-01
-2.666341640389001122e-01
-2.578719152289981054e-01
-2.490951979717026532e-01
-2.402411196534879889e-01
-2.312105706465160393e-01
-2.219087252020600642e-01
-2.122851327470228200e-01
-2.023565613711634237e-01
-1.922031438466592079e-01
-1.819396746433192269e-01
-1.716743036819197987e-01
-1.614719936714536785e-01
-1.513378411484455066e-01
-1.412267441596490314e-01
-1.310746477443455460e-01
-1.208374911288130349e-01
-1.105208621980456191e-01
-1.001875565782043842e-01
-8.993982239962312886e-02
-7.988391978060843668e-02
-7.009211379392529806e-02
-6.057820706956662526e-02
-5.129685058094893280e-02
-4.216669418000842939e-02
-3.310737688453332245e-02
-2.407446151428836723e-02
-1.507802781762706060e-02
-6.175819774869886064e-03
2.550436387387913957e-03
1.104198822344235921e-02
1.925961597934894298e-02
2.730557711660733938e-02
3.538257506121453982e-02
4.346822593891719322e-02
5.150084927655941558e-02
5.938376557326542626e-02
6.703457012644865876e-02
7.441661167062105231e-02
8.155345409092359943e-02
8.851457285130409636e-02
9.538069468041382448e-02
1.022033045278334662e-01
1.089762928474084236e-01
1.156321151373020939e-01
1.220642727401412275e-01
1.281664846739913044e-01
1.338717382838346959e-01
1.391745431595838856e-01
1.441270589803057833e-01
1.488111113300175370e-01
1.532985267481675185e-01
1.576172058809012511e-01
1.617377769245359753e-01
1.655866771086758060e-01
1.690800099169136039e-01
1.721634990868377013e-01
1.748411849766342563e-01
1.771803972628257506e-01
1.792907850120065150e-01
1.812863405385785609e-01
1.832466163090608613e-01
1.851935851906015562e-01
1.870937643574445697e-01
1.888842880295086568e-01
1.905112992782310166e-01
1.919637904047046817e-01
1.932880959258332920e-01
1.945766696943852792e-01
1.959358991290570673e-01
1.974467334998061263e-01
1.991349615757914693e-01
2.009637913527245467e-01
2.028517960913671925e-01
2.047084461245506082e-01
2.064720042918204157e-01
2.081336822750741167e-01
2.097379852658097787e-01
2.113595237915221192e-01
2.130666754570626487e-01
2.148880423241071591e-01
2.167963261956310506e-01
2.187166538906319957e-01
2.205558348145706116e-01
2.222400620041846409e-01
2.237450169424366475e-01
2.251056940136978990e-01
2.264019993521435847e-01
2.277265169932053135e-01
2.291483434202758185e-01
2.306883893104798855e-01
2.323164535391401275e-01
2.339709319392890285e-01
2.355923088525247733e-01
2.371557463318685333e-01
2.386885859516953146e-01
2.402651375317964855e-01
2.419809089265605728e-01
2.439172235805300293e-01
2.461111607251254552e-01
2.485433495037492058e-01
2.511484401726076787e-01
2.538434101451354508e-01
2.565613771815887789e-01
2.592764542984316023e-01
2.620092424202719594e-01
2.648109812943020280e-01
2.677335211174007301e-01
2.707982437238878326e-01
2.739773616102474385e-01
2.771956076581814643e-01
2.803515832655739670e-01
2.833497190075890959e-01
2.861294437823758696e-01
2.886795413350885520e-01
2.910321251247509622e-01
2.932393638303972261e-01
2.953433217954209988e-01
2.973519754005367055e-01
2.992315309247723931e-01
3.009180103376380977e-01
3.023427927807589288e-01
3.034609400108290722e-01
3.042701387351297027e-01
3.048123011438494956e-01
3.051573617232101743e-01
3.053763363330530001e-01
3.055150791630972251e-01
3.055796005231676271e-01
3.055386438474254063e-01
3.053417652768106727e-01
3.049446357285430231e-01
3.043304451275730127e-01
3.035182561581878380e-01
3.025549802121743070e-01
3.014947615696357830e-01
3.003748849360998729e-01
2.991986404866823213e-01
2.979323790095534386e-01
2.965177605652321580e-01
2.948937047601574712e-01
2.930185596275808879e-01
2.908831723790142321e-01
2.885097077648693387e-01
2.859373205333998746e-01
2.832014021731105169e-01
2.803157030087475299e-01
2.772651385410183078e-01
2.740122653071832559e-01
2.705144079693157511e-01
2.667438493584273762e-01
2.627022979284432957e-01
2.584234661264651067e-01
2.539628191548255476e-01
2.493790830452746188e-01
2.447155386204631633e-01
2.399890301535195225e-01
2.351911031467066038e-01
2.303003130022052980e-01
2.252999122802768761e-01
2.201929116800047936e-01
2.150078092513272865e-01
2.097924789995431472e-01
2.045989177137507165e-01
1.994654905079981666e-01
1.944043162688575965e-01
1.893991153286748719e-01
1.844142645038455985e-01
1.794109886958238642e-01
1.743636457562138808e-01
1.692691823121331152e-01
1.641459432146796793e-01
1.590227105773345251e-01
1.539230754484519070e-01
1.488521851299250964e-01
1.437917619440816641e-01
1.387056029773327814e-01
1.335531840134817350e-01
1.283054908117571280e-01
1.229563204596032383e-01
1.175243477371404610e-01
1.120453003571757616e-01
1.065578394619146330e-01
1.010893498932921436e-01
9.564771995946494410e-02
9.022243830789281049e-02
8.479420074085639025e-02
7.934851836950380932e-02
7.388715012225692547e-02
6.843223196550365928e-02
6.302124243860990349e-02
5.769497008283742956e-02
5.248367071784224014e-02
4.739732418349958815e-02
4.242404015645301341e-02
3.753706978785095738e-02
3.270714434484084387e-02
2.791461137261632558e-02
2.315604081567678232e-02
1.844251958075352610e-02
1.379058279504953924e-02
9.209993737004427625e-03
4.693954031300552610e-03
2.162287222588958700e-04
-4.263391636801306186e-03
-8.787539163930043612e-03
-1.338854345547213671e-02
-1.807995476835521850e-02
-2.285587101368817889e-02
-2.769821268778027354e-02
-3.258862706228584510e-02
-3.751970103007830348e-02
-4.250049043910134050e-02
-4.755388624793888130e-02
-5.270693496420961882e-02
-5.797835115591717242e-02
-6.336873982355868684e-02
-6.885793393275164986e-02
-7.441081174092581407e-02
-7.998929583024691481e-02
-8.556556642146694036e-02
-9.113097633638926609e-02
-9.669697175506417053e-02
-1.022877217012654188e-01
-1.079276871004439531e-01
-1.136295098442771934e-01
-1.193874592524819256e-01
-1.251792981472660826e-01
-1.309758383469856458e-01
-1.367541696199625900e-01
-1.425089591546023493e-01
-1.482570004307263711e-01
-1.540330053119514098e-01
-1.598782887668647457e-01
-1.658269518093799244e-01
-1.718951872964343541e-01
-1.780779998350324189e-01
-1.843545217115329093e-01
-1.906995219078682358e-01
-1.970961621694158894e-01
-2.035446211890643287e-01
-2.100630101353060109e-01
-2.166802678013916017e-01
-2.234240714393248561e-01
-2.303088382000840761e-01
-2.373287972488914432e-01
-2.444589571312714149e-01
-2.516635067817110660e-01
-2.589081519871814230e-01
-2.661713515187245638e-01
-2.734499860927539494e-01
-2.807573896592081009e-01
-2.881148652662300358e-01
-2.955404565553557128e-01
-3.030397688184760518e-01
-3.106026435355273008e-01
-3.182069479459185279e-01
-3.258277345065027086e-01
-3.334478137258350405e-01
-3.410652808753350529e-01
-3.486949053284217337e-01
-3.563629010326635482e-01
-3.640973367835009800e-01
-3.719181766873393968e-01
-3.798309743493559765e-01
-3.878266104318673912e-01
-3.958868848360675985e-01
-4.039933497495435955e-01
-4.121354997752930682e-01
-4.203148178700071846e-01
-4.285430120846258628e-01
-4.368352684468821412e-01
-4.452014367771702230e-01
-4.536388984414515546e-01
-4.621301199271091731e-01
-4.706459145961792156e-01
-4.791530642221452641e-01
-4.876231826157785276e-01
-4.960392538310327004e-01
-5.043973169931372791e-01
-5.127028274009215458e-01
-5.209634251535846250e-01
-5.291812865102933916e-01
-5.373483421733487031e-01
-5.454464052922670669e-01
-5.534521935938062631e-01
-5.613452107108597433e-01
-5.691152912183707890e-01
-5.767667646512328883e-01
-5.843175717665964886e-01
-5.917936892764905643e-01
-5.992210645016139425e-01
-6.066181963226774387e-01
-6.139921698498772562e-01
-6.213395218141015697e-01
-6.286513745374644468e-01
-6.359206065572068356e-01
-6.431480819364816526e-01
-6.503454003904620695e-01
-6.575330594993030742e-01
-6.647347461160874049e-01
-6.719699675485187873e-01
-6.792478377514052923e-01
-6.865643408078947463e-01
-6.939040308065671514e-01
-7.012454437856756595e-01
-7.085681427938754773e-01
-7.158587907430263853e-01
-7.231141159895008164e-01
-7.303398818973523277e-01
-7.375464947579384312e-01
-7.447431067409195915e-01
-7.519325482890577561e-01
-7.591090183080533293e-01
-7.662593592083513094e-01
-7.733673850102581460e-01
-7.804196272551329194e-01
-7.874104010179511226e-01
-7.943444051850934162e-01
-8.012360125968452929e-01
-8.081056030300654003e-01
-8.149742998700941765e-01
-8.218589511407772275e-01
-8.287690052973269994e-01
-8.357061800313699829e-01
-8.426668004388889743e-01
-8.496457642515353736e-01
-8.566405869005938589e-01
-8.636540382398381066e-01
-8.706944524957426212e-01
-8.777736476912367802e-01
-8.849032248177655102e-01
-8.920905485153092229e-01
-8.993357794514222903e-01
-9.066309362175000164e-01
-9.139612655584632428e-01
-9.213084424744656387e-01
-9.286545554981577855e-01
-9.359856303177731540e-01
-9.432936547586434628e-01
-9.505766054087437800e-01
-9.578366454759448256e-01
-9.650772455694206498e-01
-9.723002948966886771e-01
-9.795042295748346284e-01
-9.866838330663559864e-01
-9.938317914011755017e-01
-1.000941500412849017e+00
-1.008010208387075890e+00
-1.015041458590641099e+00
-1.022046007625518005e+00
-1.029040865118240555e+00
-1.036046682394559326e+00
-1.043084232628518127e+00
-1.050171010696411944e+00
-1.057318947147780186e+00
-1.064533883535404124e+00
-1.071816901070921979e+00
-1.079166997824834162e+00
-1.086584159129194926e+00
-1.094071717658816167e+00
-1.101637111322394169e+00
-1.109290664979744934e+00
-1.117042692856978769e+00
-1.124899827840098121e+00
-1.132861819561557626e+00
-1.140919972388833248e+00
-1.149057912674723569e+00
-1.157254617294710242e+00
-1.165488848881889306e+00
-1.173743603261509172e+00
-1.182009092034463693e+00
-1.190283222631024929e+00
-1.198569379198878071e+00
-1.206872272526727130e+00
-1.215193369384681921e+00
-1.223527643346189464e+00
-1.231862984945651718e+00
-1.240182677883703510e+00
-1.248470199364507316e+00
-1.256714662193957999e+00
-1.264914860484761316e+00
-1.273080278237623819e+00
-1.281228469429533279e+00
-1.289379558810352711e+00
-1.297549740923080952e+00
-1.305746121733905252e+00
-1.313964835642162043e+00
-1.322193191668442847e+00
-1.330415079637315090e+00
-1.338617578192938140e+00
-1.346796169246931019e+00
-1.354956427719149481e+00
-1.363111379157760261e+00
-1.371275412774579427e+00
-1.379457046724779978e+00
-1.387653392186947610e+00
-1.395848596662812913e+00
-1.404017053521033231e+00
-1.412130298744369128e+00
-1.420165021290364482e+00
-1.428109114533451462e+00
-1.435963412982769860e+00
-1.443738445757611233e+00
-1.451447531011913483e+00
-1.459099034703739139e+00
-1.466690997561643561e+00
-1.474210412532130698e+00
-1.481637558359215401e+00
-1.488953712758358305e+00
-1.496149131636793861e+00
-1.503228000825040711e+00
-1.510208244931057431e+00
-1.517116156302193097e+00
-1.523977943295711013e+00
-1.530811600921670124e+00
-1.537622419151567055e+00
-1.544403968497321866e+00
-1.551144130959553724e+00
-1.557833608451812513e+00
-1.564473248412922901e+00
-1.571076973746816652e+00
-1.577668921254834711e+00
-1.584275840408345459e+00
-1.590917856763791383e+00
-1.597601479859593887e+00
-1.604317877471269860e+00
-1.611047273384199618e+00
-1.617767742809904208e+00
-1.624464770664439950e+00
-1.631137533100792236e+00
-1.637799170655470427e+00
-1.644470827012497249e+00
-1.651171895163976444e+00
-1.657910605404758764e+00
-1.664679058437941617e+00
-1.671455020198532093e+00
-1.678209967100849465e+00
-1.684920179191513601e+00
-1.691576271833992173e+00
-1.698187084113997436e+00
-1.704776132091756269e+00
-1.711371941483831538e+00
-1.717996195998654052e+00
-1.724654654729252723e+00
-1.731334731690425732e+00
-1.738010898759415834e+00
-1.744655787277655135e+00
-1.751252406215495050e+00
-1.757802322596297540e+00
-1.764326243253047100e+00
-1.770856563690901497e+00
-1.777424819939052991e+00
-1.784049174596285647e+00
-1.790727140143799412e+00
-1.797436627389965125e+00
-1.804144960001851983e+00
-1.810822152825613429e+00
-1.817452923800753073e+00
-1.824042379440741879e+00
-1.830612939695844821e+00
-1.837193743717064232e+00
-1.843806944391205516e+00
-1.850456631412841224e+00
-1.857125044990607377e+00
-1.863777694844452437e+00
-1.870375262465606925e+00
-1.876887314752797131e+00
-1.883302102663797495e+00
-1.889628384402777028e+00
-1.895888596065113729e+00
-1.902106358340812653e+00
-1.908293700823648908e+00
-1.914443485204742945e+00
-1.920530273667701682e+00
-1.926519272003450300e+00
-1.932379526337862252e+00
-1.938095744629208639e+00
-1.943673725292140775e+00
-1.949137139153437559e+00
-1.954517155229692715e+00
-1.959839472009597294e+00
-1.965114394663984854e+00
-1.970334233953577208e+00
-1.975479083640712119e+00
-1.980528364554218657e+00
-1.985472998677493273e+00
-1.990322797996821880e+00
-1.995105744848297835e+00
-1.999859392860027008e+00
-2.004618078042664564e+00
-2.009401482308490028e+00
-2.014209515991775667e+00
-2.019025720086302211e+00
-2.023827638568029386e+00
-2.028599519654615158e+00
-2.033341642647651160e+00
-2.038072021137561585e+00
-2.042819594500305591e+00
-2.047611816962408238e+00
-2.052462110099882331e+00
-2.057362794818798246e+00
-2.062286780484383186e+00
-2.067197467778270958e+00
-2.072062684743813499e+00
-2.076866632612747843e+00
-2.081614608642509801e+00
-2.086328387191962008e+00
-2.091034238944652124e+00
-2.095748857727333991e+00
-2.100469476745398190e+00
-2.105172708349748234e+00
-2.109822853959358202e+00
-2.114386241352284923e+00
-2.118845395000776843e+00
-2.123206773695175187e+00
-2.127498499426274225e+00
-2.131758825534708635e+00
-2.136020170110078720e+00
-2.140295565672412081e+00
-2.144573424413331431e+00
-2.148822935978445425e+00
-2.153007772474332615e+00
-2.157102084710091461e+00
-2.161101674861790389e+00
-2.165025249623436565e+00
-2.168904958079252765e+00
-2.172770144421168226e+00
-2.176631328541396737e+00
-2.180471481699641778e+00
-2.184248610651219558e+00
-2.187908790634929268e+00
-2.191404203779192983e+00
-2.194708468603093543e+00
-2.197822628820384594e+00
-2.200769189246200241e+00
-2.203576833561650794e+00
-2.206262635380534576e+00
-2.208819805237578038e+00
-2.211216715109716624e+00
-2.213408041830717821e+00
-2.215353485555925594e+00
-2.217036052433202897e+00
-2.218471880813926322e+00
-2.219707116557453119e+00
-2.220802922455635375e+00
-2.221814918599476218e+00
-2.222775898684223428e+00
-2.223689371418752003e+00
-2.224536826776851051e+00
-2.225295597288076355e+00
-2.225959403010508542e+00
-2.226552268534382151e+00
-2.227129182411947461e+00
-2.227762547431985762e+00
-2.228519728046031378e+00
-2.229441093779606309e+00
-2.230528014396200742e+00
-2.231746172994921729e+00
-2.233043023835459717e+00
-2.234372022614041775e+00
-2.235713149212076090e+00
-2.237080676948253632e+00
-2.238514555448184673e+00
-2.240058901705188621e+00
-2.241736856517332122e+00
-2.243532916198436311e+00
-2.245390893743509420e+00
-2.247229076442635254e+00
-2.248966709484890636e+00
-2.250550863172137817e+00
-2.251972298356327951e+00
-2.253263423229059814e+00
-2.254479002276005950e+00
-2.255667727303547476e+00
-2.256846853979776135e+00
-2.257990980517659452e+00
-2.259040095661419834e+00
-2.259923739643658003e+00
-2.260591045173247604e+00
-2.261033626382797923e+00
-2.261291110691813433e+00
-2.261436405566640939e+00
-2.261546464136517276e+00
-2.261670651275253352e+00
-2.261810045869854680e+00
-2.261916537316106091e+00
-2.261912222857265675e+00
-2.261720928318013524e+00
-2.261298391561748389e+00
-2.260648093138447834e+00
-2.259815777032703643e+00
-2.258864842831801667e+00
-2.257843115994709215e+00
-2.256755411238679621e+00
-2.255554026554902336e+00
-2.254151755886427910e+00
-2.252452383903727817e+00
-2.250386047182237448e+00
-2.247934604898455202e+00
-2.245136272716189652e+00
-2.242067599150610935e+00
-2.238810567899037984e+00
-2.235419022773323494e+00
-2.231898961032380058e+00
-2.228211321972173309e+00
-2.224296203205625488e+00
-2.220108113502796243e+00
-2.215646946655374094e+00
-2.210971001219921295e+00
-2.206185933154379164e+00
-2.201413806690327490e+00
-2.196754999120456908e+00
-2.192258898383534493e+00
-2.187915662239731329e+00
-2.183672324082900573e+00
-2.179466079814875723e+00
-2.175260166336059342e+00
-2.171066576821781169e+00
-2.166945496454403042e+00
-2.162981401421316896e+00
-2.159245963805323854e+00
-2.155763742301803010e+00
-2.152495607785803955e+00
-2.149347369348366676e+00
-2.146200307577111221e+00
-2.142950911438514794e+00
-2.139543123130235536e+00
-2.135979573417791766e+00
-2.132307307451191569e+00
-2.128584492434824949e+00
-2.124842829216755824e+00
-2.121062288756943914e+00
-2.117169481768037098e+00
-2.113060722301292493e+00
-2.108640093175180752e+00
-2.103856212311431939e+00
-2.098721816442684407e+00
-2.093307579084064507e+00
-2.087712629409209875e+00
-2.082024281963930523e+00
-2.076284162018234181e+00
-2.070475110771207827e+00
-2.064534245287057868e+00
-2.058386202595893000e+00
-2.051981824761421436e+00
-2.045325157016029571e+00
-2.038476691419120357e+00
-2.031531123542543948e+00
-2.024579027849767954e+00
-2.017668960955912194e+00
-2.010786462710092870e+00
-2.003859209462441449e+00
-1.996786255987086145e+00
-1.989478963506331688e+00
-1.981895830503866307e+00
-1.974057023831874647e+00
-1.966030466892745299e+00
-1.957901390482627679e+00
-1.949724293139134090e+00
-1.941520203757345797e+00
-1.933089286887936353e+00
-1.924335130285610429e+00
-1.915308846962484823e+00
-1.906087099573959831e+00
-1.896773927148860395e+00
-1.887452358926988483e+00
-1.878159482887570508e+00
-1.868878831324925160e+00
-1.859558574193550751e+00
-1.850146127340242419e+00
-1.840624524057506317e+00
-1.831034410082325259e+00
-1.821471663617743264e+00
-1.812060969701755120e+00
-1.802916023225099806e+00
-1.794102897250120066e+00
-1.785621946678814131e+00
-1.777415851094804822e+00
-1.769400295409004453e+00
-1.761504076305151045e+00
-1.753701281859472827e+00
-1.746021514948553399e+00
-1.738533501835998196e+00
-1.731308879033469417e+00
-1.724381616457070887e+00
-1.717720673413844157e+00
-1.711228113517551774e+00
-1.704764245672368839e+00
-1.698189899478991238e+00
-1.691408566747171660e+00
-1.684391039029259352e+00
-1.677172446656559179e+00
-1.669823223786676358e+00
-1.662406583401769833e+00
-1.654940875734423500e+00
-1.647383216010119167e+00
-1.639641786740943408e+00
-1.631611997841593942e+00
-1.623221408404363242e+00
-1.614464364703094290e+00
-1.605411412424532891e+00
-1.596189076570143417e+00
-1.586938032140857935e+00
-1.577766795032572000e+00
-1.568719973813575974e+00
-1.559773997872923257e+00
-1.550861638063006698e+00
-1.541914456939605493e+00
-1.532904726732333911e+00
-1.523868582152205997e+00
-1.514900156285893029e+00
-1.506118813215556518e+00
-1.497623107390582575e+00
-1.489450870090519352e+00
-1.481562378474686970e+00
-1.473853910356292651e+00
-1.466196196985844136e+00
-1.458481786405406933e+00
-1.450661611283509789e+00
-1.442755687204309689e+00
-1.434833911283799779e+00
-1.426975731928958879e+00
-1.419226454679160199e+00
-1.411569367315358869e+00
-1.403926087921301136e+00
-1.396185435654906160e+00
-1.388248850104714327e+00
-1.380073179897786773e+00
-1.371692625453305281e+00
-1.363210369625034390e+00
-1.354763247898310263e+00
-1.346474240774296227e+00
-1.338412726321905222e+00
-1.330579087609024214e+00
-1.322919827170307094e+00
-1.315366233444391186e+00
-1.307879475159950733e+00
-1.300482163845863903e+00
-1.293262154110305318e+00
-1.286346225997497816e+00
-1.279854288145282126e+00
-1.273853272560758088e+00
-1.268330212729472661e+00
-1.263196003721803962e+00
-1.258318394168151277e+00
-1.253570363485414507e+00
-1.248873494576370424e+00
-1.244218096679056584e+00
-1.239651791081637811e+00
-1.235241812564483066e+00
-1.231027628146906805e+00
-1.226984759628664268e+00
-1.223016042315317797e+00
-1.218974897747814090e+00
-1.214711483860552832e+00
-1.210122670832968428e+00
-1.205184966183808104e+00
-1.199956590047258631e+00
-1.194547900037877142e+00
-1.189072762785953863e+00
-1.183601571012339759e+00
-1.178135868987114865e+00
-1.172615238807772631e+00
-1.166953242135983393e+00
-1.161086685370419147e+00
-1.155016642244939273e+00
-1.148823060895767023e+00
-1.142645995297231876e+00
-1.136640758490402137e+00
-1.130925508879658370e+00
-1.125543139379544533e+00
-1.120453368282740447e+00
-1.115558145758549946e+00
-1.110749330188847139e+00
-1.105958110055247801e+00
-1.100465318347501276e+00
-1.094101470593966452e+00
-1.086891815929831084e+00
-1.078861603490277377e+00
-1.070036082410494860e+00
-1.060440501825665294e+00
-1.050100110870976211e+00
-1.039040158681615589e+00
-1.027285894392764298e+00
-1.014862567139613425e+00
-1.001795426057343397e+00
-9.881097202811420788e-01
-9.738306989461986696e-01
-9.589836111876922642e-01
-9.435937061408152804e-01
-9.276862329407470353e-01
-9.112864407226758390e-01
-8.944195786217915556e-01
-8.771108957732725031e-01
-8.593856413123118765e-01
-8.412690643740875496e-01
-8.227864140937888315e-01
-8.039629396066062528e-01
-7.848238900477167990e-01
-7.653945145523143312e-01
-7.457000622555762792e-01
-7.257657822926927293e-01
-7.056169237988537679e-01
-6.852787359092358255e-01
-6.647764677590344284e-01
-6.441353684834251192e-01
-6.233806872175989833e-01
-6.025376730967457739e-01
-5.816315752560421437e-01
-5.606876428306831750e-01
-5.397311249558452984e-01
-5.187872707667186001e-01
-4.978813293984934440e-01
-4.770385499863467049e-01
-4.562841816654726323e-01
-4.356434735710481565e-01
-4.151416748382634747e-01
-3.948040346023087288e-01
-3.746558019983607934e-01
-3.547222261616139738e-01
-3.350285562272454221e-01
-3.156000413304450580e-01
-2.964619306064029125e-01
-2.776394731902961377e-01
-2.591579182173187612e-01
-2.410425148226483516e-01
-2.233185121414746899e-01
-2.060111593089873350e-01
-1.891457054603640775e-01
-1.727473997307948095e-01
-1.568414912554685625e-01
-1.414532291695639876e-01
-1.266078626082734748e-01
-1.123306407067763274e-01
-9.864681260026141041e-02
-8.558162742391746403e-02
-7.316033431292426337e-02
-6.140818240247297721e-02
-5.035042082774404681e-02
-4.001229872392610132e-02
-3.041906522620646536e-02
-2.159596946976702347e-02
-1.356826058979707095e-02
-6.361187721478950285e-03
-6.938893903907228378e-17
