0.000000000000000000e+00
5.215325985854786517e-03
8.841300370109708359e-03
1.092549796296987674e-02
1.151549357464331028e-02
1.065886201533655479e-02
8.403178095257035629e-03
4.796016624610757381e-03
-1.150475863936040958e-04
-6.282439727551407914e-03
-1.365858498865464912e-02
-2.219590855949410066e-02
-3.184683562986712069e-02
-4.256379138956202512e-02
-5.429920102837650087e-02
-6.700548973610170878e-02
-8.063508270252728316e-02
-9.514040511745219808e-02
-1.104738821706635066e-01
-1.265879390519606129e-01
-1.434350009511332902e-01
-1.609674930579705898e-01
-1.791378405622734427e-01
-1.978984686538269033e-01
-2.172018025224318194e-01
-2.370002673578778252e-01
-2.572462883499527786e-01
-2.778922906884589983e-01
-2.988906995631802066e-01
-3.201939401639190552e-01
-3.417544376804635964e-01
-3.635246173026021044e-01
-3.854569042201372864e-01
-4.075037236228522541e-01
-4.296175007005502700e-01
-4.517506606430192195e-01
-4.738556286400468220e-01
-4.958848298814367839e-01
-5.177906895569716061e-01
-5.395256328564542736e-01
-5.610420849696730050e-01
-5.822924710864161302e-01
-6.032292163964858567e-01
-6.238047460896664065e-01
-6.439714853557593210e-01
-6.636818593845534853e-01
-6.828882933658376730e-01
-7.015432124894129817e-01
-7.195990419450650766e-01
-7.370082069225940558e-01
-7.537231326117892483e-01
-7.696962442024402051e-01
-7.848799668843471355e-01
-7.992267258472961489e-01
-8.126889462810866771e-01
-8.252190533755086044e-01
-8.367694723203524809e-01
-8.472926283054161845e-01
-8.567409465204882668e-01
-8.650668521553658286e-01
-8.722227703998399750e-01
-8.781611264437023667e-01
-8.828343454767485499e-01
-8.861948526887695188e-01
-8.881950732695600426e-01
-8.887874324089120037e-01
-8.879243552966186170e-01
-8.855582671224728752e-01
-8.816415930762687703e-01
-8.761267583477974075e-01
-8.689661881268527788e-01
-8.604786662764731808e-01
-8.519861949268116019e-01
-8.434409200993893130e-01
-8.347532080390208664e-01
-8.258448195043390783e-01
-8.166975951867736505e-01
-8.073764036435165936e-01
-7.980161832434202740e-01
-7.887782702996352091e-01
-7.797942828954742556e-01
-7.711210765661601352e-01
-7.627255196290734229e-01
-7.545051373262727790e-01
-7.463354900292575866e-01
-7.381239435313791120e-01
-7.298470043149922759e-01
-7.215556169377237428e-01
-7.133466140884852091e-01
-7.053129718077013610e-01
-6.974945434994658244e-01
-6.898506467195385516e-01
-6.822664696067298751e-01
-6.745908624959755517e-01
-6.666897968293223897e-01
-6.584932326015225934e-01
-6.500160598480501095e-01
-6.413448749082303335e-01
-6.325968235124264094e-01
-6.238684278862681731e-01
-6.151962979322277425e-01
-6.065462881816157115e-01
-5.978353475661628558e-01
-5.889763040822538764e-01
-5.799260805882294756e-01
-5.707164626600258472e-01
-5.614540495255947450e-01
-5.522891501719844332e-01
-5.433665309496344964e-01
-5.347785069959495319e-01
-5.265397441399044531e-01
-5.185937543382426185e-01
-5.108475597449821937e-01
-5.032191408881097061e-01
-4.956770603072795378e-01
-4.882552356906227353e-01
-4.810366498641958088e-01
-4.741131546236848626e-01
-4.675387509327266766e-01
-4.612964946710051972e-01
-4.552933565524400761e-01
-4.493854827817966857e-01
-4.434234363163304660e-01
-4.372986085257121736e-01
-4.309716167740972326e-01
-4.244712614229734227e-01
-4.178651611124769572e-01
-4.112151765841030038e-01
-4.045370897740263594e-01
-3.977820612218664342e-01
-3.908480136757718770e-01
-3.836162224641175289e-01
-3.759976184899002649e-01
-3.679691509750089851e-01
-3.595847292929653105e-01
-3.509559924057204516e-01
-3.422108543436541694e-01
-3.334470657909216484e-01
-3.247000167202986898e-01
-3.159378802451804358e-01
-3.070855909476182255e-01
-2.980669828513050623e-01
-2.888468157632074762e-01
-2.794545802926091116e-01
-2.699797870336413386e-01
-2.605405688019718502e-01
-2.512387250909171033e-01
-2.421200604928475109e-01
-2.331566270856686718e-01
-2.242582627404541840e-01
-2.153085359634498985e-01
-2.062100100690457127e-01
-1.969200075396987659e-01
-1.874622481390436080e-01
-1.779100293656655229e-01
-1.683486336793234839e-01
-1.588333054690457269e-01
-1.493608378368117273e-01
-1.398668889626620837e-01
-1.302501700337517221e-01
-1.204132777952902356e-01
-1.103029745803876943e-01
-9.993305021712911573e-02
-8.938034311639043994e-02
-7.875584173912478225e-02
-6.816321362295008068e-02
-5.766223271216636831e-02
-4.725228249465437264e-02
-3.688243606401665070e-02
-2.648328227988129904e-02
-1.600648367512009368e-02
-5.454890615014018444e-03
5.109749956773500940e-03
1.558478019764156404e-02
2.586261721670422495e-02
3.586942046651387522e-02
4.559006207050034232e-02
5.506892534791520133e-02
6.438638291113144008e-02
7.362107286235237968e-02
8.281420287877613862e-02
9.195048255940987958e-02
1.009653572179418785e-01
1.097690538236809621e-01
1.182966559016276620e-01
1.265005834948663144e-01
1.344916247569578893e-01
1.424930623381679695e-01
1.504660558437418416e-01
1.583306771042577721e-01
1.659737205150451367e-01
1.733061150226669900e-01
1.802969443931263516e-01
1.869862689593810579e-01
1.934648759106511740e-01
1.998322677344603615e-01
2.061503571155259285e-01
2.124131837954771340e-01
2.185456012246987378e-01
2.244314413369203065e-01
2.299589538069830574e-01
2.350640076155279257e-01
2.397526962283491880e-01
2.440940129577736373e-01
2.481862056446141329e-01
2.521116792297954934e-01
2.559000705623966088e-01
2.595153947944082717e-01
2.628726454613239949e-01
2.658765107278269757e-01
2.684654249549647820e-01
2.706420123581195769e-01
2.724770267837122173e-01
2.740853756107891059e-01
2.755847390448857293e-01
2.770545557090921540e-01
2.785126904642212242e-01
2.799192402623452702e-01
2.812051528213742047e-01
2.823127358819050858e-01
2.832302651946634331e-01
2.840057676795407215e-01
2.847342702087077293e-01
2.855243028030779451e-01
2.864582544436315992e-01
2.875635642308440043e-01
2.888067813040573473e-01
2.901125048871652790e-01
2.913985258386936894e-01
2.926117484810309421e-01
2.937494959608306089e-01
2.948574729022346297e-01
2.960060054359601733e-01
2.972555671827704638e-01
2.986270223039731997e-01
3.000896512884087541e-01
3.015720239520996437e-01
3.029907265323492638e-01
3.042842397333927473e-01
3.054372274658022079e-01
3.064849373143934130e-01
3.074962641869755098e-01
3.085433572135289348e-01
3.096713833716027153e-01
3.108817461443913466e-01
3.121359154238358413e-01
3.133778200986722107e-01
3.145645536152339994e-01
3.156915307643009538e-01
3.168007537826557640e-01
3.179683362343372899e-01
3.192765993550762404e-01
3.207828572777421394e-01
3.224984226989468516e-01
3.243868600817070291e-01
3.263820734476359786e-01
3.284181466754031442e-01
3.304577392361344734e-01
3.325065033745142062e-01
3.346071395842292739e-01
3.368156267702250850e-01
3.391699704565043216e-01
3.416651312768497761e-01
3.442451936663751266e-01
3.468164494911571971e-01
3.492760990696430756e-01
3.515445763054486084e-01
3.535879548295556285e-01
3.554211383701871285e-01
3.570907412563576466e-01
3.586451990996778472e-01
3.601050458986694847e-01
3.614461357613611980e-01
3.626029796197615118e-01
3.634907785560679838e-01
3.640368222296319622e-01
3.642080236503213442e-01
3.640230832665549143e-01
3.635443299932656358e-01
3.628528217977527448e-01
3.620171793860252341e-01
3.610690138111247727e-01
3.599947762867010126e-01
3.587467947755538789e-01
3.572682123639344676e-01
3.555209063295929339e-01
3.535045478676113739e-01
3.512590166616410547e-01
3.488495787057181996e-01
3.463414598397352995e-01
3.437746661645538770e-01
3.411494516576051295e-01
3.384280131730988961e-01
3.355510165062668415e-01
3.324614595908012005e-01
3.291256787793854777e-01
3.255430146689043402e-01
3.217408789137182201e-01
3.177583207345766048e-01
3.136259204677723789e-01
3.093509927563737882e-01
3.049143220731431736e-01
3.002793364906279350e-01
2.954091610635631859e-01
2.902837583760519702e-01
2.849096788579557060e-01
2.793185299390585352e-01
2.735554261083384398e-01
2.676630701642264687e-01
2.616688180118561524e-01
2.555804218113814641e-01
2.493919701410430567e-01
2.430967756056835460e-01
2.367007983896175227e-01
2.302300314981113039e-01
2.237281303550397449e-01
2.172451245406317732e-01
2.108222099427395635e-01
2.044794939540778567e-01
1.982123146081964382e-01
1.919979333598548499e-01
1.858097238656155892e-01
1.796325434137179267e-01
1.734723300470277230e-01
1.673554347766967876e-01
1.613177131183572144e-01
1.553879889078221832e-01
1.495731385637331379e-01
1.438515452189866872e-01
1.381782120018773818e-01
1.324998681338554474e-01
1.267740685180412108e-01
1.209844506715605228e-01
1.151458121496207188e-01
1.092968597289527000e-01
1.034836061168051546e-01
9.774028305820568752e-02
9.207566095662050865e-02
8.647040057965561799e-02
8.088647361016271242e-02
7.528470018549160425e-02
6.964313836662876234e-02
6.396877012035911969e-02
5.829773757240241244e-02
5.268408312268366145e-02
4.718157452387179707e-02
4.182585693281139910e-02
3.662383486034110486e-02
3.155407733678235183e-02
2.657751391630513993e-02
2.165364095705838571e-02
1.675550581591283422e-02
1.187758907278071811e-02
7.033902467018998857e-03
2.247716054992997432e-03
-2.462391694527014431e-03
-7.094292062044385561e-03
-1.166728048077472768e-02
-1.621872489765783382e-02
-2.079429456952270119e-02
-2.543607655249413221e-02
-3.017333326531670967e-02
-3.501911042208846747e-02
-3.997318170003281296e-02
-4.502916291185669190e-02
-5.018216136273725286e-02
-5.543356911105939977e-02
-6.079129910134693782e-02
-6.626602535695749752e-02
-7.186576139159203680e-02
-7.759162895805163385e-02
-8.343680231355997401e-02
-8.938886759685393812e-02
-9.543410158151452438e-02
-1.015613047362016186e-01
-1.077632005069861232e-01
-1.140348003311460051e-01
-1.203698180581531385e-01
-1.267573430907642518e-01
-1.331809750006703041e-01
-1.396214609146964047e-01
-1.460621010448715784e-01
-1.524946551976102405e-01
-1.589229588252338010e-01
-1.653622543184037896e-01
-1.718340549872719725e-01
-1.783583898876061891e-01
-1.849466019755575674e-01
-1.915978432126933806e-01
-1.983009697209893729e-01
-2.050412656906429321e-01
-2.118092841278876315e-01
-2.186080280715956836e-01
-2.254552299802007331e-01
-2.323794331994414875e-01
-2.394111412902032721e-01
-2.465724056728691160e-01
-2.538689688500592734e-01
-2.612881339573927542e-01
-2.688032635011454174e-01
-2.763831522457323997e-01
-2.840025701185040496e-01
-2.916498318450648775e-01
-2.993284978408969343e-01
-3.070527182864059568e-01
-3.148382954853496951e-01
-3.226932131214585442e-01
-3.306115015166249949e-01
-3.385728656224769595e-01
-3.465481247136967258e-01
-3.545081919333474829e-01
-3.624329983494002927e-01
-3.703169307920167741e-01
-3.781688922028517696e-01
-3.860073029587706706e-01
-3.938523119847412990e-01
-4.017184094945707717e-01
-4.096102165191698452e-01
-4.175227291575027699e-01
-4.254454048228083485e-01
-4.333679940450294588e-01
-4.412855210303621711e-01
-4.492004257512807186e-01
-4.571212497391174412e-01
-4.650587336186018939e-01
-4.730211613405091997e-01
-4.810108784142699268e-01
-4.890231774750249394e-01
-4.970475927084825885e-01
-5.050706277420401458e-01
-5.130784966513785017e-01
-5.210587257677607997e-01
-5.290002378601122990e-01
-5.368923948167886318e-01
-5.447239757845065977e-01
-5.524829891822865546e-01
-5.601576418315767913e-01
-5.677380449307068977e-01
-5.752177335363957145e-01
-5.825940920035935777e-01
-5.898673213098792889e-01
-5.970383837239319202e-01
-6.041069994278142063e-01
-6.110708908992099619e-01
-6.179269657111657876e-01
-6.246741974705637412e-01
-6.313170353447357108e-01
-6.378677106859356183e-01
-6.443460852690229279e-01
-6.507766400192460665e-01
-6.571834493027916002e-01
-6.635849720601493251e-01
-6.699907474806835461e-01
-6.764014298799498892e-01
-6.828122628227810686e-01
-6.892186325798935753e-01
-6.956213786977235580e-01
-7.020295251839083761e-01
-7.084590837074895564e-01
-7.149281899574265742e-01
-7.214504111096392558e-01
-7.280289292953988634e-01
-7.346540678954358583e-01
-7.413053570515744095e-01
-7.479575314911918182e-01
-7.545882555523634183e-01
-7.611846419748797832e-01
-7.677460829747235760e-01
-7.742823720490150663e-01
-7.808079715134367271e-01
-7.873348055918085731e-01
-7.938665205862331931e-01
-8.003965308156744118e-01
-8.069106154620999671e-01
-8.133929948546094746e-01
-8.198334446475119552e-01
-8.262326341414631958e-01
-8.326036272463509524e-01
-8.389690247085324071e-01
-8.453549185199042970e-01
-8.517839955784816119e-01
-8.582703272718291698e-01
-8.648175866120859645e-01
-8.714210159348081408e-01
-8.780720252566891482e-01
-8.847634019082117884e-01
-8.914930704726395927e-01
-8.982651012707077998e-01
-9.050878558148249819e-01
-9.119702647555690822e-01
-9.189178293282587173e-01
-9.259298477156443496e-01
-9.329987161215603786e-01
-9.401112733516647779e-01
-9.472514365417035176e-01
-9.544030828752280149e-01
-9.615523054010862714e-01
-9.686886361957716129e-01
-9.758053218788630412e-01
-9.828990232106586955e-01
-9.899693057556477882e-01
-9.970180786505656867e-01
-1.004048915579293766e+00
-1.011066132917471938e+00
-1.018073656654112646e+00
-1.025073990424561376e+00
-1.032067803469295164e+00
-1.039054600171365861e+00
-1.046034554655780990e+00
-1.053011022331210356e+00
-1.059992740504005937e+00
-1.066994584648002009e+00
-1.074036115676775038e+00
-1.081137967284778512e+00
-1.088317069547247495e+00
-1.095582368813754037e+00
-1.102932744251083896e+00
-1.110358136281246466e+00
-1.117843700276769825e+00
-1.125375548874379739e+00
-1.132945883471700110e+00
-1.140555408727483844e+00
-1.148211904641164516e+00
-1.155925347472142928e+00
-1.163701422328033752e+00
-1.171536043480078781e+00
-1.179413232201768968e+00
-1.187307453355357145e+00
-1.195189759309481126e+00
-1.203035536681172246e+00
-1.210830940564731506e+00
-1.218575550113748518e+00
-1.226280230511507030e+00
-1.233961073673192299e+00
-1.241631846161235675e+00
-1.249297950389162581e+00
-1.256954275567841117e+00
-1.264587732275960219e+00
-1.272183366711838959e+00
-1.279731517167387977e+00
-1.287233084624961332e+00
-1.294700786459824116e+00
-1.302155905299199556e+00
-1.309621849598550325e+00
-1.317117069245713701e+00
-1.324650038633512272e+00
-1.332218088535771727e+00
-1.339810259115080893e+00
-1.347412749467827409e+00
-1.355014600303916739e+00
-1.362611320463359865e+00
-1.370205170774545511e+00
-1.377802280125116408e+00
-1.385408060052965240e+00
-1.393022969935219013e+00
-1.400640366065174947e+00
-1.408247153167480725e+00
-1.415826729393685923e+00
-1.423362820929007011e+00
-1.430842599202764243e+00
-1.438257990644701501e+00
-1.445605030458677165e+00
-1.452882007578040424e+00
-1.460087586575672614e+00
-1.467219905706194982e+00
-1.474276978653731085e+00
-1.481257946713460338e+00
-1.488164249566291897e+00
-1.494999852110011407e+00
-1.501770236635550537e+00
-1.508480634469911319e+00
-1.515134510447962768e+00
-1.521733312190933551e+00
-1.528277906461899871e+00
-1.534771210392556817e+00
-1.541220748022125164e+00
-1.547639649857410316e+00
-1.554045146567436309e+00
-1.560454707225906512e+00
-1.566881162455392662e+00
-1.573328860379139327e+00
-1.579792728531467239e+00
-1.586261043022650696e+00
-1.592721136303941964e+00
-1.599165878892057968e+00
-1.605598203511890754e+00
-1.612031534868137106e+00
-1.618485577848802093e+00
-1.624978879609636939e+00
-1.631521084701538005e+00
-1.638108158134325310e+00
-1.644722825173753344e+00
-1.651340427578031456e+00
-1.657938135338451247e+00
-1.664503936603617174e+00
-1.671041750733685660e+00
-1.677570449702055155e+00
-1.684116990673810932e+00
-1.690706275652702040e+00
-1.697351757166974728e+00
-1.704050589870664600e+00
-1.710785340813168354e+00
-1.717531627675534578e+00
-1.724268634676736855e+00
-1.730988268047914724e+00
-1.737699258577374728e+00
-1.744424571999921181e+00
-1.751193202113900949e+00
-1.758029671907425318e+00
-1.764945428603823974e+00
-1.771935454314386149e+00
-1.778981210171146854e+00
-1.786058431241299482e+00
-1.793146381455124949e+00
-1.800234741252477511e+00
-1.807325479890998787e+00
-1.814429284264927666e+00
-1.821558401542887173e+00
-1.828719130646936142e+00
-1.835907119430457701e+00
-1.843107195773028062e+00
-1.850297376291091478e+00
-1.857454906112805615e+00
-1.864561475514379785e+00
-1.871605401195951979e+00
-1.878580190002278494e+00
-1.885480712200829911e+00
-1.892299328625302479e+00
-1.899024220085816506e+00
-1.905640926505191901e+00
-1.912136341293645403e+00
-1.918503014371265580e+00
-1.924741309632925557e+00
-1.930857946495581290e+00
-1.936861298052042546e+00
-1.942755615598816821e+00
-1.948537188861132918e+00
-1.954194835518860973e+00
-1.959715216326603615e+00
-1.965091109302737005e+00
-1.970329055749199254e+00
-1.975452597880214434e+00
-1.980498905301029122e+00
-1.985509362638390840e+00
-1.990517493523669801e+00
-1.995539143620941758e+00
-2.000569324633221235e+00
-2.005587600694209716e+00
-2.010570337251063933e+00
-2.015505027532733084e+00
-2.020400661994694147e+00
-2.025289379587393856e+00
-2.030218048641925233e+00
-2.035232624624226272e+00
-2.040361364510726805e+00
-2.045603780860433929e+00
-2.050930157365362660e+00
-2.056292278175632759e+00
-2.061641416337238741e+00
-2.066946511626960081e+00
-2.072205200331328712e+00
-2.077443135676188213e+00
-2.082701773794732425e+00
-2.088019553800151584e+00
-2.093414184793633837e+00
-2.098873370441784569e+00
-2.104357869304575690e+00
-2.109815706055861106e+00
-2.115201729798065422e+00
-2.120494497167685122e+00
-2.125703579236223995e+00
-2.130864392204235624e+00
-2.136022845273565895e+00
-2.141216285544490283e+00
-2.146458650301297677e+00
-2.151735794880848207e+00
-2.157012540103692366e+00
-2.162247990541996678e+00
-2.167412248260796481e+00
-2.172497237709182460e+00
-2.177517096750706038e+00
-2.182498250830727127e+00
-2.187463810852093626e+00
-2.192419343896584660e+00
-2.197346325586198024e+00
-2.202206055464020817e+00
-2.206952095719995288e+00
-2.211545496614713890e+00
-2.215965900505973529e+00
-2.220213590839628548e+00
-2.224301785277871701e+00
-2.228243038702333756e+00
-2.232036420534302401e+00
-2.235661868068540947e+00
-2.239084856328626749e+00
-2.242269704721841173e+00
-2.245195684655629353e+00
-2.247868516476483336e+00
-2.250321654207416699e+00
-2.252606228813195166e+00
-2.254773695320881899e+00
-2.256858762994609968e+00
-2.258870400374089815e+00
-2.260795366074625168e+00
-2.262613189684701265e+00
-2.264316223620101098e+00
-2.265925712088306732e+00
-2.267496098808286398e+00
-2.269104626703828842e+00
-2.270829679802941037e+00
-2.272726499886819518e+00
-2.274810513911734944e+00
-2.277055684359275745e+00
-2.279409112459503728e+00
-2.281816140926327563e+00
-2.284245458021652908e+00
-2.286703379578127304e+00
-2.289230822433760526e+00
-2.291883765066751621e+00
-2.294705154114455414e+00
-2.297700162376545396e+00
-2.300825646319703210e+00
-2.303998905806435182e+00
-2.307122768320885253e+00
-2.310117017595517908e+00
-2.312943280616535535e+00
-2.315613010435107366e+00
-2.318175178092552802e+00
-2.320688816594141279e+00
-2.323192020057827545e+00
-2.325680580555487875e+00
-2.328105421618048343e+00
-2.330390020576914356e+00
-2.332460467491547007e+00
-2.334275326103932180e+00
-2.335842456295630143e+00
-2.337215465013255500e+00
-2.338471107289562312e+00
-2.339677083696729998e+00
-2.340863782373814317e+00
-2.342011819402459949e+00
-2.343060453578838853e+00
-2.343932998012442148e+00
-2.344568076984511862e+00
-2.344943128143917477e+00
-2.345079997405848271e+00
-2.345030324930501564e+00
-2.344847279006085916e+00
-2.344556204085294304e+00
-2.344137253353783201e+00
-2.343527854553541623e+00
-2.342644181209414089e+00
-2.341412458548683961e+00
-2.339796586174773374e+00
-2.337810122344226915e+00
-2.335507550447901259e+00
-2.332958876902499590e+00
-2.330218971899147284e+00
-2.327305421016674369e+00
-2.324194920851241353e+00
-2.320840025527767025e+00
-2.317198931685995333e+00
-2.313265007424643471e+00
-2.309082620767546778e+00
-2.304741653033077764e+00
-2.300352395616658718e+00
-2.296011257507041936e+00
-2.291771979083527810e+00
-2.287634862671244385e+00
-2.283558765725381523e+00
-2.279490608290442477e+00
-2.275399299485130200e+00
-2.271298798117925788e+00
-2.267249562166750110e+00
-2.263337032333954557e+00
-2.259636024036387081e+00
-2.256176382987406637e+00
-2.252925107702615115e+00
-2.249793311701168808e+00
-2.246665749229046938e+00
-2.243440759077000024e+00
-2.240063728416219924e+00
-2.236539716341292561e+00
-2.232919725810582179e+00
-2.229266518356539883e+00
-2.225614894093019824e+00
-2.221944031069551073e+00
-2.218174490383177488e+00
-2.214191912223845371e+00
-2.209887793622860919e+00
-2.205200094831515578e+00
-2.200136160039525279e+00
-2.194767784302064761e+00
-2.189200123172098778e+00
-2.183527448115963665e+00
-2.177794579077108050e+00
-2.171980501743101755e+00
-2.166011202759389409e+00
-2.159796150140103066e+00
-2.153272537990347679e+00
-2.146437901364006695e+00
-2.139356582247131211e+00
-2.132136758827093193e+00
-2.124887525627878304e+00
-2.117674303590788121e+00
-2.110491811250729821e+00
-2.103266439640980145e+00
-2.095887236020200106e+00
-2.088252457307927301e+00
-2.080311511590434037e+00
-2.072085118468909304e+00
-2.063652669639118642e+00
-2.055118887373349246e+00
-2.046557395696725568e+00
-2.038004385347038649e+00
-2.029236083436092741e+00
-2.020142390975953273e+00
-2.010776173833460856e+00
-2.001212564688538809e+00
-1.991555192823502018e+00
-1.981884942964792895e+00
-1.972234889874536989e+00
-1.962582550220320465e+00
-1.952868864201856125e+00
-1.943033963866854563e+00
-1.933054736976008492e+00
-1.922967649467273610e+00
-1.912866630103639221e+00
-1.902876368871442070e+00
-1.893111912705837341e+00
-1.883641386626506486e+00
-1.874467465235663655e+00
-1.865535328524030811e+00
-1.856763578448871854e+00
-1.848084755431290693e+00
-1.839477894719641737e+00
-1.830978906495217551e+00
-1.822664015851338970e+00
-1.814613061034675789e+00
-1.806868213677425450e+00
-1.799405885913952563e+00
-1.792134229983493920e+00
-1.784917933512297328e+00
-1.777620472994074996e+00
-1.770146513592373294e+00
-1.762466959015729584e+00
-1.754616386969265918e+00
-1.746664237985492640e+00
-1.738672255530914423e+00
-1.730656574407635651e+00
-1.722570977625060618e+00
-1.714318927213326349e+00
-1.705789742728123670e+00
-1.696903927935192957e+00
-1.687648547739840410e+00
-1.678087517939123252e+00
-1.668342130737146434e+00
-1.658549600597039042e+00
-1.648816657778868322e+00
-1.639187317283546941e+00
-1.629637984974277032e+00
-1.620101523871004812e+00
-1.610509648288026785e+00
-1.600835226744678375e+00
-1.591116084288186627e+00
-1.581449723780742112e+00
-1.571960740235769594e+00
-1.562754365458095984e+00
-1.553875604086058182e+00
-1.545291223350934828e+00
-1.536902333138572274e+00
-1.528582440443834622e+00
-1.520225126574540120e+00
-1.511781463304001649e+00
-1.503271663253138213e+00
-1.494766438772764161e+00
-1.486346511021194639e+00
-1.478058037203210606e+00
-1.469883500916335128e+00
-1.461741047803029936e+00
-1.453513107937796534e+00
-1.445092578131625061e+00
-1.436427196963514730e+00
-1.427543325419609710e+00
-1.418538941476544135e+00
-1.409548639251604563e+00
-1.400695283768458310e+00
-1.392048646754559860e+00
-1.383608380736854659e+00
-1.375318297491246122e+00
-1.367105490716061578e+00
-1.358927105595242546e+00
-1.350804145148647883e+00
-1.342827109525930984e+00
-1.335130233221529572e+00
-1.327844576291699497e+00
-1.321049464901530301e+00
-1.314742700154514221e+00
-1.308842191083003037e+00
-1.303218449642636889e+00
-1.297744312306893910e+00
-1.292340903828425036e+00
-1.287000421031984310e+00
-1.281776185520847822e+00
-1.276744425149746842e+00
-1.271954441989700424e+00
-1.267388978790780829e+00
-1.262952447521834554e+00
-1.258492930834070211e+00
-1.253849462979449658e+00
-1.248905177539207045e+00
-1.243624195173702818e+00
-1.238056819136129194e+00
-1.232310920565781842e+00
-1.226501693405146254e+00
-1.220701177393042514e+00
-1.214909064010883499e+00
-1.209057185492856012e+00
-1.203045669454593458e+00
-1.196795113355021645e+00
-1.190292120479668370e+00
-1.183608187258361477e+00
-1.176883175109463053e+00
-1.170279672809456661e+00
-1.163927038718865381e+00
-1.157878453160894772e+00
-1.152098922442497342e+00
-1.146489102086957867e+00
-1.140934590783158731e+00
-1.135359485189790574e+00
-1.129105825013490216e+00
-1.122019919283343325e+00
-1.114125740775013362e+00
-1.105447262264157127e+00
-1.096008456526440300e+00
-1.085833296337519016e+00
-1.074945754473057846e+00
-1.063369803708719141e+00
-1.051129416820159479e+00
-1.038248566583045429e+00
-1.024751225773032015e+00
-1.010661367165784030e+00
-9.960029635369650469e-01
-9.807999876622299773e-01
-9.650764123172466125e-01
-9.488562102776697538e-01
-9.321633543191628624e-01
-9.150218172173915088e-01
-8.974555717480092731e-01
-8.794885906866851677e-01
-8.611448468090719954e-01
-8.424483128908348828e-01
-8.234229617076395114e-01
-8.040927660351381290e-01
-7.844816986490008581e-01
-7.646137323248797246e-01
-7.445128398384405211e-01
-7.242029939653489290e-01
-7.037081674812565302e-01
-6.830523331618344463e-01
-6.622594637827335928e-01
-6.413535321196204286e-01
-6.203585109481605242e-01
-5.992983730440054613e-01
-5.781970911828259174e-01
-5.570786381402739185e-01
-5.359669866920147019e-01
-5.148861096137145044e-01
-4.938599796810250186e-01
-4.729125696696165337e-01
-4.520678523551407979e-01
-4.313498005132641033e-01
-4.107823869196516875e-01
-3.903895843499557428e-01
-3.701953655798463361e-01
-3.502237033849755488e-01
-3.304985705410092844e-01
-3.110439398236125585e-01
-2.918837840084383406e-01
-2.730420758711557538e-01
-2.545427881874180454e-01
-2.364098937328902861e-01
-2.186673652832376302e-01
-2.013391756141130751e-01
-1.844492975011819413e-01
-1.680217037201089947e-01
-1.520803670465479540e-01
-1.366492602561671099e-01
-1.217523561246206532e-01
-1.074136274275730718e-01
-9.365704694068885394e-02
-8.050658743962271768e-02
-6.798622170004160747e-02
-5.611992249760124063e-02
-4.493166260796566114e-02
-3.444541480679791379e-02
-2.468515186975488163e-02
-1.567484657250177438e-02
-7.438471690695780403e-03
2.775557561562891351e-17
