5.551115123125782702e-17
5.655321771559205027e-03
9.696602795330864014e-03
1.217213149106549652e-02
1.313019627851625890e-02
1.261908557743433162e-02
1.068708780757244084e-02
7.382491388681556264e-03
2.753584740515325167e-03
-3.151343717176477086e-03
-1.028400556464082252e-02
-1.859611238212362933e-02
-2.803937574987700604e-02
-3.856550724814419850e-02
-5.012621845717813579e-02
-6.267322095722480113e-02
-7.615822632852861651e-02
-9.053294615134371837e-02
-1.057490920059121348e-01
-1.217583754724881479e-01
-1.385125081313164641e-01
-1.559632015626414014e-01
-1.740621673467183939e-01
-1.927611170637877069e-01
-2.120117622941052882e-01
-2.317658146179155665e-01
-2.519749856154613887e-01
-2.725909868670000069e-01
-2.935655299527701878e-01
-3.148503264530294610e-01
-3.363970879480208676e-01
-3.581575260179877263e-01
-3.800833522431875666e-01
-4.021262782038588779e-01
-4.242380154802593006e-01
-4.463702756526319870e-01
-4.684747703012197007e-01
-4.905032110062808037e-01
-5.124073093480532304e-01
-5.341387769067944546e-01
-5.556493252627479063e-01
-5.768906659961567929e-01
-5.978145106872784220e-01
-6.183725709163520046e-01
-6.385165582636338488e-01
-6.581981843093679396e-01
-6.773691606337980398e-01
-6.959811988171801245e-01
-7.139860104397547369e-01
-7.313353070817771862e-01
-7.479808003234917901e-01
-7.638742017451425337e-01
-7.789672229269852810e-01
-7.932115754492607973e-01
-8.065589708922233925e-01
-8.189611208361179395e-01
-8.303697368611901997e-01
-8.407365305476928174e-01
-8.500132134758693336e-01
-8.581514972259717267e-01
-8.651030933782462018e-01
-8.708197135129394084e-01
-8.752530692103016596e-01
-8.783548720505793828e-01
-8.800768336140216697e-01
-8.803706654808758358e-01
-8.791880792313899740e-01
-8.764807864458117326e-01
-8.722004987043905366e-01
-8.662989275873721473e-01
-8.587277846750056565e-01
-8.498128465549086297e-01
-8.409010792518863964e-01
-8.319300817727696140e-01
-8.227998227135343567e-01
-8.134279810204276817e-01
-8.037981724802710781e-01
-7.939801349512207729e-01
-7.841130095411373846e-01
-7.743586052998003844e-01
-7.648442574815964567e-01
-7.556192047385048571e-01
-7.466425516673409479e-01
-7.378074177095343966e-01
-7.289905711437856262e-01
-7.201062075886776048e-01
-7.111410425424236070e-01
-7.021560860868228948e-01
-6.932547918541352994e-01
-6.845316039013442655e-01
-6.760232226240949771e-01
-6.676836231398187715e-01
-6.593936442988997948e-01
-6.510012781966006967e-01
-6.423758534680166221e-01
-6.334535738691231543e-01
-6.242557067473700760e-01
-6.148724203224984475e-01
-6.054197909559245749e-01
-5.959886785149243194e-01
-5.866073191426877109e-01
-5.772333628293422336e-01
-5.677783748576106237e-01
-5.581539638912040857e-01
-5.483195624057858319e-01
-5.383112965336618316e-01
-5.282395038238628659e-01
-5.182557683070673216e-01
-5.085031741329874011e-01
-4.990704204786427511e-01
-4.899686345022863376e-01
-4.811399228198011135e-01
-4.724932209753149870e-01
-4.639515704135191987e-01
-4.554903511384006398e-01
-4.471501089538316709e-01
-4.390186305153052082e-01
-4.311900894765982595e-01
-4.237188247907612837e-01
-4.165875378131302376e-01
-4.097035313137199486e-01
-4.029247356738380192e-01
-3.961047345075117132e-01
-3.891381060942342707e-01
-3.819874403981757260e-01
-3.746812946415094547e-01
-3.672847058047767344e-01
-3.598554419304737517e-01
-3.524050726011112022e-01
-3.448817250113944133e-01
-3.371820616184598718e-01
-3.291874918374538828e-01
-3.208093287277113403e-01
-3.120238241103083232e-01
-3.028822947883745842e-01
-2.934920580708399451e-01
-2.839761421157898647e-01
-2.744285553218156481e-01
-2.648836094868144975e-01
-2.553117203796158030e-01
-2.456428650440974359e-01
-2.358072197864385933e-01
-2.257753386427263087e-01
-2.155805506668626026e-01
-2.053138822063920177e-01
-1.950934802839476567e-01
-1.850212931158659313e-01
-1.751451279997821020e-01
-1.654419232410920815e-01
-1.558291457030006599e-01
-1.461994414627410255e-01
-1.364639571540060548e-01
-1.265862812783195013e-01
-1.165930824994486359e-01
-1.065574582894498884e-01
-9.656253003046211258e-02
-8.666107288910315787e-02
-7.684850816508329019e-02
-6.706081520800999396e-02
-5.719831821950539796e-02
-4.716536344283150939e-02
-3.690922989097795287e-02
-2.644199701603230229e-02
-1.583633479448642856e-02
-5.197180160592172402e-03
5.378640052280050585e-03
1.583783069972282895e-02
2.618633856395043841e-02
3.647905668469857143e-02
4.678828610501934576e-02
5.716469926882344899e-02
6.760766223875945558e-02
7.805766943229455745e-02
8.841416664730818165e-02
9.857122504929595463e-02
1.084559606614634159e-01
1.180534608620342207e-01
1.274077300600951757e-01
1.365983583290814318e-01
1.457028431094100906e-01
1.547607149130444948e-01
1.637540820018342780e-01
1.726147071318588910e-01
1.812476501720200472e-01
1.895832476317350912e-01
1.975661859693862432e-01
2.053121237086716622e-01
2.130588308786679486e-01
2.207533923600615011e-01
2.283017031158378618e-01
2.355788031784360192e-01
2.424919682066095095e-01
2.490157699728783314e-01
2.552028830256663494e-01
2.611590209684970798e-01
2.669957135414857685e-01
2.727805079515227549e-01
2.785063076154551398e-01
2.840927451405177440e-01
2.894187345169888514e-01
2.943719566721006986e-01
2.988939729890804364e-01
3.030018378600096707e-01
3.067774211536894446e-01
3.103296068608445424e-01
3.137460707137398885e-01
3.170555437589835379e-01
3.202166473161013327e-01
3.231377413421800404e-01
3.257188676957494256e-01
3.278975351070414490e-01
3.296787153743777621e-01
3.311365383794575568e-01
3.323874951855130266e-01
3.335471102789797082e-01
3.346888273605729824e-01
3.358224686001194947e-01
3.369008337055439672e-01
3.378507384964765103e-01
3.386143879786767119e-01
3.391828840363952935e-01
3.396075167292593178e-01
3.399844099241257078e-01
3.404196770528564175e-01
3.409904588203446218e-01
3.417186000472459684e-01
3.425678442177160221e-01
3.434649979628565108e-01
3.443351682649086198e-01
3.451353889622773563e-01
3.458721197578749074e-01
3.465955615157300662e-01
3.473741182668946270e-01
3.482609547420338347e-01
3.492677654130928455e-01
3.503573242901359963e-01
3.514578272007227167e-01
3.524923406571685014e-01
3.534101200644454988e-01
3.542059925908844220e-01
3.549195682841458366e-01
3.556151496029280046e-01
3.563517678014266887e-01
3.571570050955267250e-01
3.580163486405118500e-01
3.588826942998163405e-01
3.597014983118007603e-01
3.604400394501767191e-01
3.611074174956766525e-01
3.617560642272512617e-01
3.624638030021838930e-01
3.633042002167812812e-01
3.643182197598102134e-01
3.654996457520660047e-01
3.668006766187928980e-01
3.681551800866983970e-01
3.695092696988560577e-01
3.708455702069162196e-01
3.721902495174538306e-01
3.735994443441498780e-01
3.751307735636792984e-01
3.768122567171979798e-01
3.786222382129453834e-01
3.804892877153349118e-01
3.823124983777073105e-01
3.839938294703614807e-01
3.854689336050914905e-01
3.867235152837573686e-01
3.877884303977703895e-01
3.887158062695478811e-01
3.895465408860503964e-01
3.902832010637170557e-01
3.908799868541992240e-01
3.912541155501285117e-01
3.913138823746437067e-01
3.909916294176879470e-01
3.902678589386543995e-01
3.891765493713400526e-01
3.877896964577414729e-01
3.861877719190451308e-01
3.844285044381285377e-01
3.825268006610347271e-01
3.804536699818693579e-01
3.781538949208151368e-01
3.755743822001391674e-01
3.726909096895155704e-01
3.695220301239144911e-01
3.661246183979877111e-01
3.625734099092740026e-01
3.589334962830212916e-01
3.552373727746795384e-01
3.514758065976609225e-01
3.476056274048389683e-01
3.435703273528368240e-01
3.393242017371213559e-01
3.348497541272143496e-01
3.301614965334410678e-01
3.252954616981834635e-01
3.202899263143025310e-01
3.151663564575757914e-01
3.099190287529237087e-01
3.045175653051539477e-01
2.989207355229109297e-01
2.930949680550291037e-01
2.870292040352528384e-01
2.807396975906943370e-01
2.742631239989554159e-01
2.676416825809824762e-01
2.609073755765097813e-01
2.540727859294152902e-01
2.471324772608805842e-01
2.400741112813185862e-01
2.328938149292694715e-01
2.256083421446717363e-01
2.182580260727289834e-01
2.108987320915847175e-01
2.035860921422565917e-01
1.963589195025848277e-01
1.892292263882792147e-01
1.821834392615336307e-01
1.751944663118076284e-01
1.682394042934843570e-01
1.613150436717237790e-01
1.544441367496332262e-01
1.476693218791165496e-01
1.410369677331204663e-01
1.345776854880822437e-01
1.282918899285685199e-01
1.221468354095577857e-01
1.160868120532845410e-01
1.100526636897702915e-01
1.040028169693378440e-01
9.792728943391559859e-02
9.184901090621765130e-02
8.581200852399734069e-02
7.986139656502519446e-02
7.402343115661519368e-02
6.829377863154510730e-02
6.263869669260732631e-02
5.700850785415565586e-02
5.135777028122548438e-02
4.566394763706906057e-02
3.993715023205327702e-02
3.421726300893337958e-02
2.855988125805974942e-02
2.301683603895793295e-02
1.761897292033364620e-02
1.236759922899309874e-02
7.237284379454980536e-03
2.188109686165158694e-03
-2.818094465888567029e-03
-7.804153728298958773e-03
-1.277168617168278689e-02
-1.770459771524439049e-02
-2.257974496491717969e-02
-2.737995817630729106e-02
-3.210415188437472367e-02
-3.677092824550369510e-02
-4.141500629527084670e-02
-4.607867028428686701e-02
-5.080205700940178259e-02
-5.561597065865182821e-02
-6.053930176934517460e-02
-6.558090875464121783e-02
-7.074403691514981329e-02
-7.603071938117508810e-02
-8.144423630813349413e-02
-8.698911637897197013e-02
-9.266955477653730788e-02
-9.848779150403187688e-02
-1.044436829549884732e-01
-1.105356752805222165e-01
-1.167622861860054539e-01
-1.231226832691070111e-01
-1.296153461449653377e-01
-1.362349369967394697e-01
-1.429687777525089909e-01
-1.497950188810147909e-01
-1.566842176689897947e-01
-1.636046684148424468e-01
-1.705300188023823882e-01
-1.774463245062289640e-01
-1.843554703451679988e-01
-1.912730717758943655e-01
-1.982211675835472142e-01
-2.052183036108360115e-01
-2.122709606502244939e-01
-2.193700169149710444e-01
-2.264940514714945119e-01
-2.336185037822927912e-01
-2.407271631709557158e-01
-2.478212763340768565e-01
-2.549223080707332389e-01
-2.620668495009429444e-01
-2.692953392644183985e-01
-2.766388424898724718e-01
-2.841090249209531904e-01
-2.916952557703217375e-01
-2.993699389418561507e-01
-3.070998659801504327e-01
-3.148589728496578033e-01
-3.226373644758221415e-01
-3.304430595161934048e-01
-3.382959383370100492e-01
-3.462165792877823223e-01
-3.542147056381612646e-01
-3.622820173423158541e-01
-3.703922656827334237e-01
-3.785083825236674748e-01
-3.865936005010185417e-01
-3.946219862457105432e-01
-4.025842492690526742e-01
-4.104868321701791167e-01
-4.183451754931131195e-01
-4.261744105686397499e-01
-4.339815961979642811e-01
-4.417626762986121003e-01
-4.495050804258218791e-01
-4.571943554127932408e-01
-4.648215254815522002e-01
-4.723877393234133804e-01
-4.799041723111016622e-01
-4.873874204665613052e-01
-4.948526916906094142e-01
-5.023080256945763322e-01
-5.097521654476675490e-01
-5.171768780104752938e-01
-5.245723567707870627e-01
-5.319328530702678304e-01
-5.392595846080332489e-01
-5.465593041014404907e-01
-5.538390630661116365e-01
-5.610996599869625401e-01
-5.683310735936654146e-01
-5.755124244373420739e-01
-5.826169915960021095e-01
-5.896204316423293568e-01
-5.965087036010389143e-01
-6.032820970399186411e-01
-6.099533167807393852e-01
-6.165401648830164394e-01
-6.230558559711290023e-01
-6.295012621460855939e-01
-6.358627807727176284e-01
-6.421172305583920936e-01
-6.482421414072370158e-01
-6.542273176866543194e-01
-6.600827376077557096e-01
-6.658391354208377244e-01
-6.715405330040074006e-01
-6.772313513701742060e-01
-6.829431171249221721e-01
-6.886861447930784363e-01
-6.944496779159754496e-01
-7.002105596081494854e-01
-7.059469769826249852e-01
-7.116516474892707889e-01
-7.173389242975251046e-01
-7.230426908288490884e-01
-7.288056400633979859e-01
-7.346640788647461617e-01
-7.406342969596114711e-01
-7.467059955446183617e-01
-7.528454930551209401e-01
-7.590075406212586362e-01
-7.651511592213557922e-01
-7.712533390866674887e-01
-7.773153422783056765e-01
-7.833593401190486194e-01
-7.894169710331252476e-01
-7.955145617983794271e-01
-8.016609684252928858e-01
-8.078428273769242551e-01
-8.140289607161764751e-01
-8.201820274138404976e-01
-8.262727364049402556e-01
-8.322910885998059394e-01
-8.382504615138159920e-01
-8.441832681957760487e-01
-8.501301971634784849e-01
-8.561273710136020343e-01
-8.621962804583241935e-01
-8.683399656919419396e-01
-8.745462956700700285e-01
-8.807964460129416029e-01
-8.870748792617701994e-01
-8.933769080630535875e-01
-8.997112182885149689e-01
-9.060968974615329907e-01
-9.125566138371697944e-01
-9.191088217592485732e-01
-9.257618534427244361e-01
-9.325116745483796876e-01
-9.393434961412350237e-01
-9.462360554261937118e-01
-9.531667135443629979e-01
-9.601156878340787459e-01
-9.670684891394014659e-01
-9.740165140519778664e-01
-9.809563344476235347e-01
-9.878883477971657223e-01
-9.948152035585751118e-01
-1.001740095649554574e+00
-1.008664895731828492e+00
-1.015588302337647963e+00
-1.022504556276112364e+00
-1.029403516517489070e+00
-1.036272714028155573e+00
-1.043101327157969660e+00
-1.049885072153523780e+00
-1.056630220061792302e+00
-1.063354807541736280e+00
-1.070085841986120778e+00
-1.076852763086264098e+00
-1.083679065772962469e+00
-1.090575081346630837e+00
-1.097534883772506964e+00
-1.104538977451365422e+00
-1.111562239932051499e+00
-1.118584374197622688e+00
-1.125598829546328616e+00
-1.132616423050176957e+00
-1.139661765154613926e+00
-1.146763408933960893e+00
-1.153941290475119619e+00
-1.161196390001272505e+00
-1.168506960973052289e+00
-1.175833268721941272e+00
-1.183129451888361716e+00
-1.190358194345865872e+00
-1.197502589920894200e+00
-1.204570504072600690e+00
-1.211589586475410263e+00
-1.218594783267419768e+00
-1.225613241122327279e+00
-1.232652613881442205e+00
-1.239697502547270291e+00
-1.246715547132676072e+00
-1.253670818538674903e+00
-1.260539195895487907e+00
-1.267319576042174489e+00
-1.274036400092098509e+00
-1.280732444378842150e+00
-1.287454705258719079e+00
-1.294238939194250371e+00
-1.301098894181478283e+00
-1.308024306576758722e+00
-1.314988163418815637e+00
-1.321960021288284937e+00
-1.328919832857674566e+00
-1.335866686541317350e+00
-1.342819084682028485e+00
-1.349806913201708758e+00
-1.356858626038468962e+00
-1.363988994772968644e+00
-1.371192344716396949e+00
-1.378443782360187386e+00
-1.385707574278898235e+00
-1.392948977669275168e+00
-1.400144615045467722e+00
-1.407287361117210756e+00
-1.414384211446535478e+00
-1.421448607515045648e+00
-1.428490911494065374e+00
-1.435511255740888448e+00
-1.442497692150630950e+00
-1.449430083834952310e+00
-1.456287655199254960e+00
-1.463056646167621766e+00
-1.469734695646737199e+00
-1.476330249860043464e+00
-1.482857638965984437e+00
-1.489330403653218449e+00
-1.495756118741506935e+00
-1.502135082921557174e+00
-1.508463278901892357e+00
-1.514737907982140364e+00
-1.520962555388816195e+00
-1.527149230633881194e+00
-1.533316058099301493e+00
-1.539481541591527503e+00
-1.545658075556665567e+00
-1.551847879590010137e+00
-1.558043520051403341e+00
-1.564233080272512622e+00
-1.570407809377596386e+00
-1.576568762512031707e+00
-1.582729192948947317e+00
-1.588911226399510657e+00
-1.595137896659337695e+00
-1.601423820987318836e+00
-1.607768630901263096e+00
-1.614156307030320869e+00
-1.620561148460643475e+00
-1.626958232349947187e+00
-1.633334158821664994e+00
-1.639693552399302590e+00
-1.646058405920791223e+00
-1.652460271356738231e+00
-1.658928312538372252e+00
-1.665478053347722476e+00
-1.672105483730156772e+00
-1.678789059001526418e+00
-1.685498904589803892e+00
-1.692209563462727218e+00
-1.698911142197387480e+00
-1.705614341272217560e+00
-1.712347333056098098e+00
-1.719145747710085992e+00
-1.726039778222417054e+00
-1.733043498744526012e+00
-1.740150490233219882e+00
-1.747337240420228532e+00
-1.754572647361094084e+00
-1.761829597131044700e+00
-1.769093964201234215e+00
-1.776367661138066545e+00
-1.783664928732280774e+00
-1.791003791275532109e+00
-1.798396374424165778e+00
-1.805841930502020576e+00
-1.813324994889486286e+00
-1.820818819874464367e+00
-1.828292122651135942e+00
-1.835716124220453827e+00
-1.843069189923157047e+00
-1.850337811673684385e+00
-1.857514442137761401e+00
-1.864593960342311174e+00
-1.871570786288831556e+00
-1.878437879500856500e+00
-1.885187562197425892e+00
-1.891813033189516657e+00
-1.898309158087719384e+00
-1.904671762246416877e+00
-1.910895823521935100e+00
-1.916973971092578832e+00
-1.922896912522247925e+00
-1.928656606285592545e+00
-1.934251490942085816e+00
-1.939691625861010849e+00
-1.945001008567211809e+00
-1.950215078624404796e+00
-1.955373338378047166e+00
-1.960509339956757691e+00
-1.965641921791251079e+00
-1.970771642715248184e+00
-1.975884609546394666e+00
-1.980962905954639641e+00
-1.985997827894556034e+00
-1.991000468054978878e+00
-1.996004754374565815e+00
-2.001060804148099059e+00
-2.006220398522391868e+00
-2.011519896757562265e+00
-2.016967410277749728e+00
-2.022539773948543562e+00
-2.028191153525504831e+00
-2.033870435612002758e+00
-2.039540791053886970e+00
-2.045193618984721962e+00
-2.050851084287918624e+00
-2.056555949768003266e+00
-2.062352584423517321e+00
-2.068266760057299258e+00
-2.074292524542777905e+00
-2.080391700635983554e+00
-2.086506465011708666e+00
-2.092580091247163487e+00
-2.098577527388792774e+00
-2.104497476119125743e+00
-2.110371095547178832e+00
-2.116247925811201913e+00
-2.122174883151551228e+00
-2.128176965344029892e+00
-2.134247473948176932e+00
-2.140351470161871106e+00
-2.146440594960732362e+00
-2.152472663018461407e+00
-2.158427579283634934e+00
-2.164312886663480207e+00
-2.170156841353873212e+00
-2.175992319461696134e+00
-2.181838740656470321e+00
-2.187689893674905406e+00
-2.193512801546809499e+00
-2.199257820325297708e+00
-2.204875223242739324e+00
-2.210330768930518275e+00
-2.215613389393455535e+00
-2.220731854658004156e+00
-2.225702381785839457e+00
-2.230533331892111892e+00
-2.235214484432681559e+00
-2.239716267428265351e+00
-2.243999671080016078e+00
-2.248032531383667543e+00
-2.251804737979310023e+00
-2.255335177431897264e+00
-2.258666831252554630e+00
-2.261851831037579696e+00
-2.264933004782151205e+00
-2.267930328840511045e+00
-2.270838766381823248e+00
-2.273638970181558694e+00
-2.276316422327686162e+00
-2.278880432086990648e+00
-2.281373977870114533e+00
-2.283869019528055766e+00
-2.286448166075774946e+00
-2.289179763648741872e+00
-2.292096786695121402e+00
-2.295188777504860056e+00
-2.298410810949546246e+00
-2.301706203539770623e+00
-2.305033563448166678e+00
-2.308386568430734975e+00
-2.311797619103186818e+00
-2.315323223892155280e+00
-2.319016836243997570e+00
-2.322900505555797857e+00
-2.326947610264917810e+00
-2.331084588290596393e+00
-2.335211704824244006e+00
-2.339234800307204321e+00
-2.343095114653215738e+00
-2.346784837527567280e+00
-2.350341856933710893e+00
-2.353825879249048292e+00
-2.357285992310019118e+00
-2.360733433780714208e+00
-2.364131192125883629e+00
-2.367404957542391664e+00
-2.370470854633870417e+00
-2.373268176729379952e+00
-2.375783141375531038e+00
-2.378053479362577605e+00
-2.380151805584122204e+00
-2.382154745061276557e+00
-2.384110825773217091e+00
-2.386020608054727710e+00
-2.387837209745360845e+00
-2.389486598332885681e+00
-2.390898557532342039e+00
-2.392034751453752328e+00
-2.392901733812200060e+00
-2.393543444321051261e+00
-2.394016770313764031e+00
-2.394361179499637782e+00
-2.394575980601552523e+00
-2.394615348765010143e+00
-2.394403385735866863e+00
-2.393862639894964950e+00
-2.392943591704750794e+00
-2.391642217640094881e+00
-2.389998107950213946e+00
-2.388074310615465379e+00
-2.385928224502413375e+00
-2.383586854360078000e+00
-2.381037765883340374e+00
-2.378239990877148990e+00
-2.375150072401596368e+00
-2.371751458360355613e+00
-2.368073709287951356e+00
-2.364192335120257837e+00
-2.360208647062207454e+00
-2.356218019332586788e+00
-2.352280358561714912e+00
-2.348405852590687903e+00
-2.344562440848239504e+00
-2.340701788753506207e+00
-2.336792130886509611e+00
-2.332842980033515534e+00
-2.328910003805016782e+00
-2.325077021329143179e+00
-2.321422366597591491e+00
-2.317984147386633165e+00
-2.314739908599805940e+00
-2.311610309574246180e+00
-2.308486086470018073e+00
-2.305267275460239240e+00
-2.301897985974724392e+00
-2.298381566389206654e+00
-2.294769287491845500e+00
-2.291127186905041579e+00
-2.287495467725530141e+00
-2.283858490830917187e+00
-2.280139163730595886e+00
-2.276221108806748106e+00
-2.271989846897444210e+00
-2.267375645577641485e+00
-2.262379500735598459e+00
-2.257070616099880578e+00
-2.251555867925844723e+00
-2.245933907222342985e+00
-2.240253453704334596e+00
-2.234493780820867137e+00
-2.228575998292131377e+00
-2.222400466276325037e+00
-2.215894228598293658e+00
-2.209047750560835244e+00
-2.201924594775944044e+00
-2.194639207659414115e+00
-2.187311802832709873e+00
-2.180019441260792501e+00
-2.172764371760400159e+00
-2.165473530064420782e+00
-2.158029749609024162e+00
-2.150321663395762695e+00
-2.142290685346504464e+00
-2.133955773831622604e+00
-2.125402572924500966e+00
-2.116748813993718059e+00
-2.108082061154399334e+00
-2.099450814992171566e+00
-2.090613609268141992e+00
-2.081451019157111837e+00
-2.072018191945097954e+00
-2.062388818058791706e+00
-2.052664996220750826e+00
-2.042924276229771685e+00
-2.033195165151161277e+00
-2.023449721957895520e+00
-2.013623165601298837e+00
-2.003650126980408341e+00
-1.993502519919380767e+00
-1.983212524925795028e+00
-1.972870617400675597e+00
-1.962599088129022729e+00
-1.952511930679812657e+00
-1.942677797498484127e+00
-1.933101478683078911e+00
-1.923731533022348783e+00
-1.914490600697786205e+00
-1.905315257535675988e+00
-1.896188148877942403e+00
-1.887148418070482947e+00
-1.878275693313028238e+00
-1.869654205502959243e+00
-1.861332193265781809e+00
-1.853293943553508516e+00
-1.845456648188298354e+00
-1.837693878719994567e+00
-1.829876262112689167e+00
-1.821912631606004584e+00
-1.813774665169121114e+00
-1.805494945427902787e+00
-1.797139585245690840e+00
-1.788767342536637051e+00
-1.780392926220728533e+00
-1.771970496349265733e+00
-1.763404855448353015e+00
-1.754586071267503655e+00
-1.745433225915040243e+00
-1.735928922585157519e+00
-1.726129859682560941e+00
-1.716148756565239797e+00
-1.706114901345922696e+00
-1.696129571263856217e+00
-1.686234745776316712e+00
-1.676407938111460050e+00
-1.666584945915912330e+00
-1.656700497182560738e+00
-1.646729141832378840e+00
-1.636708571796694933e+00
-1.626734946305351759e+00
-1.616931657669492539e+00
-1.607404302424417342e+00
-1.598200623387869168e+00
-1.589292282774425136e+00
-1.580586274656200052e+00
-1.571961366705833196e+00
-1.563314421088920270e+00
-1.554597277658270160e+00
-1.545828866976187266e+00
-1.537077730919693019e+00
-1.528422771608965558e+00
-1.519909357567664987e+00
-1.511519983955579738e+00
-1.503172584202477902e+00
-1.494747864641311041e+00
-1.486134628890011022e+00
-1.477274243511704110e+00
-1.468185537955180475e+00
-1.458959528012549578e+00
-1.449726013389711632e+00
-1.440605980377566153e+00
-1.431669782554169768e+00
-1.422918660238112976e+00
-1.414297255693764743e+00
-1.405731538729347863e+00
-1.397175597144084458e+00
-1.388646786166830571e+00
-1.380233507537050430e+00
-1.372071436553341961e+00
-1.364297499801911284e+00
-1.357000584767015239e+00
-1.350189585526401670e+00
-1.343792277182662254e+00
-1.337685598177705382e+00
-1.331744649288190141e+00
-1.325889737782747657e+00
-1.320111558726972056e+00
-1.314463867704367406e+00
-1.309026873126281743e+00
-1.303857186212437291e+00
-1.298946119567548907e+00
-1.294204814656612523e+00
-1.289483426847407133e+00
-1.284617123514446790e+00
-1.279480101456756280e+00
-1.274025190093493132e+00
-1.268292486383787443e+00
-1.262383440986468042e+00
-1.256411414498328716e+00
-1.250449765019901127e+00
-1.244499641533834966e+00
-1.238491265950975695e+00
-1.232318187359960904e+00
-1.225889815783153702e+00
-1.219179542405677719e+00
-1.212247399737547360e+00
-1.205226897221010507e+00
-1.198280875192597517e+00
-1.191544490545876966e+00
-1.185079095170781693e+00
-1.178856317516370433e+00
-1.172778934355265257e+00
-1.166729500495302441e+00
-1.160625844727140255e+00
-1.153855774575631488e+00
-1.146277567638635642e+00
-1.137914331870170770e+00
-1.128789175224248709e+00
-1.118925205654889510e+00
-1.108345531116104565e+00
-1.097073259561912595e+00
-1.085131498946331208e+00
-1.072543357223371352e+00
-1.059331942347055078e+00
-1.045520362271391335e+00
-1.031131724950399731e+00
-1.016189138338099207e+00
-1.000715710388498714e+00
-9.847345490556214109e-01
-9.682687622934761373e-01
-9.513414580560819456e-01
-9.339757442974586654e-01
-9.161947289716148024e-01
-8.980215200325739611e-01
-8.794792254343436477e-01
-8.605909531309441363e-01
-8.413798110763954785e-01
-8.218689072247049587e-01
-8.020813495298971807e-01
-7.820402459459790956e-01
-7.617687044269711993e-01
-7.412898329268940989e-01
-7.206267393997538573e-01
-6.998025317995765215e-01
-6.788403180803675996e-01
-6.577632061961484755e-01
-6.365943041009393122e-01
-6.153567197487466167e-01
-5.940735610935959921e-01
-5.727679360894937233e-01
-5.514629526904600842e-01
-5.301817188505161260e-01
-5.089473425236682447e-01
-4.877829316639412105e-01
-4.667115942253420302e-01
-4.457564381618913663e-01
-4.249405714276092705e-01
-4.042871019765027496e-01
-3.838191377625968514e-01
-3.635597867398981942e-01
-3.435321568624271626e-01
-3.237593560842040308e-01
-3.042644923592361939e-01
-2.850706736415477560e-01
-2.662010078851463346e-01
-2.476786030440521480e-01
-2.295265670722849705e-01
-2.117680079238525304e-01
-1.944260335527749350e-01
-1.775237519130717923e-01
-1.610842709587513855e-01
-1.451306986438369862e-01
-1.296861429223371831e-01
-1.147737117482716118e-01
-1.004165130756593249e-01
-8.663765485850979942e-02
-7.346024505084493283e-02
-6.090739160667480584e-02
-4.900220248001839474e-02
-3.776778562489374602e-02
-2.722724899531211301e-02
-1.740370054529377652e-02
-8.320248228850413152e-03
-2.775557561562891351e-17
