9.765636073897962177e+00
9.746591379398413579e+00
9.727546632468273557e+00
9.708501781514788931e+00
9.689456775857921755e+00
9.670411565716790392e+00
9.651366102209568254e+00
9.632320337353498019e+00
9.613274224064888074e+00
9.594227716159110742e+00
9.575180768350602278e+00
9.556133336252862875e+00
9.537085290160048245e+00
9.518036480643280228e+00
9.498986887263669132e+00
9.479936490411214223e+00
9.460885270453360363e+00
9.441833207734998012e+00
9.422780282578468558e+00
9.403726475283550101e+00
9.384671766127478776e+00
9.365616135364930983e+00
9.346559563228026946e+00
9.327502029926341365e+00
9.308443515646887434e+00
9.289384000554127496e+00
9.270323464789974821e+00
9.251261888473782946e+00
9.232199251702354559e+00
9.213135534549937944e+00
9.194070717068228760e+00
9.175004779286368262e+00
9.155937701210945079e+00
9.136869462825995214e+00
9.117800044092996714e+00
9.098729424950878553e+00
9.079657585316015300e+00
9.060584505082228901e+00
9.041510164120781567e+00
9.022434542280389991e+00
9.003357619387216459e+00
8.984279375244861754e+00
8.965199789634379357e+00
8.946118842314273678e+00
8.927036513020485842e+00
8.907952781466407899e+00
8.888867627342877498e+00
8.869781030318183213e+00
8.850692970038053886e+00
8.831603426125669287e+00
8.812512378181653006e+00
8.793419805784074228e+00
8.774325688488451291e+00
8.755230005827748130e+00
8.736132737312376051e+00
8.717033862430190183e+00
8.697933360646491252e+00
8.678831211404034462e+00
8.659727394123011734e+00
8.640621888201064138e+00
8.621514673013285446e+00
8.602405727912207922e+00
8.583295032227812982e+00
8.564182565267527636e+00
8.545068306316231599e+00
8.525952234636243077e+00
8.506834329467327649e+00
8.487714570026701821e+00
8.468592935509024144e+00
8.449469405086405871e+00
8.430343957908394970e+00
8.411216573101993887e+00
8.392087229771650669e+00
8.372955906999253628e+00
8.353822583844147331e+00
8.334687239343114840e+00
8.315549852510388362e+00
8.296410402337642154e+00
8.277268867794010276e+00
8.258125227826058179e+00
8.238979461357802236e+00
8.219831547290711526e+00
8.200681464503695395e+00
8.181529191853108784e+00
8.162374708172759341e+00
8.143217992273896755e+00
8.124059022945212760e+00
8.104897778952855347e+00
8.085734239040412774e+00
8.066568381928920672e+00
8.047400186316862047e+00
8.028229630880165502e+00
8.009056694272205235e+00
7.989881355123807261e+00
7.970703592043236085e+00
7.951523383616207141e+00
7.932340708405880569e+00
7.913155544952865661e+00
7.893967871775217304e+00
7.874777667368435097e+00
7.855584910205465121e+00
7.836389578736701722e+00
7.817191651389983953e+00
7.797991106570600017e+00
7.778787922661281939e+00
7.759582078022208229e+00
7.740373550991004770e+00
7.721162319882743930e+00
7.701948362989946339e+00
7.682731658582574674e+00
7.663512184908038982e+00
7.644289920177088860e+00
7.625064729627110793e+00
7.605836499573460863e+00
7.586605232330745352e+00
7.567370930284905484e+00
7.548133595893230741e+00
7.528893231684343768e+00
7.509649840258217246e+00
7.490403424286157907e+00
7.471153986510812750e+00
7.451901529746176145e+00
7.432646056877577401e+00
7.413387570861690534e+00
7.394126074726527165e+00
7.374861571571441843e+00
7.355594064567131163e+00
7.336323556955627545e+00
7.317050052050312559e+00
7.297773553235900934e+00
7.278494063968452110e+00
7.259211587775366681e+00
7.239926128255383730e+00
7.220637689078587051e+00
7.201346273986397151e+00
7.182051886791577466e+00
7.162754531378233480e+00
7.143454211701808276e+00
7.124150931789091423e+00
7.104844695738207427e+00
7.085535507718623727e+00
7.066223371971149803e+00
7.046908292807937180e+00
7.027590274612474985e+00
7.008269321839595278e+00
6.988945439015468608e+00
6.969618630737611120e+00
6.950288901674876563e+00
6.930956256567458951e+00
6.911620700226896119e+00
6.892282237536064393e+00
6.872940873449179477e+00
6.853596612991805337e+00
6.834249461260839098e+00
6.814899423424521707e+00
6.795546504722432601e+00
6.776190710465496814e+00
6.756832046035978756e+00
6.737470516887481331e+00
6.718106128544950373e+00
6.698738886604671094e+00
6.679368796734270752e+00
6.659995864672720423e+00
6.640620096230326119e+00
6.621241497288739453e+00
6.601860073800947859e+00
6.582475831791287035e+00
6.563088777355428505e+00
6.543698916660385834e+00
6.524306255944512856e+00
6.504910801517505448e+00
6.485512559760399753e+00
6.466111537125573072e+00
6.446707740136744746e+00
6.427301175388972609e+00
6.407891849548656538e+00
6.388479769353536675e+00
6.369064941612697872e+00
6.349647373206561696e+00
6.330227071086889978e+00
6.310804042276787484e+00
6.291378293870701910e+00
6.271949833034418553e+00
6.252518667005064756e+00
6.233084803091108128e+00
6.213648248672359209e+00
6.194209011199966142e+00
6.174767098196422666e+00
6.155322517255558346e+00
6.135875276042545678e+00
6.116425382293901869e+00
6.096972843817477283e+00
6.077517668492471437e+00
6.058059864269417005e+00
6.038599439170194039e+00
6.019136401288021077e+00
5.999670758787454261e+00
5.980202519904397107e+00
5.960731692946089844e+00
5.941258286291113855e+00
5.921782308389391680e+00
5.902303767762187903e+00
5.882822673002108260e+00
5.863339032773096982e+00
5.843852855810439451e+00
5.824364150920764871e+00
5.804872926982043602e+00
5.785379192943580939e+00
5.765882957826030442e+00
5.746384230721380604e+00
5.726883020792963741e+00
5.707379337275455100e+00
5.687873189474868418e+00
5.668364586768556812e+00
5.648853538605214553e+00
5.629340054504882396e+00
5.609824144058936035e+00
5.590305816930092320e+00
5.570785082852413694e+00
5.551261951631298430e+00
5.531736433143486842e+00
5.512208537337063952e+00
5.492678274231452384e+00
5.473145653917414144e+00
5.453610686557053278e+00
5.434073382383818540e+00
5.414533751702497177e+00
5.394991804889214926e+00
5.375447552391438677e+00
5.355901004727980919e+00
5.336352172488990853e+00
5.316801066335959725e+00
5.297247697001720823e+00
5.277692075290446816e+00
5.258134212077649750e+00
5.238574118310186378e+00
5.219011805006253724e+00
5.199447283255387298e+00
5.179880564218464656e+00
5.160311659127703621e+00
5.140740579286664946e+00
5.121167336070250542e+00
5.101591940924699031e+00
5.082014405367594634e+00
5.062434710254368753e+00
5.042852756424645477e+00
5.023268535338810459e+00
5.003682047145859180e+00
4.984093292077689696e+00
4.964502270449107968e+00
4.944908982657820751e+00
4.925313429184439151e+00
4.905715610592476850e+00
4.886115527528353653e+00
4.866513180721391052e+00
4.846908570983812226e+00
4.827301699210750918e+00
4.807692566380238119e+00
4.788081173553209169e+00
4.768467521873506421e+00
4.748851612567872138e+00
4.729233446945956487e+00
4.709613026400309543e+00
4.689990352406383955e+00
4.670365426522542940e+00
4.650738250390045181e+00
4.631108825733058154e+00
4.611477154358651909e+00
4.591843238156799067e+00
4.572207079100377491e+00
4.552568679245165839e+00
4.532928040729851560e+00
4.513285165776021124e+00
4.493640056688164464e+00
4.473992715853680302e+00
4.454343145742865495e+00
4.434691348908923025e+00
4.415037327987960225e+00
4.395381085698987000e+00
4.375722624843916719e+00
4.356061948307565324e+00
4.336399059057656658e+00
4.316733960144813587e+00
4.297066654702564215e+00
4.277397145947342771e+00
4.257725437178482508e+00
4.238051531778224579e+00
4.218375433211709158e+00
4.198697145026987876e+00
4.179016670855007831e+00
4.159334014409622249e+00
4.139649179487591368e+00
4.119962169968575338e+00
4.100272989815139546e+00
4.080581643072753728e+00
4.060888133869787531e+00
4.041192466417519391e+00
4.021494645010127655e+00
4.001794674024697684e+00
3.982092557921215192e+00
3.962388301242569799e+00
3.942681908614559028e+00
3.922973384745877201e+00
3.903262734428129210e+00
3.883549962535818967e+00
3.863835074026356509e+00
3.844118073940054003e+00
3.824398967400127081e+00
3.804677759612697052e+00
3.784954455866787359e+00
3.765229061534325794e+00
3.745501582070143165e+00
3.725772023011972855e+00
3.706040389980456151e+00
3.686306688679132026e+00
3.666570924894449135e+00
3.646833104495756039e+00
3.627093233435303876e+00
3.607351317748252573e+00
3.587607363552659301e+00
3.567861377049491800e+00
3.548113364522615054e+00
3.528363332338801062e+00
3.508611286947726171e+00
3.488857234881967528e+00
3.469101182757009738e+00
3.449343137271236870e+00
3.429583105205938676e+00
3.409821093425310590e+00
3.390057108876447511e+00
3.370291158589352687e+00
3.350523249676928828e+00
3.330753389334983883e+00
3.310981584842231040e+00
3.291207843560283841e+00
3.271432172933664173e+00
3.251654580489792501e+00
3.231875073838996304e+00
3.212093660674505635e+00
3.192310348772453121e+00
3.172525145991878848e+00
3.152738060274721033e+00
3.132949099645827573e+00
3.113158272212944944e+00
3.093365586166724857e+00
3.073571049780724707e+00
3.053774671411402686e+00
3.033976459498123557e+00
3.014176422563153324e+00
2.994374569211661008e+00
2.974570908131723090e+00
2.954765448094315516e+00
2.934958197953322134e+00
2.915149166645526702e+00
2.895338363190616437e+00
2.875525796691186908e+00
2.855711476332732257e+00
2.835895411383653197e+00
2.816077611195253905e+00
2.796258085201739352e+00
2.776436842920222858e+00
2.756613893950716765e+00
2.736789247976141315e+00
2.716962914762317993e+00
2.697134904157969970e+00
2.677305226094729651e+00
2.657473890587127574e+00
2.637640907732601736e+00
2.617806287711491375e+00
2.597970040787041413e+00
2.578132177305399342e+00
2.558292707695614343e+00
2.538451642469643943e+00
2.518608992222344689e+00
2.498764767631480144e+00
2.478918979457715999e+00
2.459071638544620519e+00
2.439222755818668986e+00
2.419372342289235700e+00
2.399520409048604197e+00
2.379666967271957034e+00
2.359812028217381563e+00
2.339955603225871261e+00
2.320097703721318627e+00
2.300238341210525839e+00
2.280377527283192762e+00
2.260515273611926279e+00
2.240651591952237620e+00
2.220786494142538370e+00
2.200919992104148015e+00
2.181052097841285953e+00
2.161182823441076373e+00
2.141312181073548704e+00
2.121440182991633616e+00
2.101566841531168794e+00
2.081692169110891832e+00
2.061816178232444674e+00
2.041938881480376722e+00
2.022060291522135511e+00
2.002180421108077368e+00
1.982299283071458307e+00
1.962416890328439356e+00
1.942533255878086784e+00
1.922648392802367434e+00
1.902762314266155830e+00
1.882875033517225738e+00
1.862986563886258828e+00
1.843096918786837124e+00
1.823206111715446553e+00
1.803314156251480505e+00
1.783421066057230053e+00
1.763526854877895733e+00
1.743631536541578431e+00
1.723735124959282272e+00
1.703837634124917955e+00
1.683939078115296084e+00
1.664039471090135391e+00
1.644138827292054517e+00
1.624237161046576228e+00
1.604334486762129641e+00
1.584430818930043561e+00
1.564526172124555359e+00
1.544620561002801651e+00
1.524714000304823625e+00
1.504806504853568594e+00
1.484898089554884670e+00
1.464988769397526092e+00
1.445078559453148781e+00
1.425167474876311680e+00
1.405255530904481631e+00
1.385342742858023390e+00
1.365429126140210725e+00
1.345514696237216423e+00
1.325599468718121399e+00
1.305683459234906696e+00
1.285766683522457487e+00
1.265849157398565294e+00
1.245930896763921769e+00
1.226011917602125356e+00
1.206092235979676186e+00
1.186171868045977185e+00
1.166250830033338737e+00
1.146329138256970470e+00
1.126406809114989471e+00
1.106483859088413846e+00
1.086560304741165606e+00
1.066636162720072445e+00
1.046711449754862855e+00
1.026786182658172342e+00
1.006860378325537431e+00
9.869340537353978871e-01
9.670072259491004907e-01
9.470799121108915974e-01
9.271521294479253550e-01
9.072238952702563752e-01
8.872952269708429540e-01
8.673661317329488529e-01
8.474364227220908541e-01
8.275060368840200242e-01
8.075749903979673183e-01
7.876432994042784630e-01
7.677109800044169541e-01
7.477780482609571733e-01
7.278445201975922707e-01
7.079104117991271705e-01
6.879757390114814575e-01
6.680405177416928186e-01
6.481047638579096049e-01
6.281684931893989354e-01
6.082317215265387045e-01
5.882944646208257966e-01
5.683567381848687594e-01
5.484185578923908011e-01
5.284799393782332322e-01
5.085408982383479159e-01
4.886014500298057062e-01
4.686616102707892306e-01
4.487213944405956667e-01
4.287808179796404051e-01
4.088398962894492228e-01
3.888986447326671092e-01
3.689570786330506058e-01
3.490152132754709147e-01
3.290730639059175067e-01
3.091306457314901834e-01
2.891879739204079036e-01
2.692450636020011778e-01
2.493019298667153716e-01
2.293585877661138139e-01
2.094150523128703589e-01
1.894713384807780454e-01
1.695274612047413809e-01
1.495834353807796724e-01
1.296392758660303568e-01
1.096949974787412990e-01
8.975061499827947931e-02
6.980614316512233353e-02
4.986159668086656560e-02
2.991699020822031346e-02
9.972338371006455454e-03
-9.972344245835025253e-03
-2.991704309624938080e-02
-4.986174367306919764e-02
-6.980643150801134345e-02
-8.975109217167760722e-02
-1.096957112735574141e-01
-1.296402744620186454e-01
-1.495847674243211134e-01
-1.695291758866074305e-01
-1.894734856139055346e-01
-2.094176824101308398e-01
-2.293617521180772445e-01
-2.493056806194303421e-01
-2.692494538347589561e-01
-2.891930577235168887e-01
-3.091364782840456127e-01
-3.290797015535648629e-01
-3.490227136081863746e-01
-3.689655005629048912e-01
-3.889080485716002733e-01
-4.088503438270398305e-01
-4.287923725608693837e-01
-4.487341210436265881e-01
-4.686755755847322735e-01
-4.886167225324921648e-01
-5.085575482740997133e-01
-5.284980392356264378e-01
-5.484381818820365240e-01
-5.683779627171761106e-01
-5.883173682837774532e-01
-6.082563851634594787e-01
-6.281949999767202364e-01
-6.481331993829493321e-01
-6.680709700804193796e-01
-6.880082988062883320e-01
-7.079451723366014804e-01
-7.278815774862822385e-01
-7.478175011091467983e-01
-7.677529300978933602e-01
-7.876878513841059082e-01
-8.076222519382556531e-01
-8.275561187696927057e-01
-8.474894389266581785e-01
-8.674221994962768578e-01
-8.873543876045587586e-01
-9.072859904164009004e-01
-9.272169951355790918e-01
-9.471473890047610311e-01
-9.670771593054972026e-01
-9.870062933582256504e-01
-1.006934778522263096e+00
-1.026862602195817598e+00
-1.046789751815980996e+00
-1.066716214858729472e+00
-1.086641978838926992e+00
-1.106567031310316640e+00
-1.126491359865532171e+00
-1.146414952136091348e+00
-1.166337795792396603e+00
-1.186259878543737933e+00
-1.206181188138283789e+00
-1.226101712363094842e+00
-1.246021439044113999e+00
-1.265940356046170168e+00
-1.285858451272979153e+00
-1.305775712667135435e+00
-1.325692128210125498e+00
-1.345607685922318497e+00
-1.365522373862968930e+00
-1.385436180130219297e+00
-1.405349092861089444e+00
-1.425261100231491884e+00
-1.445172190456222028e+00
-1.465082351788960402e+00
-1.484991572522275094e+00
-1.504899840987612203e+00
-1.524807145555310495e+00
-1.544713474634590744e+00
-1.564618816673559953e+00
-1.584523160159211574e+00
-1.604426493617418625e+00
-1.624328805612945015e+00
-1.644230084749438214e+00
-1.664130319669430591e+00
-1.684029499054341850e+00
-1.703927611624470817e+00
-1.723824646139007877e+00
-1.743720591396025643e+00
-1.763615436232483402e+00
-1.783509169524226667e+00
-1.803401780185979630e+00
-1.823293257171358706e+00
-1.843183589472863426e+00
-1.863072766121877999e+00
-1.882960776188674412e+00
-1.902847608782403110e+00
-1.922733253051106095e+00
-1.942617698181708930e+00
-1.962500933400021852e+00
-1.982382947970742659e+00
-2.002263731197448049e+00
-2.022143272422606053e+00
-2.042021561027568044e+00
-2.061898586432569846e+00
-2.081774338096736177e+00
-2.101648805518069096e+00
-2.121521978233462224e+00
-2.141393845818694075e+00
-2.161264397888428057e+00
-2.181133624096207591e+00
-2.201001514134468540e+00
-2.220868057734527667e+00
-2.240733244666589297e+00
-2.260597064739743089e+00
-2.280459507801958718e+00
-2.300320563740097413e+00
-2.320180222479902188e+00
-2.340038473986002732e+00
-2.359895308261916735e+00
-2.379750715350037460e+00
-2.399604685331653275e+00
-2.419457208326933895e+00
-2.439308274494933482e+00
-2.459157874033596425e+00
-2.479005997179741794e+00
-2.498852634209083767e+00
-2.518697775436218755e+00
-2.538541411214626731e+00
-2.558383531936677002e+00
-2.578224128033616669e+00
-2.598063189975583942e+00
-2.617900708271601928e+00
-2.637736673469576409e+00
-2.657571076156302947e+00
-2.677403906957454449e+00
-2.697235156537595380e+00
-2.717064815600174654e+00
-2.736892874887524307e+00
-2.756719325180865265e+00
-2.776544157300297133e+00
-2.796367362104809740e+00
-2.816188930492277809e+00
-2.836008853399460516e+00
-2.855827121802003710e+00
-2.875643726714432802e+00
-2.895458659190165207e+00
-2.915271910321499682e+00
-2.935083471239622543e+00
-2.954893333114605447e+00
-2.974701487155399615e+00
-2.994507924609848271e+00
-3.014312636764676867e+00
-3.034115614945496642e+00
-3.053916850516806392e+00
-3.073716334881982259e+00
-3.093514059483294165e+00
-3.113310015801893371e+00
-3.133104195357816923e+00
-3.152896589709989872e+00
-3.172687190456214168e+00
-3.192475989233185096e+00
-3.212262977716481505e+00
-3.232048147620564915e+00
-3.251831490698787075e+00
-3.271612998743376188e+00
-3.291392663585452905e+00
-3.311170477095021880e+00
-3.330946431180971334e+00
-3.350720517791078379e+00
-3.370492728911997915e+00
-3.390263056569275957e+00
-3.410031492827343413e+00
-3.429798029789513869e+00
-3.449562659597991132e+00
-3.469325374433856357e+00
-3.489086166517080922e+00
-3.508845028106521102e+00
-3.528601951499921174e+00
-3.548356929033901430e+00
-3.568109953083976826e+00
-3.587861016064542330e+00
-3.607610110428880912e+00
-3.627357228669162215e+00
-3.647102363316432339e+00
-3.666845506940632049e+00
-3.686586652150583898e+00
-3.706325791593994889e+00
-3.726062917957460918e+00
-3.745798023966456114e+00
-3.765531102385344386e+00
-3.785262146017376317e+00
-3.804991147704683829e+00
-3.824718100328289072e+00
-3.844442996808091983e+00
-3.864165830102883170e+00
-3.883886593210338134e+00
-3.903605279167015496e+00
-3.923321881048363657e+00
-3.943036391968707477e+00
-3.962748805081264702e+00
-3.982459113578136201e+00
-4.002167310690307289e+00
-4.021873389687651290e+00
-4.041577343878919315e+00
-4.061279166611755365e+00
-4.080978851272686114e+00
-4.100676391287123579e+00
-4.120371780119365113e+00
-4.140065011272589857e+00
-4.159756078288868508e+00
-4.179444974749150887e+00
-4.199131694273275706e+00
-4.218816230519967903e+00
-4.238498577186833316e+00
-4.258178728010364011e+00
-4.277856676765940946e+00
-4.297532417267825977e+00
-4.317205943369171628e+00
-4.336877248962006881e+00
-4.356546327977253164e+00
-4.376213174384714577e+00
-4.395877782193083227e+00
-4.415540145449932119e+00
-4.435200258241719595e+00
-4.454858114693792892e+00
-4.474513708970381920e+00
-4.494167035274601929e+00
-4.513818087848457061e+00
-4.533466860972827916e+00
-4.553113348967488427e+00
-4.572757546191095201e+00
-4.592399447041190186e+00
-4.612039045954199779e+00
-4.631676337405434829e+00
-4.651311315909094191e+00
-4.670943976018258503e+00
-4.690574312324898187e+00
-4.710202319459863674e+00
-4.729827992092893396e+00
-4.749451324932609353e+00
-4.769072312726522433e+00
-4.788690950261027091e+00
-4.808307232361398675e+00
-4.827921153891801431e+00
-4.847532709755285829e+00
-4.867141894893787679e+00
-4.886748704288125467e+00
-4.906353132958002128e+00
-4.925955175962009491e+00
-4.945554828397621172e+00
-4.965152085401198789e+00
-4.984746942147991078e+00
-5.004339393852121454e+00
-5.023929435766611107e+00
-5.043517063183359461e+00
-5.063102271433153057e+00
-5.082685055885666436e+00
-5.102265411949451490e+00
-5.121843335071952552e+00
-5.141418820739495743e+00
-5.160991864477293412e+00
-5.180562461849447686e+00
-5.200130608458933601e+00
-5.219696299947623963e+00
-5.239259531996269814e+00
-5.258820300324511088e+00
-5.278378600690872169e+00
-5.297934428892758341e+00
-5.317487780766465555e+00
-5.337038652187173327e+00
-5.356587039068944733e+00
-5.376132937364731745e+00
-5.395676343066366343e+00
-5.415217252204567622e+00
-5.434755660848942682e+00
-5.454291565107981299e+00
-5.473824961129062139e+00
-5.493355845098440327e+00
-5.512884213241263431e+00
-5.532410061821564362e+00
-5.551933387142257814e+00
-5.571454185545148263e+00
-5.590972453410916643e+00
-5.610488187159139883e+00
-5.630001383248272262e+00
-5.649512038175656059e+00
-5.669020148477523335e+00
-5.688525710728979945e+00
-5.708028721544025963e+00
-5.727529177575545916e+00
-5.747027075515308780e+00
-5.766522412093967098e+00
-5.786015184081056972e+00
-5.805505388285005175e+00
-5.824993021553118488e+00
-5.844478080771592587e+00
-5.863960562865510262e+00
-5.883440464798828984e+00
-5.902917783574402222e+00
-5.922392516233965232e+00
-5.941864659858137721e+00
-5.961334211566428287e+00
-5.980801168517221100e+00
-6.000265527907795438e+00
-6.019727286974314140e+00
-6.039186442991820947e+00
-6.058642993274246713e+00
-6.078096935174409410e+00
-6.097548266084009683e+00
-6.116996983433636181e+00
-6.136443084692762007e+00
-6.155886567369739382e+00
-6.175327429011815639e+00
-6.194765667205115456e+00
-6.214201279574655068e+00
-6.233634263784332497e+00
-6.253064617536926662e+00
-6.272492338574110704e+00
-6.291917424676435111e+00
-6.311339873663340150e+00
-6.330759683393153203e+00
-6.350176851763078112e+00
-6.369591376709212049e+00
-6.389003256206533976e+00
-6.408412488268909968e+00
-6.427819070949091440e+00
-6.447223002338709819e+00
-6.466624280568287197e+00
-6.486022903807231010e+00
-6.505418870263829589e+00
-6.524812178185262823e+00
-6.544202825857587946e+00
-6.563590811605752862e+00
-6.582976133793589035e+00
-6.602358790823813273e+00
-6.621738781138031271e+00
-6.641116103216725186e+00
-6.660490755579268729e+00
-6.679862736783920063e+00
-6.699232045427823579e+00
-6.718598680147007229e+00
-6.737962639616381644e+00
-6.757323922549748119e+00
-6.776682527699787073e+00
-6.796038453858069595e+00
-6.815391699855052110e+00
-6.834742264560069280e+00
-6.854090146881347323e+00
-6.873435345765995130e+00
-6.892777860200010487e+00
-6.912117689208272076e+00
-6.931454831854542142e+00
-6.950789287241475378e+00
-6.970121054510603820e+00
-6.989450132842350172e+00
-7.008776399310131744e+00
-7.028099705858711133e+00
-7.047420058597921866e+00
-7.066737464251486855e+00
-7.086051929715900144e+00
-7.105363462060427793e+00
-7.124672068527095448e+00
-7.143977756530706102e+00
-7.163280533658829441e+00
-7.182580407671803613e+00
-7.201877386502730793e+00
-7.221171478257491394e+00
-7.240462691214727187e+00
-7.259751033825851074e+00
-7.279036514715048867e+00
-7.298319142679265958e+00
-7.317598926688223315e+00
-7.336875875884410370e+00
-7.356149999583085020e+00
-7.375421307272272742e+00
-7.394689808612765702e+00
-7.413955513438130751e+00
-7.433218431754697875e+00
-7.452478573741569079e+00
-7.471735949750618389e+00
-7.490990570306477636e+00
-7.510242446106557779e+00
-7.529491588021036463e+00
-7.548738007092857139e+00
-7.567981714537737936e+00
-7.587222721744155685e+00
-7.606461040273365448e+00
-7.625696681859388093e+00
-7.644929658409012063e+00
-7.664159982001796934e+00
-7.683387664890068969e+00
-7.702612719498922011e+00
-7.721835158426222812e+00
-7.741054994442603920e+00
-7.760272240491471685e+00
-7.779486909688991148e+00
-7.798699015324104700e+00
-7.817908570858521422e+00
-7.837115589926718862e+00
-7.856320086335944808e+00
-7.875522074066211964e+00
-7.894721567270304163e+00
-7.913918580273775483e+00
-7.933113127574947576e+00
-7.952305223844914117e+00
-7.971494883927527475e+00
-7.990682122839419144e+00
-8.009866955769986419e+00
-8.029049398081395950e+00
-8.048229465308581965e+00
-8.067407173159246270e+00
-8.086582537513860913e+00
-8.105755574425668186e+00
-8.124926300120677070e+00
-8.144094730997670339e+00
-8.163260883628186804e+00
-8.182424774756549724e+00
-8.201586421299841945e+00
-8.220745840347916555e+00
-8.239903049163400439e+00
-8.259058065181680064e+00
-8.278210906010917469e+00
-8.297361589432039608e+00
-8.316510133398749005e+00
-8.335656556037511322e+00
-8.354800875647560687e+00
-8.373943110700901471e+00
-8.393083279842308286e+00
-8.412221401889320660e+00
-8.431357495832253690e+00
-8.450491580834183836e+00
-8.469623676230959575e+00
-8.488753801531197851e+00
-8.507881976416291181e+00
-8.527008220740384559e+00
-8.546132554530405656e+00
-8.565254997986050611e+00
-8.584375571479776923e+00
-8.603494295556817661e+00
-8.622611190935167258e+00
-8.641726278505599268e+00
-8.660839579331648608e+00
-8.679951114649616883e+00
-8.699060905868584825e+00
-8.718168974570389196e+00
-8.737275342509645881e+00
-8.756380031613733905e+00
-8.775483063982802534e+00
-8.794584461889776605e+00
-8.813684247780335212e+00
-8.832782444272934796e+00
-8.851879074158803817e+00
-8.870974160401935649e+00
-8.890067726139092130e+00
-8.909159794679803568e+00
-8.928250389506370510e+00
-8.947339534273861972e+00
-8.966427252810115434e+00
-8.985513569115740395e+00
-9.004598507364107718e+00
-9.023682091901363833e+00
-9.042764347246420087e+00
-9.061845298090963396e+00
-9.080924969299440264e+00
-9.100003385909067433e+00
-9.119080573129838996e+00
-9.138156556344506853e+00
-9.157231361108602030e+00
-9.176305013150418688e+00
-9.195377538371015902e+00
-9.214448962844228319e+00
-9.233519312816657276e+00
-9.252588614707672576e+00
-9.271656895109414265e+00
-9.290724180786789077e+00
-9.309790498677475767e+00
-9.328855875891914451e+00
-9.347920339713320814e+00
-9.366983917597682563e+00
-9.386046637173745211e+00
-9.405108526243033396e+00
-9.424169612779833116e+00
-9.443229924931205943e+00
-9.462289491016980136e+00
-9.481348339529745317e+00
-9.500406499134870231e+00
-9.519463998670486760e+00
-9.538520867147498805e+00
-9.557577133749576959e+00
-9.576632827833162054e+00
-9.595687978927458062e+00
-9.614742616734448077e+00
-9.633796771128876557e+00
-9.652850472158256423e+00
-9.671903750042874393e+00
-9.690956635175782097e+00
-9.710009158122803186e+00
-9.729061349622527999e+00
-9.748113240586311790e+00
-9.767164862098283606e+00
