0.000000000000000000e+00
7.798589176955990094e-04
2.492841426383352326e-04
-1.552433639502628785e-03
-4.586003743058998834e-03
-8.812135482361344030e-03
-1.419153817173940055e-02
-2.068492112552667780e-02
-2.825299365805098925e-02
-3.685646508364687907e-02
-4.645604471664344787e-02
-5.701244187136933483e-02
-6.848636586216039213e-02
-8.083852600334223704e-02
-9.402963160925140174e-02
-1.080203919942161889e-01
-1.227715164725641517e-01
-1.382437143586326411e-01
-1.543976949667462961e-01
-1.711941676112427591e-01
-1.885938416064495138e-01
-2.065574262666935168e-01
-2.250456309063137705e-01
-2.440191648396330959e-01
-2.634387373809905508e-01
-2.832650578447133971e-01
-3.034588355451276476e-01
-3.239807797965733038e-01
-3.447915999133723264e-01
-3.658520052098650499e-01
-3.871227050003775427e-01
-4.085644085992361507e-01
-4.301378253207811531e-01
-4.518036644793341772e-01
-4.735226353892358908e-01
-4.952554473648121958e-01
-5.169628097203889938e-01
-5.386054317703076189e-01
-5.601440228288887546e-01
-5.815392922104731799e-01
-6.027519492293871295e-01
-6.237427031999567273e-01
-6.444722634365220859e-01
-6.649013392534055544e-01
-6.849906399649468014e-01
-7.047008748854720617e-01
-7.239927533293084583e-01
-7.428269846107949936e-01
-7.611642780442549050e-01
-7.789653429440267507e-01
-7.961908886244375427e-01
-8.128016243998146262e-01
-8.287582595844963373e-01
-8.440215034928063575e-01
-8.585520654390828010e-01
-8.723106547376529019e-01
-8.852579807028451153e-01
-8.973547526489956683e-01
-9.085616798904303515e-01
-9.188394717414849477e-01
-9.281488375164884674e-01
-9.364504865297694769e-01
-9.437051280956627597e-01
-9.498734715284963270e-01
-9.549162261426034082e-01
-9.587941012523140127e-01
-9.614678061719581503e-01
-9.628980502158681620e-01
-9.630455426983743905e-01
-9.618709929338078446e-01
-9.593351102364994221e-01
-9.557051143216509503e-01
-9.521006004441497916e-01
-9.485483956558176111e-01
-9.450559926699853008e-01
-9.416265385170830005e-01
-9.382740353609814177e-01
-9.350316255365883622e-01
-9.319489196309318491e-01
-9.290791612713679148e-01
-9.264615191626998092e-01
-9.241060170751265179e-01
-9.219875997805618839e-01
-9.200520250115581389e-01
-9.182313063223455085e-01
-9.164624413167403727e-01
-9.147018592075292220e-01
-9.129299606547938151e-01
-9.111444558014223372e-01
-9.093460626633529387e-01
-9.075234252343848951e-01
-9.056444069994185053e-01
-9.036580922476472599e-01
-9.015071296724438410e-01
-8.991455017970055863e-01
-8.965543618865337017e-01
-8.937493034637844502e-01
-8.907760080525785051e-01
-8.876961003802887884e-01
-8.845691269283977309e-01
-8.814381091335941054e-01
-8.783244556183683605e-01
-8.752338787106347384e-01
-8.721701394689408415e-01
-8.691500262454810999e-01
-8.662124314343745413e-01
-8.634169580422683676e-01
-8.608320507362615670e-01
-8.585172319290736986e-01
-8.565066512095245166e-01
-8.548006969593009430e-01
-8.533690322717111254e-01
-8.521635985162133720e-01
-8.511359552317626642e-01
-8.502515824173197956e-01
-8.494952114165995605e-01
-8.488652498482838205e-01
-8.483601825839173216e-01
-8.479633790075711275e-01
-8.476334840018555639e-01
-8.473051916965192998e-01
-8.469007221323899826e-01
-8.463476746627400793e-01
-8.455961254811739103e-01
-8.446280867227666800e-01
-8.434556494847995634e-01
-8.421089130321182115e-01
-8.406191014026948016e-01
-8.390042336046086291e-01
-8.372634988409362045e-01
-8.353826174238395685e-01
-8.333475945948387587e-01
-8.311605430564670272e-01
-8.288502637898962355e-01
-8.264724616866797602e-01
-8.240989031273150411e-01
-8.217995768407659885e-01
-8.196249479120754078e-01
-8.175953922048164735e-01
-8.157018615074114187e-01
-8.139170638061212770e-01
-8.122119992938052757e-01
-8.105704842180939673e-01
-8.089952722721597267e-01
-8.075031246143082875e-01
-8.061110674858303904e-01
-8.048199973239763549e-01
-8.036030502492076399e-01
-8.024041941480997142e-01
-8.011481663343149595e-01
-7.997580268131727621e-01
-7.981733157906482079e-01
-7.963615506602551575e-01
-7.943186562320810884e-01
-7.920586683504174941e-01
-7.895976316088788582e-01
-7.869390463134324776e-01
-7.840674595851820916e-01
-7.809531685533470657e-01
-7.775660780736778355e-01
-7.738926651132548296e-01
-7.699485243592014694e-01
-7.657807580284095028e-01
-7.614587686621617779e-01
-7.570569661896660030e-01
-7.526363694727647990e-01
-7.482325602161795652e-01
-7.438547110579949440e-01
-7.394956292309173840e-01
-7.351479938755224319e-01
-7.308192773996098346e-01
-7.265384200565416783e-01
-7.223509585913104880e-01
-7.183044077523114135e-01
-7.144300558928347034e-01
-7.107290600599160957e-01
-7.071690422077653304e-01
-7.036929942185288223e-01
-7.002370646366299356e-01
-6.967499959790380837e-01
-6.932062021293239340e-01
-6.896073233960441362e-01
-6.859715119475434664e-01
-6.823168412700311158e-01
-6.786417988519335420e-01
-6.749261818632539267e-01
-6.711052295771859910e-01
-6.670913609827415769e-01
-6.628742058770140666e-01
-6.584787044745633589e-01
-6.539628172998285249e-01
-6.493953529150674475e-01
-6.448340698645563807e-01
-6.403092388570528204e-01
-6.358208165351818542e-01
-6.313495619506455103e-01
-6.268772277050708164e-01
-6.224068454541482609e-01
-6.179741439243060519e-01
-6.136448418858165832e-01
-6.094985213328582008e-01
-6.056054454713281077e-01
-6.020056726650594436e-01
-5.986988899619489768e-01
-5.956489514098554094e-01
-5.928010298202676109e-01
-5.901041275401806008e-01
-5.875295908311907178e-01
-5.850780917190119279e-01
-5.827724847571291722e-01
-5.806399186746347141e-01
-5.786910983313686696e-01
-5.769057295944299835e-01
-5.752305092018172861e-01
-5.735907319265832749e-01
-5.719109150074173087e-01
-5.701361551761129354e-01
-5.682457439501622520e-01
-5.662538897993528719e-01
-5.641977851032249358e-01
-5.621184201999201990e-01
-5.600423386124270264e-01
-5.579718473815014068e-01
-5.558874113033166475e-01
-5.537607257720735809e-01
-5.515725063037756337e-01
-5.493271959543671867e-01
-5.470582751256971576e-01
-5.448219474716236022e-01
-5.426818787317362336e-01
-5.406913052045781987e-01
-5.388797117272533521e-01
-5.372490856962300887e-01
-5.357805488813047745e-01
-5.344478104757347525e-01
-5.332312219079871074e-01
-5.321263180236405210e-01
-5.311434486872519400e-01
-5.302991683959357161e-01
-5.296036503804559814e-01
-5.290499773509272918e-01
-5.286101256645383550e-01
-5.282393500895472549e-01
-5.278869272310254823e-01
-5.275085022548765545e-01
-5.270747751182731644e-01
-5.265731199734785539e-01
-5.260020569127277223e-01
-5.253617532697621995e-01
-5.246454511062467185e-01
-5.238361383083799394e-01
-5.229101900778914125e-01
-5.218463148998589984e-01
-5.206355412603431709e-01
-5.192873734159101362e-01
-5.178289206803966538e-01
-5.162970126456150055e-01
-5.147265892959329570e-01
-5.131404829950515500e-01
-5.115452062983625314e-01
-5.099347103319613606e-01
-5.083004381210086686e-01
-5.066430003897004486e-01
-5.049798379236434265e-01
-5.033448134490630110e-01
-5.017791769377245581e-01
-5.003172685720147506e-01
-4.989729190922598256e-01
-4.977325689265255648e-01
-4.965585233604825066e-01
-4.954015301459991361e-01
-4.942178028752405305e-01
-4.929835100255005598e-01
-4.917006068568641197e-01
-4.903914018109612472e-01
-4.890839938626674321e-01
-4.877946917016539041e-01
-4.865150012194729978e-01
-4.852090458415538876e-01
-4.838230337946656245e-01
-4.823033485821327515e-01
-4.806161225751199861e-01
-4.787603512730029820e-01
-4.767691009370234601e-01
-4.746981600517127808e-01
-4.726066099041654756e-01
-4.705371102389274141e-01
-4.685038198984747271e-01
-4.664927228336157028e-01
-4.644740032433504751e-01
-4.624211478366757055e-01
-4.603286980868215861e-01
-4.582211881959116218e-01
-4.561495176259185436e-01
-4.541762222679441852e-01
-4.523556611380198933e-01
-4.507171413186686904e-01
-4.492576611718319679e-01
-4.479468828549155734e-01
-4.467418907233692837e-01
-4.456053727616386961e-01
-4.445196876121242924e-01
-4.434912754604162788e-01
-4.425441231557347699e-01
-4.417056513036229370e-01
-4.409914756318483731e-01
-4.403957400041867976e-01
-4.398910917064386417e-01
-4.394380645979250044e-01
-4.389995636586989658e-01
-4.385540638567215765e-01
-4.381018976538789134e-01
-4.376622327428247861e-01
-4.372625447928784603e-01
-4.369256761993290383e-01
-4.366605050662326626e-01
-4.364604397449084461e-01
-4.363102534153866507e-01
-4.361978646202372412e-01
-4.361253217934872861e-01
-4.361135364414726601e-01
-4.361981267697077613e-01
-4.364178288734232303e-01
-4.368004650984677051e-01
-4.373528044194318620e-01
-4.380591365794643255e-01
-4.388896068594629329e-01
-4.398149451765327456e-01
-4.408211503085505134e-01
-4.419173877750074975e-01
-4.431330731438054005e-01
-4.445047561329967256e-01
-4.460580336789477518e-01
-4.477922287532831724e-01
-4.496748014244915104e-01
-4.516486169435350861e-01
-4.536498283426048661e-01
-4.556294924450963180e-01
-4.575701340197770861e-01
-4.594902168812936005e-01
-4.614342553491223020e-01
-4.634521931095558211e-01
-4.655762453046033977e-01
-4.678046970032436191e-01
-4.700995493317517426e-01
-4.723993838188544903e-01
-4.746425915573927456e-01
-4.767917528330408716e-01
-4.788492874823885859e-01
-4.808578531859186711e-01
-4.828850316014284827e-01
-4.849981608353493012e-01
-4.872391923875323272e-01
-4.896094735753907523e-01
-4.920703860216120162e-01
-4.945594381587160027e-01
-4.970152719823581200e-01
-4.994015704688364865e-01
-5.017204194025146613e-01
-5.040100159147772318e-01
-5.063279338348714020e-01
-5.087268805675939642e-01
-5.112327231391853299e-01
-5.138334354798321790e-01
-5.164830634864564507e-01
-5.191187228242799545e-01
-5.216835340325870485e-01
-5.241463022241689140e-01
-5.265104049847694201e-01
-5.288089697401187061e-01
-5.310890204651628199e-01
-5.333915449882423720e-01
-5.357357043031194532e-01
-5.381132460563010644e-01
-5.404946762240068203e-01
-5.428438569101651234e-01
-5.451344542101654866e-01
-5.473613168260836881e-01
-5.495424146305698532e-01
-5.517111875047566727e-01
-5.539031826139684256e-01
-5.561430013650815463e-01
-5.584370207937903174e-01
-5.607744837858741338e-01
-5.631357239552129412e-01
-5.655032241134317905e-01
-5.678702257492971306e-01
-5.702430496378462221e-01
-5.726364080832628822e-01
-5.750643167201029415e-01
-5.775312243148204017e-01
-5.800277861105133104e-01
-5.825334313636270078e-01
-5.850245926047257239e-01
-5.874847343299512969e-01
-5.899113926938895913e-01
-5.923167556234066877e-01
-5.947212881003449692e-01
-5.971431899601042925e-01
-5.995885510371272709e-01
-6.020469561238908085e-01
-6.044949787385903717e-01
-6.069064744658466681e-01
-6.092653996670753802e-01
-6.115754950319378658e-01
-6.138622706896348369e-01
-6.161659092991755848e-01
-6.185276269530859405e-01
-6.209749967666168269e-01
-6.235124154482428738e-01
-6.261209140433400266e-01
-6.287676609003917116e-01
-6.314213807072249773e-01
-6.340672972290182230e-01
-6.367152659589399022e-01
-6.393974965380518904e-01
-6.421565735620230475e-01
-6.450285689850716597e-01
-6.480281745566748297e-01
-6.511420471534773435e-01
-6.543332342927675738e-01
-6.575550022534579764e-01
-6.607685101034929120e-01
-6.639571885861434986e-01
-6.671320610218578473e-01
-6.703259948495794429e-01
-6.735794314274337058e-01
-6.769236035783003924e-01
-6.803681876132925410e-01
-6.838983860271559134e-01
-6.874824439572253532e-01
-6.910862691909409605e-01
-6.946889541318248540e-01
-6.982927662768327881e-01
-7.019236304764644441e-01
-7.056221600789508441e-01
-7.094291893904528523e-01
-7.133718891227970316e-01
-7.174560668147381692e-01
-7.216674440145671721e-01
-7.259808244717229631e-01
-7.303727938068612646e-01
-7.348323004799022229e-01
-7.393646539607019452e-01
-7.439875401282470824e-01
-7.487212038363629807e-01
-7.535774187675639002e-01
-7.585522124791062026e-01
-7.636254491418141832e-01
-7.687671849925810097e-01
-7.739476677189149889e-01
-7.791463215755781713e-01
-7.843556863552919589e-01
-7.895787556596878254e-01
-7.948213084549724528e-01
-8.000831852438810010e-01
-8.053529453554800766e-01
-8.106087233151837435e-01
-8.158251248683529022e-01
-8.209830403022017054e-01
-8.260776974066527112e-01
-8.311208957558705590e-01
-8.361359409482410632e-01
-8.411471954733595879e-01
-8.461688246690681758e-01
-8.511979713398633018e-01
-8.562158414812146567e-01
-8.611967134754605624e-01
-8.661211966052356770e-01
-8.709878376351867235e-01
-8.758175054898442724e-01
-8.806478567172555394e-01
-8.855194560509943580e-01
-8.904589822178345937e-01
-8.954666200521241848e-01
-9.005133915243010989e-01
-9.055502435157128938e-01
-9.105257615592463605e-01
-9.154055110275826079e-01
-9.201849378392397139e-01
-9.248900875000790611e-01
-9.295652902753352986e-01
-9.342524323228766914e-01
-9.389701951196591789e-01
-9.437020366736806887e-01
-9.483984143229218233e-01
-9.529930458720596853e-01
-9.574271730426460181e-01
-9.616722598486613371e-01
-9.657418718505376143e-01
-9.696876126674094376e-01
-9.735803355168841655e-01
-9.774838565131668267e-01
-9.814315998819683751e-01
-9.854155893906335617e-01
-9.893923450026168576e-01
-9.933034653317224238e-01
-9.971027091432264067e-01
-1.000778662137571384e+00
-1.004363735523989831e+00
-1.007925668397117169e+00
-1.011544709760382244e+00
-1.015285412719485247e+00
-1.019174150856650085e+00
-1.023191187740848385e+00
-1.027280314501119785e+00
-1.031372073747427454e+00
-1.035411230989935039e+00
-1.039377593795745680e+00
-1.043292090979068609e+00
-1.047206024894397292e+00
-1.051178155217904475e+00
-1.055249042895253009e+00
-1.059422998680637162e+00
-1.063664707589176084e+00
-1.067911582839581541e+00
-1.072096618827855119e+00
-1.076172481758662647e+00
-1.080127363530718476e+00
-1.083986714696100861e+00
-1.087800798844471561e+00
-1.091623647536345221e+00
-1.095492173060569563e+00
-1.099413723337957061e+00
-1.103366569793290397e+00
-1.107312380413562503e+00
-1.111214925133002129e+00
-1.115057030961674300e+00
-1.118848941149513943e+00
-1.122625108127923266e+00
-1.126431342644782063e+00
-1.130308080175602026e+00
-1.134276778659200513e+00
-1.138334736204523301e+00
-1.142459770110165529e+00
-1.146621993184657295e+00
-1.150797142532319794e+00
-1.154975660874012489e+00
-1.159163981835103607e+00
-1.163378118975078479e+00
-1.167633044088540739e+00
-1.171932997266211363e+00
-1.176267154306063212e+00
-1.180612413404905636e+00
-1.184941724632044613e+00
-1.189233903691253369e+00
-1.193480342376778358e+00
-1.197685629590726109e+00
-1.201862042920087692e+00
-1.206020777572651692e+00
-1.210164306239926990e+00
-1.214283708424244601e+00
-1.218362434408156947e+00
-1.222384868217335940e+00
-1.226345668254500643e+00
-1.230255332090252285e+00
-1.234139018229372553e+00
-1.238028693806299430e+00
-1.241951795932266567e+00
-1.245921359007492013e+00
-1.249932124082298035e+00
-1.253964637686784123e+00
-1.257995825937629153e+00
-1.262011548112078607e+00
-1.266015545543332399e+00
-1.270030561640645761e+00
-1.274090689824694422e+00
-1.278227823748451009e+00
-1.282457791288526439e+00
-1.286772131812145448e+00
-1.291139290746783352e+00
-1.295515125615002150e+00
-1.299858664433048538e+00
-1.304146713064198604e+00
-1.308381235438069057e+00
-1.312586337971749950e+00
-1.316795984087941962e+00
-1.321037461076954633e+00
-1.325317461207383474e+00
-1.329616626247477118e+00
-1.333894937402188674e+00
-1.338105844124497512e+00
-1.342213391434010639e+00
-1.346205341228923436e+00
-1.350096929281094260e+00
-1.353923761076786247e+00
-1.357726803611280175e+00
-1.361535629498506150e+00
-1.365356699402963114e+00
-1.369171292795086758e+00
-1.372943654284653370e+00
-1.376635721747418994e+00
-1.380222193630207705e+00
-1.383699722047011083e+00
-1.387086643454954915e+00
-1.390413707974397672e+00
-1.393709993050822549e+00
-1.396990038551729763e+00
-1.400247493521122433e+00
-1.403457614971618250e+00
-1.406587131893648035e+00
-1.409606944199022660e+00
-1.412502146680973514e+00
-1.415275302650826239e+00
-1.417942034911952920e+00
-1.420521417137518672e+00
-1.423025827249188024e+00
-1.425454939896958484e+00
-1.427796442863739745e+00
-1.430032855204611320e+00
-1.432150984081155043e+00
-1.434149375921888847e+00
-1.436040124058833412e+00
-1.437844113083254438e+00
-1.439581964104994061e+00
-1.441265076126100553e+00
-1.442891226143776073e+00
-1.444447127017021604e+00
-1.445917056621223384e+00
-1.447293669845649777e+00
-1.448585804727563708e+00
-1.449819178134367004e+00
-1.451028949918877098e+00
-1.452246883808558042e+00
-1.453488561679578073e+00
-1.454746519939056570e+00
-1.455992949215707100e+00
-1.457191583660432554e+00
-1.458314289932829855e+00
-1.459355469887177126e+00
-1.460337867760724606e+00
-1.461306673222380947e+00
-1.462313652485018656e+00
-1.463397420111599345e+00
-1.464567969234205513e+00
-1.465802196929430368e+00
-1.467052874004736829e+00
-1.468267996544637022e+00
-1.469412994835939124e+00
-1.470486776744680313e+00
-1.471524772575085072e+00
-1.472587244628242864e+00
-1.473737090999137189e+00
-1.475015761435458206e+00
-1.476426880602033975e+00
-1.477934267515657485e+00
-1.479475363487052331e+00
-1.480984902692084049e+00
-1.482419490765236603e+00
-1.483773314665483900e+00
-1.485078704003967687e+00
-1.486391309597897559e+00
-1.487765826535575320e+00
-1.489231981058171117e+00
-1.490780368167421210e+00
-1.492363714139900877e+00
-1.493912941354575086e+00
-1.495361533061156045e+00
-1.496668505654662917e+00
-1.497831040126782254e+00
-1.498882141689035885e+00
-1.499874773766090463e+00
-1.500859247563808285e+00
-1.501863107728354185e+00
-1.502881421405438012e+00
-1.503880899387810999e+00
-1.504815564440466380e+00
-1.505647102086435485e+00
-1.506361413755037404e+00
-1.506974802896846377e+00
-1.507527746441366556e+00
-1.508069380825180161e+00
-1.508639492277447758e+00
-1.509255477470391016e+00
-1.509909265873465412e+00
-1.510574729856608345e+00
-1.511221658754464903e+00
-1.511829815267610178e+00
-1.512396941044874765e+00
-1.512937566011715473e+00
-1.513473705266695557e+00
-1.514022097917478549e+00
-1.514584016014062673e+00
-1.515142310042903340e+00
-1.515666938401053709e+00
-1.516126324635438394e+00
-1.516499255404892388e+00
-1.516781844126192436e+00
-1.516986401384841532e+00
-1.517132812791718299e+00
-1.517236525865861774e+00
-1.517298895140887449e+00
-1.517304652224582329e+00
-1.517228069706411997e+00
-1.517045376667351286e+00
-1.516747972126495814e+00
-1.516350366905854230e+00
-1.515888881132933630e+00
-1.515411077515230742e+00
-1.514960013828827723e+00
-1.514559831622953157e+00
-1.514208853497376328e+00
-1.513883317154159025e+00
-1.513550381149538993e+00
-1.513185001303464450e+00
-1.512783454154223328e+00
-1.512367508614495870e+00
-1.511977067300435795e+00
-1.511653942570307274e+00
-1.511423265452711329e+00
-1.511280206689362471e+00
-1.511187664435925671e+00
-1.511086151129747535e+00
-1.510912119186152536e+00
-1.510617466403485043e+00
-1.510182459640388108e+00
-1.509617025253572997e+00
-1.508950135174393248e+00
-1.508211898488847957e+00
-1.507415918144253686e+00
-1.506549284250653598e+00
-1.505574357775730565e+00
-1.504441605240345092e+00
-1.503108213304849450e+00
-1.501554905516505389e+00
-1.499794219224374059e+00
-1.497867083654033094e+00
-1.495829336599348691e+00
-1.493733825716153873e+00
-1.491615328299711773e+00
-1.489484084897461535e+00
-1.487329962701607444e+00
-1.485134793106426043e+00
-1.482887146992407423e+00
-1.480593047586399535e+00
-1.478278130424532710e+00
-1.475980581293828919e+00
-1.473738124143321615e+00
-1.471574716612126688e+00
-1.469492493151662638e+00
-1.467472026699810472e+00
-1.465480309882881471e+00
-1.463482617874904967e+00
-1.461452992364238090e+00
-1.459379026958365966e+00
-1.457259434004889220e+00
-1.455096224306127839e+00
-1.452885720125082880e+00
-1.450613006070549327e+00
-1.448252671409269610e+00
-1.445775661174603322e+00
-1.443159149412822195e+00
-1.440394910894506886e+00
-1.437492350231871052e+00
-1.434474825609511006e+00
-1.431371042460756859e+00
-1.428205604656286765e+00
-1.424993218829510022e+00
-1.421739343564238700e+00
-1.418447018508244728e+00
-1.415126588398792684e+00
-1.411803461429846696e+00
-1.408519687219111249e+00
-1.405327786414049207e+00
-1.402278770168406741e+00
-1.399409080905926528e+00
-1.396731966220360777e+00
-1.394237126316052233e+00
-1.391898995834353947e+00
-1.389690225841485161e+00
-1.387594508244384350e+00
-1.385612969237990599e+00
-1.383761011750737735e+00
-1.382056634317011090e+00
-1.380505129330804825e+00
-1.379086943059708581e+00
-1.377754437017361777e+00
-1.376439709220832475e+00
-1.375070981538460968e+00
-1.373591305849198863e+00
-1.371972136009883547e+00
-1.370216247462939352e+00
-1.368348822151979283e+00
-1.366400463460085257e+00
-1.364389367085522053e+00
-1.362310339099719103e+00
-1.360135556074255403e+00
-1.357827016066196713e+00
-1.355355595193735274e+00
-1.352718648125260437e+00
-1.349948473740934851e+00
-1.347107613179404417e+00
-1.344272365973899097e+00
-1.341510842830722972e+00
-1.338864239290502134e+00
-1.336338756472083222e+00
-1.333911196755213746e+00
-1.331545592658132104e+00
-1.329213638391316676e+00
-1.326910121731757597e+00
-1.324656682037521183e+00
-1.322492168495334797e+00
-1.320453576021233699e+00
-1.318555595669974156e+00
-1.316777514303463903e+00
-1.315063225411864156e+00
-1.313334701346281053e+00
-1.311513684684122882e+00
-1.309542982070998285e+00
-1.307398866754654332e+00
-1.305090110318940066e+00
-1.302644026747002970e+00
-1.300087420836967267e+00
-1.297426892637260076e+00
-1.294648469055567075e+00
-1.291673490497206922e+00
-1.288456126974688365e+00
-1.285006734091373781e+00
-1.281364592765891208e+00
-1.277596173924754996e+00
-1.273773544640221855e+00
-1.269955998804520370e+00
-1.266177854263298874e+00
-1.262448424548149761e+00
-1.258763073053509762e+00
-1.255120014337611778e+00
-1.251534987678126765e+00
-1.248046992777383846e+00
-1.244712223769121939e+00
-1.241588502892913004e+00
-1.238716653561692915e+00
-1.236106599247493110e+00
-1.233733970829776316e+00
-1.231548533363302722e+00
-1.229490746422978509e+00
-1.227509395419911442e+00
-1.225572942344696159e+00
-1.223670124026914774e+00
-1.221800090106089698e+00
-1.219956959434947308e+00
-1.218116103621188939e+00
-1.216228702355064417e+00
-1.214227505378135730e+00
-1.212041851665167647e+00
-1.209615952247441006e+00
-1.206922985175767016e+00
-1.203969298245312292e+00
-1.200787205050735551e+00
-1.197419679402601744e+00
-1.193903625003404967e+00
-1.190258875545150641e+00
-1.186487469745670875e+00
-1.182583182007038713e+00
-1.178546753668531455e+00
-1.174399728115579133e+00
-1.170190338082164327e+00
-1.165988311207834860e+00
-1.161870234480346209e+00
-1.157901195149187101e+00
-1.154120043838252174e+00
-1.150534106865086725e+00
-1.147125169258620181e+00
-1.143863785671085598e+00
-1.140725504592176254e+00
-1.137701902512803009e+00
-1.134801703239162185e+00
-1.132041666544435943e+00
-1.129431461881787557e+00
-1.126959437590472790e+00
-1.124585891731159970e+00
-1.122247279942802489e+00
-1.119870123571620857e+00
-1.117389222586731901e+00
-1.114762933880363516e+00
-1.111979529862455518e+00
-1.109052461424894664e+00
-1.106007085860123418e+00
-1.102864997145384329e+00
-1.099633002709861307e+00
-1.096301645103569866e+00
-1.092853904281271493e+00
-1.089280186622244351e+00
-1.085592867885199375e+00
-1.081833740388459475e+00
-1.078070683799836837e+00
-1.074384451767292026e+00
-1.070850672197074971e+00
-1.067524184535591836e+00
-1.064431811514079618e+00
-1.061576029045402603e+00
-1.058947325322878052e+00
-1.056539344634469968e+00
-1.054359796832208040e+00
-1.052432053765162800e+00
-1.050786502662678368e+00
-1.049445298809273064e+00
-1.048407165214029879e+00
-1.047639000297743817e+00
-1.047078247108298443e+00
-1.046645449172797004e+00
-1.046262117442850137e+00
-1.045866813781320293e+00
-1.045423174651266107e+00
-1.044917102493620131e+00
-1.044345028076439919e+00
-1.043698977489333268e+00
-1.042955512308427757e+00
-1.042073871656812534e+00
-1.041004579946533948e+00
-1.039705147620965331e+00
-1.038156287765690244e+00
-1.036371697963207161e+00
-1.034397080773914901e+00
-1.032298572280333948e+00
-1.030145187285826491e+00
-1.027992372046288905e+00
-1.025873193356976243e+00
-1.023800325755553020e+00
-1.021777304322701418e+00
-1.019813500989730670e+00
-1.017935685390955580e+00
-1.016190537685541129e+00
-1.014636443707938263e+00
-1.013327610012425550e+00
-1.012296959048712086e+00
-1.011544922990647466e+00
-1.011038856868398783e+00
-1.010723361393007558e+00
-1.010537243734799029e+00
-1.010430107799689559e+00
-1.009420907664088318e+00
-1.007275451732551286e+00
-1.004026700758621216e+00
-9.997076154958383087e-01
-9.943511566977463190e-01
-9.879902851178844481e-01
-9.806579615097960057e-01
-9.723871466270240793e-01
-9.632108012231073157e-01
-9.531618860515913561e-01
-9.422733618660137367e-01
-9.305781894199179893e-01
-9.181093294668488669e-01
-9.048997427603427957e-01
-8.909823900539471930e-01
-8.763902321011980412e-01
-8.611562296556395379e-01
-8.453133434708172134e-01
-8.288945343002663835e-01
-8.119327628975354649e-01
-7.944609900161589966e-01
-7.765121764096820645e-01
-7.581192828316514198e-01
-7.393152700355998252e-01
-7.201330987750779178e-01
-7.006057298036185710e-01
-6.807661238747680921e-01
-6.606472417420727883e-01
-6.402820441590648670e-01
-6.197034918792964087e-01
-5.989445456562987324e-01
-5.780381662436188117e-01
-5.570173143948031758e-01
-5.359149508633839210e-01
-5.147640364029123505e-01
-4.935975317669211715e-01
-4.724483977089563025e-01
-4.513495949825644393e-01
-4.303340843412782890e-01
-4.094348265386482666e-01
-3.886847823282076342e-01
-3.681169124635021994e-01
-3.477641776980787136e-01
-3.276595387854697172e-01
-3.078359564792257919e-01
-2.883263915328800886e-01
-2.691638046999788036e-01
-2.503811567340676891e-01
-2.320114083886804512e-01
-2.140875204173666724e-01
-1.966424535736603918e-01
-1.797091686111074171e-01
-1.633206262832532230e-01
-1.475097873436319595e-01
-1.323096125457893790e-01
-1.177530626432703870e-01
-1.038730983896102994e-01
-9.070268053835700561e-02
-7.827476984304637675e-02
-6.662232705722326287e-02
-5.577831293443183402e-02
-4.577568822820904382e-02
-3.664741369210092192e-02
-2.842645007964528236e-02
-2.114575814438626744e-02
-1.483829863986646513e-02
-9.537032319625438070e-03
-5.274919937206745679e-03
-2.084922246150783254e-03
2.775557561562891351e-17
