8.673617379884035472e-17
1.532645964451811831e-02
2.965746082703554776e-02
4.302501061642774460e-02
5.546111608158262735e-02
6.699778429137914770e-02
7.766702231469668760e-02
8.750083722042206746e-02
9.653123607743281653e-02
1.047902259546148740e-01
1.123098139208480312e-01
1.191220070450127455e-01
1.252588123959939848e-01
1.307522370426709435e-01
1.356342880539279372e-01
1.399369724986456731e-01
1.436922974457051916e-01
1.469322699639900587e-01
1.496888971223808706e-01
1.519941859897606939e-01
1.538801436350107354e-01
1.553787771270126739e-01
1.565220935346489928e-01
1.573420999268013432e-01
1.578708033723517090e-01
1.581402109401820189e-01
1.581823296991740346e-01
1.580291667182097681e-01
1.577127290661711756e-01
1.572650238119399912e-01
1.567180580243982824e-01
1.561038387724279775e-01
1.554543731249109217e-01
1.548016681507290715e-01
1.541777309187641609e-01
1.536145684978983406e-01
1.531441879570135112e-01
1.527985963649913237e-01
1.526098007907139287e-01
1.526098083030631436e-01
1.528306259709210080e-01
1.533042608631691173e-01
1.540627200486897885e-01
1.551380105963644784e-01
1.565621395750755873e-01
1.583671140537049049e-01
1.605849411011337491e-01
1.632476277862450198e-01
1.663871811779194521e-01
1.700356083450403344e-01
1.742249163564889847e-01
1.789871122811461379e-01
1.843542031878959153e-01
1.903581961456176641e-01
1.970310982231961439e-01
2.044049164895119508e-01
2.125116580134450428e-01
2.213833298638810676e-01
2.310519391096979014e-01
2.415494928197817748e-01
2.529079980630125624e-01
2.651594619082692783e-01
2.783358914244394855e-01
2.924692936803988674e-01
3.075916757450360417e-01
3.237350446872296339e-01
3.407438773622453176e-01
3.579129832761493435e-01
3.750932220031370501e-01
3.921288574186893583e-01
4.089229733854640170e-01
4.254767297325364184e-01
4.418863991925167101e-01
4.583003420852580501e-01
4.748549554628670455e-01
4.916170576062355302e-01
5.085567923894986908e-01
5.255616872700906717e-01
5.424849064776624541e-01
5.592065736601936621e-01
5.756821593940494308e-01
5.919581061837602132e-01
6.081491580040546685e-01
6.243880150838880816e-01
6.407691229714125303e-01
6.573101139509951452e-01
6.739462580485761078e-01
6.905590455575920661e-01
7.070258657558914361e-01
7.232695277322828131e-01
7.392872410996226273e-01
7.551479876590413420e-01
7.709606712955614505e-01
7.868273013229050150e-01
8.028009573766221596e-01
8.188654467736214970e-01
8.349439513039476068e-01
8.509318197460107314e-01
8.667390978345362873e-01
8.823251536235882098e-01
8.977118290381134180e-01
9.129708865272094798e-01
9.281920634561152683e-01
9.434454888374651516e-01
9.587537479442651556e-01
9.740842212766608332e-01
9.893637070057168525e-01
1.004508411442168070e+00
1.019456699341689587e+00
1.034191577311824872e+00
1.048744577337515693e+00
1.063180432389341679e+00
1.077569439135650065e+00
1.091958823088322372e+00
1.106354256939605429e+00
1.120718254781404521e+00
1.134985385555438153e+00
1.149087822509575751e+00
1.162981063181882657e+00
1.176659954915817652e+00
1.190159152880519988e+00
1.203538193090891495e+00
1.216857176070318181e+00
1.230152497686757718e+00
1.243421924018875524e+00
1.256624694535614539e+00
1.269696622419198118e+00
1.282574453716527341e+00
1.295220159386023973e+00
1.307635727524057545e+00
1.319862490709700964e+00
1.331964892097550202e+00
1.344004650533812351e+00
1.356015231477336824e+00
1.367986767932741987e+00
1.379867837049286727e+00
1.391584061982578335e+00
1.403066776067759092e+00
1.414280617479195534e+00
1.425238804503841772e+00
1.435999274342818488e+00
1.446642321363012629e+00
1.457237988302438003e+00
1.467816128547345222e+00
1.478351640132135714e+00
1.488771749632392227e+00
1.498983429613838014e+00
1.508910550178844012e+00
1.518525761215425929e+00
1.527863535256345884e+00
1.537007999151318804e+00
1.546059486975416508e+00
1.555092878946845669e+00
1.564124843330843895e+00
1.573104125493680394e+00
1.581929933163951363e+00
1.590491825184998875e+00
1.598715151773647314e+00
1.606593105589626980e+00
1.614191371212936099e+00
1.621622438017697565e+00
1.628999394511368770e+00
1.636388077267125318e+00
1.643777763403986292e+00
1.651083348814062823e+00
1.658178972619250180e+00
1.664949685329654816e+00
1.671339721275859391e+00
1.677376821636095805e+00
1.683161734251542807e+00
1.688826585087961796e+00
1.694479207411031529e+00
1.700156840639814648e+00
1.705809053380519025e+00
1.711317640139076390e+00
1.716545588738448203e+00
1.721394670533829663e+00
1.725847205187923894e+00
1.729973990240076809e+00
1.733904544132730319e+00
1.737772214950719318e+00
1.741656457970552019e+00
1.745550278104993858e+00
1.749355663713066056e+00
1.752945976099459902e+00
1.756153849301283376e+00
1.759066669769826063e+00
1.761988730764344036e+00
1.764791727446799463e+00
1.767352102950368486e+00
1.769555041052195188e+00
1.771361164992849346e+00
1.772817155834022440e+00
1.774037312903257391e+00
1.775152279419040635e+00
1.776251962357673131e+00
1.777346114944991839e+00
1.778360223811793039e+00
1.779168181223547140e+00
1.779647374316847497e+00
1.779732079090325936e+00
1.779441956952040105e+00
1.778873443396703058e+00
1.778158012487574435e+00
1.777405613804576845e+00
1.776657827917595300e+00
1.775870849400526863e+00
1.774935327021812892e+00
1.773724130740736982e+00
1.772147208988987810e+00
1.770189913911162982e+00
1.767918606378629187e+00
1.765451688850572687e+00
1.762909037649089017e+00
1.760361798272120248e+00
1.757803918853577674e+00
1.755157068957982958e+00
1.752306091267238797e+00
1.749149182679107906e+00
1.745641105172049512e+00
1.741811257434619842e+00
1.737749655660485448e+00
1.733567740310650196e+00
1.729351436451361135e+00
1.725126649893291786e+00
1.720851429664036925e+00
1.716437185184397585e+00
1.711788874734274879e+00
1.706846346255223246e+00
1.701609173221330318e+00
1.696135043510996088e+00
1.690513470020749587e+00
1.684827117986256395e+00
1.679117828649295596e+00
1.673371690516809451e+00
1.667528719622956235e+00
1.661511885763422347e+00
1.655262113443354721e+00
1.648763884658099643e+00
1.642050802650742991e+00
1.635189626810479302e+00
1.628250687910919758e+00
1.621278154208946276e+00
1.614273089455122712e+00
1.607196107437591337e+00
1.599987590324734477e+00
1.592595862480453484e+00
1.585000649302043652e+00
1.577221753068744681e+00
1.569309773920100737e+00
1.561323697060236215e+00
1.553305727901499234e+00
1.545264527409715205e+00
1.537173840138353231e+00
1.528986478799025939e+00
1.520656915510751439e+00
1.512162251897285037e+00
1.503512478806213970e+00
1.494745996577009794e+00
1.485912971323243958e+00
1.477054283036360438e+00
1.468185387826376420e+00
1.459291852479271734e+00
1.450337942371622724e+00
1.441283932028797565e+00
1.432104259097759513e+00
1.422798693595455077e+00
1.413392128219309596e+00
1.403923738572519841e+00
1.394430776719968845e+00
1.384934225714256062e+00
1.375432274835606705e+00
1.365903803571261177e+00
1.356319624218262021e+00
1.346656107460949547e+00
1.336905250564216274e+00
1.327077291192358066e+00
1.317195518875348803e+00
1.307286308644187711e+00
1.297369123886769726e+00
1.287450703586716871e+00
1.277525324391818096e+00
1.267580135067641889e+00
1.257602466415690401e+00
1.247585599570183001e+00
1.237530733850836562e+00
1.227445042143256115e+00
1.217337603656678313e+00
1.207215745362846482e+00
1.197083653238912859e+00
1.186943523293001235e+00
1.176797946832025987e+00
1.166651536107558229e+00
1.156510359471213167e+00
1.146379220955926481e+00
1.136258345703092143e+00
1.126141721866340095e+00
1.116018736905122877e+00
1.105879065160669805e+00
1.095718851531444882e+00
1.085545125533507127e+00
1.075375765291392671e+00
1.065234185603521233e+00
1.055140457699813350e+00
1.045102574079469049e+00
1.035111994347706288e+00
1.025146079330474969e+00
1.015177086758304315e+00
1.005184337776634296e+00
9.951643996990054974e-01
9.851345892353368106e-01
9.751277287054278542e-01
9.651798515338766427e-01
9.553157799957386898e-01
9.455387121437214271e-01
9.358285150116537610e-01
9.261498390181032159e-01
9.164669502492441833e-01
9.067591609041405487e-01
8.970302900951087066e-01
8.873079817090103738e-01
8.776329702430454294e-01
8.680427015047760264e-01
8.585562016292171972e-01
8.491666330331834045e-01
8.398447355671732062e-01
8.305517005574696299e-01
8.212559739161546801e-01
8.119468013620062541e-01
8.026387538139667654e-01
7.933653873244346233e-01
7.841648969146463033e-01
7.750640709506104731e-01
7.660675105007253016e-01
7.571566910326433808e-01
7.482990807010572176e-01
7.394631258488335579e-01
7.306324072514897017e-01
7.218127428540805912e-01
7.130292277747934948e-01
7.043147144719610342e-01
6.956950284852521094e-01
6.871776104503026783e-01
6.787486670412113954e-01
6.703800398441736030e-01
6.620426054165035046e-01
6.537200745132595303e-01
6.454168860679542208e-01
6.371565642528772555e-01
6.289712291281843726e-01
6.208869787058509671e-01
6.129117819759288821e-01
6.050314561415216508e-01
5.972156922368151433e-01
5.894315709962132388e-01
5.816585955018630516e-01
5.738984983509018978e-01
5.661753186664737481e-01
5.585255135236193436e-01
5.509822960941908043e-01
5.435610147171268114e-01
5.362520278134099705e-01
5.290243259999923842e-01
5.218384908464258620e-01
5.146634930663585017e-01
5.074901119905297353e-01
5.003351662033375113e-01
4.932346760966034860e-01
4.862288315760676660e-01
4.793451561318992638e-01
4.725870234462421493e-01
4.659323774126769568e-01
4.593431262673535187e-01
4.527811238120659221e-01
4.462239149577927888e-01
4.396736305100245601e-01
4.331554360997915687e-01
4.267064331162948032e-01
4.203599221404221709e-01
4.141317690058434753e-01
4.080145283483528895e-01
4.019815163193182217e-01
3.959987329924040678e-01
3.900392783451764322e-01
3.840940531010243464e-01
3.781743781887244582e-01
3.723058150465545779e-01
3.665162836862718709e-01
3.608238946105784550e-01
3.552297763222256322e-01
3.497187457424060786e-01
3.442670875431107502e-01
3.388535936991927677e-01
3.334687498953325946e-01
3.281180410069531317e-01
3.228181890788490715e-01
3.175884023991311089e-01
3.124409111922785698e-01
3.073752341660281884e-01
3.023787401164844124e-01
2.974330547213286380e-01
2.925231274832789663e-01
2.876445731946714601e-01
2.828057704985758591e-01
2.780237074407490017e-01
2.733155347689580350e-01
2.686898371892434967e-01
2.641418069500139909e-01
2.596547189081130358e-01
2.552071760356652841e-01
2.507828694819704274e-01
2.463783396522825631e-01
2.420050377994354129e-01
2.376845451726352643e-01
2.334389321709955389e-01
2.292805178880656658e-01
2.252056747133529546e-01
2.211956039546602859e-01
2.172239329960637677e-01
2.132679163817318702e-01
2.093183384544840542e-01
2.053836912358314726e-01
2.014866593848361753e-01
1.976543129813211896e-01
1.939062048727471788e-01
1.902455509663083799e-01
1.866573880998083912e-01
1.831145948562400427e-01
1.795892359277300177e-01
1.760643484879398646e-01
1.725410606112357248e-01
1.690379309231414551e-01
1.655827638211656017e-01
1.622004295129809981e-01
1.589019461148947487e-01
1.556795324930017321e-01
1.525097540566751064e-01
1.493633858059769115e-01
1.462177236833195060e-01
1.430660381877785770e-01
1.399201209334113571e-01
1.368048710436720050e-01
1.337473004580111979e-01
1.307647167334744231e-01
1.278571538373760863e-01
1.250072528099594182e-01
1.221875697672647754e-01
1.193721084758684603e-01
1.165471052735107399e-01
1.137164750598844143e-01
1.108996730034998990e-01
1.081229939377994775e-01
1.054081131493716378e-01
1.027627840815850402e-01
1.001775886913190416e-01
9.762998661755015184e-02
9.509378914784788472e-02
9.254993352916271454e-02
8.999398908685896092e-02
8.743733046252595564e-02
8.490167355364877655e-02
8.240947730961246942e-02
7.997437281280521393e-02
7.759562486248661184e-02
7.525878697599074074e-02
7.294202206868960481e-02
7.062520177177840364e-02
6.829785389982787058e-02
6.596269202073280769e-02
6.363347923031531517e-02
6.132842903700762294e-02
5.906216267038773282e-02
5.683968343215187180e-02
5.465477084894408699e-02
5.249317169562486146e-02
5.033890743890268721e-02
4.818080621991129020e-02
4.601647421455416082e-02
4.385221877325552048e-02
4.169928707835122983e-02
3.956834607053825309e-02
3.746473906910771645e-02
3.538651019571326800e-02
3.332580784122688572e-02
3.127273448675464002e-02
2.921970039577107339e-02
2.716427866256566556e-02
2.510941014804721899e-02
2.306111691364255006e-02
2.102502035174639433e-02
1.900341004990996341e-02
1.699420785354164090e-02
1.499216260200247723e-02
1.299150621023923736e-02
1.098864514909234612e-02
8.983539393876921117e-03
6.979154375228684495e-03
4.979374897377645236e-03
2.986534121517771430e-03
9.998627222679342796e-04
-9.843533978627807927e-04
-2.971023948331647738e-03
-4.963863108426048304e-03
-6.963640362679253924e-03
-8.968022803510215801e-03
-1.097312585905963270e-02
-1.297598428460081457e-02
-1.497663811068465634e-02
-1.697868073739879080e-02
-1.898788002740715505e-02
-2.100948684659080523e-02
-2.304557912382267093e-02
-2.509386713564571228e-02
-2.714872944792662279e-02
-2.920414398986683965e-02
-3.125717004583240810e-02
-3.331023474085753611e-02
-3.537092804583708006e-02
-3.744914772125376712e-02
-3.955274548937291051e-02
-4.168367716313134408e-02
-4.383659928201264627e-02
-4.600084472128161683e-02
-4.816516602361641669e-02
-5.032325561237745160e-02
-5.247750721710832400e-02
-5.463909272991526039e-02
-5.682399079138145126e-02
-5.904645476954509253e-02
-6.131270525600560073e-02
-6.361773906644918597e-02
-6.594693510484034293e-02
-6.828207992977479435e-02
-7.060941040157654724e-02
-7.292621282200503763e-02
-7.524295919664043819e-02
-7.757977773712899927e-02
-7.995850547544500198e-02
-8.239358888519753010e-02
-8.488576324884683499e-02
-8.742139758379463554e-02
-8.997803303278692488e-02
-9.253395379381558483e-02
-9.507778531021326973e-02
-9.761395828673832820e-02
-1.001615354685004705e-01
-1.027467054880635972e-01
-1.053920085939684947e-01
-1.081068626527185161e-01
-1.108835141130043722e-01
-1.137002877065550061e-01
-1.165308886639950803e-01
-1.193558619425403033e-01
-1.221712927490278683e-01
-1.249909448175092058e-01
-1.278408143675582587e-01
-1.307483452901599674e-01
-1.337308965367173808e-01
-1.367884341182136754e-01
-1.399036504098467859e-01
-1.430495333981925410e-01
-1.462011838252936513e-01
-1.493468099940806482e-01
-1.524931413890199261e-01
-1.556628821323688960e-01
-1.588852574217187452e-01
-1.621837020660806261e-01
-1.655659973617591429e-01
-1.690211252334336001e-01
-1.725242154638705616e-01
-1.760474634867904842e-01
-1.795723104393820990e-01
-1.830976279994560585e-01
-1.866403787968066719e-01
-1.902284979963999312e-01
-1.938891070748866019e-01
-1.976371694777432908e-01
-2.014694696368866667e-01
-2.053664551490208823e-01
-2.093010562477404801e-01
-2.132505883493467091e-01
-2.172065592297512393e-01
-2.211781842177839574e-01
-2.251882083176683924e-01
-2.292630037250411590e-01
-2.334213689328773766e-01
-2.376669315364252633e-01
-2.419873726231801248e-01
-2.463606221715008426e-01
-2.507650993371070558e-01
-2.551893532520301822e-01
-2.596368438399486167e-01
-2.641238800889394445e-01
-2.686718589808030355e-01
-2.732975054021907768e-01
-2.780056267074202392e-01
-2.827876376874474129e-01
-2.876263871622430357e-01
-2.925048869223349501e-01
-2.974147583976976539e-01
-3.023603870654819614e-01
-3.073568238786226203e-01
-3.124224436253830173e-01
-3.175698779494777746e-01
-3.227996084590993853e-01
-3.280994049962846493e-01
-3.334500591187370411e-01
-3.388348484375552361e-01
-3.442482876443792028e-01
-3.496998906285400111e-01
-3.552108651093107139e-01
-3.608049263075437940e-01
-3.664972573757371288e-01
-3.722867299953274145e-01
-3.781552339504262727e-01
-3.840748495603694690e-01
-3.900200158226643232e-01
-3.959794121789110277e-01
-4.019621380943867450e-01
-4.079950935851218152e-01
-4.141122783320375644e-01
-4.203403757514954653e-01
-4.266868307285754391e-01
-4.331357770000340279e-01
-4.396539136993918850e-01
-4.462041393370260733e-01
-4.527612885209580940e-01
-4.593232309687864112e-01
-4.659124223928063913e-01
-4.725670096246664120e-01
-4.793250848216368265e-01
-4.862087040979717334e-01
-4.932144934479121834e-01
-5.003149288138135642e-01
-5.074698195914260079e-01
-5.146431448031499878e-01
-5.218180855929862583e-01
-5.290038627446982389e-01
-5.362315060253257659e-01
-5.435404345448245911e-01
-5.509616582426700715e-01
-5.585048190678637559e-01
-5.661545687625000323e-01
-5.738776939719630876e-01
-5.816377373049244071e-01
-5.894106592917031096e-01
-5.971947270925522799e-01
-6.050104375078884100e-01
-6.128907098380279583e-01
-6.208658531557433857e-01
-6.289500504134064585e-01
-6.371353327231320529e-01
-6.453956021120234032e-01
-6.536987384996533201e-01
-6.620212177703725942e-01
-6.703586012672293482e-01
-6.787271786109706495e-01
-6.871560737403749064e-01
-6.956734452969651761e-01
-7.042930865290902842e-01
-7.130075563589310939e-01
-7.217910284644687424e-01
-7.306106496297858355e-01
-7.394413243355013599e-01
-7.482772347330617357e-01
-7.571348007208592579e-01
-7.660455770395824260e-01
-7.750420966161567504e-01
-7.841428846846136835e-01
-7.933433403042595700e-01
-8.026166746427976229e-01
-8.119246917501469207e-01
-8.212338345399279316e-01
-8.305295312862051027e-01
-8.398225359971243087e-01
-8.491444031359552946e-01
-8.585339422765047024e-01
-8.680204146646814944e-01
-8.776106587510620338e-01
-8.872856486870120962e-01
-8.970079384017324298e-01
-9.067367927689753415e-01
-9.164445672222379935e-01
-9.261274422169227805e-01
-9.358061055780986237e-01
-9.455162916138653006e-01
-9.552933504311656998e-01
-9.651574153884108220e-01
-9.751052884528444986e-01
-9.851121471054140599e-01
-9.951419575120445948e-01
-1.005161897110280700e+00
-1.015154649219963012e+00
-1.025123646930483856e+00
-1.035089569851881608e+00
-1.045080161107579286e+00
-1.055118060368453570e+00
-1.065211807945176670e+00
-1.075353410664502185e+00
-1.085522796155855785e+00
-1.095696548461792874e+00
-1.105856788750751551e+00
-1.115996487638345691e+00
-1.126119501221254815e+00
-1.136236156690146659e+00
-1.146357068081262254e+00
-1.156488248160990384e+00
-1.166629471865083367e+00
-1.176775934359925113e+00
-1.186921565924160094e+00
-1.197061753003282103e+00
-1.207193903370213039e+00
-1.217315820799886872e+00
-1.227423319831553616e+00
-1.237509074425003908e+00
-1.247564006415452509e+00
-1.257580943728185519e+00
-1.267558687429198638e+00
-1.277503956218379866e+00
-1.287429418838923922e+00
-1.297347926121723782e+00
-1.307265201143233746e+00
-1.317174504907931087e+00
-1.327056374215512147e+00
-1.336884434095740870e+00
-1.346635394813720854e+00
-1.356299018197282047e+00
-1.365883306384147566e+00
-1.375411888271411032e+00
-1.384913951632666951e+00
-1.394410617653150775e+00
-1.403903698130495536e+00
-1.413372211246376242e+00
-1.422778905794335635e+00
-1.432084606289883988e+00
-1.441264419344861603e+00
-1.450318573632666475e+00
-1.459272629940553401e+00
-1.468166312477460433e+00
-1.477035355296711705e+00
-1.485894191871241388e+00
-1.494727367060489698e+00
-1.503494002259878837e+00
-1.512143932684482994e+00
-1.520638758814863101e+00
-1.528968490033415728e+00
-1.537156024246425723e+00
-1.545246888433975396e+00
-1.553288268940777650e+00
-1.561306420443680620e+00
-1.569292681452200355e+00
-1.577204846331635935e+00
-1.584983929777927791e+00
-1.592579331743694482e+00
-1.599971250237274045e+00
-1.607179960299027766e+00
-1.614257138120137380e+00
-1.621262402145046133e+00
-1.628235139050699498e+00
-1.635174285154855411e+00
-1.642035671876971303e+00
-1.648748967813959521e+00
-1.655247412747475000e+00
-1.661497402546583180e+00
-1.667514454563431725e+00
-1.673357644072056782e+00
-1.679104001584822203e+00
-1.684813511713109335e+00
-1.690500086689317394e+00
-1.696121885687241759e+00
-1.701596243499390981e+00
-1.706833646917109482e+00
-1.711776407533265765e+00
-1.716424951529412102e+00
-1.720839430860007013e+00
-1.725114887342397818e+00
-1.729339911738743574e+00
-1.733556455048512746e+00
-1.737738611133181843e+00
-1.741800454328987779e+00
-1.745630543456698547e+00
-1.749138861801163181e+00
-1.752296010601556153e+00
-1.755147228455289143e+00
-1.757794319473710010e+00
-1.760352442017593555e+00
-1.762899927183573912e+00
-1.765442826659115338e+00
-1.767909993898761467e+00
-1.770181551004675224e+00
-1.772139093980948932e+00
-1.773716260994133265e+00
-1.774927699997401298e+00
-1.775863463591829117e+00
-1.776650683404776387e+00
-1.777398712078682053e+00
-1.778151355692918489e+00
-1.778867033302591105e+00
-1.779435794041462682e+00
-1.779726162130689904e+00
-1.779641700586033881e+00
-1.779162747423854940e+00
-1.778355027096098606e+00
-1.777341153713430488e+00
-1.776247236574184152e+00
-1.775147790167237005e+00
-1.774033061382734200e+00
-1.772813142375878392e+00
-1.771357388319149351e+00
-1.769551498246774601e+00
-1.767348790155861549e+00
-1.764788641002492886e+00
-1.761985868166308311e+00
-1.759064030055092598e+00
-1.756151432683420222e+00
-1.752943783693784896e+00
-1.749353697117049578e+00
-1.745548538075066825e+00
-1.741654943257284316e+00
-1.737770922045839495e+00
-1.733903467951896982e+00
-1.729973125426663039e+00
-1.725846547504932937e+00
-1.721394217667494342e+00
-1.716545340294681754e+00
-1.711317596759012627e+00
-1.705809215368216059e+00
-1.700157206668597709e+00
-1.694479773963085689e+00
-1.688827346832031395e+00
-1.683162685135606740e+00
-1.677377956242217749e+00
-1.671341035892188520e+00
-1.664951178359709960e+00
-1.658180643996286507e+00
-1.651085198844914670e+00
-1.643779791402078638e+00
-1.636390280536194508e+00
-1.629001768121733917e+00
-1.621624975497484522e+00
-1.614194065794905431e+00
-1.606595951574814496e+00
-1.598718145482672659e+00
-1.590494965093607327e+00
-1.581933219217950715e+00
-1.573107557889015462e+00
-1.564128421231320232e+00
-1.555096599657345147e+00
-1.546063345838506020e+00
-1.537011990116743387e+00
-1.527867651877167221e+00
-1.518529997711051571e+00
-1.508914902156232030e+00
-1.498987894154619083e+00
-1.488776324950653152e+00
-1.478356324834888547e+00
-1.467820920873797341e+00
-1.457242885685459122e+00
-1.446647320362568045e+00
-1.436004370914733208e+00
-1.425243994419104876e+00
-1.414285896811235288e+00
-1.403072141357250446e+00
-1.391589510059940249e+00
-1.379873364719814477e+00
-1.367992371613155012e+00
-1.356020906997242426e+00
-1.344010393351523724e+00
-1.331970697708098283e+00
-1.319868355274565364e+00
-1.307641648247087618e+00
-1.295226134684591690e+00
-1.282580482893156182e+00
-1.269702704942840654e+00
-1.256630829264304472e+00
-1.243428108464888604e+00
-1.230158727638067884e+00
-1.216863445852573777e+00
-1.203544496277357156e+00
-1.190165483277747960e+00
-1.176666307620185092e+00
-1.162987435182101903e+00
-1.149094212812600047e+00
-1.134991794754184991e+00
-1.120724684132804905e+00
-1.106360707226162754e+00
-1.091965293714665108e+00
-1.077575927690829882e+00
-1.063186934637452952e+00
-1.048751087839500995e+00
-1.034198090222068434e+00
-1.019463209310765173e+00
-1.004514914415147064e+00
-9.893702006376069447e-01
-9.740907048553758552e-01
-9.587602220981054080e-01
-9.434519548081276019e-01
-9.281985222770987587e-01
-9.129773383834394185e-01
-8.977182728989874239e-01
-8.823315871574972657e-01
-8.667455176937186589e-01
-8.509382221450284556e-01
-8.349503326287627258e-01
-8.188718041257376790e-01
-8.028072889327049211e-01
-7.868336064242478223e-01
-7.709669502013338782e-01
-7.551542411210631078e-01
-7.392934698526321124e-01
-7.232757321318437072e-01
-7.070320457086685106e-01
-6.905652006907351259e-01
-6.739523878554236624e-01
-6.573162179253415616e-01
-6.407752006193401240e-01
-6.243940656670515787e-01
-6.081551803835359982e-01
-5.919640988018501915e-01
-5.756881205804478263e-01
-5.592125021294991338e-01
-5.424908019371766921e-01
-5.255675508075118296e-01
-5.085626265528341294e-01
-4.916228659143852542e-01
-4.748607414954699180e-01
-4.583061083270998926e-01
-4.418921461503505510e-01
-4.254824557121905659e-01
-4.089286750463364539e-01
-3.921345310515808036e-01
-3.750988651532079499e-01
-3.579185959571450359e-01
-3.407494624783025672e-01
-3.237406073973509990e-01
-3.075972118561445257e-01
-2.924747965562830010e-01
-2.783413546571278929e-01
-2.651648793180315100e-01
-2.529133636983584843e-01
-2.415548009574618460e-01
-2.310571842547030630e-01
-2.213885067494428538e-01
-2.125167616010354699e-01
-2.044099419688434338e-01
-1.970360410122218298e-01
-1.903630518905310987e-01
-1.843589677631310986e-01
-1.789917817893778018e-01
-1.742294871286322044e-01
-1.700400769402507506e-01
-1.663915443835932428e-01
-1.632518826180188176e-01
-1.605890848028848072e-01
-1.583711440975509588e-01
-1.565660536613748821e-01
-1.551418066537157414e-01
-1.540663962339322846e-01
-1.533078155613827320e-01
-1.528340577954260260e-01
-1.526131160954204979e-01
-1.526129836207248958e-01
-1.528016535306977730e-01
-1.531471189846978775e-01
-1.536173731420835964e-01
-1.541804091622138162e-01
-1.548042202044469517e-01
-1.554567994281415566e-01
-1.561061399926564341e-01
-1.567202350573499992e-01
-1.572670777815810828e-01
-1.577146613247081275e-01
-1.580309788460897980e-01
-1.581840235050846477e-01
-1.581417884610514524e-01
-1.578722668733485990e-01
-1.573434519013347244e-01
-1.565233367043687984e-01
-1.553799144418088751e-01
-1.538811782730142297e-01
-1.519951213573426385e-01
-1.496897368541530715e-01
-1.469330179228048872e-01
-1.436929577226553345e-01
-1.399375494130635222e-01
-1.356347861533893917e-01
-1.307526611029892760e-01
-1.252591674212241990e-01
-1.191222982674502440e-01
-1.123100468010271025e-01
-1.047904061813152155e-01
-9.653136956766975030e-02
-8.750093011945314636e-02
-7.766708099601976611e-02
-6.699781535673049460e-02
-5.546112636094618908e-02
-4.302500716802065694e-02
-2.965745093731775306e-02
-1.532645082819045212e-02
5.551115123125782702e-17
