0.000000000000000000e+00
3.623278813040099831e-03
5.750844056235976560e-03
6.427546713354652386e-03
5.698237768164505189e-03
3.607768204433492183e-03
2.009890059302915730e-04
-4.477248843578242495e-03
-1.038209436032217978e-02
-1.746869656053608166e-02
-2.569220446045069814e-02
-3.500776707629537493e-02
-4.537053342430685809e-02
-5.673565252071202658e-02
-6.905827338174795604e-02
-8.229354502364420731e-02
-9.639661646262936978e-02
-1.113226367149416779e-01
-1.270267547968067512e-01
-1.434641197244631294e-01
-1.605898805141392216e-01
-1.783591861820634505e-01
-1.967271857444752303e-01
-2.156490282175985984e-01
-2.350798626176734962e-01
-2.549748379609282911e-01
-2.752891032635897961e-01
-2.959778075418992294e-01
-3.169960998120792683e-01
-3.382991290903715753e-01
-3.598420443930027135e-01
-3.815799947362003008e-01
-4.034681291362057776e-01
-4.254615966092413770e-01
-4.475155461715488170e-01
-4.695851268393551603e-01
-4.916254876288872477e-01
-5.135917775563872967e-01
-5.354391456380768188e-01
-5.571227408901978650e-01
-5.785977123289774982e-01
-5.998192089706427810e-01
-6.207423798314352092e-01
-6.413223739275775159e-01
-6.615143402753105306e-01
-6.812734278908616492e-01
-7.005547857904589337e-01
-7.193135629903421036e-01
-7.375049085067355570e-01
-7.550839713558790134e-01
-7.720059005540000907e-01
-7.882258451173274061e-01
-8.036989540621002348e-01
-8.183803764045431972e-01
-8.322252611608951245e-01
-8.451887573473846338e-01
-8.572260139802410084e-01
-8.682921800757011921e-01
-8.783424046499925808e-01
-8.873318367193512302e-01
-8.952156253000074226e-01
-9.019489194081908856e-01
-9.074868680601371196e-01
-9.117846202720754079e-01
-9.147973250602393636e-01
-9.164801314408602684e-01
-9.167881884301698481e-01
-9.156766450444001615e-01
-9.131006502997838226e-01
-9.090153532125515579e-01
-9.033759027989356483e-01
-8.964800300534490063e-01
-8.895708789995689925e-01
-8.826377698699721108e-01
-8.756284478547134986e-01
-8.684905871686340317e-01
-8.612130917508223904e-01
-8.538488751986352820e-01
-8.465088305598085228e-01
-8.393291187496112471e-01
-8.324253874317019131e-01
-8.258531720400885678e-01
-8.195911307879066854e-01
-8.135540644579064562e-01
-8.076300350897230862e-01
-8.017257283114512800e-01
-7.958008496718760316e-01
-7.898772053485241251e-01
-7.840190799818484990e-01
-7.782938826648524433e-01
-7.727305252629783627e-01
-7.672939425592616436e-01
-7.618871884015013807e-01
-7.563807077267934442e-01
-7.506567421063770063e-01
-7.446503467473316595e-01
-7.383699352675507921e-01
-7.318889989764234549e-01
-7.253128885082860133e-01
-7.187350625600550380e-01
-7.122015238396660619e-01
-7.056984645409952739e-01
-6.991680517137169870e-01
-6.925451341257157223e-01
-6.857986462487123402e-01
-6.789594680094275247e-01
-6.721223065953395581e-01
-6.654202863358363862e-01
-6.589825987509568828e-01
-6.528927927705245882e-01
-6.471650201930785329e-01
-6.417478482804002127e-01
-6.365534982032622358e-01
-6.314996086613128279e-01
-6.265454212274732537e-01
-6.217068458191301605e-01
-6.170440780977991535e-01
-6.126273204185350707e-01
-6.084956126060363513e-01
-6.046267796424433794e-01
-6.009317866825731880e-01
-5.972763916747463320e-01
-5.935213569882835660e-01
-5.895645874704560363e-01
-5.853677699760907460e-01
-5.809567189405197007e-01
-5.763958322045104055e-01
-5.717480479139243066e-01
-5.670377830299465627e-01
-5.622329431508912290e-01
-5.572538382253479083e-01
-5.520051985496184921e-01
-5.464175301474153423e-01
-5.404799923215377611e-01
-5.342505261758226931e-01
-5.278386048265562014e-01
-5.213675751880395559e-01
-5.149321735638985320e-01
-5.085687796124799265e-01
-5.022505038497080410e-01
-4.959086317864053184e-01
-4.894707836338114681e-01
-4.828991320316964320e-01
-4.762121181593536035e-01
-4.694802527799961656e-01
-4.627977099932685245e-01
-4.562417812836154773e-01
-4.498374584050156555e-01
-4.435422660387832172e-01
-4.372579088608439801e-01
-4.308639808519957870e-01
-4.242596876959288110e-01
-4.173962815617229816e-01
-4.102869865208491618e-01
-4.029908330664790372e-01
-3.955778938551675061e-01
-3.880912074683162682e-01
-3.805219204217190065e-01
-3.728083916309792856e-01
-3.648596950912207926e-01
-3.565935315471838729e-01
-3.479724425757698691e-01
-3.390229784189197626e-01
-3.298297398301759387e-01
-3.205068548482751800e-01
-3.111589271367405374e-01
-3.018477950331055482e-01
-2.925787858299134236e-01
-2.833117207685201255e-01
-2.739913512890784775e-01
-2.645836856797253445e-01
-2.551022806464051662e-01
-2.456130463048409596e-01
-2.362154231348448097e-01
-2.270079323801088844e-01
-2.180527482000730599e-01
-2.093542979108682367e-01
-2.008608670772744631e-01
-1.924883801497896674e-01
-1.841561925081430517e-01
-1.758196520880332125e-01
-1.674861896752910528e-01
-1.592073061822231739e-01
-1.510546178744149315e-01
-1.430770384086209324e-01
-1.353005424817131652e-01
-1.276306952157734431e-01
-1.198889399766226438e-01
-1.120793994206277233e-01
-1.042451600257586347e-01
-9.646730763491954963e-02
-8.882428606406915506e-02
-8.136244384845676969e-02
-7.407899600072476165e-02
-6.692913415478812800e-02
-5.985231938762854142e-02
-5.280659022699292493e-02
-4.579547380950336338e-02
-3.887557291543430882e-02
-3.214126524203737845e-02
-2.569295542613309405e-02
-1.960246170588074086e-02
-1.389032649675266996e-02
-8.524617355859066131e-03
-3.441418941109237756e-03
1.422208367899632526e-03
6.097414117182103216e-03
1.056850771153640053e-02
1.478035886295301152e-02
1.866508149762618682e-02
2.217634172732613207e-02
2.531618583035060571e-02
2.814246373382133654e-02
3.075330535709126789e-02
3.325504841926707478e-02
3.572720790894867715e-02
3.819939276395718786e-02
4.064992854410621331e-02
4.302655533383682035e-02
4.527999108335395428e-02
4.739554543970556783e-02
4.940878817351308100e-02
5.139815705315763789e-02
5.345738370393690597e-02
5.565941522762394428e-02
5.802731466521141718e-02
6.052477243458488643e-02
6.307055415726410541e-02
6.557099410501192327e-02
6.795690447652939781e-02
7.020932502097221306e-02
7.236325811112109818e-02
7.448797140829850616e-02
7.665247858906962253e-02
7.889117297234532478e-02
8.118456590604085366e-02
8.346366760712123356e-02
8.563647135895662010e-02
8.762554945725303801e-02
8.940097306128318155e-02
9.099468063620619329e-02
9.249020323052731252e-02
9.399200843890154200e-02
9.558726583750505601e-02
9.731596028889553940e-02
9.916168468237211708e-02
1.010666707696937644e-01
1.029643875360007899e-01
1.048156702069165391e-01
1.066329220692810442e-01
1.084820226035640572e-01
1.104610144690876677e-01
1.126644351392193100e-01
1.151481017589855022e-01
1.179088512077169082e-01
1.208873695595332615e-01
1.239925582119891095e-01
1.271369771596649600e-01
1.302685060643903048e-01
1.333852565049039041e-01
1.365280363058277990e-01
1.397541720141475263e-01
1.431042220535033993e-01
1.465758576840331673e-01
1.501158983916397183e-01
1.536336634059783379e-01
1.570298149764280393e-01
1.602285239332994493e-01
1.631996829398207616e-01
1.659623785230540383e-01
1.685689027670670970e-01
1.710767503628949915e-01
1.735208519345061706e-01
1.758977449027834261e-01
1.781679104568901773e-01
1.802745540858498585e-01
1.821701200393291975e-01
1.838387701248452299e-01
1.853051357405157140e-01
1.866258213981124570e-01
1.878676470374022189e-01
1.890822128766924681e-01
1.902876920953255890e-01
1.914653368581444304e-01
1.925716116192903726e-01
1.935600578918724168e-01
1.944029061545393955e-01
1.951028088502870517e-01
1.956896398507034784e-01
1.962040334069208303e-01
1.966752359751029744e-01
1.971033487920122174e-01
1.974540510824374373e-01
1.976683280188222258e-01
1.976830865969301243e-01
1.974537278365656179e-01
1.969688647297939688e-01
1.962508182856632089e-01
1.953417574606154949e-01
1.942816434502567524e-01
1.930877546236139386e-01
1.917449281874597511e-01
1.902110257106333358e-01
1.884355087375645943e-01
1.863832557997403272e-01
1.840533533783739739e-01
1.814845983780597471e-01
1.787450205591797903e-01
1.759095054840528471e-01
1.730346783475081307e-01
1.701414251192556737e-01
1.672122657220986297e-01
1.642045508150503652e-01
1.610738119727857798e-01
1.577973683037046104e-01
1.543882255665525172e-01
1.508934191211812603e-01
1.473774805106154440e-01
1.438978923676661192e-01
1.404826715724123154e-01
1.371192550578629321e-01
1.337591200517534995e-01
1.303360745293498657e-01
1.267906283932471734e-01
1.230905663353883961e-01
1.192396653428376141e-01
1.152715797456511787e-01
1.112320758631718254e-01
1.071574505357333756e-01
1.030582263006525473e-01
9.891467327194050640e-02
9.468555118383503721e-02
9.032591664018660427e-02
8.580626513964292879e-02
8.112509128526232405e-02
7.631007524723967816e-02
7.140807724279552016e-02
6.646875534649920869e-02
6.152897708037273483e-02
5.660438053294096494e-02
5.169095920298339558e-02
4.677502919161723866e-02
4.184639137946207649e-02
3.690843024257355748e-02
3.198065068220440343e-02
2.709284221609356558e-02
2.227395423540396921e-02
1.754109949542154850e-02
1.289386445855559248e-02
8.316467033780373594e-03
3.786532333837303727e-03
-7.138831281572234492e-04
-5.190445976651031010e-03
-9.635769076505642725e-03
-1.403618808124683891e-02
-1.838288709482776423e-02
-2.268192082557701078e-02
-2.695795213437563245e-02
-3.124925205108787518e-02
-3.559551352619356318e-02
-4.002350633186632645e-02
-4.453693219595755703e-02
-4.911533539939141879e-02
-5.372314359911312120e-02
-5.832545555794473036e-02
-6.290401623950915566e-02
-6.746639234296761267e-02
-7.204398335383938035e-02
-7.667915310343306756e-02
-8.140649800341452635e-02
-8.623603755438669083e-02
-9.114565876091977603e-02
-9.608653629440583321e-02
-1.009999090319361331e-01
-1.058387855254434712e-01
-1.105858933550391277e-01
-1.152604891951500704e-01
-1.199110422078419058e-01
-1.245965247959304606e-01
-1.293637386912417642e-01
-1.342298132030061708e-01
-1.391769944866411424e-01
-1.441618914157705156e-01
-1.491354655279658603e-01
-1.540656551972465205e-01
-1.589534226762326918e-01
-1.638356677437906583e-01
-1.687737729727618041e-01
-1.738323554084610645e-01
-1.790567235096803822e-01
-1.844579856195133205e-01
-1.900115792058190700e-01
-1.956695018541002862e-01
-2.013809965590349083e-01
-2.071131802117182341e-01
-2.128633477140909891e-01
-2.186582769083686983e-01
-2.245412657180196891e-01
-2.305526033215992698e-01
-2.367116893362471441e-01
-2.430080998370292289e-01
-2.494050206228995703e-01
-2.558532994366735647e-01
-2.623100690031680560e-01
-2.687542175105312459e-01
-2.751925562793777758e-01
-2.816546037929898993e-01
-2.881787012302974293e-01
-2.947956697634458445e-01
-3.015169875920895026e-01
-3.083322667627888536e-01
-3.152166581702637860e-01
-3.221445221740528719e-01
-3.291031215882645466e-01
-3.361002874603994939e-01
-3.431627925498011433e-01
-3.503262935399000799e-01
-3.576213600502605727e-01
-3.650617270585687080e-01
-3.726398222455677978e-01
-3.803313469563736615e-01
-3.881066835871828102e-01
-3.959439147301221373e-01
-4.038375694495980883e-01
-4.117991448407185562e-01
-4.198491309438184826e-01
-4.280040791480405060e-01
-4.362645268844068114e-01
-4.446093179709605381e-01
-4.529991372421162676e-01
-4.613880719527317931e-01
-4.697384568973421715e-01
-4.780327077469658237e-01
-4.862770179378630986e-01
-4.944952094140533938e-01
-5.027152350614725318e-01
-5.109540426072671782e-01
-5.192073332983810907e-01
-5.274487913701008113e-01
-5.356394102256051282e-01
-5.437432421834269558e-01
-5.517430627994871495e-01
-5.596492972225677320e-01
-5.674982084840789476e-01
-5.753397276367898661e-01
-5.832196093951326210e-01
-5.911630301455601533e-01
-5.991662713928853634e-01
-6.071999143896588125e-01
-6.152223036382810095e-01
-6.231978329691110208e-01
-6.311125993285181535e-01
-6.389809811807077855e-01
-6.468403635479869074e-01
-6.547360376712775265e-01
-6.627022953414571926e-01
-6.707473063030040539e-01
-6.788478818856289454e-01
-6.869562906506490041e-01
-6.950164981619260107e-01
-7.029834762046835994e-01
-7.108380565825137554e-01
-7.185916406357142350e-01
-7.262791446719584210e-01
-7.339432125290807907e-01
-7.416161007974317876e-01
-7.493064246720693156e-01
-7.569958803299151606e-01
-7.646470179277574664e-01
-7.722187706458597534e-01
-7.796834916666116611e-01
-7.870388298730806032e-01
-7.943099640028664643e-01
-8.015415985788112430e-01
-8.087830924990677683e-01
-8.160725798165977540e-01
-8.234260585452912728e-01
-8.308352234198621566e-01
-8.382742753910766842e-01
-8.457125025466178947e-01
-8.531274267256592214e-01
-8.605134507923530851e-01
-8.678830313265766261e-01
-8.752604904899538019e-01
-8.826713954275740015e-01
-8.901318918106562172e-01
-8.976420203985999713e-01
-9.051851668890904534e-01
-9.127332686186688804e-01
-9.202552893486519725e-01
-9.277255599243523498e-01
-9.351290952821504909e-01
-9.424625575243565923e-01
-9.497313908709542618e-01
-9.569450067615125066e-01
-9.641122565012142376e-01
-9.712388096504689372e-01
-9.783268860819033241e-01
-9.853766843371720707e-01
-9.923883037437899457e-01
-9.993631372637987731e-01
-1.006304396146790125e+00
-1.013217150744960549e+00
-1.020108595555454301e+00
-1.026988984341562050e+00
-1.033872994519077215e+00
-1.040780594347604060e+00
-1.047736268255819114e+00
-1.054765944871233430e+00
-1.061892029902021806e+00
-1.069128097773732078e+00
-1.076475435439867123e+00
-1.083923321909689097e+00
-1.091453632127144413e+00
-1.099048535209860677e+00
-1.106698500778047212e+00
-1.114407277989709177e+00
-1.122191365270225116e+00
-1.130073541369637002e+00
-1.138072520214377992e+00
-1.146192673246086979e+00
-1.154418157586492466e+00
-1.162714382587866746e+00
-1.171036976812917407e+00
-1.179345342776876748e+00
-1.187615774781038747e+00
-1.195848925819232411e+00
-1.204068354981710609e+00
-1.212310289319284751e+00
-1.220608276344142595e+00
-1.228978638348910080e+00
-1.237412579732209528e+00
-1.245878364089086254e+00
-1.254333040492209728e+00
-1.262739309683138522e+00
-1.271080895047948189e+00
-1.279370156605640574e+00
-1.287644601844967651e+00
-1.295953307819522227e+00
-1.304338336657869135e+00
-1.312818347381736306e+00
-1.321380875388970866e+00
-1.329986406775149010e+00
-1.338582720415247174e+00
-1.347123865299036050e+00
-1.355586251834003386e+00
-1.363975458437938215e+00
-1.372321059221556228e+00
-1.380661583432366779e+00
-1.389025692152745295e+00
-1.397417188214615358e+00
-1.405809936767921098e+00
-1.414154782733020976e+00
-1.422395713441907183e+00
-1.430488798834602893e+00
-1.438416382312180275e+00
-1.446190979441572377e+00
-1.453847555467438823e+00
-1.461427560138035098e+00
-1.468961367385096972e+00
-1.476456282335350645e+00
-1.483894858949317719e+00
-1.491243948849747092e+00
-1.498470480236618663e+00
-1.505557269971839807e+00
-1.512512290594106856e+00
-1.519367657774195024e+00
-1.526168941240877652e+00
-1.532959406201489738e+00
-1.539765796054060054e+00
-1.546591463487044571e+00
-1.553419430074774787e+00
-1.560223703475577484e+00
-1.566983714954588436e+00
-1.573695531580971529e+00
-1.580375043200580976e+00
-1.587051906112036725e+00
-1.593757078054595322e+00
-1.600509544607484624e+00
-1.607308131481032465e+00
-1.614132011606792538e+00
-1.620949659841412593e+00
-1.627732271654747764e+00
-1.634465683437791306e+00
-1.641155485374609757e+00
-1.647823024487052646e+00
-1.654494046880570890e+00
-1.661185051881583163e+00
-1.667893549601943137e+00
-1.674596795927589810e+00
-1.681259890628002740e+00
-1.687849948546089163e+00
-1.694350224859532794e+00
-1.700767861994957331e+00
-1.707131523371087756e+00
-1.713479516233985978e+00
-1.719843214179424873e+00
-1.726232831646369759e+00
-1.732631847386812529e+00
-1.739002856713631529e+00
-1.745302790212553967e+00
-1.751501319039129756e+00
-1.757594664957218056e+00
-1.763608713558419083e+00
-1.769589664126740569e+00
-1.775585668656262106e+00
-1.781626833478221039e+00
-1.787711886820019691e+00
-1.793807283480193249e+00
-1.799859500399231704e+00
-1.805815816870658841e+00
-1.811645241505141835e+00
-1.817350997706769888e+00
-1.822969269507165091e+00
-1.828554483593110902e+00
-1.834156936408726235e+00
-1.839801773745451285e+00
-1.845477871023653016e+00
-1.851141198510379615e+00
-1.856731395575367927e+00
-1.862194918414779243e+00
-1.867505461476338446e+00
-1.872673479333005764e+00
-1.877741081482406260e+00
-1.882764501212436103e+00
-1.887791324549535910e+00
-1.892841682517907742e+00
-1.897900870008893737e+00
-1.902926114261552337e+00
-1.907864454703613433e+00
-1.912674286486780506e+00
-1.917341837495376788e+00
-1.921886149812797484e+00
-1.926350995487349449e+00
-1.930787531411502611e+00
-1.935235110188953778e+00
-1.939708087830151584e+00
-1.944193650892674929e+00
-1.948660908092764155e+00
-1.953076818109588109e+00
-1.957421912577414380e+00
-1.961699236937759494e+00
-1.965933153663442567e+00
-1.970159144274882035e+00
-1.974409531915529037e+00
-1.978701523005031770e+00
-1.983032587270171732e+00
-1.987384671908303702e+00
-1.991734715066692862e+00
-1.996066201012860475e+00
-2.000376263370275964e+00
-2.004675138449452110e+00
-2.008978499105807281e+00
-2.013296616096543090e+00
-2.017625811914718792e+00
-2.021946572124924568e+00
-2.026229494961273581e+00
-2.030446465469259110e+00
-2.034581809450829226e+00
-2.038637980931840676e+00
-2.042632721546365548e+00
-2.046588567478429432e+00
-2.050519282860901793e+00
-2.054419539970251840e+00
-2.058263052383276115e+00
-2.062010774214641184e+00
-2.065626233274347356e+00
-2.069091588404163407e+00
-2.072417221784395913e+00
-2.075640082948178033e+00
-2.078810678782925692e+00
-2.081973592108396609e+00
-2.085149513426609147e+00
-2.088326534146196067e+00
-2.091464816296937368e+00
-2.094513166118297409e+00
-2.097430879909677692e+00
-2.100205721714647922e+00
-2.102860206780736263e+00
-2.105443066083469539e+00
-2.108008948145188022e+00
-2.110594473628903067e+00
-2.113200526693908454e+00
-2.115788313653738761e+00
-2.118291148273436786e+00
-2.120637420814075469e+00
-2.122775502288165139e+00
-2.124690435803972210e+00
-2.126405606784275371e+00
-2.127968804888449750e+00
-2.129428609254540028e+00
-2.130811093462428474e+00
-2.132106711304014635e+00
-2.133272943128807775e+00
-2.134251627349613045e+00
-2.134993695066381925e+00
-2.135480935744045627e+00
-2.135735713995055463e+00
-2.135814686080864444e+00
-2.135789334505781234e+00
-2.135721657444499044e+00
-2.135645274969718344e+00
-2.135559744612943067e+00
-2.135440092951293778e+00
-2.135256973782977408e+00
-2.134998303772455586e+00
-2.134682668785733206e+00
-2.134358467012482219e+00
-2.134089054171171451e+00
-2.133930334440931276e+00
-2.133910592373172932e+00
-2.134021392012031004e+00
-2.134223506339374854e+00
-2.134465213142485496e+00
-2.134704799353599025e+00
-2.134927225050383903e+00
-2.135147481594681373e+00
-2.135399102795948245e+00
-2.135712971164359875e+00
-2.136096039543926572e+00
-2.136519844745367269e+00
-2.136924538117440875e+00
-2.137237353953085783e+00
-2.137397941589751049e+00
-2.137379684004091729e+00
-2.137197554595698712e+00
-2.136898712875364037e+00
-2.136539522208706021e+00
-2.136158748405040608e+00
-2.135758656662257060e+00
-2.135302572812961319e+00
-2.134730466757194911e+00
-2.133986226892476079e+00
-2.133044940829904146e+00
-2.131928074611160628e+00
-2.130699322752961145e+00
-2.129442055614045870e+00
-2.128227264824203324e+00
-2.127085251329729587e+00
-2.125993066485654115e+00
-2.124883311283158438e+00
-2.123670946095738810e+00
-2.122287050417220211e+00
-2.120705322209543109e+00
-2.118949956177429428e+00
-2.117081287718707294e+00
-2.115165018644053596e+00
-2.113237966239776444e+00
-2.111285022733013328e+00
-2.109237524817167753e+00
-2.106994339135795258e+00
-2.104457392086671597e+00
-2.101567166089618244e+00
-2.098323522464151214e+00
-2.094783219161593379e+00
-2.091035245955640942e+00
-2.087164409330393156e+00
-2.083218534647586218e+00
-2.079193119087512809e+00
-2.075039887229538138e+00
-2.070695564961317015e+00
-2.066118578717137666e+00
-2.061317957492849740e+00
-2.056361932966791706e+00
-2.051362254383819916e+00
-2.046440461850389081e+00
-2.041689964966012294e+00
-2.037149530055886615e+00
-2.032798919574239527e+00
-2.028578030982760350e+00
-2.024420955786537135e+00
-2.020290140554462432e+00
-2.016195929004751974e+00
-2.012193133971378334e+00
-2.008356200005301684e+00
-2.004743759783078616e+00
-2.001367919208965951e+00
-1.998181559661430962e+00
-1.995089236364694374e+00
-1.991977185936822714e+00
-1.988749854570200704e+00
-1.985357679078729509e+00
-1.981804720126340902e+00
-1.978133470889372525e+00
-1.974393978452681608e+00
-1.970611093121813706e+00
-1.966764345994996610e+00
-1.962789350313396408e+00
-1.958600183870100597e+00
-1.954123046240407557e+00
-1.949326554363205011e+00
-1.944235471222636402e+00
-1.938921818338390057e+00
-1.933477092729141145e+00
-1.927977459368317659e+00
-1.922456777401016836e+00
-1.916898808630623563e+00
-1.911251554931248098e+00
-1.905457024906705099e+00
-1.899483027585704642e+00
-1.893342751092641718e+00
-1.887093269620467861e+00
-1.880813388899782890e+00
-1.874570352090555669e+00
-1.868389907512550296e+00
-1.862242902392986954e+00
-1.856054463027729806e+00
-1.849732005799292978e+00
-1.843200214659522995e+00
-1.836427840715517901e+00
-1.829435499615072347e+00
-1.822279716318953913e+00
-1.815025002993497560e+00
-1.807704801692288532e+00
-1.800322192274736555e+00
-1.792704418480089323e+00
-1.784768089763296040e+00
-1.776558102910750669e+00
-1.768149700933550728e+00
-1.759646253676903527e+00
-1.751134725685127957e+00
-1.742660223044530277e+00
-1.734216929070358848e+00
-1.725763399564124834e+00
-1.717254281502599511e+00
-1.708674894524081722e+00
-1.700063283940552727e+00
-1.691509689723736276e+00
-1.683132948933774742e+00
-1.675043265003112847e+00
-1.667306738200199367e+00
-1.659926473087619314e+00
-1.652848151570154966e+00
-1.645987595029483774e+00
-1.639268456459515022e+00
-1.632653811097038110e+00
-1.626158024109757516e+00
-1.619833741497396673e+00
-1.613739574808723987e+00
-1.607902466674334896e+00
-1.602291206571673454e+00
-1.596813005306809030e+00
-1.591335330552072325e+00
-1.585724463567397713e+00
-1.579885040758518766e+00
-1.573784303491517989e+00
-1.567451165973892779e+00
-1.560950842203282063e+00
-1.554346141079821164e+00
-1.547662218095840592e+00
-1.540870110072089183e+00
-1.533896358094572143e+00
-1.526654820908210475e+00
-1.519087171321010565e+00
-1.511194669915854938e+00
-1.503047316097270381e+00
-1.494765990816518286e+00
-1.486484605089218425e+00
-1.478307741176789092e+00
-1.470281205354350362e+00
-1.462387456055108226e+00
-1.454567330178365925e+00
-1.446758333083362658e+00
-1.438932733715078127e+00
-1.431118826282312018e+00
-1.423395946426132541e+00
-1.415865095457577993e+00
-1.408607539902870576e+00
-1.401649024441770086e+00
-1.394944998732966290e+00
-1.388393443755912449e+00
-1.381870220718062203e+00
-1.375272327185393717e+00
-1.368551122464069625e+00
-1.361721885560317258e+00
-1.354846183868917198e+00
-1.347995180435970664e+00
-1.341210115851219520e+00
-1.334477365105950497e+00
-1.327729177987830633e+00
-1.320870145022067677e+00
-1.313818316616432114e+00
-1.306543493582402737e+00
-1.299086264195117746e+00
-1.291549454007554942e+00
-1.284065330701663621e+00
-1.276752185978655918e+00
-1.269678401222454678e+00
-1.262848862490115964e+00
-1.256218992601602524e+00
-1.249729805610646061e+00
-1.243348340314283984e+00
-1.237095504338157959e+00
-1.231048759215981780e+00
-1.225317900324496501e+00
-1.220003834749933791e+00
-1.215157723391572242e+00
-1.210757851536047980e+00
-1.206714175199171679e+00
-1.202898791947602630e+00
-1.199189597951861863e+00
-1.195508820464080912e+00
-1.191840361639433965e+00
-1.188219014648428606e+00
-1.184696717966836621e+00
-1.181300918774764508e+00
-1.178003570939880618e+00
-1.174714791061944208e+00
-1.171304637709224661e+00
-1.167644367991839349e+00
-1.163650046753245348e+00
-1.159310212908963855e+00
-1.154685960850288406e+00
-1.149883444931053544e+00
-1.145010495113427229e+00
-1.140135763877706765e+00
-1.135267663695206375e+00
-1.130361770902215346e+00
-1.125353094580079372e+00
-1.120198865641869546e+00
-1.114912899476267594e+00
-1.109576119668058247e+00
-1.104318015669282893e+00
-1.099276282338016220e+00
-1.094551314894362637e+00
-1.090174558048735864e+00
-1.086103909940636436e+00
-1.082247919954277160e+00
-1.078508287524422071e+00
-1.074822402917988695e+00
-1.070395211975474714e+00
-1.065038031184677214e+00
-1.058777915833261751e+00
-1.051641921208887664e+00
-1.043657102599221176e+00
-1.034850515291921402e+00
-1.025249214574653012e+00
-1.014880255735080894e+00
-1.003770694060862834e+00
-9.919475848396673845e-01
-9.794379833591519979e-01
-9.662689449069812309e-01
-9.524675247708217496e-01
-9.380607782383298954e-01
-9.230757605971747770e-01
-9.075395271350127357e-01
-8.914791331395096607e-01
-8.749216338983319963e-01
-8.578940846991354174e-01
-8.404235408295901433e-01
-8.225370575773509607e-01
-8.042616902300846471e-01
-7.856244940754584238e-01
-7.666525244011266338e-01
-7.473728364947602731e-01
-7.278124856440134627e-01
-7.079985271365534238e-01
-6.879580162600480442e-01
-6.677180083021500012e-01
-6.473055585505321785e-01
-6.267477222928473646e-01
-6.060715548167633360e-01
-5.853041114099474251e-01
-5.644724473600530867e-01
-5.436036179547524272e-01
-5.227246784816991232e-01
-5.018626842285603962e-01
-4.810446904830036341e-01
-4.602977525326824582e-01
-4.396489256652686972e-01
-4.191252651684160280e-01
-3.987538263297919494e-01
-3.785616644370636830e-01
-3.585758347778849608e-01
-3.388233926399272788e-01
-3.193313933108450353e-01
-3.001268920783050631e-01
-2.812369442299744726e-01
-2.626886050535076067e-01
-2.445089298365754060e-01
-2.267249738668327963e-01
-2.093637924319464438e-01
-1.924524408195829317e-01
-1.760179743173973521e-01
-1.600874482130564824e-01
-1.446879177942264061e-01
-1.298464383485631868e-01
-1.155900651637359194e-01
-1.019458535274011812e-01
-8.894085872722494457e-02
-7.660213605087282107e-02
-6.495674078600198464e-02
-5.403172822028035061e-02
-4.385415364136577288e-02
-3.445107233692394633e-02
-2.584953959461884498e-02
-1.807661070210993259e-02
-1.115934094706319546e-02
-5.124785617138472027e-03
-2.775557561562891351e-17
