-6.938893903907228378e-18
1.637353431007633822e-02
3.168162892112917628e-02
4.595879324156187939e-02
5.923953667979085097e-02
7.155836864422304711e-02
8.294979854326599289e-02
9.344833578533499885e-02
1.030884897788354321e-01
1.119047699321818329e-01
1.199316856537819831e-01
1.272037463520444278e-01
1.337554614353826110e-01
1.396213403122037733e-01
1.448358923909205953e-01
1.494336270799417610e-01
1.534490537876767036e-01
1.569166819225371323e-01
1.598710208929318144e-01
1.623465801072720982e-01
1.643778689739673893e-01
1.659993969014275650e-01
1.672456732980633354e-01
1.681512075722843835e-01
1.687505091325011697e-01
1.690780873871237100e-01
1.691684517445619929e-01
1.690561116132262287e-01
1.687755764015265447e-01
1.683613555178729293e-01
1.678479583706756761e-01
1.672698943683449402e-01
1.666616729192906265e-01
1.660578034319230567e-01
1.654927953146521913e-01
1.650011579758882407e-01
1.646174008240414155e-01
1.643760332675215929e-01
1.643115647147390668e-01
1.644585045741039364e-01
1.648513622540263568e-01
1.655246471629162053e-01
1.665128687091840254e-01
1.678505363012393614e-01
1.695721593474930344e-01
1.717122472563548663e-01
1.743053094362343458e-01
1.773858552955427936e-01
1.809883942426889214e-01
1.851474356860844384e-01
1.898974890341387500e-01
1.952730636952607346e-01
2.013086690778629062e-01
2.080388145903526165e-01
2.154980096411430734e-01
2.237207636386429888e-01
2.327415859912602969e-01
2.425949861074092051e-01
2.533154733954954274e-01
2.649375572639339205e-01
2.774957471211323967e-01
2.910245523754979580e-01
3.055584824354467544e-01
3.211320467093823350e-01
3.377797546057218492e-01
3.555361155328720102e-01
3.742257284210815937e-01
3.930550863387992089e-01
4.118464937253980551e-01
4.304334470657202316e-01
4.487305385353967946e-01
4.667671643533273240e-01
4.846715168471319446e-01
5.026129108779213706e-01
5.207280706247017221e-01
5.390631566279573406e-01
5.575557377826771965e-01
5.760632305381717666e-01
5.944243714699977144e-01
6.125266808200390267e-01
6.303512039277940904e-01
6.479763944258908337e-01
6.655409045836067072e-01
6.831824072061473130e-01
7.009790469015024783e-01
7.189179897061743763e-01
7.369031617884467256e-01
7.547973351952814713e-01
7.724795594589746184e-01
7.898933663670445471e-01
8.070661215796223198e-01
8.240928730556721371e-01
8.410931033923424449e-01
8.581595637050375425e-01
8.753206205227583858e-01
8.925308250351108308e-01
9.096920155226126958e-01
9.266946355310984318e-01
9.434613311296664584e-01
9.599750793771131274e-01
9.762814895996492215e-01
9.924659973290512749e-01
1.008616676778049781e+00
1.024788373602947944e+00
1.040982200307198902e+00
1.057147337906850559e+00
1.073202841429574228e+00
1.089069578133449179e+00
1.104699326405385040e+00
1.120090204832975278e+00
1.135283647733037249e+00
1.150345456539498601e+00
1.165339105572349432e+00
1.180301598078995040e+00
1.195230391097470646e+00
1.210085294252880583e+00
1.224803711674622209e+00
1.239323129295790471e+00
1.253602703362415749e+00
1.267636581849310051e+00
1.281454682667054312e+00
1.295110939080063028e+00
1.308663153314011840e+00
1.322151359621151601e+00
1.335582179347841514e+00
1.348924820465263963e+00
1.362120587047984888e+00
1.375103103241262836e+00
1.387822418680027203e+00
1.400264232191138269e+00
1.412456589056917844e+00
1.424460573204525238e+00
1.436347442801073848e+00
1.448170219569201667e+00
1.459940670137504393e+00
1.471621398497272359e+00
1.483137437471734321e+00
1.494404061381436666e+00
1.505360523521851235e+00
1.515996098541456005e+00
1.526356962890513813e+00
1.536529666289171425e+00
1.546606581732250740e+00
1.556646812809480362e+00
1.566648918938180923e+00
1.576547839332741674e+00
1.586238785237575666e+00
1.595619413266287090e+00
1.604633172325618418e+00
1.613295216034767776e+00
1.621688768584694795e+00
1.629932042681127680e+00
1.638128611461136863e+00
1.646321947379490114e+00
1.654474009001548174e+00
1.662478194270733622e+00
1.670202462074612315e+00
1.677545097705462451e+00
1.684479372168709688e+00
1.691067262571136931e+00
1.697435161212359267e+00
1.703720850351060578e+00
1.710013915089038550e+00
1.716315362490308249e+00
1.722534618823925445e+00
1.728526281108710538e+00
1.734151680711373267e+00
1.739339046131979982e+00
1.744115964754721304e+00
1.748599292567777130e+00
1.752945920541082003e+00
1.757285086135579100e+00
1.761661442887242579e+00
1.766013979181167537e+00
1.770200677372832931e+00
1.774058951373421067e+00
1.777476041521307337e+00
1.780438725163582259e+00
1.783040279099888048e+00
1.785440929070322813e+00
1.787798725866607263e+00
1.790199659349578143e+00
1.792621463313036401e+00
1.794934250137559584e+00
1.796980751983656477e+00
1.798568393520910469e+00
1.799813132876975974e+00
1.801090797976877100e+00
1.802274549184464725e+00
1.803232019053906621e+00
1.803823735063063260e+00
1.803981608511293189e+00
1.803729820551639440e+00
1.803176196345466664e+00
1.802464300098478356e+00
1.801712371949473868e+00
1.800963592367878618e+00
1.800169256575256282e+00
1.799211276080173505e+00
1.797953764310119995e+00
1.796301185337158213e+00
1.794238223008485011e+00
1.791834851186890454e+00
1.789215260025770027e+00
1.786504679668865281e+00
1.783777175401696002e+00
1.781026473316096315e+00
1.778171510226775887e+00
1.775093352524855561e+00
1.771686943434104933e+00
1.767905359332877513e+00
1.763778129506518244e+00
1.759396808719091432e+00
1.754875074155896275e+00
1.750301112022698335e+00
1.745702639593539551e+00
1.741038773453592592e+00
1.736221041404975018e+00
1.731153433467572889e+00
1.725773776719663699e+00
1.720078951207819173e+00
1.714124111895067859e+00
1.707997532393700224e+00
1.701782903641946509e+00
1.695525623740862908e+00
1.689217070343493887e+00
1.682802496465329867e+00
1.676207884009986993e+00
1.669373315710513950e+00
1.662278370049675047e+00
1.654949261627821855e+00
1.647445814010508602e+00
1.639835071252693233e+00
1.632163613399997271e+00
1.624440436756672490e+00
1.616636998998786989e+00
1.608703269640118894e+00
1.600591852900496770e+00
1.592279305613049312e+00
1.583775695703020014e+00
1.575119107384077344e+00
1.566358495606594570e+00
1.557533073881036234e+00
1.548657353593305253e+00
1.539717892072319794e+00
1.530682340799649932e+00
1.521516039835971945e+00
1.512198478410129443e+00
1.502732532841629443e+00
1.493143000235981788e+00
1.483465792443769082e+00
1.473733077678287540e+00
1.463961021403652030e+00
1.454145172860362045e+00
1.444264910360167464e+00
1.434294404473580364e+00
1.424214998832506796e+00
1.414023716283000498e+00
1.403734655862381109e+00
1.393373287129616278e+00
1.382966579991070200e+00
1.372533335760468320e+00
1.362078571529569349e+00
1.351593780492162722e+00
1.341062357454478882e+00
1.330467541196017844e+00
1.319799589399156314e+00
1.309059632992538580e+00
1.298259253924456846e+00
1.287416519754445376e+00
1.276550322739142596e+00
1.265675111331827418e+00
1.254797579267543206e+00
1.243915977413862173e+00
1.233021861195305213e+00
1.222103533430223710e+00
1.211150215321228352e+00
1.200155957569687182e+00
1.189122370658021399e+00
1.178059393161410284e+00
1.166983623780011303e+00
1.155914311843432740e+00
1.144867888486013285e+00
1.133852679152732357e+00
1.122865780538306657e+00
1.111893685879216553e+00
1.100917054822628804e+00
1.089918382206087166e+00
1.078889882936957978e+00
1.067838389888998707e+00
1.056784860633469547e+00
1.045758062264056987e+00
1.034784445844536105e+00
1.023878075072236715e+00
1.013034844736034445e+00
1.002233784946211737e+00
9.914454503752793135e-01
9.806443532113005013e-01
9.698204399486579641e-01
9.589846900802365681e-01
9.481661410333019901e-01
9.374011806829820603e-01
9.267193186903688318e-01
9.161313595972935264e-01
9.056251146281387721e-01
8.951707316392553127e-01
8.847336374377636758e-01
8.742897291602252929e-01
8.638363316029622485e-01
8.533941166239593645e-01
8.429990019493459608e-01
8.326873924654397685e-01
8.224811002432355078e-01
8.123785052600659418e-01
8.023558658667033772e-01
7.923782748553969135e-01
7.824155025948350550e-01
7.724557673375357369e-01
7.625113350107232124e-01
7.526134335433635192e-01
7.427987070522011903e-01
7.330932292704035458e-01
7.235012327146197464e-01
7.140036472892323793e-01
7.045671662212320552e-01
6.951598083668676376e-01
6.857659624272854915e-01
6.763940623054904844e-01
6.670733108120017185e-01
6.578408082473912177e-01
6.487248362380544364e-01
6.397319019659277739e-01
6.308435630214084266e-01
6.220246792891764853e-01
6.132395474653659084e-01
6.044686928044851193e-01
5.957186292806635475e-01
5.870199302164679223e-01
5.784141736715978643e-01
5.699354146454586045e-01
5.615944816537941087e-01
5.533733400664914148e-01
5.452323991932808145e-01
5.371278552791067806e-01
5.290315353234560369e-01
5.209443528012162039e-01
5.128971086437315030e-01
5.049378791148890766e-01
4.971112259240376141e-01
4.894382735959969533e-01
4.819065668668738311e-01
4.744745204454843268e-01
4.670889046658156518e-01
4.597079793019268612e-01
4.523202142065753106e-01
4.449502406121725318e-01
4.376491036466473861e-01
4.304727170024983951e-01
4.234576744603429366e-01
4.166049149756103631e-01
4.098785108406105548e-01
4.032203914695151603e-01
3.965748985054238229e-01
3.899127019754305978e-01
3.832437303351114433e-01
3.766133908632580685e-01
3.700835160815362790e-01
3.637060744058133177e-01
3.575008711732738376e-01
3.514468305913933666e-01
3.454906683536588807e-01
3.395693160853203163e-01
3.336365292575225183e-01
3.276823099271517492e-01
3.217368757673514934e-01
3.158575374814553416e-01
3.101041603185585305e-01
3.045137337307025072e-01
2.990848825712939529e-01
2.937788168124153554e-01
2.885361296097033179e-01
2.833020859238575828e-01
2.780495014937109932e-01
2.727894881747198186e-01
2.675656863562454468e-01
2.624347607726129628e-01
2.574417836328141695e-01
2.526011676765870240e-01
2.478912166326511790e-01
2.432643241039951221e-01
2.386680476844816323e-01
2.340676741193006560e-01
2.294604367445869930e-01
2.248754192880438596e-01
2.203595659134909568e-01
2.159562789377004188e-01
2.116861878172710265e-01
2.075385051661428892e-01
2.034765375842630952e-01
1.994545862794164515e-01
1.954384745414566305e-01
1.914204646796683895e-01
1.874219785946140970e-01
1.834830901499330813e-01
1.796437020174470878e-01
1.759249967676393966e-01
1.723195484569375324e-01
1.687945212158716568e-01
1.653064588874314234e-01
1.618209453386575403e-01
1.583282254502460518e-01
1.548476891634017194e-01
1.514191247206043700e-01
1.480846178757519171e-01
1.448691904500825911e-01
1.417688803150035093e-01
1.387516885567269265e-01
1.357711081614867976e-01
1.327863352551717779e-01
1.297802425205945853e-01
1.267671139243597145e-01
1.237866079038259931e-01
1.208864754794840846e-01
1.181015349935921055e-01
1.154380928338492596e-01
1.128706570924055130e-01
1.103524392993339709e-01
1.078351244543421794e-01
1.052893457268900407e-01
1.027169931602859854e-01
1.001500478072194777e-01
9.763649301801577418e-02
9.521945648297266973e-02
9.291863424507236513e-02
9.072196947808922052e-02
8.859104210794353784e-02
8.647765647686739277e-02
8.434430608788627548e-02
8.217962605621530192e-02
8.000226118548917076e-02
7.785171716887447080e-02
7.577045179710345524e-02
7.378519841570993498e-02
7.189567930082019220e-02
7.007545156882961923e-02
6.828419240735282558e-02
6.648570251454705149e-02
6.466350367469086979e-02
6.282715329799590243e-02
6.100668824294269710e-02
5.923798527997121977e-02
5.754585982091535434e-02
5.593264026418878765e-02
5.437734806562633666e-02
5.284570270780276913e-02
5.130621323583810234e-02
4.974485040183115880e-02
4.817146801367217651e-02
4.661495099249080010e-02
4.510927893305382436e-02
4.367693756302761660e-02
4.231743101873784718e-02
4.100640212715887800e-02
3.970604379157290781e-02
3.838225426564288029e-02
3.702073791785164686e-02
3.563451062771071098e-02
3.425899524047899825e-02
3.293647576753424427e-02
3.169662471864235359e-02
3.054185547544731663e-02
2.944438844634436267e-02
2.835688207049994608e-02
2.723241301521478475e-02
2.604522964325230866e-02
2.480303726295794362e-02
2.354499651448165726e-02
2.232573763817403620e-02
2.119188229091292786e-02
2.016109669211475081e-02
1.921293782613730378e-02
1.829590257188544802e-02
1.734817022740618025e-02
1.632350515274807318e-02
1.521130197770140594e-02
1.404197718225195721e-02
1.287498808667832118e-02
1.177415529487124517e-02
1.078051678130050733e-02
9.894215927290971047e-03
9.073306756742218968e-03
8.250312284842818700e-03
7.359844926468605761e-03
6.365781254824055997e-03
5.276523257505656532e-03
4.141775310639962855e-03
3.031991414664033952e-03
2.008957518717530318e-03
1.099776352977275455e-03
2.851783125154312031e-04
-4.928835630249070281e-04
-1.307470890814079433e-03
-2.216630822984272126e-03
-3.239633229658886969e-03
-4.349375600148338086e-03
-5.484072219614629859e-03
-6.573269257742781618e-03
-7.567262416401127068e-03
-8.457649795019480179e-03
-9.280554816382884792e-03
-1.010136491356887489e-02
-1.098755680930126911e-02
-1.198107621658233909e-02
-1.308177965399006000e-02
-1.424862933467141435e-02
-1.541780519170466573e-02
-1.652985047662664311e-02
-1.755434922879917092e-02
-1.850190712223370032e-02
-1.941875984656914883e-02
-2.036672791038575403e-02
-2.139731420352552344e-02
-2.253096153858566777e-02
-2.375000356748606378e-02
-2.500781869457387868e-02
-2.624977690492754159e-02
-2.743671802634395362e-02
-2.856093731349045040e-02
-2.964818699136447314e-02
-3.074539085706163785e-02
-3.189989056410193202e-02
-3.313946552658658673e-02
-3.446170221188253613e-02
-3.583692810659003941e-02
-3.722285937036012848e-02
-3.858407353760930775e-02
-3.990755517790403606e-02
-4.120760024972592445e-02
-4.251831063046446202e-02
-4.387749343981823397e-02
-4.530950578368474896e-02
-4.681484363873646137e-02
-4.837102168028026977e-02
-4.994406097986008042e-02
-5.150507740743003049e-02
-5.304421791004520353e-02
-5.457551221127282526e-02
-5.613045129060499627e-02
-5.774331526723539693e-02
-5.943508196134668353e-02
-6.120342235345582055e-02
-6.302352082266352018e-02
-6.485950099406992408e-02
-6.668132715041395764e-02
-6.847944340167944066e-02
-7.027032938386537642e-02
-7.209018525171458081e-02
-7.397933380978856388e-02
-7.596421721914874137e-02
-7.804511214983053669e-02
-8.019528440179354845e-02
-8.237227596203168523e-02
-8.453658168344289903e-02
-8.666955793393441021e-02
-8.878257098432358607e-02
-9.091312852297725455e-02
-9.310942675781136435e-02
-9.540988548565856875e-02
-9.782656073536209751e-02
-1.003397556489434850e-01
-1.029063421123057459e-01
-1.054783370892654754e-01
-1.080237605735552830e-01
-1.105407238917779367e-01
-1.130585950193883082e-01
-1.156256894895490162e-01
-1.182887954494320770e-01
-1.210734037904795807e-01
-1.239732069744583776e-01
-1.269533859694514100e-01
-1.299661899415939792e-01
-1.329719614729776844e-01
-1.359564181603548083e-01
-1.389366888546531287e-01
-1.419535783374847593e-01
-1.450535935031520285e-01
-1.482687321329751451e-01
-1.516029548228843282e-01
-1.550312384066665217e-01
-1.585114965366727080e-01
-1.620039414259872856e-01
-1.654891845164284947e-01
-1.689769826211194315e-01
-1.725017532020106936e-01
-1.761069529175160742e-01
-1.798254171520203559e-01
-1.836645705674855855e-01
-1.876032291833093224e-01
-1.916014892491099686e-01
-1.956192766047161191e-01
-1.996351698938909625e-01
-2.036569078988664794e-01
-2.077186684529873373e-01
-2.118661510490141009e-01
-2.161360490823875935e-01
-2.205391492667152231e-01
-2.250548210980901631e-01
-2.296396612566132256e-01
-2.342467250595892392e-01
-2.388469289022814857e-01
-2.434430400129310446e-01
-2.480697723259845111e-01
-2.527795686827707944e-01
-2.576200354591006714e-01
-2.626128683502583772e-01
-2.677436537915653392e-01
-2.729673188047641585e-01
-2.782271981379739190e-01
-2.834796512835721649e-01
-2.887135666205625784e-01
-2.939561287705578785e-01
-2.992620730832594722e-01
-3.046908064298038954e-01
-3.102811185489461887e-01
-3.160343839173211378e-01
-3.219136122315931492e-01
-3.278589375217090263e-01
-3.338130487024688620e-01
-3.397457281003922747e-01
-3.456669739298147137e-01
-3.516230310444933282e-01
-3.576769679560274917e-01
-3.638820688575835072e-01
-3.702594090577205899e-01
-3.767891824503555864e-01
-3.834194197970796636e-01
-3.900882878250728769e-01
-3.967503787318122921e-01
-4.033957638261094769e-01
-4.100537731853908796e-01
-4.167800654742105926e-01
-4.236327115315190461e-01
-4.306476391616105293e-01
-4.378239091864429278e-01
-4.451249271429763565e-01
-4.524947784266586392e-01
-4.598824170120676125e-01
-4.672632110494280844e-01
-4.746486903694833726e-01
-4.820805951696338632e-01
-4.896121551837298580e-01
-4.972849556237808333e-01
-5.051114514988344073e-01
-5.130705178308505587e-01
-5.211175924142656957e-01
-5.292045986074067621e-01
-5.373007355105414717e-01
-5.454050898638949096e-01
-5.535458349396529254e-01
-5.617667745741357077e-01
-5.701074989107713931e-01
-5.785860414440351374e-01
-5.871915721061435889e-01
-5.958900344788475856e-01
-6.046398497837471853e-01
-6.134104451147257553e-01
-6.221953081656328433e-01
-6.310139158382173097e-01
-6.399019731912087838e-01
-6.488946207613169870e-01
-6.580102995841204949e-01
-6.672424996962313948e-01
-6.765629361390645968e-01
-6.859345062019035488e-01
-6.953280066249512004e-01
-7.047350052047003377e-01
-7.141711165540286510e-01
-7.236683253176706687e-01
-7.332599402816888379e-01
-7.429650311400480822e-01
-7.527793625741365791e-01
-7.626768567471866600e-01
-7.726208659433977388e-01
-7.825801608913703911e-01
-7.925424773045226523e-01
-8.025196009918247331e-01
-8.125417663100725774e-01
-8.226438837118327241e-01
-8.328496948695232049e-01
-8.431608163161437020e-01
-8.535554303960918299e-01
-8.639971269469555182e-01
-8.744499858628393962e-01
-8.848933373124956425e-01
-8.953298624676327977e-01
-9.057836717514330394e-01
-9.162893442462374249e-01
-9.268767335886578529e-01
-9.375580246357511083e-01
-9.483224049061842464e-01
-9.591403560746036838e-01
-9.699754845990530283e-01
-9.807987531526477509e-01
-9.915991885312005483e-01
-1.002386854385437509e+00
-1.013187248459570977e+00
-1.024029821582683963e+00
-1.034935542258526908e+00
-1.045908507961613498e+00
-1.056934644193956885e+00
-1.067987490755777813e+00
-1.079038277109344746e+00
-1.090066049643525492e+00
-1.101063985372953580e+00
-1.112039880958425986e+00
-1.123011249923762556e+00
-1.133997434141996719e+00
-1.145011934503284978e+00
-1.156057643729180517e+00
-1.167126225853778010e+00
-1.178201244159502226e+00
-1.189263451461201493e+00
-1.200296258184996523e+00
-1.211289737990136395e+00
-1.222242290469278236e+00
-1.233159868448938212e+00
-1.244053246129362966e+00
-1.254934109887425597e+00
-1.265810892179872083e+00
-1.276685334220308610e+00
-1.287550742158223072e+00
-1.298392675564956411e+00
-1.309192255227155322e+00
-1.319931426100812821e+00
-1.330598613072450531e+00
-1.341192683632301375e+00
-1.351723370996556817e+00
-1.362207423813387219e+00
-1.372661436743998209e+00
-1.383093912601062403e+00
-1.393499838335890084e+00
-1.403860422925851337e+00
-1.414148708623352846e+00
-1.424339234871459858e+00
-1.434417905128590576e+00
-1.444387692111472443e+00
-1.454267243362740381e+00
-1.464082379304573633e+00
-1.473853716397017566e+00
-1.483585705934749033e+00
-1.493262188117697953e+00
-1.502851002663509572e+00
-1.512316244313440361e+00
-1.521633118675941976e+00
-1.530798747662160286e+00
-1.539833637352296947e+00
-1.548772442735693478e+00
-1.557647509684142006e+00
-1.566472281585019166e+00
-1.575232250499279507e+00
-1.583888207235638612e+00
-1.592391199909681587e+00
-1.600703144958813606e+00
-1.608813972893297528e+00
-1.616747124457157847e+00
-1.624549993826237326e+00
-1.632272611655055883e+00
-1.639943522042292434e+00
-1.647553730829368623e+00
-1.655056659032300148e+00
-1.662385261810439996e+00
-1.669479713467944437e+00
-1.676313797538407924e+00
-1.682907935708702452e+00
-1.689322048204257021e+00
-1.695630158087864103e+00
-1.701887017161384019e+00
-1.708101249810868749e+00
-1.714227455459847338e+00
-1.720181936597874994e+00
-1.725876411587011772e+00
-1.731255719839067897e+00
-1.736322981332954818e+00
-1.741140375694952613e+00
-1.745803924179827993e+00
-1.750402110345641749e+00
-1.754975823945712277e+00
-1.759497345685239411e+00
-1.763878479047230829e+00
-1.768005532289051995e+00
-1.771786938124679800e+00
-1.775193162780235312e+00
-1.778271136017726572e+00
-1.781125929529887131e+00
-1.783876494611955632e+00
-1.786603907182539697e+00
-1.789314443142473454e+00
-1.791934027061734547e+00
-1.794337410567115487e+00
-1.796400384832164354e+00
-1.798052965259309577e+00
-1.799310470285081287e+00
-1.800268450650215124e+00
-1.801062814343445506e+00
-1.801811668698444446e+00
-1.802563726439816882e+00
-1.803275800522240013e+00
-1.803829632226197965e+00
-1.804081634559163483e+00
-1.803923965178862998e+00
-1.803332439136677401e+00
-1.802375156641756293e+00
-1.801191612240603535e+00
-1.799914196781141840e+00
-1.798669763974645619e+00
-1.797082490488419060e+00
-1.795036415127010843e+00
-1.792724096366897779e+00
-1.790302776640257498e+00
-1.787902320716096893e+00
-1.785544983723665435e+00
-1.783144780746260372e+00
-1.780543679268069113e+00
-1.777581477070164340e+00
-1.774164916162785932e+00
-1.770307225680229024e+00
-1.766121156962966676e+00
-1.761769276739385770e+00
-1.757393580380586240e+00
-1.753055063242547229e+00
-1.748709067719675270e+00
-1.744226365519431443e+00
-1.739450083690906146e+00
-1.734263385455142581e+00
-1.728638696108389938e+00
-1.722647788455346163e+00
-1.716429320722273832e+00
-1.710128678344303932e+00
-1.703836417303998818e+00
-1.697551519192185054e+00
-1.691184397939657469e+00
-1.684597280409599884e+00
-1.677663789508898606e+00
-1.670321963344195915e+00
-1.662598540299432104e+00
-1.654595235241757667e+00
-1.646444080415260469e+00
-1.638251663267111136e+00
-1.630056010277266987e+00
-1.621813639053023781e+00
-1.613420974927834539e+00
-1.604759812170639899e+00
-1.595746939175507251e+00
-1.586367215659835406e+00
-1.576677201718309274e+00
-1.566779241979359583e+00
-1.556778118149485080e+00
-1.546738878166337816e+00
-1.536662948766570835e+00
-1.526491216666514550e+00
-1.516131306746247631e+00
-1.505496675515405558e+00
-1.494541158491112576e+00
-1.483275493945519274e+00
-1.471760437142634936e+00
-1.460080714263435775e+00
-1.448311284469720794e+00
-1.436489530202165632e+00
-1.424603670874937000e+00
-1.412600675964846841e+00
-1.400409287297599503e+00
-1.387968429761096578e+00
-1.375250072077074170e+00
-1.362268528849721605e+00
-1.349073757623387326e+00
-1.335732131831868896e+00
-1.322302336154869584e+00
-1.308815146709619182e+00
-1.295263927880537347e+00
-1.281608638382308207e+00
-1.267791478912781544e+00
-1.253758527717226734e+00
-1.239479882227665586e+00
-1.224961407346414566e+00
-1.210243952090630737e+00
-1.195390026105319636e+00
-1.180462213062168031e+00
-1.165500688190913570e+00
-1.150507982212294333e+00
-1.135447086993957244e+00
-1.120254532002790127e+00
-1.104864526194594632e+00
-1.089235647744821511e+00
-1.073369787614066206e+00
-1.057315170583690733e+00
-1.041150925469873645e+00
-1.024957988194064029e+00
-1.008787167409844088e+00
-9.926373427935482052e-01
-9.764536658423803583e-01
-9.601480647895945797e-01
-9.436351101554533161e-01
-9.268691997098648105e-01
-9.098673618618519088e-01
-8.927069527337202492e-01
-8.754975274250422768e-01
-8.583372435583717097e-01
-8.412715445275725790e-01
-8.242720586481877554e-01
-8.072460312223526113e-01
-7.900739786754780170e-01
-7.726608550011403453e-01
-7.549792991335245729e-01
-7.370857852159304890e-01
-7.191012691642781895e-01
-7.011629817694627897e-01
-6.833669954052034035e-01
-6.657261380270361739e-01
-6.481622559642944426e-01
-6.305376673866646131e-01
-6.127137148267142175e-01
-5.946119460399299506e-01
-5.762513240363879019e-01
-5.577443414929315058e-01
-5.392522744419525615e-01
-5.209177132324288584e-01
-5.028030862209812435e-01
-4.848622205226976734e-01
-4.669583739492805807e-01
-4.489222150928818267e-01
-4.306255437217337279e-01
-4.120389685490152276e-01
-3.932479141776258347e-01
-3.744189065010491979e-01
-3.557296597672867655e-01
-3.379734576302107496e-01
-3.213256465028305753e-01
-3.057517247866827770e-01
-2.912171908832935641e-01
-2.776875431942030792e-01
-2.651282801209384199e-01
-2.535049000650359541e-01
-2.427829014280315501e-01
-2.329277826114535821e-01
-2.239050420168398614e-01
-2.156801780457196505e-01
-2.082186890996283457e-01
-2.014860735801007885e-01
-1.954478298886672405e-01
-1.900694564268636533e-01
-1.853164515962211212e-01
-1.811543137982742080e-01
-1.775485414345568391e-01
-1.744646329066008028e-01
-1.718680866159409681e-01
-1.697244009641092621e-01
-1.679990743526398322e-01
-1.666576051830661320e-01
-1.656654918569209767e-01
-1.649882327757380696e-01
-1.645913263410505312e-01
-1.644402709543917318e-01
-1.645005650172950973e-01
-1.647377069312939979e-01
-1.651171950979215541e-01
-1.656045279187112751e-01
-1.661652037951964755e-01
-1.667647211289103315e-01
-1.673685783213864076e-01
-1.679422737741577409e-01
-1.684513058887580073e-01
-1.688611730667203548e-01
-1.691373737095780982e-01
-1.692454062188645247e-01
-1.691507689961131988e-01
-1.688189604428571577e-01
-1.682154789606298273e-01
-1.673058229509648831e-01
-1.660554908153949460e-01
-1.644299809554542746e-01
-1.623947917726751566e-01
-1.599154216685914898e-01
-1.569573690447371717e-01
-1.534861323026441293e-01
-1.494672098438463992e-01
-1.448661000698784895e-01
-1.396483013822715225e-01
-1.337793121825611997e-01
-1.272246308722783381e-01
-1.199497558529574459e-01
-1.119201855261335032e-01
-1.031014182933365775e-01
-9.345895255610381369e-02
-8.295828671596416903e-02
-7.156491917445301221e-02
-5.924434833310671111e-02
-4.596207259345297391e-02
-3.168359035703105508e-02
-1.637440002536794115e-02
-5.551115123125782702e-17
