-2.059984127722458425e-18
-4.451861914775456005e-04
-8.597474630883622602e-04
-1.244797058118873173e-03
-1.601448219855872547e-03
-1.930814191585883107e-03
-2.234008216595448175e-03
-2.512143538171322278e-03
-2.766333399599999084e-03
-2.997691044168197556e-03
-3.207329715162480534e-03
-3.396362655869416929e-03
-3.565903109575705755e-03
-3.717064319567890338e-03
-3.850959529132646705e-03
-3.968701981556554612e-03
-4.071404920126210289e-03
-4.160181588128267216e-03
-4.236145228849306013e-03
-4.300409085575971485e-03
-4.354086401594858997e-03
-4.398290420192577793e-03
-4.434134384655757065e-03
-4.462731538270998249e-03
-4.485195124324925335e-03
-4.502638386104151035e-03
-4.516174566895280254e-03
-4.526916909984936982e-03
-4.535978658659726992e-03
-4.544473056206270803e-03
-4.553513345911182862e-03
-4.564212771061070678e-03
-4.577684574942556504e-03
-4.595042000842243513e-03
-4.617398292046759160e-03
-4.645866691842711824e-03
-4.681560443516707276e-03
-4.725592790355373843e-03
-4.779076975645307757e-03
-4.843126242673147751e-03
-4.918853834725496130e-03
-5.007372995088943055e-03
-5.109796967050148075e-03
-5.227238993895674465e-03
-5.360812318912190448e-03
-5.511630185386286185e-03
-5.680805836604537959e-03
-5.869452515853629607e-03
-6.078683466420096645e-03
-6.309611931590643728e-03
-6.563351154651841934e-03
-6.841014378890241526e-03
-7.143714847592580117e-03
-7.472565804045332508e-03
-7.828680491535264935e-03
-8.213172153348919854e-03
-8.627154032772811967e-03
-9.071739373093747408e-03
-9.548041417598136793e-03
-1.005717340957280707e-02
-1.060024859230426948e-02
-1.117838020907900923e-02
-1.179268150318389489e-02
-1.244426571790526424e-02
-1.313424609653002749e-02
-1.386373588234465250e-02
-1.458259210170938236e-02
-1.510833026906109600e-02
-1.549289656725505795e-02
-1.584687647726727711e-02
-1.629187046900712477e-02
-1.690833924881330816e-02
-1.770123762177367929e-02
-1.859805909158859794e-02
-1.948000688705058686e-02
-2.023285401813618503e-02
-2.079569335720028722e-02
-2.118675818079721399e-02
-2.149537533606631079e-02
-2.184361122619955103e-02
-2.233408206410328334e-02
-2.300623173614028266e-02
-2.381968039260818487e-02
-2.467163542642285615e-02
-2.544081620672879185e-02
-2.603908051429226420e-02
-2.644874437933510819e-02
-2.672977715376710292e-02
-2.699394230910251782e-02
-2.735702774396804940e-02
-2.788960858129976503e-02
-2.858729903821663476e-02
-2.937302033872151580e-02
-3.013013261830646203e-02
-3.075216789419006613e-02
-3.118792783177809502e-02
-3.146280671865737955e-02
-3.166743804686634328e-02
-3.191871261295359252e-02
-3.230992209815219257e-02
-3.287129082183472273e-02
-3.355759898287480336e-02
-3.426796985512241267e-02
-3.488918295036461115e-02
-3.534392299240157742e-02
-3.562339800440152138e-02
-3.579055001520760337e-02
-3.595268725744864974e-02
-3.621539327133599384e-02
-3.663747309910900252e-02
-3.720616314139710279e-02
-3.784304889339110134e-02
-3.843796745856015856e-02
-3.889626507368823538e-02
-3.917916677816221660e-02
-3.932005870543731074e-02
-3.940985815098307227e-02
-3.955786869227069513e-02
-3.984494035448389593e-02
-4.028896179248031562e-02
-4.083737019420406039e-02
-4.138978794893015400e-02
-4.184103811998730882e-02
-4.212612814198561650e-02
-4.224800209936746542e-02
-4.227625624936462434e-02
-4.231741051381050778e-02
-4.246944373549866453e-02
-4.277998155043129941e-02
-4.322594738281462790e-02
-4.372334571957174620e-02
-4.416297406522978058e-02
-4.445684641569855322e-02
-4.457559484735114375e-02
-4.456097493481062100e-02
-4.450820036161082238e-02
-4.452563740552289290e-02
-4.468896168444136396e-02
-4.500918517386226503e-02
-4.542804836904600074e-02
-4.584267028891535894e-02
-4.614898295981595400e-02
-4.628557219591800803e-02
-4.625943260218680353e-02
-4.614284268486065071e-02
-4.604278271837447534e-02
-4.605588298019038657e-02
-4.622792763906583696e-02
-4.653493016541375427e-02
-4.689362857996687978e-02
-4.719682132291264098e-02
-4.735849817929682626e-02
-4.734971873182929752e-02
-4.721023500224153652e-02
-4.703118398733113770e-02
-4.691638915139511451e-02
-4.693873521791785269e-02
-4.710999747654949499e-02
-4.737666700829228084e-02
-4.764324823074517212e-02
-4.781292579567342910e-02
-4.782828687592882710e-02
-4.769494542118991876e-02
-4.747831648237350877e-02
-4.727522661761998646e-02
-4.717264790206995156e-02
-4.721114369969038604e-02
-4.736842337336060610e-02
-4.756972063118829197e-02
-4.772027835550753105e-02
-4.774589467940050513e-02
-4.762420030314130220e-02
-4.739349226210701205e-02
-4.713564292049814836e-02
-4.694066389720399218e-02
-4.686822193933384839e-02
-4.692253743312210790e-02
-4.705123091979439287e-02
-4.716836508431539177e-02
-4.719164755907596931e-02
-4.707765570568515912e-02
-4.684047917716883946e-02
-4.654435695076832025e-02
-4.627902552553866955e-02
-4.611094655724343183e-02
-4.608621312967754041e-02
-4.610405765503779868e-02
-4.596041558084797141e-02
-4.568331354633443919e-02
-4.533864059257902007e-02
-4.502533937026034078e-02
-4.482448999668279394e-02
-4.476723161026287950e-02
-4.482035442068428577e-02
-4.490146212548712379e-02
-4.491487508369989418e-02
-4.479333170171692635e-02
-4.452713306914178604e-02
-4.416821273388582547e-02
-4.380744359386935100e-02
-4.353513817985617956e-02
-4.340193240562544019e-02
-4.339699205577593477e-02
-4.345290704383387992e-02
-4.347505408491131318e-02
-4.338263704276898447e-02
-4.314361989610844550e-02
-4.278847894527985918e-02
-4.239690954546336543e-02
-4.206332406883683817e-02
-4.185611056093469645e-02
-4.178827727597607400e-02
-4.181209060567479124e-02
-4.183989612393165108e-02
-4.178202285302370228e-02
-4.158536379728267063e-02
-4.125603019624415890e-02
-4.085642811595215779e-02
-4.047816764177464277e-02
-4.020260534179119494e-02
-4.006605966988487783e-02
-4.004459706912613659e-02
-4.006476879075037550e-02
-4.003549098742600898e-02
-3.988722455184547100e-02
-3.960159227882115163e-02
-3.921881196743290388e-02
-3.881994878863375548e-02
-3.849181817804321615e-02
-3.828974601570480502e-02
-3.821418930845767864e-02
-3.821113522571554372e-02
-3.819585925253302094e-02
-3.808960665979514715e-02
-3.785332385555219281e-02
-3.750399469723996598e-02
-3.710675199568614496e-02
-3.674640305369306081e-02
-3.649081374040903658e-02
-3.636196421200266204e-02
-3.632701822902567601e-02
-3.631302536605292286e-02
-3.623869623094577719e-02
-3.604943294834416639e-02
-3.574054278065889184e-02
-3.535878708094898626e-02
-3.498181316367635074e-02
-3.468451174631295014e-02
-3.450686609510884850e-02
-3.443708242636239758e-02
-3.441711157519729281e-02
-3.436798889349582109e-02
-3.422391459002872144e-02
-3.396037690642838419e-02
-3.360432313869918253e-02
-3.322219485636591918e-02
-3.289116370020322283e-02
-3.266604225146983037e-02
-3.255606691193783930e-02
-3.252136868956928550e-02
-3.249043010730961328e-02
-3.239085931854501083e-02
-3.218022127967412604e-02
-3.186379468569740248e-02
-3.149184543000724257e-02
-3.113781364373856275e-02
-3.086691305969069613e-02
-3.070859800419449559e-02
-3.064453862552605698e-02
-3.061700428440571747e-02
-3.055382339821194684e-02
-3.039909291686485396e-02
-3.013652547781473651e-02
-2.979567319784344470e-02
-2.943868568609689026e-02
-2.913354527425557339e-02
-2.892534279321739427e-02
-2.881777280246278911e-02
-2.877245702461657395e-02
-2.872600668414661620e-02
-2.861723988463666518e-02
-2.841284338734829246e-02
-2.812068648781072128e-02
-2.778546100773018543e-02
-2.746891816485250506e-02
-2.722343213841218329e-02
-2.707022834235027486e-02
-2.699135605292302467e-02
-2.693843284147731318e-02
-2.685399800838673273e-02
-2.669607331447420087e-02
-2.645541029307049707e-02
-2.615831379556682323e-02
-2.585428468171631355e-02
-2.559420699725415554e-02
-2.540866775365543950e-02
-2.529565605571758302e-02
-2.522259423790856533e-02
-2.514136837204230396e-02
-2.500950226021968203e-02
-2.480819403873845211e-02
-2.454956479517253487e-02
-2.427033967585733726e-02
-2.401510955283422954e-02
-2.381672646491997392e-02
-2.368240758672126786e-02
-2.359141051425642926e-02
-2.350496405911016440e-02
-2.338379301580973887e-02
-2.320538762117660761e-02
-2.297347153594576918e-02
-2.271570213588895021e-02
-2.247088809732930570e-02
-2.227157445805049221e-02
-2.212974724061512327e-02
-2.203188865661671186e-02
-2.194538623784014764e-02
-2.183327690514223068e-02
-2.167070197048592828e-02
-2.145580358710884317e-02
-2.121033967523970956e-02
-2.096987027299548542e-02
-2.076794350540147813e-02
-2.062128834358696247e-02
-2.052250521214071810e-02
-2.044339907227846892e-02
-2.034741716049136631e-02
-2.020568931035012297e-02
-2.000964044292949384e-02
-1.977469362429397012e-02
-1.953350351545082159e-02
-1.932172455164276464e-02
-1.916255093523506342e-02
-1.905673984059341741e-02
-1.898239376394384240e-02
-1.890451373387546860e-02
-1.879011379516526067e-02
-1.862233707060070506e-02
-1.840751661679330617e-02
-1.817223017393865964e-02
-1.795173155552123867e-02
-1.777482430750060988e-02
-1.765169857129159775e-02
-1.756988902548756171e-02
-1.749995593511779329e-02
-1.740830190326946372e-02
-1.727152586564033310e-02
-1.708615284038321816e-02
-1.686966806262919089e-02
-1.665258412621299297e-02
-1.646511831805859069e-02
-1.632430464911170317e-02
-1.622706433083967795e-02
-1.615207433922736038e-02
-1.606942389498394394e-02
-1.595371538920623347e-02
-1.579488135980600810e-02
-1.560210126388017655e-02
-1.539928603481586535e-02
-1.521428053268913255e-02
-1.506661290166531712e-02
-1.495915279819500475e-02
-1.487723622912017797e-02
-1.479549632894727913e-02
-1.468927251861715765e-02
-1.454551930636068142e-02
-1.436842907531407643e-02
-1.417736357771059129e-02
-1.399808941291773995e-02
-1.385124372815215756e-02
-1.374313841369475750e-02
-1.366295248076357383e-02
-1.358753045150693471e-02
-1.349164598399427845e-02
-1.335920295464984933e-02
-1.319044762742409976e-02
-1.300201889383317475e-02
-1.281979299186028140e-02
-1.266762158497983584e-02
-1.255685462972207234e-02
-1.248121110338222192e-02
-1.241925585453781261e-02
-1.234346155186517510e-02
-1.223199123577374710e-02
-1.207815166009038391e-02
-1.189344930044479096e-02
-1.170290428530711829e-02
-1.153457725431168181e-02
-1.140773253554316566e-02
-1.132464758218633405e-02
-1.126954090590792830e-02
-1.121508627979241057e-02
-1.113377425019853109e-02
-1.100934618117777042e-02
-1.084352387874175719e-02
-1.065525101571365360e-02
-1.047280557928950001e-02
-1.032210749753179231e-02
-1.021609530565254984e-02
-1.014955123607469249e-02
-1.010144698036209536e-02
-1.004374621903640630e-02
-9.952949227060425147e-03
-9.819591846882309849e-03
-9.651834211502650224e-03
-9.471777148044513081e-03
-9.306161380507244063e-03
-9.175379451472131381e-03
-9.085339178124573686e-03
-9.025443288693372340e-03
-8.973361160833607728e-03
-8.904461591325161379e-03
-8.801911294658395710e-03
-8.663282313298083237e-03
-8.501069222533826422e-03
-8.337092102062900606e-03
-8.193269247053939358e-03
-8.082654912558086269e-03
-8.004405653523151420e-03
-7.944609919743788121e-03
-7.882446866666399654e-03
-7.798970380788806424e-03
-7.684825562879422922e-03
-7.543764731134994239e-03
-7.390658047917851581e-03
-7.244998328075871047e-03
-7.122717129391584884e-03
-7.029730221142951700e-03
-6.959808790178582776e-03
-6.897512824413777437e-03
-6.824821398178672338e-03
-6.728622017930894691e-03
-6.605959081245773787e-03
-6.464964246679300378e-03
-6.321226349526216232e-03
-6.191223744556603910e-03
-6.085582482251375089e-03
-6.004902590966159151e-03
-5.939762687249271721e-03
-5.874771753074840321e-03
-5.794910672811071084e-03
-5.691545991784701351e-03
-5.565719460771445526e-03
-5.427488522928125558e-03
-5.291708231443454681e-03
-5.172042368638296930e-03
-5.075626456067515967e-03
-5.000456430235542850e-03
-4.936428334852751947e-03
-4.869490140490279756e-03
-4.787176549865639757e-03
-4.683335977338457835e-03
-4.560264403443647918e-03
-4.427539930146559902e-03
-4.298146174890585605e-03
-4.183471933025953611e-03
-4.089119665462825903e-03
-4.013052054603876567e-03
-3.946651768088067780e-03
-3.878157287937293498e-03
-3.797090149605558337e-03
-3.698003260539714423e-03
-3.582224458263970346e-03
-3.457074164678761597e-03
-3.332976464863994601e-03
-3.219611373930179182e-03
-3.122525580050069735e-03
-3.041369748920676273e-03
-2.970288413030959009e-03
-2.900205788957960478e-03
-2.822111990605843425e-03
-2.730167079923631005e-03
-2.623571950095293127e-03
-2.506633837676955009e-03
-2.387095395313935768e-03
-2.273371195273598232e-03
-2.171666144023618600e-03
-2.083942501251899448e-03
-2.007381205999141712e-03
-1.935465766217246914e-03
-1.860278694533742949e-03
-1.775213895320828855e-03
-1.677191285659308676e-03
-1.567643146205215110e-03
-1.451959937530970671e-03
-1.337600139496768724e-03
-1.231513835424809244e-03
-1.137757033890954153e-03
-1.056109474399824716e-03
-9.821682088789166105e-04
-9.088861382286616154e-04
-8.290281623786169458e-04
-7.376953515063757816e-04
-6.340366457025069106e-04
-5.215455748432207619e-04
-4.068319336441001506e-04
-2.972934531053863963e-04
-1.985041323061444564e-04
-1.122419987505990136e-04
-3.585664814347755858e-05
3.679587690045866156e-05
1.131802756064285726e-04
1.994407032780554762e-04
2.982278753692471163e-04
4.077640982674419481e-04
5.224756446654870096e-04
6.349649103334865582e-04
7.386220747888359080e-04
8.299534899390019396e-04
9.098100109553061525e-04
9.830902838735102508e-04
1.057029139372768229e-03
1.138673481262495986e-03
1.232426191522151011e-03
1.338507564143268189e-03
1.452861714458064278e-03
1.568538777369007887e-03
1.678080526153374538e-03
1.776096753087334475e-03
1.861155363830242814e-03
1.936336564315328714e-03
2.008246494638552329e-03
2.084802550492617385e-03
2.172521000433594741e-03
2.274220557533613435e-03
2.387938538649417644e-03
2.507469741757686974e-03
2.624399457413912218e-03
2.730985139414471730e-03
2.822919842836438785e-03
2.901003095616262826e-03
2.971075278402914976e-03
3.042146588486500762e-03
3.123292973953676124e-03
3.220369843302035677e-03
3.333726279500939284e-03
3.457815243249270486e-03
3.582956326050970933e-03
3.698725091286996121e-03
3.797800916243606207e-03
3.878855942265391210e-03
3.947337412012647505e-03
4.013724065595658877e-03
4.089777747999725696e-03
4.184116100611865938e-03
4.298776694333253899e-03
4.428157219920842227e-03
4.560868905409689970e-03
4.683928029186094043e-03
4.787756284196924457e-03
4.870057393067199134e-03
4.936982583235519258e-03
5.000996814427978790e-03
5.076151872217434663e-03
5.172551656363147052e-03
5.292200420533502495e-03
5.427963035977515296e-03
5.566176179465840562e-03
5.691985269060714780e-03
5.795333187282323065e-03
5.875178274645495580e-03
5.940153779491491419e-03
6.005278385187716103e-03
6.085942534268182214e-03
6.191567048070990148e-03
6.321551508975605492e-03
6.465269748450172549e-03
6.606243637478871264e-03
6.728884769162103013e-03
6.825061912595174231e-03
6.897731115365516447e-03
6.960005192289761382e-03
7.029905128975142553e-03
7.122870828905531783e-03
7.245130891578146180e-03
7.390769239218154124e-03
7.543854001316805183e-03
7.684892119380354152e-03
7.799013269949544962e-03
7.882465027000068805e-03
7.944602269561677060e-03
8.004371158526077390e-03
8.082592713054552458e-03
8.193178758531429254e-03
8.336973084956794330e-03
8.500921799604096302e-03
8.663106873546501038e-03
8.801708340701871330e-03
8.904231464493780543e-03
8.973103752974076822e-03
9.025157856477443452e-03
9.085024387142988378e-03
9.175033603448401465e-03
9.305782740811001374e-03
9.471364336688267022e-03
9.651386488549676054e-03
9.819109200242323934e-03
9.952432223753308188e-03
1.004319573216327574e-02
1.010086384883376528e-02
1.014893593950406785e-02
1.021544774064169284e-02
1.032142698409089544e-02
1.047209102979635223e-02
1.065450118982140364e-02
1.084273763685841135e-02
1.100852268183152675e-02
1.113291304871819390e-02
1.121418729983542084e-02
1.126860434569896055e-02
1.132367380198633783e-02
1.140672196831410933e-02
1.153353031140879302e-02
1.170182127250876322e-02
1.189233040800918850e-02
1.207699689281719821e-02
1.223080039077697329e-02
1.234223422860884420e-02
1.241799142343090467e-02
1.247990879956136639e-02
1.255551369878144842e-02
1.266624152281478968e-02
1.281837370961680898e-02
1.300056078913036824e-02
1.318895150722767390e-02
1.335766980993999438e-02
1.349007671343902676e-02
1.358592559164811461e-02
1.366131209393310272e-02
1.374146210094012374e-02
1.384953081446708804e-02
1.399633918820196790e-02
1.417557553654532829e-02
1.436660315029035344e-02
1.454365589866201541e-02
1.468737239872372133e-02
1.479356046207408286e-02
1.487526552420634536e-02
1.495714789488862204e-02
1.506457410101377792e-02
1.521220783252147900e-02
1.539717924751933358e-02
1.559996018697630202e-02
1.579270593969081191e-02
1.595150576006673301e-02
1.606718038297638707e-02
1.614979743143022534e-02
1.622475462258970644e-02
1.632196280003058581e-02
1.646274503014683380e-02
1.665018017271478745e-02
1.686723425918825597e-02
1.708368993762428983e-02
1.726903446206677628e-02
1.740578231618932978e-02
1.749740821865559959e-02
1.756731303703364111e-02
1.764909414263549081e-02
1.777219144891863459e-02
1.794907061079078353e-02
1.816954194049340277e-02
1.840480231813156412e-02
1.861959818600898015e-02
1.878735182408887774e-02
1.890172988721247962e-02
1.897958876076968893e-02
1.905391388118511664e-02
1.915970384463915044e-02
1.931885605886926247e-02
1.953061349415524672e-02
1.977178234092849540e-02
2.000670864549675826e-02
2.020273813563046306e-02
2.034444799556084371e-02
2.044041339609315930e-02
2.051950439978191681e-02
2.061827351283875356e-02
2.076491547668213658e-02
2.096682962472255080e-02
2.120728682516606275e-02
2.145273883059499107e-02
2.166762555375172095e-02
2.183018908990342483e-02
2.194228738671268400e-02
2.202877931842822309e-02
2.212662824251989541e-02
2.226844696187081640e-02
2.246775358492062932e-02
2.271256227396030100e-02
2.297032797215795008e-02
2.320224174451077093e-02
2.338064573680537217e-02
2.350181577350032858e-02
2.358826124953352504e-02
2.367925723751523187e-02
2.381357505838840871e-02
2.401195747305385694e-02
2.426718781991702573e-02
2.454641454323469932e-02
2.480504709788769122e-02
2.500636043643758577e-02
2.513823329055540207e-02
2.521946714262533751e-02
2.529253772157352698e-02
2.540555853932058294e-02
2.559110709064007366e-02
2.585119431762539222e-02
2.615523342592629419e-02
2.645234066026511469e-02
2.669301538523716558e-02
2.685095286830945643e-02
2.693540165978332984e-02
2.698834004634875078e-02
2.706722874583940286e-02
2.722045020022769921e-02
2.746595514799331228e-02
2.778251809750070106e-02
2.811776464051485638e-02
2.840994326722331639e-02
2.861436183405369899e-02
2.872315078561633525e-02
2.876962323382947773e-02
2.881496120245109413e-02
2.892255384021001630e-02
2.913077996364751496e-02
2.943594555753883957e-02
2.979296013314360059e-02
3.013384130646654113e-02
3.039643908275604239e-02
3.055120076490728739e-02
3.061441303525906307e-02
3.064197849464420434e-02
3.070606865832252452e-02
3.086441448680005833e-02
3.113534630719845889e-02
3.148941026384809855e-02
3.186139294013971834e-02
3.217785427426341632e-02
3.238852816739101054e-02
3.248813554792668451e-02
3.251911108218208390e-02
3.255384645412061351e-02
3.266385917438668907e-02
3.288901841452104846e-02
3.322008802453260690e-02
3.360225554667208708e-02
3.395834927419212612e-02
3.422192736819771458e-02
3.436604222283937138e-02
3.441520537602043434e-02
3.443521660475380719e-02
3.450504080155741143e-02
3.468272749339913058e-02
3.498007076567299228e-02
3.535708743227682777e-02
3.573888659123197059e-02
3.604782058217422674e-02
3.623712760846081737e-02
3.631150009041275023e-02
3.632553584506834771e-02
3.636052449036335232e-02
3.648941693008074527e-02
3.674504992463331621e-02
3.710544363919265898e-02
3.750273214985114234e-02
3.785210775182781817e-02
3.808843702154757205e-02
3.819473550181713695e-02
3.821005645585718452e-02
3.821315468319667896e-02
3.828875513211842802e-02
3.849087122054359322e-02
3.881904646857210761e-02
3.921795518549405640e-02
3.960078177591066367e-02
3.988646063010410636e-02
4.003477340163839188e-02
4.006409692420668384e-02
4.004397020895768267e-02
4.006547731967511489e-02
4.020206743607597499e-02
4.047767449782959520e-02
4.085598018796760683e-02
4.125562778883085091e-02
4.158500692209129296e-02
4.178171109238422443e-02
4.183962867749881770e-02
4.181186661764892815e-02
4.178809618415308541e-02
4.185597232617316310e-02
4.206322916516414684e-02
4.239685866553515037e-02
4.278847255470467209e-02
4.314365785989740520e-02
4.338271846256026160e-02
4.347517752951005066e-02
4.345307099419028901e-02
4.339719545431190706e-02
4.340217495102305367e-02
4.353542034194658739e-02
4.380776635996139895e-02
4.416857713720281908e-02
4.452753963501072942e-02
4.479378006307989379e-02
4.491536394796320081e-02
4.490198960901304465e-02
4.482091854412512122e-02
4.476783085083415464e-02
4.482512368954111315e-02
4.502600771741199770e-02
4.533934433229837302e-02
4.568405342527774582e-02
4.596119190735215021e-02
4.610487003636878217e-02
4.608706052522220514e-02
4.611182743482859087e-02
4.627993807621171019e-02
4.654529956606425628e-02
4.684145082810620142e-02
4.707865598879985847e-02
4.719267648178344238e-02
4.716942260874256582e-02
4.705231661101665075e-02
4.692365043327596796e-02
4.686936112932233583e-02
4.694182822516507897e-02
4.713683177463094676e-02
4.739470565269190278e-02
4.762543871137341761e-02
4.774715858032585469e-02
4.772156768766405710e-02
4.757103443546674415e-02
4.736975976186319492e-02
4.721250018402177451e-02
4.717402205302734935e-02
4.727661672365879308e-02
4.747972199155567341e-02
4.769636697393078717e-02
4.782972589563772026e-02
4.781438381143233302e-02
4.764472613416032010e-02
4.737816453859816646e-02
4.711151310723848268e-02
4.694026652521991055e-02
4.691793347615641485e-02
4.703273915458641014e-02
4.721179972378130446e-02
4.735129276699198003e-02
4.736008205840054608e-02
4.719841581760365889e-02
4.689523416832817870e-02
4.653654673301200334e-02
4.622955451168012098e-02
4.605751920288856521e-02
4.604442732588526210e-02
4.614449493753140091e-02
4.626109197934499123e-02
4.628723823870151133e-02
4.615065500100602042e-02
4.584434726927736486e-02
4.542972890698770971e-02
4.501086779357493101e-02
4.469064522123931960e-02
4.452732144987944091e-02
4.450988541619866484e-02
4.456266220991947358e-02
4.457728577402724629e-02
4.445854195340245146e-02
4.416467412533284231e-02
4.372504893924722413e-02
4.322765143509813002e-02
4.278168373375204614e-02
4.247114169965064689e-02
4.231910293622392905e-02
4.227794309626507763e-02
4.224968445377625531e-02
4.212780770954784038e-02
4.184271648642556157e-02
4.139146598423897039e-02
4.083904779438540106e-02
4.029063792798859289e-02
3.984661346771138646e-02
3.955953720841658833e-02
3.941152087283016081e-02
3.932171490450798307e-02
3.918081611199172171e-02
3.889790738096324946e-02
3.843960255412837146e-02
3.784467655231745636e-02
3.720778317919726241e-02
3.663908567708241970e-02
3.621699904609942261e-02
3.595428726425980992e-02
3.579214536613373188e-02
3.562498942269102381e-02
3.534551038230605846e-02
3.489076524683445285e-02
3.426954517977044701e-02
3.355916510522932716e-02
3.287284584633432677e-02
3.231146509985698828e-02
3.192024394888350047e-02
3.166895922820090609e-02
3.146431993507799174e-02
3.118943520944622919e-02
3.075367075663267002e-02
3.013163108882470353e-02
2.937451341246673231e-02
2.858878501019880558e-02
2.789108567097804692e-02
2.735849465624345944e-02
2.699539853476884410e-02
2.673122296307246099e-02
2.645018058883962311e-02
2.604050809438192282e-02
2.544223590293313852e-02
2.467304766713507291e-02
2.382108538295849010e-02
2.300762968539016295e-02
2.233547332452210515e-02
2.184499621063235031e-02
2.149675435022921008e-02
2.118813122051652065e-02
2.079705987965320760e-02
2.023421297251800505e-02
1.948135701288471536e-02
1.859939941579109510e-02
1.770256785211764966e-02
1.690966011642636505e-02
1.629318369337024244e-02
1.584818431372099837e-02
1.549420106673428735e-02
1.510963256186144757e-02
1.458389196734711374e-02
1.386503186770008875e-02
1.313553644448951438e-02
1.244554870470718742e-02
1.179395546586950276e-02
1.117964354549242333e-02
1.060149976109249666e-02
1.005841093018571518e-02
9.549263870288478978e-03
9.072945398917146506e-03
8.628342333587765700e-03
8.214341491816800830e-03
7.829829691120320651e-03
7.473693749014683613e-03
7.144820483016220414e-03
6.842096710641045777e-03
6.564409249405553717e-03
6.310644916825881509e-03
6.079690530418354645e-03
5.870432907699276934e-03
5.681758866184813406e-03
5.512555223391312972e-03
5.361708796834957144e-03
5.228106404032047995e-03
5.110634862498869384e-03
5.008180989751628842e-03
4.919631603306633648e-03
4.843873520680103475e-03
4.779793559388320449e-03
4.726278536947555418e-03
4.682215270874047139e-03
4.646490578684070796e-03
4.617991277893875555e-03
4.595604186019728796e-03
4.578216120577892692e-03
4.564713899084621614e-03
4.553984339056182072e-03
4.544914258008829304e-03
4.536390473458824617e-03
4.527299802922433655e-03
4.516529063915910788e-03
4.502965073955521660e-03
4.485494650557518906e-03
4.463004611238166434e-03
4.434381773513736830e-03
4.398512954900469715e-03
4.354284972914646348e-03
4.300584645072502883e-03
4.236298788890313638e-03
4.160314221884356400e-03
4.071517761570855182e-03
3.968796225466083433e-03
3.851036431086336288e-03
3.717125195947816943e-03
3.565949337566846553e-03
3.396395673459617903e-03
3.207351021142427865e-03
2.997702198131574174e-03
2.766336021943234004e-03
2.512139310093766675e-03
2.233998880099320739e-03
1.930801549476210410e-03
1.601434135740771592e-03
1.244783456409119873e-03
8.597363289976709538e-04
4.451795710225161379e-04
-1.734723475976807094e-18
