1.110223024625156540e-16
3.288560566045167603e-03
5.101802763176470704e-03
5.483976702919159292e-03
4.479332496799007246e-03
2.132120256341922017e-03
-1.513409906925467299e-03
-6.413007881479190070e-03
-1.252242355579102906e-02
-1.979740681833799115e-02
-2.819370755759297714e-02
-3.766707566202805169e-02
-4.817326102012162853e-02
-5.966801352034317718e-02
-7.210708305117205508e-02
-8.544621950107993136e-02
-9.964117275853782985e-02
-1.146476927120261280e-01
-1.304215292500127132e-01
-1.469184322609784765e-01
-1.640941516333940808e-01
-1.819044372557300782e-01
-2.003050390164682337e-01
-2.192517068040748252e-01
-2.387001905070321173e-01
-2.586062400138108286e-01
-2.789256052128799013e-01
-2.996140359927228491e-01
-3.206272822418045343e-01
-3.419210938486088591e-01
-3.634512207016050156e-01
-3.851734126892623622e-01
-4.070434197000649679e-01
-4.290169916224771951e-01
-4.510498783449832794e-01
-4.730978297560520796e-01
-4.951165957441530097e-01
-5.170619261977704717e-01
-5.388895710053683841e-01
-5.605552800554308712e-01
-5.820148032364274027e-01
-6.032238904368271148e-01
-6.241382915451137992e-01
-6.447137564497527062e-01
-6.649060350392266283e-01
-6.846708772020054790e-01
-7.039640328265595048e-01
-7.227412518013707210e-01
-7.409582840149057104e-01
-7.585708793556463769e-01
-7.755347877120628564e-01
-7.918057589726255063e-01
-8.073395430258164529e-01
-8.220918897601023900e-01
-8.360185490639645556e-01
-8.490752708258734183e-01
-8.612178049343006681e-01
-8.724019012777259885e-01
-8.825833097446185160e-01
-8.917177802234567130e-01
-8.997610626027130465e-01
-9.066689067708597616e-01
-9.123970626163744324e-01
-9.169012800277285269e-01
-9.201373088933981759e-01
-9.220608991018568457e-01
-9.226278005415784467e-01
-9.217937631010373334e-01
-9.195145366687083044e-01
-9.157458711330641599e-01
-9.104435163825801425e-01
-9.039013354062088723e-01
-8.973473488197301062e-01
-8.907764827212101277e-01
-8.841438271655228665e-01
-8.774033715494118368e-01
-8.705468249381416168e-01
-8.636252455224017188e-01
-8.567436665678151986e-01
-8.500305628809010638e-01
-8.435948514369784323e-01
-8.374885184055848031e-01
-8.316906152552860920e-01
-8.261192959666523450e-01
-8.206666705661689321e-01
-8.152416184469916116e-01
-8.098024605403904008e-01
-8.043658896897158961e-01
-7.989888493735548547e-01
-7.937317123837919208e-01
-7.886191710925868348e-01
-7.836162121329854902e-01
-7.786300233443207430e-01
-7.735375358214161556e-01
-7.682272975509696344e-01
-7.626382143253409573e-01
-7.567790036398760467e-01
-7.507204217774245958e-01
-7.445638860017197436e-01
-7.384000733539016759e-01
-7.322751910703214628e-01
-7.261791473068230918e-01
-7.200603217218398688e-01
-7.138601384349847478e-01
-7.075521049908386484e-01
-7.011680525693302357e-01
-6.947997976292328293e-01
-6.885749737432390605e-01
-6.826168390136351238e-01
-6.770047216983808847e-01
-6.717515205653743493e-01
-6.668073720475383714e-01
-6.620874473915857594e-01
-6.575116332632010563e-01
-6.530389145954180741e-01
-6.486817149583300468e-01
-6.444942012144838639e-01
-6.405398379148161681e-01
-6.368524475698787990e-01
-6.334078668289676584e-01
-6.301187909579250013e-01
-6.268555107885626088e-01
-6.234842041384828226e-01
-6.199069659482973060e-01
-6.160870405397403937e-01
-6.120490474536546266e-01
-6.078546450917008404e-01
-6.035644994629498772e-01
-5.992031712985955716e-01
-5.947421623557506143e-01
-5.901084800812218534e-01
-5.852150157568639655e-01
-5.799996101103785939e-01
-5.744558983910953431e-01
-5.686424727331673701e-01
-5.626661074760260783e-01
-5.566458045296911461e-01
-5.506725277292083831e-01
-5.447812701545439174e-01
-5.389467976118285097e-01
-5.331043174420231345e-01
-5.271857463193734272e-01
-5.211556953427596284e-01
-5.150315334923200039e-01
-5.088788070287358911e-01
-5.027839041803138231e-01
-4.968156309371257739e-01
-4.909921456886342517e-01
-4.852674632716214020e-01
-4.795434593830084080e-01
-4.737025178525551272e-01
-4.676472341033846569e-01
-4.613307116514657746e-01
-4.547651028083657399e-01
-4.480053705904040173e-01
-4.411157874051192529e-01
-4.341339434425224297e-01
-4.270479553549867968e-01
-4.197967936421669322e-01
-4.122936822468816764e-01
-4.044626295082921486e-01
-3.962725350384982415e-01
-3.877543504293188836e-01
-3.789939818659171511e-01
-3.701038996923337043e-01
-3.611853804819237790e-01
-3.522971509017709391e-01
-3.434433275168274902e-01
-3.345852195353788416e-01
-3.256713625244237464e-01
-3.166724217331082225e-01
-3.076056297882157065e-01
-2.985380584874073318e-01
-2.895671885777253984e-01
-2.807869989895662166e-01
-2.722539791688356470e-01
-2.639674726180206710e-01
-2.558726287056597992e-01
-2.478846186773450422e-01
-2.399238231252832365e-01
-2.319470605296727328e-01
-2.239621830746363340e-01
-2.160191541337360133e-01
-2.081858114291844364e-01
-2.005066280770137488e-01
-1.930017607039005434e-01
-1.855783284390882248e-01
-1.780656119305905338e-01
-1.704624923354686461e-01
-1.628075058781755791e-01
-1.551784776986330772e-01
-1.476541359052365165e-01
-1.402848331358904077e-01
-1.330744395308065542e-01
-1.259851990903665953e-01
-1.189616676743889406e-01
-1.119635230986909952e-01
-1.049924909485986380e-01
-9.810143864796896929e-02
-9.138140661507265783e-02
-8.493197880810074429e-02
-7.882762126620276866e-02
-7.309432737725807261e-02
-6.770639253607822761e-02
-6.260437885312142292e-02
-5.772613860249536932e-02
-5.303714041086091818e-02
-4.854671975435292247e-02
-4.430308536107369771e-02
-4.036924362872246902e-02
-3.679040300686337028e-02
-3.356724563861403221e-02
-3.064696721338826257e-02
-2.793630732830498439e-02
-2.533126292482195535e-02
-2.275092918361960870e-02
-2.016109413030539241e-02
-1.757762835557482098e-02
-1.504845258385249102e-02
-1.262215932886261681e-02
-1.031716985541787819e-02
-8.105089183673161099e-03
-5.915780819393177264e-03
-3.662254606329653790e-03
-1.274810001390277352e-03
1.270258152874655447e-03
3.939897313087241393e-03
6.656388784259329415e-03
9.327443413768950892e-03
1.188171995832595050e-02
1.429479730453180053e-02
1.659465470885555446e-02
1.884449913174050459e-02
2.111048077719607924e-02
2.342833449484027497e-02
2.578349017449326624e-02
2.811347652638955530e-02
3.033192821971037595e-02
3.236424749879955598e-02
3.417992233439130084e-02
3.580783136597050914e-02
3.732798945728981604e-02
3.884308811319790028e-02
4.044166863852087512e-02
4.216824592611158329e-02
4.401271452811831436e-02
4.592319327920055955e-02
4.783656580867508279e-02
4.971353754487677773e-02
5.156317454358595731e-02
5.344637733456478884e-02
5.545666963613167522e-02
5.768627152610636410e-02
6.019155398288454639e-02
6.297214585784581542e-02
6.597216085141775765e-02
6.910272836824433995e-02
7.227618217713051296e-02
7.543758687955189057e-02
7.858067874799941344e-02
8.174206626077316906e-02
8.497675367776438837e-02
8.832581779594636529e-02
9.179014931433659985e-02
9.532135995243866400e-02
9.883354217712914114e-02
1.022307501680963376e-01
1.054385888433732876e-01
1.084268224338157949e-01
1.112139686343931733e-01
1.138526107235922069e-01
1.164022736730440655e-01
1.189017308394678951e-01
1.213524308220416403e-01
1.237196179983296451e-01
1.259499563234045272e-01
1.279974229536192665e-01
1.298459143687950568e-01
1.315187441796729639e-01
1.330711181423022138e-01
1.345691113843635045e-01
1.360644155292262125e-01
1.375757264662120227e-01
1.390845072621718914e-01
1.405464392046280320e-01
1.419130169937362629e-01
1.431534424518844106e-01
1.442670548342761261e-01
1.452809067104505192e-01
1.462337924492276287e-01
1.471540862005739081e-01
1.480415071058267251e-01
1.488611762906395519e-01
1.495528622933592622e-01
1.500515796599203866e-01
1.503106556686215067e-01
1.503172336288815802e-01
1.500934557278648662e-01
1.496828193891776848e-01
1.491277010236480294e-01
1.484479567809185441e-01
1.476301238229376367e-01
1.466322011771075406e-01
1.454022299973936894e-01
1.439028334681882182e-01
1.421311396658739845e-01
1.401253018183485632e-01
1.379544194295878046e-01
1.356956927953985037e-01
1.334081104704725740e-01
1.311135321394583941e-01
1.287930149976864724e-01
1.263998548189516347e-01
1.238838049251097112e-01
1.212162640032400651e-01
1.184058296051871545e-01
1.154976687317980505e-01
1.125569318596299773e-01
1.096430772811577137e-01
1.067857196559066357e-01
1.039719334006012907e-01
1.011501579468601919e-01
9.824900208795876722e-02
9.520319385145724345e-02
9.197616319283970221e-02
8.857035599303279827e-02
8.502160777526167335e-02
8.138052102284278055e-02
7.768901085675630758e-02
7.396188199165794341e-02
7.018087273247505808e-02
6.630318339188186194e-02
6.228042038597177837e-02
5.807973020285672056e-02
5.369833795067475990e-02
4.916582628362316243e-02
4.453383705260614139e-02
3.985810546091034245e-02
3.518065158112056862e-02
3.051942329170871313e-02
2.586908751375341028e-02
2.121167620957098085e-02
1.653162058248557401e-02
1.182812188935502759e-02
7.119392119598352484e-03
2.437226300676567647e-03
-2.185177243377160392e-03
-6.726261916696332430e-03
-1.118393939292956774e-02
-1.557470459645522547e-02
-1.992468361235166449e-02
-2.425702532375366427e-02
-2.858172400673616650e-02
-3.289275778674975725e-02
-3.717393099287271546e-02
-4.141063486723256526e-02
-4.560182230791461067e-02
-4.976619363349236297e-02
-5.393909926108612224e-02
-5.816089588581929010e-02
-6.246154847932931797e-02
-6.684829105478420908e-02
-7.130215584120248862e-02
-7.578549431113916490e-02
-8.025779893687685906e-02
-8.469330063812029186e-02
-8.909270580079459156e-02
-9.348364648729823312e-02
-9.790910452836358580e-02
-1.024082745569274977e-01
-1.069978107034412623e-01
-1.116615959689152837e-01
-1.163538747918975991e-01
-1.210150829191473099e-01
-1.255943315481118649e-01
-1.300695175276429805e-01
-1.344567496912076332e-01
-1.388049850465666313e-01
-1.431777706174889586e-01
-1.476293116399993721e-01
-1.521845126473432286e-01
-1.568311179914118059e-01
-1.615271987395626718e-01
-1.662209754553780894e-01
-1.708749000198828971e-01
-1.754841451867754643e-01
-1.800819110998380657e-01
-1.847293261269287723e-01
-1.894939877266436923e-01
-1.944257844670292112e-01
-1.995396830249040465e-01
-2.048122593923402679e-01
-2.101931037281175585e-01
-2.156261813538133953e-01
-2.210723266228743489e-01
-2.265237983009980305e-01
-2.320052798064460298e-01
-2.375613797844820518e-01
-2.432362034159227249e-01
-2.490536587726334405e-01
-2.550066171436281559e-01
-2.610591724558694038e-01
-2.671607245330669400e-01
-2.732657652298332573e-01
-2.793510750147111255e-01
-2.854233802412784460e-01
-2.915147191199798926e-01
-2.976679806062411116e-01
-3.039190972530680934e-01
-3.102835290325286488e-01
-3.167525636508942144e-01
-3.233005600757868359e-01
-3.298995060412644453e-01
-3.365342085402207584e-01
-3.432113655994217805e-01
-3.499586084659631613e-01
-3.568140762553577150e-01
-3.638112210846687899e-01
-3.709655534966156964e-01
-3.782690849941995337e-01
-3.856947636849624161e-01
-3.932087700460917268e-01
-4.007850852158592048e-01
-4.084157740523753910e-01
-4.161123608555634124e-01
-4.238976586594945806e-01
-4.317916944836496240e-01
-4.397980687759485696e-01
-4.478970011910120008e-01
-4.560484623313790231e-01
-4.642043893825482659e-01
-4.723249489745501295e-01
-4.803919091961795229e-01
-4.884132910908651204e-01
-4.964171417369118156e-01
-5.044369355888339568e-01
-5.124947788159402995e-01
-5.205896642583689449e-01
-5.286959978498781965e-01
-5.367733085548886951e-01
-5.447832670674632727e-01
-5.527069035862448576e-01
-5.605546437235208179e-01
-5.683646367014463241e-01
-5.761896745162620181e-01
-5.840777922294611013e-01
-5.920543778366348375e-01
-6.001131340915645263e-01
-6.082196814226088488e-01
-6.163264146850278014e-01
-6.243925689770953857e-01
-6.324012532405968168e-01
-6.403663858269094122e-01
-6.483265884381247401e-01
-6.563284441582750706e-01
-6.644059021473502913e-01
-6.725642303864737270e-01
-6.807751084669981800e-01
-6.889849589377754491e-01
-6.971332699816099598e-01
-7.051736425932857433e-01
-7.130892316817960541e-01
-7.208965613208012657e-01
-7.286364090856000120e-01
-7.363556380515204891e-01
-7.440874085716789876e-01
-7.518377144137362578e-01
-7.595835009518914216e-01
-7.672828753296224713e-01
-7.748930654364540871e-01
-7.823887877258484114e-01
-7.897736953389961068e-01
-7.970805059438597073e-01
-8.043600299716993085e-01
-8.116636969389837697e-01
-8.190265615637633001e-01
-8.264572980473214869e-01
-8.339386522636469401e-01
-8.414375426071536435e-01
-8.489202459438176529e-01
-8.563663572578052996e-01
-8.637760814459398695e-01
-8.711684151306086088e-01
-8.785715721809773671e-01
-8.860100205639500626e-01
-8.934935524499559856e-01
-9.010126017358350836e-01
-9.085411965656702282e-01
-9.160457589129574751e-01
-9.234957834054697834e-01
-9.308720614088102918e-01
-9.381695743426535783e-01
-9.453946933920097662e-01
-9.525587461847269122e-01
-9.596712919549111875e-01
-9.667361280966553228e-01
-9.737514241768117085e-01
-9.807132847263831943e-01
-9.876204815437830131e-01
-9.944777592711484537e-01
-1.001296086469039670e+00
-1.008089948848491124e+00
-1.014873369982386198e+00
-1.021656998828743168e+00
-1.028447996751855609e+00
-1.035252896168281200e+00
-1.042081876989784384e+00
-1.048951909548822226e+00
-1.055886506974851535e+00
-1.062911353745758181e+00
-1.070047159101576328e+00
-1.077302726514928644e+00
-1.084671587406638160e+00
-1.092134309913072254e+00
-1.099666198779495341e+00
-1.107247590048676233e+00
-1.114872457497257274e+00
-1.122551367335346661e+00
-1.130306951697569451e+00
-1.138163220544562648e+00
-1.146132861286996318e+00
-1.154207912167622530e+00
-1.162358181839707960e+00
-1.170538806794020781e+00
-1.178704552158027052e+00
-1.186825443673273028e+00
-1.194897409941439781e+00
-1.202943319370282538e+00
-1.211003523630012513e+00
-1.219119299143615276e+00
-1.227315645140536260e+00
-1.235590414628982003e+00
-1.243914413061876445e+00
-1.252242744881944647e+00
-1.260533061905527052e+00
-1.268763410096235500e+00
-1.276942321802502889e+00
-1.285106768585123627e+00
-1.293308437767260344e+00
-1.301593564672866687e+00
-1.309984278726607387e+00
-1.318468949343151397e+00
-1.327005487409800510e+00
-1.335536371259642863e+00
-1.344009421896505518e+00
-1.352395999820564798e+00
-1.360699321830188380e+00
-1.368949598431606240e+00
-1.377188047248600000e+00
-1.385446361051956954e+00
-1.393730053819052683e+00
-1.402012513069301303e+00
-1.410242210554130349e+00
-1.418360148158733791e+00
-1.426320454571744278e+00
-1.434105834581924199e+00
-1.441731749875360347e+00
-1.449237874731243769e+00
-1.456670576783231974e+00
-1.464063765878998780e+00
-1.471425972794154768e+00
-1.478738792702285254e+00
-1.485967023105369211e+00
-1.493075970323474166e+00
-1.500048510248721767e+00
-1.506894741517789349e+00
-1.513650309417625683e+00
-1.520364294215689194e+00
-1.527081907174537179e+00
-1.533829299674276392e+00
-1.540606733684418250e+00
-1.547392683868604069e+00
-1.554156745517665028e+00
-1.560875514042189494e+00
-1.567544464960965556e+00
-1.574180759364242510e+00
-1.580815953115545902e+00
-1.587482022319573582e+00
-1.594197001728572038e+00
-1.600956633658862316e+00
-1.607735719267051833e+00
-1.614498551348559463e+00
-1.621213784172654160e+00
-1.627867127695593608e+00
-1.634466212080633252e+00
-1.641035435935822573e+00
-1.647603071854573331e+00
-1.654186397974853895e+00
-1.660781599210598314e+00
-1.667363169158808889e+00
-1.673893385729700256e+00
-1.680337926980293606e+00
-1.686680823544977503e+00
-1.692932003914247696e+00
-1.699123754304963319e+00
-1.705297203690762764e+00
-1.711484381369680730e+00
-1.717693534502534813e+00
-1.723904243093980382e+00
-1.730074836754637024e+00
-1.736159370891010800e+00
-1.742127192102729705e+00
-1.747976764860244003e+00
-1.753737610062409358e+00
-1.759459078092323603e+00
-1.765190232700395434e+00
-1.770959021145875001e+00
-1.776759456573676399e+00
-1.782552426968896375e+00
-1.788280196682676015e+00
-1.793888959819534668e+00
-1.799350328181716696e+00
-1.804672884496826502e+00
-1.809898858462185567e+00
-1.815087059650825951e+00
-1.820288876700055569e+00
-1.825527063811477113e+00
-1.830785978543433501e+00
-1.836017309219930560e+00
-1.841159028903461614e+00
-1.846159924878516101e+00
-1.850999793142501293e+00
-1.855697184414541789e+00
-1.860301688544944154e+00
-1.864874032137789017e+00
-1.869462157551396775e+00
-1.874082963622845099e+00
-1.878716937393328124e+00
-1.883317551640045551e+00
-1.887831282003794797e+00
-1.892219894700570615e+00
-1.896475959885302043e+00
-1.900625565162675779e+00
-1.904717611122080267e+00
-1.908804592281362122e+00
-1.912923056294508761e+00
-1.917081712578455388e+00
-1.921261648045912374e+00
-1.925427878814098825e+00
-1.929546775635145428e+00
-1.933601707769099232e+00
-1.937600391621604468e+00
-1.941571292276714544e+00
-1.945551252234206663e+00
-1.949570196414385226e+00
-1.953639735071436512e+00
-1.957750428555157240e+00
-1.961878394603381315e+00
-1.965997702486792953e+00
-1.970092507661833636e+00
-1.974163212429392189e+00
-1.978223889402246360e+00
-1.982292394376932609e+00
-1.986378083686320739e+00
-1.990473223998772356e+00
-1.994552469704989006e+00
-1.998580990639933663e+00
-2.002527692786642444e+00
-2.006377408408313912e+00
-2.010136170734314387e+00
-2.013826700014253568e+00
-2.017475705248984230e+00
-2.021098528783451531e+00
-2.024688214622320181e+00
-2.028214454415154577e+00
-2.031633659527262825e+00
-2.034906410247282249e+00
-2.038014960279482590e+00
-2.040972988393355614e+00
-2.043822750496016027e+00
-2.046620039176536121e+00
-2.049412697111521187e+00
-2.052221513029655497e+00
-2.055031714248909402e+00
-2.057799065045009979e+00
-2.060468474439276054e+00
-2.062997616753383667e+00
-2.065375687017586781e+00
-2.067629165067042862e+00
-2.069811717746582236e+00
-2.071981982978510217e+00
-2.074178169110747039e+00
-2.076399952543845906e+00
-2.078605339106952332e+00
-2.080724075401106266e+00
-2.082682361926467607e+00
-2.084428888731987062e+00
-2.085951599977230675e+00
-2.087278393997805459e+00
-2.088461622893509784e+00
-2.089552999793202748e+00
-2.090579515574901404e+00
-2.091530507495355629e+00
-2.092361311792767520e+00
-2.093011933967914739e+00
-2.093432849465856727e+00
-2.093607112547370530e+00
-2.093559582637573246e+00
-2.093349574916950839e+00
-2.093050246385892432e+00
-2.092723550445512171e+00
-2.092401302999838286e+00
-2.092080107784708876e+00
-2.091731819602402176e+00
-2.091324510065056153e+00
-2.090844435624167996e+00
-2.090309199564800213e+00
-2.089766254737389861e+00
-2.089277374201628401e+00
-2.088895893122713954e+00
-2.088646702020552581e+00
-2.088517742848190029e+00
-2.088466680658791041e+00
-2.088439728500512516e+00
-2.088394220728097217e+00
-2.088314874507361196e+00
-2.088216504269249096e+00
-2.088132004909365680e+00
-2.088091052947809612e+00
-2.088099242392231325e+00
-2.088127360118403164e+00
-2.088116160059874549e+00
-2.087995169042002885e+00
-2.087707731599001804e+00
-2.087231487141978370e+00
-2.086585174158566591e+00
-2.085818429614203495e+00
-2.084988642258321256e+00
-2.084134717502704071e+00
-2.083259229520946665e+00
-2.082327037354022359e+00
-2.081281402557090043e+00
-2.080070966191773785e+00
-2.078675955067503356e+00
-2.077121929982183257e+00
-2.075474462496160299e+00
-2.073816203069835939e+00
-2.072215454052819261e+00
-2.070699268020028683e+00
-2.069242499651500200e+00
-2.067777719711283879e+00
-2.066222139564295013e+00
-2.064510406706912438e+00
-2.062619459981085868e+00
-2.060574801404340572e+00
-2.058435302443159198e+00
-2.056262780711310523e+00
-2.054089199056073678e+00
-2.051895595073484291e+00
-2.049612110110451191e+00
-2.047139697662945235e+00
-2.044384938388821737e+00
-2.041293753924046328e+00
-2.037870119118334156e+00
-2.034172041224716398e+00
-2.030286600152626075e+00
-2.026294625378974867e+00
-2.022239917776353479e+00
-2.018115974271867952e+00
-2.013875748465362214e+00
-2.009460198801309883e+00
-2.004833377191471033e+00
-2.000008984407709356e+00
-1.995056871858885694e+00
-1.990086406691583099e+00
-1.985213369139303019e+00
-1.980523987421688670e+00
-1.976050897520420513e+00
-1.971770724817538012e+00
-1.967623805925173386e+00
-1.963547220281307126e+00
-1.959506756723537801e+00
-1.955514048473588451e+00
-1.951621586747157355e+00
-1.947897885342873892e+00
-1.944393646584399837e+00
-1.941113619880748598e+00
-1.938006374997557568e+00
-1.934976535344313575e+00
-1.931914425662519585e+00
-1.928730703746271757e+00
-1.925381519607115788e+00
-1.921873920653760281e+00
-1.918249774981049427e+00
-1.914555720453725352e+00
-1.910812588055838646e+00
-1.906997850455725674e+00
-1.903048867551024426e+00
-1.898885570556303914e+00
-1.894442720353297638e+00
-1.889697670870621682e+00
-1.884681481809158843e+00
-1.879468413352797684e+00
-1.874148175972782271e+00
-1.868792751896216853e+00
-1.863431911469611180e+00
-1.858047679566545263e+00
-1.852589721265194722e+00
-1.847004504264069036e+00
-1.841265113194412439e+00
-1.835388345682471778e+00
-1.829431317817904912e+00
-1.823468817455405677e+00
-1.817561142181044698e+00
-1.811726438540419259e+00
-1.805929738742808599e+00
-1.800093726897568303e+00
-1.794126838948835179e+00
-1.787956841717080803e+00
-1.781555420510916976e+00
-1.774943903850019211e+00
-1.768176431433473805e+00
-1.761312369417619372e+00
-1.754379605193815639e+00
-1.747375864285202196e+00
-1.740136944128604535e+00
-1.732582435912569885e+00
-1.724753411263098224e+00
-1.716723109848778739e+00
-1.708593920363462582e+00
-1.700454366374991144e+00
-1.692353306454911444e+00
-1.684289860522487414e+00
-1.676227058728736008e+00
-1.668122028469468887e+00
-1.659959754427272394e+00
-1.651775373420311332e+00
-1.643654858828680787e+00
-1.635713117664402860e+00
-1.628058229357301379e+00
-1.620756595455505877e+00
-1.613813535064468896e+00
-1.607177403939934024e+00
-1.600765355489362607e+00
-1.594499647628362382e+00
-1.588338882770802707e+00
-1.582290770133344626e+00
-1.576400961143851420e+00
-1.570722834442404015e+00
-1.565281398415828029e+00
-1.560047168151708297e+00
-1.554931774014923551e+00
-1.549807885619608028e+00
-1.544545680452732883e+00
-1.539050971440753646e+00
-1.533289302595426395e+00
-1.527286199841168424e+00
-1.521103847015737420e+00
-1.514804459009014170e+00
-1.508416272096280819e+00
-1.501916932277465255e+00
-1.495241589271792959e+00
-1.488312358959941406e+00
-1.481076544700798747e+00
-1.473537089217944462e+00
-1.465761860259050087e+00
-1.457867305276424164e+00
-1.449982859755764908e+00
-1.442210668552355468e+00
-1.434597189270429007e+00
-1.427128214270070306e+00
-1.419748904119049415e+00
-1.412399797908770793e+00
-1.405052987935211384e+00
-1.397732625995654399e+00
-1.390510685282356995e+00
-1.383479560178145107e+00
-1.376713100635849507e+00
-1.370232765142186171e+00
-1.363993543911677486e+00
-1.357895999354004068e+00
-1.351819714779636250e+00
-1.345664356123014160e+00
-1.339381339669105664e+00
-1.332983124312637990e+00
-1.326526715350694330e+00
-1.320079023269875806e+00
-1.313679441863804254e+00
-1.307316150905061924e+00
-1.300926708196176174e+00
-1.294423009102430244e+00
-1.287730142308570080e+00
-1.280822576274674773e+00
-1.273742099117643800e+00
-1.266589601373195428e+00
-1.259493864920911310e+00
-1.252570273539644452e+00
-1.245886616630335730e+00
-1.239450084372774263e+00
-1.233220450139784541e+00
-1.227143188781106176e+00
-1.221187706889253155e+00
-1.215373665754487797e+00
-1.209773503146868601e+00
-1.204489519592091717e+00
-1.199614922884346901e+00
-1.195195275374396404e+00
-1.191206763746715858e+00
-1.187560669992929752e+00
-1.184132345682444409e+00
-1.180802610175137213e+00
-1.177494252688020326e+00
-1.174188477157452670e+00
-1.170914779450182408e+00
-1.167719186192001768e+00
-1.164625114924510152e+00
-1.161604331502439580e+00
-1.158571182632361696e+00
-1.155403290649926085e+00
-1.151980479583814443e+00
-1.148225751304661202e+00
-1.144131094755699518e+00
-1.139757244303592598e+00
-1.135207509637642165e+00
-1.130586780293300508e+00
-1.125963081334572680e+00
-1.121347876971502844e+00
-1.116703172136483957e+00
-1.111971890538983043e+00
-1.107117944598282389e+00
-1.102158177075032830e+00
-1.097171779132261271e+00
-1.092282432434130701e+00
-1.087620149521376867e+00
-1.083278572591520827e+00
-1.079285559657675364e+00
-1.075599328461199322e+00
-1.072131603164130587e+00
-1.068787743474385543e+00
-1.065506639834230107e+00
-1.061468021168334941e+00
-1.056476919682032056e+00
-1.050561056286504202e+00
-1.043748151892929910e+00
-1.036065927412493703e+00
-1.027542103756372782e+00
-1.018204401835751227e+00
-1.008080542561811344e+00
-9.971982468457303295e-01
-9.855852355986948199e-01
-9.732692297318806807e-01
-9.602779501564712161e-01
-9.466391177836512849e-01
-9.323804535245959757e-01
-9.175296782904927007e-01
-9.021145129925165485e-01
-8.861626785418517116e-01
-8.697018958496828267e-01
-8.527598858271848714e-01
-8.353643693855457020e-01
-8.175430674359392968e-01
-7.993237008895504037e-01
-7.807339906575651023e-01
-7.618016576511558169e-01
-7.425544227815124021e-01
-7.230200069598073931e-01
-7.032261310972267587e-01
-6.832005161049561348e-01
-6.629708828941672794e-01
-6.425649523760513793e-01
-6.220104454617799705e-01
-6.013350830625391330e-01
-5.805665860895146135e-01
-5.597326754538785032e-01
-5.388610720668212117e-01
-5.179794968395150523e-01
-4.971156706831456051e-01
-4.762973145088990057e-01
-4.555521492279472895e-01
-4.349078957514805888e-01
-4.143922749906714387e-01
-3.940330078567053085e-01
-3.738578152607682781e-01
-3.538944181140327161e-01
-3.341705373276883662e-01
-3.147138938129078189e-01
-2.955522084808770433e-01
-2.767132022427811755e-01
-2.582245960097933613e-01
-2.401141106931027613e-01
-2.224094672038829101e-01
-2.051383864533189716e-01
-1.883285893525960542e-01
-1.720077968128876922e-01
-1.562037297453791607e-01
-1.409441090612550962e-01
-1.262566556716899213e-01
-1.121690904878713674e-01
-9.870913442097449531e-02
-8.590450838218377516e-02
-7.378293328268310802e-02
-6.237213003364849850e-02
-5.169981954626601262e-02
-4.179372273171223784e-02
-3.268156050117124178e-02
-2.439105376582552387e-02
-1.694992343685319813e-02
-1.038589042543838770e-02
-4.726675642759831097e-03
-8.326672684688674053e-17
