7.494958700396912032e-01
7.479943685634478090e-01
7.464928672384408825e-01
7.449913662154789007e-01
7.434898656448696297e-01
7.419883656760738466e-01
7.404868664577020088e-01
7.389853681375146977e-01
7.374838708624236183e-01
7.359823747784896009e-01
7.344808800309248209e-01
7.329793867640906901e-01
7.314778952399361156e-01
7.299764057606640266e-01
7.284749184582698378e-01
7.269734334617817817e-01
7.254719508983993315e-01
7.239704708934944222e-01
7.224689935706118948e-01
7.209675190514679421e-01
7.194660474559516627e-01
7.179645789021241731e-01
7.164631135062184963e-01
7.149616513826404507e-01
7.134601926439676500e-01
7.119587374009503922e-01
7.104572857625107707e-01
7.089558378357433410e-01
7.074543937259150095e-01
7.059529535364644781e-01
7.044515173690033549e-01
7.029500853233148217e-01
7.014486574973547439e-01
6.999472339872512272e-01
6.984458148873040617e-01
6.969444002899861657e-01
6.954429902859420309e-01
6.939415849639886114e-01
6.924401844111149895e-01
6.909387887124827099e-01
6.894373979514254458e-01
6.879360122094488883e-01
6.864346315662314124e-01
6.849332560996231889e-01
6.834318858856469614e-01
6.819305209984977134e-01
6.804291615105422242e-01
6.789278074923200679e-01
6.774264590125427254e-01
6.759251161380941397e-01
6.744237789340303824e-01
6.729224474635794317e-01
6.714211217881421723e-01
6.699198019672912841e-01
6.684184880587716870e-01
6.669171801185009851e-01
6.654158782005682449e-01
6.639145823572354388e-01
6.624132926389365572e-01
6.609120090942777193e-01
6.594107317700377280e-01
6.579094607111668491e-01
6.564081959607882544e-01
6.549069375601970222e-01
6.534056855488608040e-01
6.519044399644191579e-01
6.504032008426839928e-01
6.489019682176393466e-01
6.474007421214417191e-01
6.458995225844197385e-01
6.443983096350744955e-01
6.428971033000787649e-01
6.413959036042780060e-01
6.398947105706898064e-01
6.383935242205041050e-01
6.368923445730830801e-01
6.353911716459608172e-01
6.338900054548438634e-01
6.323888460136112277e-01
6.308876933343138260e-01
6.293865474271750360e-01
6.278854083005902531e-01
6.263842759611272237e-01
6.248831504135260451e-01
6.233820316606990541e-01
6.218809197037307168e-01
6.203798145418775167e-01
6.188787161725686214e-01
6.173776245914052163e-01
6.158765397921607265e-01
6.143754617667809281e-01
6.128743905053836150e-01
6.113733259962590427e-01
6.098722682258697070e-01
6.083712171788500100e-01
6.068701728380072602e-01
6.053691351843201174e-01
6.038681041969402585e-01
6.023670798531911563e-01
6.008660621285687453e-01
5.993650509967411999e-01
5.978640464295487122e-01
5.963630483970039364e-01
5.948620568672917663e-01
5.933610718067690026e-01
5.918600931799652409e-01
5.903591209495819836e-01
5.888581550764928618e-01
5.873571955197439687e-01
5.858562422365535260e-01
5.843552951823121067e-01
5.828543543106052827e-01
5.813534197647916013e-01
5.798524916916880656e-01
5.783515700609022092e-01
5.768506548421130642e-01
5.753497460050717160e-01
5.738488435196001936e-01
5.723479473555929120e-01
5.708470574830156741e-01
5.693461738719062248e-01
5.678452964923738078e-01
5.663444253145991647e-01
5.648435603088350909e-01
5.633427014454057691e-01
5.618418486947074353e-01
5.603410020272077130e-01
5.588401614134459461e-01
5.573393268240331988e-01
5.558384982296522558e-01
5.543376756010577333e-01
5.528368589090757457e-01
5.513360481246039058e-01
5.498352432186119909e-01
5.483344441621411658e-01
5.468336509263044265e-01
5.453328634822863785e-01
5.438320818013431257e-01
5.423313058548028254e-01
5.408305356140651332e-01
5.393297710506014253e-01
5.378290121359547982e-01
5.363282588417400687e-01
5.348275111396433301e-01
5.333267690014230622e-01
5.318260323989090210e-01
5.303253013040026831e-01
5.288245756886772453e-01
5.273238555249776249e-01
5.258231407850203487e-01
5.243224314409936637e-01
5.228217274651576485e-01
5.213210288298441020e-01
5.198203355074559884e-01
5.183196474704685475e-01
5.168189646914285174e-01
5.153182871429542455e-01
5.138176147977360220e-01
5.123169476285353019e-01
5.108162856081859271e-01
5.093156287095927937e-01
5.078149769057329621e-01
5.063143301696549914e-01
5.048136884744789388e-01
5.033130517933968040e-01
5.018124200996724182e-01
5.003117933666407779e-01
4.988111715677092661e-01
4.973105546763563201e-01
4.958099426661323750e-01
4.943093355106594200e-01
4.928087331836313867e-01
4.913081356588137050e-01
4.898075429100435252e-01
4.883069549112296626e-01
4.868063716363525417e-01
4.853057930594644742e-01
4.838052191546894920e-01
4.823046498962230699e-01
4.808040852583324587e-01
4.793035252153566295e-01
4.778029697417063293e-01
4.763024188118640256e-01
4.748018724003835733e-01
4.733013304818908251e-01
4.718007930310830766e-01
4.703002600227296215e-01
4.687997314316712516e-01
4.672992072328204238e-01
4.657986874011612599e-01
4.642981719117497130e-01
4.627976607397133457e-01
4.612971538602514965e-01
4.597966512486350577e-01
4.582961528802066420e-01
4.567956587303805827e-01
4.552951687746429332e-01
4.537946829885514677e-01
4.522942013477355694e-01
4.507937238278961756e-01
4.492932504048062770e-01
4.477927810543101961e-01
4.462923157523242534e-01
4.447918544748362679e-01
4.432913971979056122e-01
4.417909438976636571e-01
4.402904945503133827e-01
4.387900491321293783e-01
4.372896076194578985e-01
4.357891699887169734e-01
4.342887362163961873e-01
4.327883062790570667e-01
4.312878801533326922e-01
4.297874578159277537e-01
4.282870392436186058e-01
4.267866244132534903e-01
4.252862133017523139e-01
4.237858058861064814e-01
4.222854021433792848e-01
4.207850020507055144e-01
4.192846055852917364e-01
4.177842127244164039e-01
4.162838234454294684e-01
4.147834377257524907e-01
4.132830555428788077e-01
4.117826768743734211e-01
4.102823016978732751e-01
4.087819299910866455e-01
4.072815617317936954e-01
4.057811968978460859e-01
4.042808354671674209e-01
4.027804774177529690e-01
4.012801227276695526e-01
3.997797713750556592e-01
3.982794233381214966e-01
3.967790785951491039e-01
3.952787371244921855e-01
3.937783989045759436e-01
3.922780639138974679e-01
3.907777321310254015e-01
3.892774035346001082e-01
3.877770781033337832e-01
3.862767558160101755e-01
3.847764366514847545e-01
3.832761205886845990e-01
3.817758076066085082e-01
3.802754976843272239e-01
3.787751908009828750e-01
3.772748869357892554e-01
3.757745860680322680e-01
3.742742881770688146e-01
3.727739932423282387e-01
3.712737012433110495e-01
3.697734121595895318e-01
3.682731259708080240e-01
3.667728426566819189e-01
3.652725621969989400e-01
3.637722845716180875e-01
3.622720097604701373e-01
3.607717377435578632e-01
3.592714685009550379e-01
3.577712020128079318e-01
3.562709382593339247e-01
3.547706772208222836e-01
3.532704188776341625e-01
3.517701632102018805e-01
3.502699101990300878e-01
3.487696598246947111e-01
3.472694120678433416e-01
3.457691669091956799e-01
3.442689243295424806e-01
3.427686843097468294e-01
3.412684468307430885e-01
3.397682118735373402e-01
3.382679794192076650e-01
3.367677494489033085e-01
3.352675219438458476e-01
3.337672968853279687e-01
3.322670742547144118e-01
3.307668540334415819e-01
3.292666362030172156e-01
3.277664207450212697e-01
3.262662076411049217e-01
3.247659968729914026e-01
3.232657884224754974e-01
3.217655822714233782e-01
3.202653784017735483e-01
3.187651767955356763e-01
3.172649774347912621e-01
3.157647803016936372e-01
3.142645853784675203e-01
3.127643926474096836e-01
3.112642020908883422e-01
3.097640136913434872e-01
3.082638274312868853e-01
3.067636432933015800e-01
3.052634612600430009e-01
3.037632813142376320e-01
3.022631034386839555e-01
3.007629276162522847e-01
2.992627538298840428e-01
2.977625820625930952e-01
2.962624122974644170e-01
2.947622445176549255e-01
2.932620787063932588e-01
2.917619148469797197e-01
2.902617529227861093e-01
2.887615929172561158e-01
2.872614348139050922e-01
2.857612785963200563e-01
2.842611242481597467e-01
2.827609717531545663e-01
2.812608210951065280e-01
2.797606722578894201e-01
2.782605252254488071e-01
2.767603799818018073e-01
2.752602365110373150e-01
2.737600947973157228e-01
2.722599548248693657e-01
2.707598165780021882e-01
2.692596800410898550e-01
2.677595451985795849e-01
2.662594120349903171e-01
2.647592805349128220e-01
2.632591506830094241e-01
2.617590224640142793e-01
2.602588958627330973e-01
2.587587708640432527e-01
2.572586474528939515e-01
2.557585256143059538e-01
2.542584053333719063e-01
2.527582865952559543e-01
2.512581693851938525e-01
2.497580536884933533e-01
2.482579394905336800e-01
2.467578267767658873e-01
2.452577155327125003e-01
2.437576057439678756e-01
2.422574973961981459e-01
2.407573904751409144e-01
2.392572849666057544e-01
2.377571808564735989e-01
2.362570781306974343e-01
2.347569767753016345e-01
2.332568767763823214e-01
2.317567781201075316e-01
2.302566807927166337e-01
2.287565847805210495e-01
2.272564900699036716e-01
2.257563966473190020e-01
2.242563044992935406e-01
2.227562136124251468e-01
2.212561239733836782e-01
2.197560355689104350e-01
2.182559483858184102e-01
2.167558624109925669e-01
2.152557776313891724e-01
2.137556940340365752e-01
2.122556116060345111e-01
2.107555303345544084e-01
2.092554502068397215e-01
2.077553712102051531e-01
2.062552933320374593e-01
2.047552165597948670e-01
2.032551408810072957e-01
2.017550662832765795e-01
2.002549927542758845e-01
1.987549202817504579e-01
1.972548488535168509e-01
1.957547784574636962e-01
1.942547090815510413e-01
1.927546407138105711e-01
1.912545733423460237e-01
1.897545069553323582e-01
1.882544415410166705e-01
1.867543770877174714e-01
1.852543135838248811e-01
1.837542510178010735e-01
1.822541893781794986e-01
1.807541286535656877e-01
1.792540688326365594e-01
1.777540099041407529e-01
1.762539518568988495e-01
1.747538946798027903e-01
1.732538383618165145e-01
1.717537828919754317e-01
1.702537282593866164e-01
1.687536744532290856e-01
1.672536214627532436e-01
1.657535692772814651e-01
1.642535178862076228e-01
1.627534671504262676e-01
1.612534167649078143e-01
1.597533667188981987e-01
1.582533170141290357e-01
1.567532676522697399e-01
1.552532186349276366e-01
1.537531699636482674e-01
1.522531216399148069e-01
1.507530736651486736e-01
1.492530260407091136e-01
1.477529787678932005e-01
1.462529318479362794e-01
1.447528852820113288e-01
1.432528390712296262e-01
1.417527932166400551e-01
1.402527477192297423e-01
1.387527025799236424e-01
1.372526577995845376e-01
1.357526133790135370e-01
1.342525693189493274e-01
1.327525256200688397e-01
1.312524822829867766e-01
1.297524393082557792e-01
1.282523966963667050e-01
1.267523544477480446e-01
1.252523125627665601e-01
1.237522710417267441e-01
1.222522298848710276e-01
1.207521890923800578e-01
1.192521486643721151e-01
1.177521086009037654e-01
1.162520689019692910e-01
1.147520295675009405e-01
1.132519905973691371e-01
1.117519519913819787e-01
1.102519137492858209e-01
1.087518758707647498e-01
1.072518383554407762e-01
1.057518012028741683e-01
1.042517644125627863e-01
1.027517279839428033e-01
1.012516919163880119e-01
9.975165620921046250e-02
9.825162086165999120e-02
9.675158587292431722e-02
9.525155124212941748e-02
9.375151696833887438e-02
9.225148305055455578e-02
9.075144948771607378e-02
8.925141627870096517e-02
8.775138342232498279e-02
8.625135091734151271e-02
8.475131876244224038e-02
8.325128695625653996e-02
8.175125549735176578e-02
8.025122438423347437e-02
7.875119361534484164e-02
7.725116318906732893e-02
7.575113310372014186e-02
7.425110335756042457e-02
7.275107394878350953e-02
7.125104487552237631e-02
6.975101613584831772e-02
6.825098772777028755e-02
6.675095964923524750e-02
6.525093189812833372e-02
6.375090447227231560e-02
6.225087736942828270e-02
6.075085058729499249e-02
5.925082412350918953e-02
5.775079797564582756e-02
5.625077214121746577e-02
5.475074661767497658e-02
5.325072140240692808e-02
5.175069649273986855e-02
5.025067188593852763e-02
4.875064757920527514e-02
4.725062356968078026e-02
4.575059985444333149e-02
4.425057643050950285e-02
4.275055329483358479e-02
4.125053044430784105e-02
3.975050787576271671e-02
3.825048558596629705e-02
3.675046357162496669e-02
3.525044182938281284e-02
3.375042035582188210e-02
3.225039914746243019e-02
3.075037820076233913e-02
2.925035751211778334e-02
2.775033707786265028e-02
2.625031689426877979e-02
2.475029695754622783e-02
2.325027726384267662e-02
2.175025780924409388e-02
2.025023858977416380e-02
1.875021960139452992e-02
1.725020084000503801e-02
1.575018230144317050e-02
1.425016398148469011e-02
1.275014587584307954e-02
1.125012798016977733e-02
9.750110290054431195e-03
8.250092801024315123e-03
6.750075508544995523e-03
5.250058408019663350e-03
3.750041494789806314e-03
2.250024764134617768e-03
7.500082112712532379e-04
-7.500081686450077141e-04
-2.250024380520925307e-03
-3.750040429325466294e-03
-5.250056320089556763e-03
-6.750072057906160092e-03
-8.250087647930450310e-03
-9.750103095379139898e-03
-1.125011840553148158e-02
-1.275013358372860568e-02
-1.425014863537367796e-02
-1.575016356593207309e-02
-1.725017838093071201e-02
-1.875019308595904377e-02
-2.025020768666840540e-02
-2.175022218877216418e-02
-2.325023659804590151e-02
-2.475025092032673291e-02
-2.625026516151432107e-02
-2.775027932757019589e-02
-2.925029342451793135e-02
-3.075030745844331559e-02
-3.225032143549366043e-02
-3.375033536187883876e-02
-3.525034924387057678e-02
-3.675036308780265520e-02
-3.825037690007106195e-02
-3.975039068713331208e-02
-4.125040445550948176e-02
-4.275041821178150736e-02
-4.425043196259336592e-02
-4.575044571465124166e-02
-4.725045947472286678e-02
-4.875047324963851375e-02
-5.025048704629031526e-02
-5.175050087163245854e-02
-5.325051473268133106e-02
-5.475052863651486829e-02
-5.625054259027353204e-02
-5.775055660115967909e-02
-5.925057067643769299e-02
-6.075058482343415750e-02
-6.225059904953721135e-02
-6.375061336219753350e-02
-6.525062776892766314e-02
-6.675064227730219402e-02
-6.825065689495790622e-02
-6.975067162959316946e-02
-7.125068648896883128e-02
-7.275070148090764799e-02
-7.425071661329459005e-02
-7.575073189407614815e-02
-7.725074733126136017e-02
-7.875076293292114504e-02
-8.025077870718844153e-02
-8.175079466225843028e-02
-8.325081080638778441e-02
-8.475082714789577976e-02
-8.625084369516351768e-02
-8.775086045663414713e-02
-8.925087744081304508e-02
-9.075089465626710872e-02
-9.225091211162578242e-02
-9.375092981558039162e-02
-9.525094777688428160e-02
-9.675096600435302563e-02
-9.825098450686374496e-02
-9.975100329335606641e-02
-1.012510223728315256e-01
-1.027510417543536780e-01
-1.042510614470483071e-01
-1.057510814601027027e-01
-1.072511018027667157e-01
-1.087511224843520918e-01
-1.102511435142325830e-01
-1.117511649018441550e-01
-1.132511866566843356e-01
-1.147512087883131721e-01
-1.162512313063525926e-01
-1.177512542204865592e-01
-1.192512775404612480e-01
-1.207513012760843829e-01
-1.222513254372262215e-01
-1.237513500338188882e-01
-1.252513750758565414e-01
-1.267514005733955951e-01
-1.282514265365539419e-01
-1.297514529755120216e-01
-1.312514799005122246e-01
-1.327515073218588637e-01
-1.342515352499185632e-01
-1.357515636951194260e-01
-1.372515926679521159e-01
-1.387516221789691639e-01
-1.402516522387851627e-01
-1.417516828580768773e-01
-1.432517140475826622e-01
-1.447517458181033501e-01
-1.462517781805016959e-01
-1.477518111457024885e-01
-1.492518447246926894e-01
-1.507518789285208494e-01
-1.522519137682980250e-01
-1.537519492551971401e-01
-1.552519854004532074e-01
-1.567520222153634124e-01
-1.582520597112864746e-01
-1.597520978996436747e-01
-1.612521367919181603e-01
-1.627521763996552795e-01
-1.642522167344618866e-01
-1.657522578080074804e-01
-1.672522996320233435e-01
-1.687523422183027921e-01
-1.702523855787014262e-01
-1.717524297251363241e-01
-1.732524746695870976e-01
-1.747525204240953089e-01
-1.762525670007644707e-01
-1.777526144117603235e-01
-1.792526626693102254e-01
-1.807527117857039567e-01
-1.822527617732932759e-01
-1.837528126444919196e-01
-1.852528644117758250e-01
-1.867529170876825184e-01
-1.882529706848120599e-01
-1.897530252158263209e-01
-1.912530806934492900e-01
-1.927531371304671004e-01
-1.942531945397275028e-01
-1.957532529341406979e-01
-1.972533123266788369e-01
-1.987533727303760489e-01
-2.002534341583287469e-01
-2.017534966236947669e-01
-2.032535601396946445e-01
-2.047536247196106163e-01
-2.062536903767870911e-01
-2.077537571246306503e-01
-2.092538249766093539e-01
-2.107538939462539063e-01
-2.122539640471567957e-01
-2.137540352929725995e-01
-2.152541076974180956e-01
-2.167541812742715956e-01
-2.182542560373739449e-01
-2.197543320006278555e-01
-2.212544091779981570e-01
-2.227544875835117399e-01
-2.242545672312571958e-01
-2.257546481353855383e-01
-2.272547303101097038e-01
-2.287548137697046624e-01
-2.302548985285076122e-01
-2.317549846009172576e-01
-2.332550720013948364e-01
-2.347551607444635369e-01
-2.362552508447084698e-01
-2.377553423167770574e-01
-2.392554351753782282e-01
-2.407555294352833886e-01
-2.422556251113259507e-01
-2.437557222184012218e-01
-2.452558207714668204e-01
-2.467559207855418713e-01
-2.482560222757080604e-01
-2.497561252571088852e-01
-2.512562297449499327e-01
-2.527563357544990175e-01
-2.542564433010854330e-01
-2.557565524001010338e-01
-2.572566630669996246e-01
-2.587567753172969609e-01
-2.602568891665710260e-01
-2.617570046304613651e-01
-2.632571217246700290e-01
-2.647572404649609079e-01
-2.662573608671602865e-01
-2.677574829471557338e-01
-2.692576067208976021e-01
-2.707577322043978607e-01
-2.722578594137307628e-01
-2.737579883650326229e-01
-2.752581190745013173e-01
-2.767582515583973390e-01
-2.782583858330429649e-01
-2.797585219148225333e-01
-2.812586598201826105e-01
-2.827587995656313247e-01
-2.842589411677393096e-01
-2.857590846431389831e-01
-2.872592300085250461e-01
-2.887593772806541503e-01
-2.902595264763446203e-01
-2.917596776124773417e-01
-2.932598307059949838e-01
-2.947599857739023332e-01
-2.962601428332663489e-01
-2.977603019012154961e-01
-2.992604629949408568e-01
-3.007606261316953522e-01
-3.022607913287939652e-01
-3.037609586036137954e-01
-3.052611279735935601e-01
-3.067612994562345929e-01
-3.082614730690999005e-01
-3.097616488298147175e-01
-3.112618267560663954e-01
-3.127620068656038477e-01
-3.142621891762384934e-01
-3.157623737058437574e-01
-3.172625604723548487e-01
-3.187627494937694816e-01
-3.202629407881466550e-01
-3.217631343736080951e-01
-3.232633302683373122e-01
-3.247635284905799335e-01
-3.262637290586435923e-01
-3.277639319908977056e-01
-3.292641373057741405e-01
-3.307643450217666037e-01
-3.322645551574308076e-01
-3.337647677313848038e-01
-3.352649827623081502e-01
-3.367652002689427992e-01
-3.382654202700927093e-01
-3.397656427846239002e-01
-3.412658678314645089e-01
-3.427660954296042894e-01
-3.442663255980955017e-01
-3.457665583560522449e-01
-3.472667937226507351e-01
-3.487670317171293610e-01
-3.502672723587880177e-01
-3.517675156669891612e-01
-3.532677616611571980e-01
-3.547680103607785962e-01
-3.562682617854014966e-01
-3.577685159546364901e-01
-3.592687728881560627e-01
-3.607690326056948171e-01
-3.622692951270494732e-01
-3.637695604720783127e-01
-3.652698286607021783e-01
-3.667700997129037521e-01
-3.682703736487278334e-01
-3.697706504882812828e-01
-3.712709302517326893e-01
-3.727712129593130364e-01
-3.742714986313152026e-01
-3.757717872880942389e-01
-3.772720789500671468e-01
-3.787723736377127670e-01
-3.802726713715722795e-01
-3.817729721722487590e-01
-3.832732760604073974e-01
-3.847735830567755033e-01
-3.862738931821420585e-01
-3.877742064573584946e-01
-3.892745229033380272e-01
-3.907748425410561000e-01
-3.922751653915502179e-01
-3.937754914759195035e-01
-3.952758208153256403e-01
-3.967761534309920957e-01
-3.982764893442044540e-01
-3.997768285763104168e-01
-4.012771711487193582e-01
-4.027775170829031026e-01
-4.042778664003953693e-01
-4.057782191227918833e-01
-4.072785752717507091e-01
-4.087789348689911950e-01
-4.102792979362955283e-01
-4.117796644955076246e-01
-4.132800345685333498e-01
-4.147804081773409091e-01
-4.162807853439600692e-01
-4.177811660904830471e-01
-4.192815504390639547e-01
-4.207819384119189099e-01
-4.222823300313264250e-01
-4.237827253196262967e-01
-4.252831242992209937e-01
-4.267835269925748243e-01
-4.282839334222142691e-01
-4.297843436107277593e-01
-4.312847575807655098e-01
-4.327851753550401304e-01
-4.342855969563261809e-01
-4.357860224074602273e-01
-4.372864517313410082e-01
-4.387868849509288793e-01
-4.402873220892467021e-01
-4.417877631693791773e-01
-4.432882082144731228e-01
-4.447886572477374734e-01
-4.462891102924428366e-01
-4.477895673719221592e-01
-4.492900285095703938e-01
-4.507904937288446101e-01
-4.522909630532639391e-01
-4.537914365064090738e-01
-4.552919141119233237e-01
-4.567923958935117823e-01
-4.582928818749418820e-01
-4.597933720800423951e-01
-4.612938665327048215e-01
-4.627943652568825006e-01
-4.642948682765906665e-01
-4.657953756159068925e-01
-4.672958872989703694e-01
-4.687964033499826266e-01
-4.702969237932072000e-01
-4.717974486529696310e-01
-4.732979779536576337e-01
-4.747985117197205951e-01
-4.762990499756702967e-01
-4.777995927460804149e-01
-4.793001400555867431e-01
-4.808006919288871917e-01
-4.823012483907412884e-01
-4.838018094659710666e-01
-4.853023751794604546e-01
-4.868029455561553864e-01
-4.883035206210639689e-01
-4.898041003992559816e-01
-4.913046849158635987e-01
-4.928052741960810001e-01
-4.943058682651643165e-01
-4.958064671484318509e-01
-4.973070708712635235e-01
-4.988076794591018714e-01
-5.003082929374510490e-01
-5.018089113318775496e-01
-5.033095346680098725e-01
-5.048101629715382455e-01
-5.063107962682151797e-01
-5.078114345838551369e-01
-5.093120779443347512e-01
-5.108127263755928293e-01
-5.123133799036296843e-01
-5.138140385545081346e-01
-5.153147023543528382e-01
-5.168153713293505147e-01
-5.183160455057503890e-01
-5.198167249098628595e-01
-5.213174095680608300e-01
-5.228180995067793768e-01
-5.243187947525153048e-01
-5.258194953318279241e-01
-5.273202012713380515e-01
-5.288209125977287872e-01
-5.303216293377451818e-01
-5.318223515181944583e-01
-5.333230791659461234e-01
-5.348238123079309680e-01
-5.363245509711426218e-01
-5.378252951826361095e-01
-5.393260449695289616e-01
-5.408268003590008810e-01
-5.423275613782928550e-01
-5.438283280547084875e-01
-5.453291004156134436e-01
-5.468298784884353392e-01
-5.483306623006635183e-01
-5.498314518798498307e-01
-5.513322472536080765e-01
-5.528330484496136732e-01
-5.543338554956047659e-01
-5.558346684193807841e-01
-5.573354872488039957e-01
-5.588363120117979532e-01
-5.603371427363487145e-01
-5.618379794505045099e-01
-5.633388221823748543e-01
-5.648396709601322119e-01
-5.663405258120105534e-01
-5.678413867663059111e-01
-5.693422538513768227e-01
-5.708431270956431103e-01
-5.723440065275872124e-01
-5.738448921757534071e-01
-5.753457840687479230e-01
-5.768466822352396051e-01
-5.783475867039582496e-01
-5.798484975036967137e-01
-5.813494146633094717e-01
-5.828503382117128373e-01
-5.843512681778857409e-01
-5.858522045908685083e-01
-5.873531474797640817e-01
-5.888540968737369097e-01
-5.903550528020138355e-01
-5.918560152938838748e-01
-5.933569843786974385e-01
-5.948579600858677763e-01
-5.963589424448695331e-01
-5.978599314852397484e-01
-5.993609272365777452e-01
-6.008619297285439087e-01
-6.023629389908617959e-01
-6.038639550533164702e-01
-6.053649779329105529e-01
-6.068660073464312577e-01
-6.083670431920585875e-01
-6.098680855013388635e-01
-6.113691343037453985e-01
-6.128701896266789406e-01
-6.143712514954680071e-01
-6.158723199333677734e-01
-6.173733949615615169e-01
-6.188744765991596175e-01
-6.203755648631995578e-01
-6.218766597686470332e-01
-6.233777613283940644e-01
-6.248788695532608850e-01
-6.263799844519948312e-01
-6.278811060312704528e-01
-6.293822342956901794e-01
-6.308833692477832100e-01
-6.323845108880067345e-01
-6.338856592147448232e-01
-6.353868142243092043e-01
-6.368879759109392635e-01
-6.383891442668010452e-01
-6.398903192819886954e-01
-6.413915009445233517e-01
-6.428926892403535875e-01
-6.443938841533558559e-01
-6.458950856653330463e-01
-6.473962937560163722e-01
-6.488975084030638163e-01
-6.503987295820613523e-01
-6.518999572665213904e-01
-6.534011914278847755e-01
-6.549024320355192330e-01
-6.564036790567199242e-01
-6.579049324567094459e-01
-6.594061921986374974e-01
-6.609074582435815470e-01
-6.624087305505467205e-01
-6.639100090764646911e-01
-6.654112937761953450e-01
-6.669125846025252269e-01
-6.684138815061687611e-01
-6.699151844357679186e-01
-6.714164933378916622e-01
-6.729178081570363901e-01
-6.744191288356259362e-01
-6.759204553140115701e-01
-6.774217875304722192e-01
-6.789231254212136912e-01
-6.804244689203696739e-01
-6.819258179600006242e-01
-6.834271724700948791e-01
-6.849285323785684332e-01
-6.864298976112639394e-01
-6.879312680919520417e-01
-6.894326437423302645e-01
-6.909340244820237897e-01
-6.924354102285855683e-01
-6.939368008974953206e-01
-6.954381964021605356e-01
-6.969395966539156939e-01
-6.984410015620230450e-01
-6.999424110336723848e-01
-7.014438249739805009e-01
-7.029452432859917277e-01
-7.044466658706776130e-01
-7.059480926269373624e-01
-7.074495234515976172e-01
-7.089509582394122322e-01
-7.104523968830624980e-01
-7.119538392731566967e-01
-7.134552852982313231e-01
-7.149567348447498638e-01
-7.164581877971030188e-01
-7.179596440376091460e-01
-7.194611034465135946e-01
-7.209625659019894828e-01
-7.224640312801374753e-01
-7.239654994549853395e-01
-7.254669702984881674e-01
-7.269684436805283756e-01
-7.284699194689161494e-01
-7.299713975293889989e-01
-7.314728777256115366e-01
-7.329743599191760328e-01
-7.344758439696016383e-01
-7.359773297343357168e-01
-7.374788170687525124e-01
-7.389803058261539270e-01
-7.404817958577687431e-01
-7.419832870127534008e-01
-7.434847791381921089e-01
-7.449862720790962900e-01
-7.464877656784043580e-01
-7.479892597769823848e-01
-7.494907542136238776e-01
