4.149902040706352935e+00
4.141586031905197807e+00
4.133270020225220165e+00
4.124954002851775492e+00
4.116637977042048036e+00
4.108321940144578299e+00
4.100005889599369624e+00
4.091689822937893517e+00
4.083373737783087876e+00
4.075057631849356099e+00
4.066741502942567976e+00
4.058425348960059686e+00
4.050109153342710044e+00
4.041792896133177493e+00
4.033476579112713623e+00
4.025160204199305092e+00
4.016843773304053400e+00
4.008527288331184657e+00
4.000210751178041590e+00
3.991894163735091539e+00
3.983577527885921565e+00
3.975260845507238017e+00
3.966944118468868297e+00
3.958627348633761311e+00
3.950310537857985249e+00
3.941993687990731132e+00
3.933676800874307933e+00
3.925359878344147901e+00
3.917042922228800794e+00
3.908725934349940534e+00
3.900408916522359881e+00
3.892091870553970878e+00
3.883774798245809734e+00
3.875457701392030163e+00
3.867140581779907382e+00
3.858823441189838110e+00
3.850506281395338348e+00
3.842189104163046487e+00
3.833871911252719755e+00
3.825554704417237328e+00
3.817237485402598551e+00
3.808920255947922939e+00
3.800603017785451954e+00
3.792285772640546337e+00
3.783968522231687892e+00
3.775651268270479477e+00
3.767334012461643677e+00
3.759016756503025469e+00
3.750699502085588222e+00
3.742382250893418139e+00
3.734065004603720705e+00
3.725747764886820690e+00
3.717430533406167914e+00
3.709113311818328373e+00
3.700796101772990898e+00
3.692478904912964932e+00
3.684161722874179201e+00
3.675844557285684822e+00
3.667527409769652191e+00
3.659210281941373655e+00
3.650893175409261282e+00
3.642576091774846425e+00
3.634259032632785047e+00
3.625941999570849283e+00
3.617624994169935881e+00
3.609308018004059093e+00
3.600991072640354673e+00
3.592674159639080766e+00
3.584357280553613023e+00
3.576040436930451261e+00
3.567723630309213689e+00
3.559406862222638690e+00
3.551090134196587478e+00
3.542773447750039217e+00
3.534456804395096796e+00
3.526140205636981939e+00
3.517823652974036097e+00
3.509507147897723556e+00
3.501190691892627438e+00
3.492874286436453257e+00
3.484557933000025809e+00
3.476241633047289614e+00
3.467925388035313361e+00
3.459609199414281910e+00
3.451293068627504290e+00
3.442976997111408810e+00
3.434660986295544394e+00
3.426345037602581023e+00
3.418029152448307961e+00
3.409713332241637751e+00
3.401397578384600884e+00
3.393081892272349354e+00
3.384766275293157101e+00
3.376450728828417347e+00
3.368135254252643929e+00
3.359819852933471740e+00
3.351504526231656733e+00
3.343189275501074142e+00
3.334874092121931533e+00
3.326558964954096531e+00
3.318243894389118598e+00
3.309928880831618958e+00
3.301613924676816136e+00
3.293299026310523736e+00
3.284984186109149551e+00
3.276669404439696898e+00
3.268354681659765504e+00
3.260040018117549732e+00
3.251725414151839466e+00
3.243410870092019671e+00
3.235096386258069501e+00
3.226781962960566741e+00
3.218467600500680259e+00
3.210153299170177998e+00
3.201839059251420760e+00
3.193524881017365313e+00
3.185210764731564836e+00
3.176896710648165367e+00
3.168582719011911575e+00
3.160268790058140986e+00
3.151954924012786652e+00
3.143641121092378476e+00
3.135327381504039224e+00
3.127013705445489400e+00
3.118700093105044147e+00
3.110386544661612351e+00
3.102073060284700645e+00
3.093759640134408517e+00
3.085446284361433644e+00
3.077132993107066561e+00
3.068819766503193769e+00
3.060506604672298181e+00
3.052193507727456456e+00
3.043880475772341665e+00
3.035567508901221956e+00
3.027254607198959668e+00
3.018941770741014885e+00
3.010628999593440103e+00
3.002316293812886006e+00
2.994003653446596136e+00
2.985691078532411336e+00
2.977378569098765748e+00
2.969066125164691261e+00
2.960753746739813508e+00
2.952441433824352757e+00
2.944129186409126131e+00
2.935817004475544945e+00
2.927504887995617811e+00
2.919192836931946200e+00
2.910880851237727551e+00
2.902568930856755269e+00
2.894257075723417838e+00
2.885945285762699708e+00
2.877633560890179520e+00
2.869321901012031883e+00
2.861010306025025596e+00
2.852698775816526311e+00
2.844387310264494761e+00
2.836075909237486758e+00
2.827764572594652304e+00
2.819453300185738254e+00
2.811142091851085656e+00
2.802830947421632857e+00
2.794519866718911505e+00
2.786208849555049216e+00
2.777897895732768241e+00
2.769587005045387684e+00
2.761276177276820842e+00
2.752965412201576534e+00
2.744654709584759100e+00
2.736344069182067518e+00
2.728033490739797173e+00
2.719722973994838533e+00
2.711412518674676253e+00
2.703102124497391845e+00
2.694791791171660567e+00
2.686481518396754531e+00
2.678171305862540930e+00
2.669861153249481145e+00
2.661551060228632970e+00
2.653241026461647945e+00
2.644931051600775351e+00
2.636621135288858664e+00
2.628311277159336434e+00
2.620001473206189591e+00
2.611691719676283885e+00
2.603382016625757522e+00
2.595072364107153806e+00
2.586762762169392715e+00
2.578453210857775346e+00
2.570143710213984356e+00
2.561834260276079966e+00
2.553524861078504404e+00
2.545215512652078349e+00
2.536906215024003153e+00
2.528596968217859509e+00
2.520287772253609671e+00
2.511978627147594789e+00
2.503669532912535356e+00
2.495360489557532535e+00
2.487051497088068608e+00
2.478742555506002976e+00
2.470433664809577934e+00
2.462124824993414229e+00
2.453816036048512395e+00
2.445507297962254079e+00
2.437198610718400271e+00
2.428889974297092191e+00
2.420581388674849954e+00
2.412272853824574792e+00
2.403964369715548166e+00
2.395655936313430434e+00
2.387347553580263071e+00
2.379039221474466004e+00
2.370730939950840277e+00
2.362422708960567164e+00
2.354114528451207278e+00
2.345806398366701018e+00
2.337498318647369899e+00
2.329190289229913446e+00
2.320882310047413188e+00
2.312574381029330439e+00
2.304266502101504965e+00
2.295958673186157206e+00
2.287650894201887830e+00
2.279343165063677290e+00
2.271035485682887600e+00
2.262727855967257895e+00
2.254420275820908426e+00
2.246112745144340117e+00
2.237805263834434122e+00
2.229497831784450490e+00
2.221190448884029500e+00
2.212883115019191660e+00
2.204575830072336817e+00
2.196268593922245493e+00
2.187961406444079326e+00
2.179654267509377519e+00
2.171347176986059946e+00
2.163040134738427156e+00
2.154733140627159926e+00
2.146426194509318819e+00
2.138119296238343292e+00
2.129812445664053477e+00
2.121505642632649735e+00
2.113198886986711766e+00
2.104892178565200833e+00
2.096585517203456650e+00
2.088278902733198272e+00
2.079972334982526760e+00
2.071665813775921627e+00
2.063359338934243503e+00
2.055052910274731914e+00
2.046746527611007060e+00
2.038440190753068482e+00
2.030133899507296391e+00
2.021827653676451231e+00
2.013521453059671895e+00
2.005215297452478396e+00
1.996909186646771195e+00
1.988603120430829430e+00
1.980297098589313798e+00
1.971991120903263450e+00
1.963685187150097544e+00
1.955379297103616798e+00
1.947073450534000383e+00
1.938767647207808587e+00
1.930461886887980594e+00
1.922156169333835596e+00
1.913850494301074123e+00
1.905544861541774715e+00
1.897239270804398137e+00
1.888933721833783608e+00
1.880628214371149909e+00
1.872322748154097383e+00
1.864017322916604602e+00
1.855711938389032367e+00
1.847406594298118820e+00
1.839101290366984331e+00
1.830796026315127945e+00
1.822490801858428489e+00
1.814185616709146132e+00
1.805880470575919716e+00
1.797575363163769202e+00
1.789270294174093223e+00
1.780965263304670865e+00
1.772660270249661885e+00
1.764355314699605159e+00
1.756050396341420461e+00
1.747745514858406679e+00
1.739440669930242267e+00
1.731135861232987461e+00
1.722831088439080283e+00
1.714526351217340983e+00
1.706221649232968263e+00
1.697916982147540166e+00
1.689612349619017184e+00
1.681307751301736930e+00
1.673003186846419688e+00
1.664698655900163971e+00
1.656394158106447856e+00
1.648089693105131648e+00
1.639785260532452993e+00
1.631480860021031543e+00
1.623176491199865845e+00
1.614872153694335122e+00
1.606567847126197934e+00
1.598263571113592407e+00
1.589959325271038448e+00
1.581655109209433530e+00
1.573350922536057572e+00
1.565046764854568950e+00
1.556742635765005600e+00
1.548438534863787241e+00
1.540134461743711158e+00
1.531830415993957528e+00
1.523526397200084315e+00
1.515222404944029488e+00
1.506918438804112359e+00
1.498614498355030467e+00
1.490310583167863578e+00
1.482006692810069692e+00
1.473702826845486813e+00
1.465398984834333840e+00
1.457095166333208791e+00
1.448791370895090358e+00
1.440487598069337238e+00
1.432183847401686805e+00
1.423880118434258435e+00
1.415576410705549515e+00
1.407272723750438992e+00
1.398969057100184932e+00
1.390665410282425185e+00
1.382361782821178720e+00
1.374058174236842733e+00
1.365754584046196429e+00
1.357451011762397686e+00
1.349147456894983499e+00
1.340843918949873537e+00
1.332540397429365031e+00
1.324236891832136331e+00
1.315933401653245127e+00
1.307629926384129782e+00
1.299326465512608664e+00
1.291023018609079420e+00
1.282719585640180293e+00
1.274416166668848716e+00
1.266112761755357363e+00
1.257809370958084205e+00
1.249505994333512282e+00
1.241202631936232592e+00
1.232899283818940317e+00
1.224595950032438152e+00
1.216292630625634086e+00
1.207989325645541623e+00
1.199686035137281781e+00
1.191382759144080206e+00
1.183079497707269612e+00
1.174776250866287786e+00
1.166473018658678695e+00
1.158169801120093823e+00
1.149866598284288388e+00
1.141563410183125571e+00
1.133260236846573843e+00
1.124957078302706304e+00
1.116653934577705343e+00
1.108350805695856200e+00
1.100047691679552520e+00
1.091744592549291681e+00
1.083441508323679248e+00
1.075138439019425629e+00
1.066835384651347196e+00
1.058532345232367389e+00
1.050229320773514274e+00
1.041926311283923434e+00
1.033623316770835077e+00
1.025320337239596036e+00
1.017017372693659993e+00
1.008714423134585036e+00
1.000411488562036766e+00
9.921085689737860758e-01
9.838056643657095979e-01
9.755027747317910336e-01
9.671999000641190447e-01
9.588970403528893627e-01
9.505941955864026793e-01
9.422913657510660901e-01
9.339885508313935381e-01
9.256857508100034826e-01
9.173829656676222299e-01
9.090801953830806026e-01
9.007774399333156046e-01
8.924746992933716427e-01
8.841719734363971961e-01
8.758692623336487015e-01
8.675665659544873343e-01
8.592638842663801180e-01
8.509612172349017012e-01
8.426585648237306936e-01
8.343559269946536627e-01
8.260533037075621365e-01
8.177506949204530473e-01
8.094481005894315073e-01
8.011455206687061459e-01
7.928429551105936612e-01
7.845404038655153789e-01
7.762378668819999161e-01
7.679353441066807395e-01
7.596328354842974973e-01
7.513303409576971292e-01
7.430278604678307586e-01
7.347253939537574663e-01
7.264229413526408496e-01
7.181205025997505764e-01
7.098180776284639393e-01
7.015156663702620810e-01
6.932132687547344352e-01
6.849108847095746189e-01
6.766085141605826525e-01
6.683061570316658484e-01
6.600038132448355910e-01
6.517014827202113336e-01
6.433991653760170459e-01
6.350968611285829901e-01
6.267945698923462761e-01
6.184922915798489740e-01
6.101900261017403349e-01
6.018877733667745700e-01
5.935855332818121832e-01
5.852833057518205262e-01
5.769810906798716887e-01
5.686788879671452746e-01
5.603766975129250705e-01
5.520745192146030433e-01
5.437723529676755652e-01
5.354701986657450785e-01
5.271680562005216508e-01
5.188659254618190886e-01
5.105638063375597113e-01
5.022616987137699107e-01
4.939596024745822600e-01
4.856575175022369573e-01
4.773554436770782172e-01
4.690533808775582680e-01
4.607513289802337986e-01
4.524492878597676793e-01
4.441472573889301834e-01
4.358452374385956563e-01
4.275432278777464012e-01
4.192412285734695709e-01
4.109392393909579444e-01
4.026372601935120366e-01
3.943352908425364345e-01
3.860333311975436832e-01
3.777313811161507884e-01
3.694294404540810484e-01
3.611275090651649977e-01
3.528255868013374652e-01
3.445236735126410710e-01
3.362217690472230625e-01
3.279198732513369241e-01
3.196179859693433212e-01
3.113161070437072686e-01
3.030142363150015172e-01
2.947123736219036672e-01
2.864105188011971670e-01
2.781086716877729237e-01
2.698068321146261384e-01
2.615049999128598035e-01
2.532031749116810393e-01
2.449013569384050348e-01
2.365995458184514122e-01
2.282977413753460583e-01
2.199959434307220130e-01
2.116941518043167769e-01
2.033923663139755034e-01
1.950905867756481671e-01
1.867888130033906746e-01
1.784870448093663631e-01
1.701852820038428082e-01
1.618835243951954328e-01
1.535817717899042867e-01
1.452800239925554904e-01
1.369782808058425949e-01
1.286765420305632790e-01
1.203748074656231931e-01
1.120730769080325456e-01
1.037713501529076293e-01
9.546962699347216752e-02
8.716790722105401124e-02
7.886619062508898326e-02
7.056447699311746424e-02
6.226276611078594703e-02
5.396105776184828562e-02
4.565935172816255883e-02
3.735764778969470623e-02
2.905594572451486446e-02
2.075424530880105173e-02
1.245254631683592739e-02
4.150848521008203111e-03
-4.150848308186468050e-03
-1.245254440214639199e-02
-2.075423999416476165e-02
-2.905593531942827698e-02
-3.735763061501760213e-02
-4.565932611990828477e-02
-5.396102207496707159e-02
-6.226271872295745247e-02
-7.056441630853595159e-02
-7.886611507825304346e-02
-8.716781528055413120e-02
-9.546951716577577185e-02
-1.037712209861512691e-01
-1.120729269958069957e-01
-1.203746354507632538e-01
-1.286763466089352326e-01
-1.369780607301293585e-01
-1.452797780760487489e-01
-1.535814989102895767e-01
-1.618832234983420548e-01
-1.701849521075910754e-01
-1.784866850073129896e-01
-1.867884224686806871e-01
-1.950901647647602377e-01
-2.033919121705115296e-01
-2.116936649627894351e-01
-2.199954234203400638e-01
-2.282971878238062025e-01
-2.365989584557235959e-01
-2.449007356005221125e-01
-2.532025195445263832e-01
-2.615043105759523590e-01
-2.698061089849125849e-01
-2.781079150634127584e-01
-2.864097291053525063e-01
-2.947115514065262731e-01
-3.030133822646197683e-01
-3.113152219792155728e-01
-3.196170708517890313e-01
-3.279189291857095845e-01
-3.362207972862416017e-01
-3.445226754605406616e-01
-3.528245640176590481e-01
-3.611264632685419196e-01
-3.694283735260286416e-01
-3.777302951048533974e-01
-3.860322283216415795e-01
-3.943341734949151189e-01
-4.026361309450893211e-01
-4.109381009944741425e-01
-4.192400839672708046e-01
-4.275420801895772338e-01
-4.358440899893844533e-01
-4.441461136965774159e-01
-4.524481516429360028e-01
-4.607502041621311939e-01
-4.690522715897308403e-01
-4.773543542631956682e-01
-4.856564525218806105e-01
-4.939585667070351960e-01
-5.022606971618003291e-01
-5.105628442312136750e-01
-5.188650081662791180e-01
-5.271671873235334038e-01
-5.354693809341729560e-01
-5.437715889184119300e-01
-5.520738111989766939e-01
-5.603760477011032748e-01
-5.686782983525378032e-01
-5.769805630835372900e-01
-5.852828418268665178e-01
-5.935851345178031480e-01
-6.018874410941339459e-01
-6.101897614961558913e-01
-6.184920956666771774e-01
-6.267944435510134360e-01
-6.350968050969930667e-01
-6.433991802549539063e-01
-6.517015689777438947e-01
-6.600039712207221854e-01
-6.683063869417551484e-01
-6.766088161012222546e-01
-6.849112586620124121e-01
-6.932137145895241881e-01
-7.015161838516678072e-01
-7.098186664188605999e-01
-7.181211622640328862e-01
-7.264236713626245345e-01
-7.347261936925851833e-01
-7.430287292343757954e-01
-7.513312779709647726e-01
-7.596338398878333953e-01
-7.679364149729720479e-01
-7.762390032168818843e-01
-7.845416046125743836e-01
-7.928442191555690188e-01
-8.011468468438981416e-01
-8.094494876781029857e-01
-8.177521416612353322e-01
-8.260548087988580646e-01
-8.343574890990412829e-01
-8.426601825723682992e-01
-8.509628892319313076e-01
-8.592656090933330493e-01
-8.675683421746873680e-01
-8.758710884966152133e-01
-8.841738480822507462e-01
-8.924766209572374542e-01
-9.007794071497295940e-01
-9.090822066903893051e-01
-9.173850196123911616e-01
-9.256878459514192858e-01
-9.339906857456682365e-01
-9.422935390358431196e-01
-9.505964058651569237e-01
-9.588992862793355165e-01
-9.672021803266135365e-01
-9.755050880577366135e-01
-9.838080095259608138e-01
-9.921109447870499753e-01
-1.000413893899281037e+00
-1.008716856923439487e+00
-1.017019833922821803e+00
-1.025322824963235124e+00
-1.033625830112994137e+00
-1.041928849442926630e+00
-1.050231883026369273e+00
-1.058534930939169394e+00
-1.066837993259684758e+00
-1.075141070068781346e+00
-1.083444161449838017e+00
-1.091747267488741846e+00
-1.100050388273891011e+00
-1.108353523896195014e+00
-1.116656674449070241e+00
-1.124959840028445957e+00
-1.133263020732761417e+00
-1.141566216662965205e+00
-1.149869427922517007e+00
-1.158172654617384945e+00
-1.166475896856049133e+00
-1.174779154749499455e+00
-1.183082428411235787e+00
-1.191385717957268664e+00
-1.199689023506116836e+00
-1.207992345178811489e+00
-1.216295683098893354e+00
-1.224599037392413603e+00
-1.232902408187933396e+00
-1.241205795616522556e+00
-1.249509199811763116e+00
-1.257812620909746881e+00
-1.266116059049075426e+00
-1.274419514370861650e+00
-1.282722987018725780e+00
-1.291026477138800921e+00
-1.299329984879729727e+00
-1.307633510392664622e+00
-1.315937053831269798e+00
-1.324240615351716110e+00
-1.332544195112687735e+00
-1.340847793275378175e+00
-1.349151410003490703e+00
-1.357455045463240806e+00
-1.365758699823349742e+00
-1.374062373255052760e+00
-1.382366065932094434e+00
-1.390669778030729331e+00
-1.398973509729722897e+00
-1.407277261210348573e+00
-1.415581032656391569e+00
-1.423884824254147752e+00
-1.432188636192422537e+00
-1.440492468662532222e+00
-1.448796321858300873e+00
-1.457100195976065882e+00
-1.465404091214672855e+00
-1.473708007775479167e+00
-1.482011945862349744e+00
-1.490315905681662167e+00
-1.498619887442303567e+00
-1.506923891355671064e+00
-1.515227917635672439e+00
-1.523531966498723467e+00
-1.531836038163753244e+00
-1.540140132852199306e+00
-1.548444250788009846e+00
-1.556748392197643494e+00
-1.565052557310067538e+00
-1.573356746356761260e+00
-1.581660959571713265e+00
-1.589965197191422819e+00
-1.598269459454900066e+00
-1.606573746603662256e+00
-1.614878058881739742e+00
-1.623182396535672645e+00
-1.631486759814510856e+00
-1.639791148969815149e+00
-1.648095564255654066e+00
-1.656400005928609032e+00
-1.664704474247770571e+00
-1.673008969474739649e+00
-1.681313491873628552e+00
-1.689618041711056007e+00
-1.697922619256154730e+00
-1.706227224780566099e+00
-1.714531858558442146e+00
-1.722836520866445786e+00
-1.731141211983747263e+00
-1.739445932192029476e+00
-1.747750681775485315e+00
-1.756055461020817443e+00
-1.764360270217239401e+00
-1.772665109656472948e+00
-1.780969979632752054e+00
-1.789274880442820015e+00
-1.797579812385930342e+00
-1.805884775763848094e+00
-1.814189770880845209e+00
-1.822494798043707398e+00
-1.830799857561728139e+00
-1.839104949746712458e+00
-1.847410074912976041e+00
-1.855715233377342122e+00
-1.864020425459146368e+00
-1.872325651480234665e+00
-1.880630911764961777e+00
-1.888936206640194682e+00
-1.897241536435307463e+00
-1.905546901482187083e+00
-1.913852302115229831e+00
-1.922157738671342209e+00
-1.930463211489941155e+00
-1.938768720912952270e+00
-1.947074267284813143e+00
-1.955379850952471132e+00
-1.963685472265384702e+00
-1.971991131575518974e+00
-1.980296829237353062e+00
-1.988602565607874739e+00
-1.996908341046581992e+00
-2.005214155915484131e+00
-2.013520010579098241e+00
-2.021825905404452950e+00
-2.030131840761087769e+00
-2.038437817021051757e+00
-2.046743834558904407e+00
-2.055049893751714318e+00
-2.063355994979060970e+00
-2.071662138623035165e+00
-2.079968325068236368e+00
-2.088274554701774921e+00
-2.096580827913270273e+00
-2.104887145094853640e+00
-2.113193506641165786e+00
-2.121499912949357469e+00
-2.129806364419090325e+00
-2.138112861452534652e+00
-2.146419404454372071e+00
-2.154725993831794639e+00
-2.163032629994503964e+00
-2.171339313354713418e+00
-2.179646044327142373e+00
-2.187952823329025076e+00
-2.196259650780103545e+00
-2.204566527102630680e+00
-2.212873452721370704e+00
-2.221180428063594281e+00
-2.229487453559086063e+00
-2.237794529640139807e+00
-2.246101656741558372e+00
-2.254408835300657277e+00
-2.262716065757258477e+00
-2.271023348553697030e+00
-2.279330684134817542e+00
-2.287638072947974610e+00
-2.295945515443033713e+00
-2.304253012072368101e+00
-2.312560563290864124e+00
-2.320868169555916793e+00
-2.329175831327432000e+00
-2.337483549067826072e+00
-2.345791323242023552e+00
-2.354099154317461196e+00
-2.362407042764084864e+00
-2.370714989054351740e+00
-2.379022993663228558e+00
-2.387331057068191154e+00
-2.395639179749227132e+00
-2.403947362188833647e+00
-2.412255604872018289e+00
-2.420563908286299082e+00
-2.428872272921702713e+00
-2.437180699270768081e+00
-2.445489187828542743e+00
-2.453797739092585140e+00
-2.462106353562964589e+00
-2.470415031742258627e+00
-2.478723774135556113e+00
-2.487032581250457230e+00
-2.495341453597070380e+00
-2.503650391688016175e+00
-2.511959396038422110e+00
-2.520268467165929671e+00
-2.528577605590688560e+00
-2.536886811396034336e+00
-2.545196063419457921e+00
-2.553505350693995091e+00
-2.561814674498337663e+00
-2.570124036091184117e+00
-2.578433436711241367e+00
-2.586742877577219879e+00
-2.595052359887840332e+00
-2.603361884821829175e+00
-2.611671453537919518e+00
-2.619981067174853795e+00
-2.628290726851376657e+00
-2.636600433666243415e+00
-2.644910188698215592e+00
-2.653219993006061372e+00
-2.661529847628556489e+00
-2.669839753584481556e+00
-2.678149711872626515e+00
-2.686459723471787520e+00
-2.694769789340766941e+00
-2.703079910418376475e+00
-2.711390087623430478e+00
-2.719700321854754854e+00
-2.728010613991178612e+00
-2.736320964891540530e+00
-2.744631375394685602e+00
-2.752941846319464148e+00
-2.761252378464735369e+00
-2.769562972609364682e+00
-2.777873629512225051e+00
-2.786184349912196101e+00
-2.794495134528162783e+00
-2.802805984059018929e+00
-2.811116899183665030e+00
-2.819427880561009125e+00
-2.827738928829964582e+00
-2.836050044609451870e+00
-2.844361228498399452e+00
-2.852672481075742006e+00
-2.860983802900422646e+00
-2.869295194511389813e+00
-2.877606656427598164e+00
-2.885918189148011681e+00
-2.894229793151599672e+00
-2.902541468897338550e+00
-2.910853216824213607e+00
-2.919165037351213243e+00
-2.927476930877335626e+00
-2.935788897781585138e+00
-2.944100938422973712e+00
-2.952413053140520383e+00
-2.960725242253248624e+00
-2.969037506060191678e+00
-2.977349844840388560e+00
-2.985662258852885831e+00
-2.993974748336736713e+00
-3.002287313511001088e+00
-3.010599954574745052e+00
-3.018912671707043138e+00
-3.027225465066977428e+00
-3.035538334793633997e+00
-3.043851281006108245e+00
-3.052164303803502232e+00
-3.060477403264924234e+00
-3.068790579449491407e+00
-3.077103832396324012e+00
-3.085417162124552526e+00
-3.093730568633314082e+00
-3.102044051901751143e+00
-3.110357611889015494e+00
-3.118671248534262475e+00
-3.126984961756657633e+00
-3.135298751455371846e+00
-3.143612617509583540e+00
-3.151926559778478687e+00
-3.160240578101247255e+00
-3.168554672297089869e+00
-3.176868842165212037e+00
-3.185183087484826814e+00
-3.193497408015154804e+00
-3.201811803495420605e+00
-3.210126273644859918e+00
-3.218440818162712880e+00
-3.226755436728226734e+00
-3.235070129000657602e+00
-3.243384894619265602e+00
-3.251699733203319287e+00
-3.260014644352094315e+00
-3.268329627644873447e+00
-3.276644682640946993e+00
-3.284959808879609255e+00
-3.293275005880163864e+00
-3.301590273141921550e+00
-3.309905610144199706e+00
-3.318221016346322827e+00
-3.326536491187620292e+00
-3.334852034087430805e+00
-3.343167644445100173e+00
-3.351483321639979085e+00
-3.359799065031428444e+00
-3.368114873958811817e+00
-3.376430747741502092e+00
-3.384746685678879707e+00
-3.393062687050331316e+00
-3.401378751115251120e+00
-3.409694877113038203e+00
-3.418011064263100085e+00
-3.426327311764852279e+00
-3.434643618797715625e+00
-3.442959984521119399e+00
-3.451276408074497315e+00
-3.459592888577292413e+00
-3.467909425128953060e+00
-3.476226016808936503e+00
-3.484542662676706204e+00
-3.492859361771730065e+00
-3.501176113113486643e+00
-3.509492915701459381e+00
-3.517809768515139268e+00
-3.526126670514024841e+00
-3.534443620637619521e+00
-3.542760617805435164e+00
-3.551077660916991174e+00
-3.559394748851813173e+00
-3.567711880469434327e+00
-3.576029054609391800e+00
-3.584346270091233411e+00
-3.592663525714512751e+00
-3.600980820258790960e+00
-3.609298152483633615e+00
-3.617615521128615619e+00
-3.625932924913318089e+00
-3.634250362537329249e+00
-3.642567832680245754e+00
-3.650885334001666926e+00
-3.659202865141202743e+00
-3.667520424718469840e+00
-3.675838011333090183e+00
-3.684155623564695059e+00
-3.692473259972919308e+00
-3.700790919097407539e+00
-3.709108599457810573e+00
-3.717426299553785896e+00
-3.725744017864999424e+00
-3.734061752851120186e+00
-3.742379502951827863e+00
-3.750697266586807910e+00
-3.759015042155751996e+00
-3.767332828038361558e+00
-3.775650622594340255e+00
-3.783968424163402400e+00
-3.792286231065268076e+00
-3.800604041599664917e+00
-3.808921854046326771e+00
-3.817239666664994147e+00
-3.825557477695414654e+00
-3.833875285357344787e+00
-3.842193087850544586e+00
-3.850510883354784752e+00
-3.858828670029838648e+00
-3.867146446015490735e+00
-3.875464209431529916e+00
-3.883781958377753085e+00
-3.892099690933964684e+00
-3.900417405159973594e+00
-3.908735099095597576e+00
-3.917052770760661495e+00
-3.925370418154996877e+00
-3.933688039258442348e+00
-3.942005632030841422e+00
-3.950323194412047378e+00
-3.958640724321919713e+00
-3.966958219660323692e+00
-3.975275678307133465e+00
-3.983593098122227616e+00
-3.991910476945493613e+00
-4.000227812596825139e+00
-4.008545102876123423e+00
-4.016862345563297687e+00
-4.025179538418259817e+00
-4.033496679180932354e+00
-4.041813765571244943e+00
-4.050130795289131669e+00
-4.058447766014538161e+00
-4.066764675407410046e+00
-4.075081521107704496e+00
-4.083398300735386677e+00
-4.091715011890426190e+00
-4.100031652152798856e+00
-4.108348219082490260e+00
-4.116664710219491319e+00
-4.124981123083799162e+00
-4.133297455175421575e+00
-4.141613703974367233e+00
-4.149929866940657242e+00
