1.665334536937734811e-16
9.641239510975855610e-04
6.049121025150478673e-04
-1.037951474610506993e-03
-3.924782709142841594e-03
-8.015897529944580532e-03
-1.327161186587784772e-02
-1.965224164580804678e-02
-2.711810279859537196e-02
-3.562951125310637873e-02
-4.514678293820232474e-02
-5.563023378274408598e-02
-6.704017971559950162e-02
-7.933693666562652291e-02
-9.248082056169364129e-02
-1.064321473326614725e-01
-1.211512329073894806e-01
-1.365983932147476765e-01
-1.527339441835921796e-01
-1.695182017427932508e-01
-1.869114818212103124e-01
-2.048741003477026479e-01
-2.233663732511413091e-01
-2.423486164603811666e-01
-2.617811459042935773e-01
-2.816242775117377972e-01
-3.018383272115722216e-01
-3.223836109326687627e-01
-3.432204446038816803e-01
-3.643091441540834419e-01
-3.856100255121320819e-01
-4.070834046068862455e-01
-4.286895973672185667e-01
-4.503889197219824725e-01
-4.721416876000509300e-01
-4.939082169302818626e-01
-5.156488236415337489e-01
-5.373238236626793896e-01
-5.588935329225722670e-01
-5.803182673500848487e-01
-6.015583428740756133e-01
-6.225740754234030394e-01
-6.433257809269394834e-01
-6.637737753135388719e-01
-6.838783745120734503e-01
-7.035998944514016973e-01
-7.228986510603826465e-01
-7.417349602678875442e-01
-7.600691380027715383e-01
-7.778615001939057638e-01
-7.950723627701491436e-01
-8.116620416603610444e-01
-8.275908527934121572e-01
-8.428191120981584072e-01
-8.573071355034697083e-01
-8.710152389382057603e-01
-8.839037383312269291e-01
-8.959329496114016855e-01
-9.070631887075881750e-01
-9.172547715486540909e-01
-9.264680140634604655e-01
-9.346632321808683308e-01
-9.418007418297444922e-01
-9.478408589389490935e-01
-9.527438994373474968e-01
-9.564701792538017333e-01
-9.589800143171742786e-01
-9.602337205563293843e-01
-9.601916139001297479e-01
-9.588140102774382889e-01
-9.560612256171180379e-01
-9.522024004147775500e-01
-9.483651393639047633e-01
-9.445743097618339856e-01
-9.408336640263625927e-01
-9.371427556876169573e-01
-9.335141009899246001e-01
-9.299826045641097494e-01
-9.266027044640714472e-01
-9.234340932408487967e-01
-9.205219072025440097e-01
-9.178797767016505516e-01
-9.154830199590410222e-01
-9.132750215374689784e-01
-9.111842882902887464e-01
-9.091452037405290953e-01
-9.071140268690590647e-01
-9.050738285179669163e-01
-9.030268916558326087e-01
-9.009785351541915732e-01
-8.989200258904977980e-01
-8.968186001731826007e-01
-8.946194799963612665e-01
-8.922595227483969271e-01
-8.896870417345866811e-01
-8.868795770994077898e-01
-8.838521733137563174e-01
-8.806527001017937506e-01
-8.773462112774818022e-01
-8.739949229805719089e-01
-8.706421420309125025e-01
-8.673066444783352757e-01
-8.639893929290900498e-01
-8.606890850942274795e-01
-8.574191734254436037e-01
-8.542183498849479362e-01
-8.511493254034907530e-01
-8.482858215296316118e-01
-8.456928358271118551e-01
-8.434082214801891242e-01
-8.414331581204387289e-01
-8.397353432319940580e-01
-8.382633554787586316e-01
-8.369659510067664066e-01
-8.358080567036411113e-01
-8.347767814757245386e-01
-8.338752032004659309e-01
-8.331070735076568923e-01
-8.324595859172250201e-01
-8.318922481908745947e-01
-8.313372996303953766e-01
-8.307121392931279269e-01
-8.299390286026724350e-01
-8.289641466708841389e-01
-8.277682871008567034e-01
-8.263650054602980077e-01
-8.247873406115485695e-01
-8.230690542099143858e-01
-8.212285845792506311e-01
-8.192626255121520096e-01
-8.171519728571733365e-01
-8.148768526729143202e-01
-8.124347446995875410e-01
-8.098525453917414518e-01
-8.071872811116438395e-01
-8.045144780154742659e-01
-8.019085993094194897e-01
-7.994233863285872266e-01
-7.970800117925368466e-01
-7.948676387242961106e-01
-7.927557015538866381e-01
-7.907122586147610210e-01
-7.887202461886848592e-01
-7.867844780280355277e-01
-7.849263425291679308e-01
-7.831685766598589504e-01
-7.815168962049634516e-01
-7.799467318655169956e-01
-7.784012176820347406e-01
-7.768018020670272028e-01
-7.750674516269175918e-01
-7.731347164110697889e-01
-7.709705648273125211e-01
-7.685730034930485788e-01
-7.659597422483149787e-01
-7.631502779625380928e-01
-7.601495431170270933e-01
-7.569405027427908994e-01
-7.534891144551688624e-01
-7.497596054862463166e-01
-7.457334317257382494e-01
-7.414235571319985896e-01
-7.368775895962860201e-01
-7.321680260077925162e-01
-7.273733637727303192e-01
-7.225577523970326821e-01
-7.177574873693096658e-01
-7.129797014503919117e-01
-7.082133454037359277e-01
-7.034472385767600588e-01
-6.986869019107160295e-01
-6.939624173605285495e-01
-6.893234967896406662e-01
-6.848235708864485183e-01
-6.804995951262903242e-01
-6.763562899681528906e-01
-6.723617903667635787e-01
-6.684568981137289923e-01
-6.645743448978091994e-01
-6.606601914572928225e-01
-6.566884998930992978e-01
-6.526634427245835424e-01
-6.486078077755069726e-01
-6.445447999695156360e-01
-6.404762054979513675e-01
-6.363830368993774744e-01
-6.321956780486380767e-01
-6.278176594682031153e-01
-6.232375158064717979e-01
-6.184811786555337587e-01
-6.136098199080944893e-01
-6.086957772176451176e-01
-6.037989721859038372e-01
-5.989492531466091840e-01
-5.941435387960378733e-01
-5.893580415624836144e-01
-5.845702527377181212e-01
-5.797809335543542275e-01
-5.750264270384579657e-01
-5.703756595665970819e-01
-5.659126768333759827e-01
-5.617116645453336110e-01
-5.578145806100036630e-01
-5.542204522200346872e-01
-5.508905364102479885e-01
-5.477669609890961633e-01
-5.447969240634877863e-01
-5.419523465588992339e-01
-5.392369333905652207e-01
-5.366780053231114955e-01
-5.343069160790780980e-01
-5.321366772796007893e-01
-5.301465249750551001e-01
-5.282801602163419430e-01
-5.264586176609679091e-01
-5.246026071857072814e-01
-5.226552962667108115e-01
-5.205964422495487076e-01
-5.184425063567804637e-01
-5.162332634824020605e-01
-5.140109587866847907e-01
-5.118009429387527787e-01
-5.096018063068503690e-01
-5.073887953276290386e-01
-5.051285832765339823e-01
-5.027987156847677497e-01
-5.004032272790148728e-01
-4.979777298598795365e-01
-4.955818456876319722e-01
-4.932822073220294867e-01
-4.911330961795170036e-01
-4.891625598975886668e-01
-4.873692608008823313e-01
-4.857306012457377475e-01
-4.842179224333731935e-01
-4.828117954237631793e-01
-4.815107411289524242e-01
-4.803298851520023116e-01
-4.792906122709292283e-01
-4.784062104732254572e-01
-4.776700972128182787e-01
-4.770518876022817878e-01
-4.765029671762968655e-01
-4.759690149649192792e-01
-4.754039588724884302e-01
-4.747794122509687575e-01
-4.740858649930959623e-01
-4.733257317134906272e-01
-4.725020429520391252e-01
-4.716084502491164065e-01
-4.706254745971998887e-01
-4.695249133136208397e-01
-4.682804238298395871e-01
-4.668793399024845359e-01
-4.653300916199752391e-01
-4.636615207493770541e-01
-4.619140496029823240e-01
-4.601264149897082989e-01
-4.583237995500490936e-01
-4.565126758935161844e-01
-4.546847193391136965e-01
-4.528280333450380724e-01
-4.509405029301153389e-01
-4.490389192500785498e-01
-4.471591972592850461e-01
-4.453468706533321719e-01
-4.436414355327623071e-01
-4.420610814181253900e-01
-4.405945304580073940e-01
-4.392039219878695611e-01
-4.378380513526200501e-01
-4.364507654258327762e-01
-4.350169162969503289e-01
-4.335391072326387762e-01
-4.320422330041626680e-01
-4.305579774155554595e-01
-4.291058028779117794e-01
-4.276786502782301547e-01
-4.262397747074586074e-01
-4.247325785829904610e-01
-4.230998489846288235e-01
-4.213047526737947468e-01
-4.193450271546040886e-01
-4.172544611193662600e-01
-4.150909149690472089e-01
-4.129156579258737580e-01
-4.107723836985491817e-01
-4.086744051548844014e-01
-4.066051360609879151e-01
-4.045314468715791589e-01
-4.024241458853653475e-01
-4.002768973496224625e-01
-3.981155876448909670e-01
-3.959941841445247523e-01
-3.939787599114639161e-01
-3.921262366017073120e-01
-3.904664978328774017e-01
-3.889950007822490230e-01
-3.876785647383328426e-01
-3.864715451103186705e-01
-3.853354125611418990e-01
-3.842535777333767610e-01
-3.832355640416637010e-01
-3.823093088774938697e-01
-3.815054349313766746e-01
-3.808406247618303930e-01
-3.803073944414073759e-01
-3.798745960083883544e-01
-3.794982160201648136e-01
-3.791375853054357870e-01
-3.787698956890117596e-01
-3.783968426995215628e-01
-3.780408414349891721e-01
-3.777329359011298848e-01
-3.774981473904536755e-01
-3.773450077681075876e-01
-3.772639778065121074e-01
-3.772353096598168309e-01
-3.772425440025933274e-01
-3.772851965397219787e-01
-3.773844802021141809e-01
-3.775790205733906557e-01
-3.779120789690172955e-01
-3.784157645161527195e-01
-3.790992898178021098e-01
-3.799467405327563996e-01
-3.809257151825421461e-01
-3.820033161308369341e-01
-3.831625066937275337e-01
-3.844113879190668159e-01
-3.857807984170452675e-01
-3.873106529584819935e-01
-3.890304953370634644e-01
-3.909425819476428088e-01
-3.930151249142674885e-01
-3.951892854116346721e-01
-3.973977558610455318e-01
-3.995877242108853422e-01
-4.017388508859728868e-01
-4.038686282053771670e-01
-4.060225109550834599e-01
-4.082524819396139426e-01
-4.105926393187165346e-01
-4.130418650287682736e-01
-4.155609582070516339e-01
-4.180858127533638169e-01
-4.205516267853021684e-01
-4.229184822626180784e-01
-4.251878816034276864e-01
-4.274033363964939713e-01
-4.296344822525051121e-01
-4.319508526861415287e-01
-4.343956780306557630e-01
-4.369700906747274183e-01
-4.396339235690048253e-01
-4.423226195806418404e-01
-4.449733323985220479e-01
-4.475496968093498062e-01
-4.500554127969518259e-01
-4.525314114712886693e-01
-4.550380336699864636e-01
-4.576296274548475873e-01
-4.603318597928360290e-01
-4.631307273701166238e-01
-4.659773595580136707e-01
-4.688062822253906137e-01
-4.715595023129420804e-01
-4.742067123906475445e-01
-4.767538306215758914e-01
-4.792370852405462012e-01
-4.817057790642583770e-01
-4.842012800622413904e-01
-4.867409402979706035e-01
-4.893131587967565199e-01
-4.918848981621124494e-01
-4.944177769891960894e-01
-4.968855411560089697e-01
-4.992855593122507707e-01
-5.016399088620777658e-01
-5.039862429374987185e-01
-5.063629226871947386e-01
-5.087950555725583301e-01
-5.112872796558503019e-01
-5.138258614105917221e-01
-5.163884518840776705e-01
-5.189565614281173023e-01
-5.215248778722563205e-01
-5.241032899981470372e-01
-5.267110151645865157e-01
-5.293659236112792099e-01
-5.320743259237558087e-01
-5.348261916319190235e-01
-5.375981617100070720e-01
-5.403630199007530832e-01
-5.431012355011368697e-01
-5.458091635882809101e-01
-5.484999670228769553e-01
-5.511966505369566560e-01
-5.539202702402946654e-01
-5.566787266009781687e-01
-5.594614708815967008e-01
-5.622429340364313299e-01
-5.649936004079927354e-01
-5.676941086507658607e-01
-5.703461734147305950e-01
-5.729752521205867533e-01
-5.756233090964973931e-01
-5.783343072195387125e-01
-5.811383284208311295e-01
-5.840410284919588246e-01
-5.870230533157047015e-01
-5.900499099462432895e-01
-5.930883255289599587e-01
-5.961222654351717720e-01
-5.991617916261232635e-01
-6.022408391305986708e-01
-6.054045989846977838e-01
-6.086915853159658996e-01
-6.121177756698703565e-01
-6.156694497324963766e-01
-6.193078070654199907e-01
-6.229835889827270989e-01
-6.266557852131480200e-01
-6.303068183387572354e-01
-6.339480811405946437e-01
-6.376137195261084578e-01
-6.413454211286064854e-01
-6.451746475010097237e-01
-6.491097107818664114e-01
-6.531329693558446392e-01
-6.572091210185712074e-01
-6.613009427658516071e-01
-6.653857966714552541e-01
-6.694660405917380874e-01
-6.735691800967117393e-01
-6.777379579415966360e-01
-6.820147425133722408e-01
-6.864268011729095509e-01
-6.909784395912736965e-01
-6.956528862902279231e-01
-7.004225872968735667e-01
-7.052630673872897216e-01
-7.101641959563146367e-01
-7.151340748679115844e-01
-7.201941649535373857e-01
-7.253681531033027152e-01
-7.306697220034545914e-01
-7.360946931968394003e-01
-7.416208942279772787e-01
-7.472155483035618495e-01
-7.528466204468300393e-01
-7.584928870406214552e-01
-7.641482267051482591e-01
-7.698184151064898506e-01
-7.755122347876984845e-01
-7.812313606239797981e-01
-7.869640457450901572e-01
-7.926858465083678196e-01
-7.983673005176796789e-01
-8.039851276526908119e-01
-8.095317137005667574e-01
-8.150182344238786625e-01
-8.204695784193057895e-01
-8.259130005093591187e-01
-8.313654679463965413e-01
-8.368255248613815089e-01
-8.422737099256548676e-01
-8.476818209288206063e-01
-8.530272451319120819e-01
-8.583060049007402714e-01
-8.635383459727953293e-01
-8.687636680733911154e-01
-8.740261771986548300e-01
-8.793568832868313701e-01
-8.847595422375191809e-01
-8.902068854972996492e-01
-8.956493912792095058e-01
-9.010335705878974588e-01
-9.063225016005028722e-01
-9.115100237093349822e-01
-9.166222975234645798e-01
-9.217055288136579705e-01
-9.268044724927764211e-01
-9.319404362452388124e-01
-9.370980881228930803e-01
-9.422270636843800284e-01
-9.472584210157528606e-01
-9.521298136453525407e-01
-9.568094200145031980e-01
-9.613088561751095273e-01
-9.656795267605324806e-01
-9.699934870500299677e-01
-9.743162296093091923e-01
-9.786822578841192222e-01
-9.830833459149924680e-01
-9.874743682525385369e-01
-9.917945072453790978e-01
-9.959953719982373999e-01
-1.000064655343877451e+00
-1.004035638251720819e+00
-1.007978491803071197e+00
-1.011976642203519683e+00
-1.016097491163755695e+00
-1.020369071869146049e+00
-1.024771844661180209e+00
-1.029248758028905808e+00
-1.033729391405665110e+00
-1.038158415727472805e+00
-1.042517010156513546e+00
-1.046828855491498178e+00
-1.051148626270063779e+00
-1.055537951205268055e+00
-1.060038752246743599e+00
-1.064654749056725525e+00
-1.069348406348777702e+00
-1.074054254204331427e+00
-1.078702944520140594e+00
-1.083246265449818724e+00
-1.087673235179173359e+00
-1.092011277749889819e+00
-1.096312656120685958e+00
-1.100632225917971052e+00
-1.105005798293290820e+00
-1.109437744715701557e+00
-1.113902346794860998e+00
-1.118357606983859887e+00
-1.122765218487692396e+00
-1.127108182636726630e+00
-1.131398942858503176e+00
-1.135675149085068059e+00
-1.139985396939680262e+00
-1.144371289826770610e+00
-1.148853344002545018e+00
-1.153426234368834402e+00
-1.158064643395199544e+00
-1.162736455610692499e+00
-1.167417149986428537e+00
-1.172099130604791650e+00
-1.176792326430677438e+00
-1.181516430457730582e+00
-1.186288813705486778e+00
-1.191113856498242418e+00
-1.195978522036581282e+00
-1.200855966191129109e+00
-1.205715258444509663e+00
-1.210532573969065107e+00
-1.215298698781141384e+00
-1.220019541069270463e+00
-1.224709669694376890e+00
-1.229382161228183890e+00
-1.234039740745424441e+00
-1.238671574408211074e+00
-1.243257408756425653e+00
-1.247777266315134970e+00
-1.252222205255398180e+00
-1.256601004865056215e+00
-1.260939356413779855e+00
-1.265271496855781441e+00
-1.269627712256201191e+00
-1.274023167208705676e+00
-1.278453127438432091e+00
-1.282896948115152647e+00
-1.287329340455353188e+00
-1.291734104233550839e+00
-1.296114223029188217e+00
-1.300493600672604888e+00
-1.304909232946978692e+00
-1.309396769226655044e+00
-1.313975428121221700e+00
-1.318638743881690445e+00
-1.323355344621016894e+00
-1.328079811345565631e+00
-1.332769379364697748e+00
-1.337399646885865323e+00
-1.341972723176741544e+00
-1.346514312050412165e+00
-1.351060821301608872e+00
-1.355641798732278414e+00
-1.360265021361581450e+00
-1.364910532515125619e+00
-1.369536238067178058e+00
-1.374092868007874113e+00
-1.378542196891598515e+00
-1.382871037704436645e+00
-1.387095267883823979e+00
-1.391252275386857473e+00
-1.395384987015230616e+00
-1.399524072534185981e+00
-1.403675585933469527e+00
-1.407818955815643758e+00
-1.411915884749727290e+00
-1.415926202767682884e+00
-1.419823936255356411e+00
-1.423606923029006932e+00
-1.427296175052948923e+00
-1.430925584205662737e+00
-1.434526584373276403e+00
-1.438114346823838652e+00
-1.441681216677591859e+00
-1.445199840405741343e+00
-1.448634243192074456e+00
-1.451953809856503907e+00
-1.455144098996473234e+00
-1.458210053144670892e+00
-1.461170670489223111e+00
-1.464047988264589817e+00
-1.466855626896336418e+00
-1.469592134062993605e+00
-1.472242009298846632e+00
-1.474783684553983232e+00
-1.477200532515408948e+00
-1.479489620226772884e+00
-1.481664024984963968e+00
-1.483747571965885470e+00
-1.485764460207917415e+00
-1.487728717533850054e+00
-1.489638608420049914e+00
-1.491478895898823431e+00
-1.493230202230551029e+00
-1.494881284052764103e+00
-1.496438431276901238e+00
-1.497927228437922142e+00
-1.499385218107489148e+00
-1.500848156542917478e+00
-1.502335694233314145e+00
-1.503842982183245525e+00
-1.505342469804220151e+00
-1.506795877566987185e+00
-1.508171799200277885e+00
-1.509461607588069576e+00
-1.510686619809209930e+00
-1.511892849838330388e+00
-1.513134825077687484e+00
-1.514454732144768112e+00
-1.515865501540213156e+00
-1.517345182301429229e+00
-1.518845530053200221e+00
-1.520311883480917281e+00
-1.521706554238812181e+00
-1.523026184959388019e+00
-1.524305677529753433e+00
-1.525606591630335185e+00
-1.526994233129722156e+00
-1.528512389426512907e+00
-1.530165841563254858e+00
-1.531917832687548442e+00
-1.533703738928414495e+00
-1.535455653273173793e+00
-1.537128125640493170e+00
-1.538714752625796489e+00
-1.540248936736735574e+00
-1.541788488705630122e+00
-1.543390258467448595e+00
-1.545085009731050674e+00
-1.546862634750882481e+00
-1.548673577505223165e+00
-1.550445785156791434e+00
-1.552110297756509549e+00
-1.553625233230861769e+00
-1.554988750730698976e+00
-1.556236186987231207e+00
-1.557423016844673658e+00
-1.558600922972793512e+00
-1.559796802044291386e+00
-1.561003027516037589e+00
-1.562182448854921635e+00
-1.563285498310669874e+00
-1.564271939106382181e+00
-1.565128170030086530e+00
-1.565873171768159100e+00
-1.566551118043611801e+00
-1.567214249325741493e+00
-1.567903474746090264e+00
-1.568634767511025485e+00
-1.569396607792802989e+00
-1.570158804214695003e+00
-1.570888194257437087e+00
-1.571564019888686214e+00
-1.572186280883040688e+00
-1.572773754130586843e+00
-1.573353070954027100e+00
-1.573944164797856704e+00
-1.574548853499343704e+00
-1.575147730270950674e+00
-1.575706676188549427e+00
-1.576189931314923687e+00
-1.576573727513107537e+00
-1.576854289917084984e+00
-1.577046621671366555e+00
-1.577174715419273454e+00
-1.577257786326528022e+00
-1.577299011997748135e+00
-1.577282215809182375e+00
-1.577178385616835987e+00
-1.576959429010760250e+00
-1.576613145002232486e+00
-1.576152610226276618e+00
-1.575615416638910915e+00
-1.575052539477078906e+00
-1.574511185181156403e+00
-1.574018748509400600e+00
-1.573574746420342452e+00
-1.573154338234070027e+00
-1.572722133542290512e+00
-1.572250517580569440e+00
-1.571734630200002147e+00
-1.571197367124180122e+00
-1.570681871544387098e+00
-1.570234255700204695e+00
-1.569883514917884026e+00
-1.569626962000946646e+00
-1.569427384898685052e+00
-1.569223370771547277e+00
-1.568948820420621448e+00
-1.568553850263807226e+00
-1.568018690784589442e+00
-1.567355093772871077e+00
-1.566594925117999804e+00
-1.565770907880065677e+00
-1.564897679374870787e+00
-1.563961119551171564e+00
-1.562920414130192448e+00
-1.561722006873661694e+00
-1.560319691273799991e+00
-1.558692621542334900e+00
-1.556853977140032264e+00
-1.554846947716574723e+00
-1.552729933760064407e+00
-1.550557190777657635e+00
-1.548362804933337333e+00
-1.546154233200078165e+00
-1.543917449401742026e+00
-1.541630835626325968e+00
-1.539281414936022774e+00
-1.536876283994198289e+00
-1.534444421250626078e+00
-1.532028326629983006e+00
-1.529669300905936558e+00
-1.527392744370573041e+00
-1.525199612838255447e+00
-1.523067316554120643e+00
-1.520959196225205590e+00
-1.518838099137950870e+00
-1.516678052743140270e+00
-1.514469188952851431e+00
-1.512214317428542065e+00
-1.509919382279894640e+00
-1.507582745152256765e+00
-1.505188636222628995e+00
-1.502708061649461246e+00
-1.500106930175976627e+00
-1.497357785895696569e+00
-1.494449847512328011e+00
-1.491392815484081646e+00
-1.488212762347284057e+00
-1.484942076414071277e+00
-1.481608174562776270e+00
-1.478226272964695553e+00
-1.474799628459298795e+00
-1.471327169183167305e+00
-1.467814896950860648e+00
-1.464285493392562421e+00
-1.460781133308652002e+00
-1.457357414441606602e+00
-1.454070299940927846e+00
-1.450961261638254340e+00
-1.448046895359363040e+00
-1.445317587052982411e+00
-1.442745991513654680e+00
-1.440301782630468486e+00
-1.437966251291187492e+00
-1.435740196415991710e+00
-1.433641330216143039e+00
-1.431691970695505578e+00
-1.429902184599380233e+00
-1.428255825484683550e+00
-1.426705982989207477e+00
-1.425182556808844758e+00
-1.423609558710918543e+00
-1.421925494668981660e+00
-1.420098649181321226e+00
-1.418131019301016815e+00
-1.416049288876475298e+00
-1.413886672127580013e+00
-1.411663379195903234e+00
-1.409374155164964337e+00
-1.406988450755161768e+00
-1.404463450351520093e+00
-1.401764641161024727e+00
-1.398885221980799676e+00
-1.395855901801495325e+00
-1.392740486709465486e+00
-1.389618523334138045e+00
-1.386561702290736164e+00
-1.383613428473361662e+00
-1.380779730371571645e+00
-1.378034978078259920e+00
-1.375339715486340264e+00
-1.372662848051785289e+00
-1.369998610122202809e+00
-1.367370952557391606e+00
-1.364823328313767625e+00
-1.362398077378202288e+00
-1.360114098675146765e+00
-1.357952342870065943e+00
-1.355855489750433795e+00
-1.353742301980338958e+00
-1.351531028502691356e+00
-1.349162498461229820e+00
-1.346613617416073438e+00
-1.343896327098157428e+00
-1.341042364231628703e+00
-1.338082451526370953e+00
-1.335024640563140519e+00
-1.331854049104653326e+00
-1.328483057893908859e+00
-1.324860699803545705e+00
-1.320998106046053611e+00
-1.316937312317592479e+00
-1.312749311855244683e+00
-1.308510150265426386e+00
-1.304280950480870338e+00
-1.300094929727197313e+00
-1.295957938457715120e+00
-1.291861143894078134e+00
-1.287799847323378266e+00
-1.283789696659377810e+00
-1.279872824481325999e+00
-1.276110867780293034e+00
-1.272567549590766234e+00
-1.269288038594331036e+00
-1.266283716040681240e+00
-1.263528682780148182e+00
-1.260969340230569724e+00
-1.258542845432212509e+00
-1.256196546950227866e+00
-1.253900261970371632e+00
-1.251646514620900152e+00
-1.249439172884381888e+00
-1.247275999230682331e+00
-1.245133278620783157e+00
-1.242959775426640601e+00
-1.240683211238586381e+00
-1.238227012081556833e+00
-1.235530600288154535e+00
-1.232564932891201170e+00
-1.229336983664723437e+00
-1.225881558699004836e+00
-1.222244197926665166e+00
-1.218462636087396023e+00
-1.214554780537559830e+00
-1.210518212530272697e+00
-1.206341114883533017e+00
-1.202019485655424269e+00
-1.197572700312347305e+00
-1.193050135244868581e+00
-1.188525407869272632e+00
-1.184080119264319331e+00
-1.179783512576217275e+00
-1.175676239426654668e+00
-1.171764694453205857e+00
-1.168027886778096658e+00
-1.164433504064955605e+00
-1.160955976928857103e+00
-1.157588622221167096e+00
-1.154344635494123139e+00
-1.151246644368975502e+00
-1.148309588614464305e+00
-1.145524674937867138e+00
-1.142851779265014578e+00
-1.140224096880174898e+00
-1.137563609087004934e+00
-1.134801298562862160e+00
-1.131894013347488626e+00
-1.128831314817060116e+00
-1.125629927831883759e+00
-1.122318714515847082e+00
-1.118921078372586919e+00
-1.115442690901287781e+00
-1.111870000592799501e+00
-1.108180192255253660e+00
-1.104358189059450046e+00
-1.100413123358116696e+00
-1.096386817967652583e+00
-1.092350167374892322e+00
-1.088388444958587664e+00
-1.084581275126810906e+00
-1.080985267540716555e+00
-1.077626142315098123e+00
-1.074503085409013847e+00
-1.071602824546918242e+00
-1.068916772550973393e+00
-1.066453344398453185e+00
-1.064239744462643911e+00
-1.062312188271304692e+00
-1.060698662467385089e+00
-1.059401703462125255e+00
-1.058388800939871421e+00
-1.057594876636465120e+00
-1.056936199385138719e+00
-1.056330264003645825e+00
-1.055713665461486706e+00
-1.055050917269734434e+00
-1.054331098758550800e+00
-1.053554471039141793e+00
-1.052715510813939215e+00
-1.051790316932536218e+00
-1.050734394938243055e+00
-1.049492258456218741e+00
-1.048015071288853850e+00
-1.046278942482930630e+00
-1.044296054431057996e+00
-1.042113741415575223e+00
-1.039801684593723241e+00
-1.037432381959806138e+00
-1.035062852053795224e+00
-1.032724911462600703e+00
-1.030427590979713370e+00
-1.028169980544627826e+00
-1.025958277786914952e+00
-1.023819005705352891e+00
-1.021802044275430310e+00
-1.019971567819340175e+00
-1.018388275370375240e+00
-1.017090163410200976e+00
-1.016079850253298611e+00
-1.015323782855350077e+00
-1.014763684091764651e+00
-1.014335464139596299e+00
-1.013987727187794174e+00
-1.012749654381984943e+00
-1.010389509690711618e+00
-1.006939855791589400e+00
-1.002433255362231046e+00
-9.969022710802534215e-01
-9.903794656232681737e-01
-9.828974016688912796e-01
-9.744886418947384943e-01
-9.651857489784207988e-01
-9.550212855975570569e-01
-9.440278144297569174e-01
-9.322378981526370234e-01
-9.196840994438147954e-01
-9.063989809808988829e-01
-8.924151054415097040e-01
-8.777650355032556861e-01
-8.624813338437541388e-01
-8.465965631406228153e-01
-8.301432860714698103e-01
-8.131540653139162078e-01
-7.956614635455693252e-01
-7.776980434440470269e-01
-7.592963676869681766e-01
-7.404889989519387594e-01
-7.213084999165816358e-01
-7.017874332585026798e-01
-6.819583616553207550e-01
-6.618538477846549473e-01
-6.415064543241100203e-01
-6.209487439513103890e-01
-6.002132793438607061e-01
-5.793326231793802794e-01
-5.583393381354880836e-01
-5.372659868897891045e-01
-5.161451321199074238e-01
-4.950093365034478610e-01
-4.738911627180298347e-01
-4.528231734412720977e-01
-4.318379313507801909e-01
-4.109679991241773633e-01
-3.902459394390691561e-01
-3.697043149730744327e-01
-3.493756884038123345e-01
-3.292926224088882359e-01
-3.094876796659252749e-01
-2.899934228525293256e-01
-2.708424146463193072e-01
-2.520672177249133616e-01
-2.337003947659181957e-01
-2.157745084469558927e-01
-1.983221214456332149e-01
-1.813757964395685818e-01
-1.649680961063800799e-01
-1.491315831236745271e-01
-1.338988201690705648e-01
-1.193023699201855303e-01
-1.053747950546274625e-01
-9.214865825001691824e-02
-7.965652218396249151e-02
-6.793094953408160275e-02
-5.700450297799106170e-02
-4.690974519330068371e-02
-3.767923885762891612e-02
-2.934554664858637918e-02
-2.194123124378988265e-02
-1.549885532085465423e-02
-1.005098155739286847e-02
-5.630172631020835539e-03
-2.268991219351479405e-03
-2.775557561562891351e-17
