0.000000000000000000e+00
5.446291182236555513e-03
9.290196780618296263e-03
1.157966803377457991e-02
1.236265618033773744e-02
1.168711245893834169e-02
9.600988108208073982e-03
6.152234366777296383e-03
1.388802473278662316e-03
-4.641356333658879299e-03
-1.189029081540296170e-02
-2.031004973332027272e-02
-2.985268184878402814e-02
-4.047023592315830004e-02
-5.211476071781655922e-02
-6.473830499412557005e-02
-7.829291751345085482e-02
-9.273064703716744905e-02
-1.080035423266377942e-01
-1.240636521432372935e-01
-1.408630252483315803e-01
-1.583537104032851917e-01
-1.764877563694751683e-01
-1.952172119082621615e-01
-2.144941257810230040e-01
-2.342705467491229543e-01
-2.544985235739256058e-01
-2.751301050168092344e-01
-2.961173398391332423e-01
-3.174122768022760721e-01
-3.389669646676015113e-01
-3.607334521964737917e-01
-3.826637881502713001e-01
-4.047100212903530503e-01
-4.268242003780978733e-01
-4.489583741748695012e-01
-4.710645914420316660e-01
-4.930949009409636430e-01
-5.150013514330237241e-01
-5.367359916795908514e-01
-5.582508704420288126e-01
-5.794980364817017282e-01
-6.004295385599878188e-01
-6.209974254382468750e-01
-6.411537458778564513e-01
-6.608505486401811124e-01
-6.800398824865854230e-01
-6.986737961784462714e-01
-7.167043384771247805e-01
-7.340835581439973945e-01
-7.507635039404290112e-01
-7.666962246277846393e-01
-7.818337689674409452e-01
-7.961281857207591628e-01
-8.095315236491149591e-01
-8.219958315138740090e-01
-8.334731580764020986e-01
-8.439155520980735625e-01
-8.532750623402524104e-01
-8.615037375643115336e-01
-8.685536265316180504e-01
-8.743767780035389681e-01
-8.789252407414460677e-01
-8.821510635067060235e-01
-8.840062950606890624e-01
-8.844429841647633017e-01
-8.834131795802976361e-01
-8.808689300686606272e-01
-8.767622843912222796e-01
-8.710452913093493787e-01
-8.636699995844117073e-01
-8.549587610177225017e-01
-8.462463886690385628e-01
-8.374777133188353595e-01
-8.285576021327251128e-01
-8.194053770604712295e-01
-8.100034850903828909e-01
-8.004192389749199554e-01
-7.907900347940984842e-01
-7.812780582995486611e-01
-7.720134548558258425e-01
-7.630497669396634208e-01
-7.543501429688928006e-01
-7.458097109313958084e-01
-7.373042089041146330e-01
-7.287439787688962944e-01
-7.201104007864452816e-01
-7.114595573455424482e-01
-7.028920118166591680e-01
-6.945020485588992987e-01
-6.863284391285680019e-01
-6.783280374231812626e-01
-6.703836838811406684e-01
-6.623433060727564881e-01
-6.540739281440575148e-01
-6.455081114955614208e-01
-6.366637082446932050e-01
-6.276292305465889232e-01
-6.185216895515268654e-01
-6.094352517485865928e-01
-6.004026722799358229e-01
-5.913857424659723083e-01
-5.822984461710893900e-01
-5.730525320598817141e-01
-5.636057102399254504e-01
-5.539916664831306958e-01
-5.443189065911113733e-01
-5.347387032411466956e-01
-5.253954621065304309e-01
-5.163801358685999876e-01
-5.077058700659079493e-01
-4.993154592314660301e-01
-4.911166539060103364e-01
-4.830296620153186060e-01
-4.750262381784529642e-01
-4.671435946781352655e-01
-4.594673067907163455e-01
-4.520907007347230167e-01
-4.450682389508087700e-01
-4.383829375653365279e-01
-4.319418519928025502e-01
-4.256017529125106780e-01
-4.192143702365443980e-01
-4.126724045387302198e-01
-4.059373299652294653e-01
-3.990378629846560443e-01
-3.920404612212627926e-01
-3.850050354820312437e-01
-3.779452091531927960e-01
-3.708103762744620613e-01
-3.634974259247246708e-01
-3.558872621345152143e-01
-3.478906747742026573e-01
-3.394841375864646182e-01
-3.307203532488472986e-01
-3.217090218839564475e-01
-3.125758266218758297e-01
-3.034167121947668466e-01
-2.942663794840990610e-01
-2.850937911462260166e-01
-2.758260128693564295e-01
-2.663897625109725720e-01
-2.567526405567295278e-01
-2.469462686827157138e-01
-2.370613232196360221e-01
-2.272163947247617666e-01
-2.175136803454772172e-01
-2.080000673899541075e-01
-1.986498802087775517e-01
-1.893764461713135783e-01
-1.800675569456589575e-01
-1.706299195270952473e-01
-1.610240936230999675e-01
-1.512756043758018420e-01
-1.414580829667704542e-01
-1.316560992681588271e-01
-1.219238246700389272e-01
-1.122572687491698445e-01
-1.025919493993857345e-01
-9.282701902942037953e-02
-8.286568010451715594e-02
-7.265489405998046268e-02
-6.220776516423655311e-02
-5.159936632416909502e-02
-4.093798796773284732e-02
-3.032407801569267369e-02
-1.981417397156090554e-02
-9.404824337089326067e-03
9.571157674237296261e-04
1.134266194916438465e-02
2.180129487344470429e-02
3.233103748141791245e-02
4.287088471105316573e-02
5.331883774764079043e-02
6.356786747497579493e-02
7.354453380141723340e-02
8.323391702822785509e-02
9.268038700801044250e-02
1.019640349678427732e-01
1.111628585603888497e-01
1.203169457447029467e-01
1.294092845460552144e-01
1.383730650340790069e-01
1.471156829213314532e-01
1.555698683134809079e-01
1.636844552051967827e-01
1.715730968046720040e-01
1.794667081499317640e-01
1.873195705672944245e-01
1.950445344193798003e-01
2.025221523565008397e-01
2.096610988768408679e-01
2.164329145209893390e-01
2.228839725951062001e-01
2.291128539374682194e-01
2.352256210418186555e-01
2.412875574329032269e-01
2.472924704702541554e-01
2.531625738062839859e-01
2.587788410828746333e-01
2.640286131754461807e-01
2.688499952101982005e-01
2.732542038390325945e-01
2.773167051556448826e-01
2.811414711742598604e-01
2.848141443106186332e-01
2.883644439378112434e-01
2.917539128130168802e-01
2.948940164179670864e-01
2.976865222477951822e-01
3.000686283834058665e-01
3.020434755465812859e-01
3.036832253234471035e-01
3.051038011679503281e-01
3.064224766605478933e-01
3.077165890145153182e-01
3.090008003679867166e-01
3.102320332318742047e-01
3.113391694296703260e-01
3.122640478868692893e-01
3.129957426839616308e-01
3.135833994786033641e-01
3.141224468615262388e-01
3.147205554255676496e-01
3.154582807480581508e-01
3.163612809602908138e-01
3.173956441755586000e-01
3.184876660463696330e-01
3.195588865152315106e-01
3.205608836960715524e-01
3.214948563870213549e-01
3.224080351749053497e-01
3.233693002658711291e-01
3.244353928313586932e-01
3.256229396508343310e-01
3.268986079029760350e-01
3.281914790223993683e-01
3.294218839203090776e-01
3.305338134987066967e-01
3.315166917608988739e-01
3.324072610396952010e-01
3.332712625857311983e-01
3.341735044465617421e-01
3.351498767671658441e-01
3.361937696261050323e-01
3.372627415430559106e-01
3.383021632239874843e-01
3.392749814799472241e-01
3.401840514221762812e-01
3.410768285462183469e-01
3.420300754103847707e-01
3.431211426019785682e-01
3.443983754273573505e-01
3.458635910294697302e-01
3.474742590861039648e-01
3.491643387171940449e-01
3.508744986673472122e-01
3.525782905259764455e-01
3.542925872088973360e-01
3.560674966484466686e-01
3.579599747898897233e-01
3.600025617304553061e-01
3.621809167445158573e-01
3.644301419270454812e-01
3.666518515645630916e-01
3.687450334950839737e-01
3.706378039852775141e-01
3.723067367319558008e-01
3.737757316783814066e-01
3.750951065116778782e-01
3.763100031236619736e-01
3.774317318529532006e-01
3.784243707145096280e-01
3.792123883358977099e-01
3.797061239656416287e-01
3.798344240780545666e-01
3.795707782516532514e-01
3.789421166167921684e-01
3.780167804289732980e-01
3.768768794586065396e-01
3.755866243920376601e-01
3.741696418305374694e-01
3.726042440877478934e-01
3.708379458499242443e-01
3.688144910447897495e-01
3.665016481849917018e-01
3.639080695989705405e-01
3.610824343293115857e-01
3.580957010577815458e-01
3.550143144801909401e-01
3.518757080091355349e-01
3.486760889841112876e-01
3.453749744310726233e-01
3.419137830782159604e-01
3.382400797262769543e-01
3.343271433601986975e-01
3.301810565929298447e-01
3.258332321724509151e-01
3.213226101094985299e-01
3.166759452042450240e-01
3.118949617105304384e-01
3.069556962624083729e-01
3.018197494771988065e-01
2.964519514292015545e-01
2.908363812170319807e-01
2.849837843710640861e-01
2.789275743333842206e-01
2.727108322346895042e-01
2.663706663632643967e-01
2.599272295685093881e-01
2.533822839239381897e-01
2.467276210641534961e-01
2.399590009728507223e-01
2.330887159373679907e-01
2.261505430147388307e-01
2.191943896840201078e-01
2.122727399453316899e-01
2.054248719236972942e-01
1.986659771016923981e-01
1.919862296546454572e-01
1.853604425893078667e-01
1.787641700052093607e-01
1.721891111832150323e-01
1.656508106553321591e-01
1.591849137339201026e-01
1.528332373100173835e-01
1.466254731214989837e-01
1.405644484523240201e-01
1.346215735570042704e-01
1.287449129996021679e-01
1.228769987565941635e-01
1.169753100283392883e-01
1.110270861846909402e-01
1.050523967333706343e-01
9.909420175315543367e-02
9.319949411966899078e-02
8.739927673709095568e-02
8.169557477782846133e-02
7.606075038373831532e-02
7.044931918185426412e-02
6.481737216888293351e-02
5.914167603198453027e-02
5.343076073448992103e-02
4.772364598453619072e-02
4.207687476122863590e-02
3.654513746552778136e-02
3.116312707433344098e-02
2.593549169950598934e-02
2.083827834951405486e-02
1.583059888086928504e-02
1.087132616504544493e-02
5.933974449829041917e-03
1.014078568831911983e-03
-3.873249948036490940e-03
-8.703865253412683065e-03
-1.345844373663346132e-02
-1.813395343007496996e-02
-2.274846195856192535e-02
-2.733800904322276210e-02
-3.194749026357437960e-02
-3.661960825971479622e-02
-4.138620011969215695e-02
-4.626473391935015389e-02
-5.126030943238733123e-02
-5.637124123184672486e-02
-6.159517799923589637e-02
-6.693306216537704689e-02
-7.238971101167029909e-02
-7.797159133344264137e-02
-8.368358966365570251e-02
-8.952673478122968875e-02
-9.549795739584783505e-02
-1.015916251927376224e-01
-1.078015217315575341e-01
-1.141217202628674876e-01
-1.205455384751637216e-01
-1.270630311117963984e-01
-1.336585862098085553e-01
-1.403104962535846323e-01
-1.469936394141374558e-01
-1.536849171032498296e-01
-1.603695563188231032e-01
-1.670455811662263090e-01
-1.737241741476052703e-01
-1.804252130852307678e-01
-1.871693472579988027e-01
-1.939696457083350811e-01
-2.008263137869049919e-01
-2.077269257384648793e-01
-2.146524209096744018e-01
-2.215866560531946361e-01
-2.285256486011301713e-01
-2.354825458908474667e-01
-2.424859452542220684e-01
-2.495718422532311742e-01
-2.567721165379558412e-01
-2.641039724874736372e-01
-2.715644744041517122e-01
-2.791323374360651366e-01
-2.867762515678712321e-01
-2.944664105288093414e-01
-3.021846646921719781e-01
-3.099293287999360103e-01
-3.177128946220564853e-01
-3.255537967488427165e-01
-3.334657524587145705e-01
-3.414490856394362117e-01
-3.494875193697121185e-01
-3.575516096305260683e-01
-3.656072820723699768e-01
-3.736259483745507648e-01
-3.815922080222887147e-01
-3.895063122038848746e-01
-3.973808352819911960e-01
-4.052333527193663354e-01
-4.130783891956315568e-01
-4.209219211110477588e-01
-4.287603731277722652e-01
-4.365839943591580674e-01
-4.443826580430494944e-01
-4.521512729817839804e-01
-4.598924259641782863e-01
-4.676153145945013412e-01
-4.753317709280416858e-01
-4.830514132980096575e-01
-4.907781703000438922e-01
-4.985095712701383408e-01
-5.062387518476306747e-01
-5.139578002312042981e-01
-5.216605014233236526e-01
-5.293429744603717069e-01
-5.370018981852355822e-01
-5.446313775647861899e-01
-5.522203231499671627e-01
-5.597520753921827463e-01
-5.672069465262068455e-01
-5.745668737410156712e-01
-5.818201970464910167e-01
-5.889642962140396731e-01
-5.960046430200682810e-01
-6.029504205902990188e-01
-6.098085206096335309e-01
-6.165786635918911740e-01
-6.232521051858144201e-01
-6.298149400079040561e-01
-6.362549810160186281e-01
-6.425694623434610175e-01
-6.487701917862809253e-01
-6.548836131850919173e-01
-6.609452491265144225e-01
-6.669903642508697716e-01
-6.730444078702487731e-01
-6.791170874513453581e-01
-6.852025849713188066e-01
-6.912859656527099439e-01
-6.973532546252527720e-01
-7.034010473861871393e-01
-7.094415828858776640e-01
-7.155009709851321009e-01
-7.216110344029297297e-01
-7.277978800120267211e-01
-7.340717476631315463e-01
-7.404222785583233213e-01
-7.468212459447163276e-01
-7.532318365860500853e-01
-7.596209575909509404e-01
-7.659698350709874815e-01
-7.722788554075168399e-01
-7.785649027639013342e-01
-7.848524246380145231e-01
-7.911619106563940740e-01
-7.975004253254408537e-01
-8.038579388287949712e-01
-8.102108280758989478e-01
-8.165310615457869181e-01
-8.227973921161357840e-01
-8.290041954102315147e-01
-8.351646337494053052e-01
-8.413071179812885436e-01
-8.474666330438594963e-01
-8.536743595036955234e-01
-8.599494662466680150e-01
-8.662958786229847385e-01
-8.727047561586780411e-01
-8.791612167922324694e-01
-8.856523803220600621e-01
-8.921735815380683610e-01
-8.987305985075564330e-01
-9.053374540618547295e-01
-9.120110396425973320e-01
-9.187648340217412501e-01
-9.256040309248023679e-01
-9.325235717184388040e-01
-9.395093318953188222e-01
-9.465415890068146210e-01
-9.535993192615987990e-01
-9.606639422930929317e-01
-9.677216793616328916e-01
-9.747643679244573089e-01
-9.817890656966689056e-01
-9.887969258664561778e-01
-9.957916974562031065e-01
-1.002778008672742249e+00
-1.009759534282712590e+00
-1.016737297509823668e+00
-1.023708608426700195e+00
-1.030667264134558891e+00
-1.037605427866369556e+00
-1.044517026542046478e+00
-1.051401751557818676e+00
-1.058268169593031605e+00
-1.065134404652083644e+00
-1.072025506419694851e+00
-1.078967829259474875e+00
-1.085982057085227215e+00
-1.093077338456756031e+00
-1.100248906681136507e+00
-1.107480450191362875e+00
-1.114750717544173986e+00
-1.122042071819863596e+00
-1.129347712766051171e+00
-1.136674558431553628e+00
-1.144040320970739932e+00
-1.151465579599271427e+00
-1.158963754647773348e+00
-1.166532935168373974e+00
-1.174153004184285809e+00
-1.181789559830841663e+00
-1.189403479174219402e+00
-1.196962668354683901e+00
-1.204451541751463406e+00
-1.211874535175750722e+00
-1.219252225366295628e+00
-1.226611534967073647e+00
-1.233973874176711671e+00
-1.241345920298033700e+00
-1.248716713534193223e+00
-1.256062237254501612e+00
-1.263355652632645709e+00
-1.270579082720913133e+00
-1.277732217725502828e+00
-1.284834289783481465e+00
-1.291918623040736902e+00
-1.299021918983310320e+00
-1.306172491269732117e+00
-1.313382000901727187e+00
-1.320643745530502233e+00
-1.327937871009960746e+00
-1.335241119242009056e+00
-1.342537014416859575e+00
-1.349822388520444338e+00
-1.357107798909042096e+00
-1.364411965672425620e+00
-1.371752776214353764e+00
-1.379138674940807441e+00
-1.386563899885050910e+00
-1.394009280030891862e+00
-1.401447956182249932e+00
-1.408853438066607788e+00
-1.416206651390332638e+00
-1.423499307168336392e+00
-1.430732669152752434e+00
-1.437912793169652925e+00
-1.445044695398149726e+00
-1.452128120456452232e+00
-1.459156609962156681e+00
-1.466119929530437016e+00
-1.473008380298113984e+00
-1.479816785960679448e+00
-1.486546295515509097e+00
-1.493203346739003790e+00
-1.499796579570132016e+00
-1.506333467387968472e+00
-1.512818483599550179e+00
-1.519253737659681747e+00
-1.525641651613862226e+00
-1.531988101415566739e+00
-1.538304099274973913e+00
-1.544604747575191173e+00
-1.550905559678097401e+00
-1.557217665878746882e+00
-1.563544192390743159e+00
-1.569879788223761619e+00
-1.576213951892429632e+00
-1.582537038944980212e+00
-1.588846431901577594e+00
-1.595150017833514511e+00
-1.601465083233946540e+00
-1.607812653102161704e+00
-1.614209366153104064e+00
-1.620660262719898714e+00
-1.627155737983569272e+00
-1.633674345854184473e+00
-1.640190730411503761e+00
-1.646685711447093192e+00
-1.653154466362328767e+00
-1.659609338897864550e+00
-1.666075890532539461e+00
-1.672583560225303412e+00
-1.679154572071567042e+00
-1.685795556521139105e+00
-1.692495344001404334e+00
-1.699229931417435058e+00
-1.705972707495903684e+00
-1.712705862061286943e+00
-1.719428400439709570e+00
-1.726157546351436700e+00
-1.732922983615071688e+00
-1.739756256833393966e+00
-1.746679544701515319e+00
-1.753698176414061116e+00
-1.760799649576720638e+00
-1.767959232775909051e+00
-1.775149619456972250e+00
-1.782350610223919940e+00
-1.789555021130211143e+00
-1.796768759946696825e+00
-1.804005483971902413e+00
-1.811278392318665276e+00
-1.818592643991368440e+00
-1.825941318800984980e+00
-1.833306108259003864e+00
-1.840661862922955416e+00
-1.847982646261044026e+00
-1.855246652194530999e+00
-1.862438252146066731e+00
-1.869547014940063034e+00
-1.876564990156847301e+00
-1.883484176290632695e+00
-1.890295666598603708e+00
-1.896990769434482083e+00
-1.903563116676738165e+00
-1.910010106503831739e+00
-1.916332361198448853e+00
-1.922531066883894413e+00
-1.928604468400933136e+00
-1.934545642411243493e+00
-1.940343419701185290e+00
-1.945986966415264252e+00
-1.951472634301058884e+00
-1.956810173564541566e+00
-1.962025098647136145e+00
-1.967155235170763961e+00
-1.972241863712535848e+00
-1.977318424631544058e+00
-1.982401276182438998e+00
-1.987486673882159494e+00
-1.992555905575018160e+00
-1.997587174464090731e+00
-2.002569757347943735e+00
-2.007514559505017893e+00
-2.012456203954459344e+00
-2.017444988748168466e+00
-2.022531207366977668e+00
-2.027747734407049141e+00
-2.033097894520222493e+00
-2.038553865280293920e+00
-2.044066809100140159e+00
-2.049585173512101566e+00
-2.055074111390373215e+00
-2.060528267742312014e+00
-2.065972657108664290e+00
-2.071451090279444074e+00
-2.077006690148315293e+00
-2.082662360375006294e+00
-2.088409212381111324e+00
-2.094207797141563354e+00
-2.100001784132625282e+00
-2.105738621009227263e+00
-2.111388816729668605e+00
-2.116956042439186003e+00
-2.122474026775852174e+00
-2.127991663396450406e+00
-2.133552566743199819e+00
-2.139177503212549070e+00
-2.144856754207502547e+00
-2.150555170709341990e+00
-2.156227309403380588e+00
-2.161835875379040761e+00
-2.167365493117632713e+00
-2.172826051071842013e+00
-2.178244511628878222e+00
-2.183649100179416713e+00
-2.189053000377744862e+00
-2.194444718732340593e+00
-2.199789173024153666e+00
-2.205038721660534051e+00
-2.210148951164093489e+00
-2.215092035288858785e+00
-2.219861745746230408e+00
-2.224468145522719986e+00
-2.228924823737715499e+00
-2.233235022823298888e+00
-2.237383562516610525e+00
-2.241338796860178117e+00
-2.245064125978291525e+00
-2.248534007471775453e+00
-2.251747079371616334e+00
-2.254730055963762414e+00
-2.257530103526701470e+00
-2.260198669724829745e+00
-2.262773843456657552e+00
-2.265269325562010216e+00
-2.267675411153811105e+00
-2.269972091265837211e+00
-2.272148778699771832e+00
-2.274221783387007534e+00
-2.276241142554563002e+00
-2.278282713112560032e+00
-2.280427810250815313e+00
-2.282738367763584186e+00
-2.285238022054271845e+00
-2.287907468963893631e+00
-2.290696633450963304e+00
-2.293549005456429146e+00
-2.296428038944359429e+00
-2.299334277318941133e+00
-2.302305494048574097e+00
-2.305399229396567051e+00
-2.308664696305948727e+00
-2.312115854597086351e+00
-2.315717348894060557e+00
-2.319389878542756467e+00
-2.323033488633274857e+00
-2.326559635253443226e+00
-2.329918961565583757e+00
-2.333113280755800378e+00
-2.336186735480746623e+00
-2.339199817944736193e+00
-2.342197202950270452e+00
-2.345183027391125830e+00
-2.348114157471176799e+00
-2.350914381295392097e+00
-2.353503557024187565e+00
-2.355829313232822297e+00
-2.357887746455364919e+00
-2.359724214600336101e+00
-2.361413773947914851e+00
-2.363029462156676086e+00
-2.364611779394259372e+00
-2.366152150391355402e+00
-2.367597111099230212e+00
-2.368871055396768455e+00
-2.369907443278115977e+00
-2.370674837729038753e+00
-2.371186525496940867e+00
-2.371489735358713880e+00
-2.371639435930597450e+00
-2.371668460411032520e+00
-2.371567287297021043e+00
-2.371282530633535224e+00
-2.370734944873690520e+00
-2.369849151168731183e+00
-2.368582131940614843e+00
-2.366938085726320029e+00
-2.364963311128819079e+00
-2.362723670519155661e+00
-2.360274927426719405e+00
-2.357639432424090575e+00
-2.354799803519455281e+00
-2.351712627835899294e+00
-2.348336160051923471e+00
-2.344659540152318478e+00
-2.340720117471025041e+00
-2.336600544433149462e+00
-2.332406211507080052e+00
-2.328232419007939757e+00
-2.324135473250629413e+00
-2.320120413205057464e+00
-2.316150878224503273e+00
-2.312176831130271726e+00
-2.308167770716992528e+00
-2.304136343152445754e+00
-2.300141223467382812e+00
-2.296267165662599474e+00
-2.292590352361557393e+00
-2.289143999629719595e+00
-2.285899522596429811e+00
-2.282772155018505167e+00
-2.279649409857384512e+00
-2.276430714943057154e+00
-2.273061397900522529e+00
-2.269546310662585498e+00
-2.265937001983417964e+00
-2.262297823057012103e+00
-2.258665710749515831e+00
-2.255021488281843567e+00
-2.251285838312238052e+00
-2.247342548196589185e+00
-2.243079722900672035e+00
-2.238431577224707425e+00
-2.233402763525614176e+00
-2.228064385496630884e+00
-2.222522893901046181e+00
-2.216874807082313659e+00
-2.211166529432357919e+00
-2.205376534793072274e+00
-2.199427678432416933e+00
-2.193224414814726853e+00
-2.186698816770931586e+00
-2.179845272130085387e+00
-2.172728411229623013e+00
-2.165460268623160545e+00
-2.158156016609706018e+00
-2.150887057876493369e+00
-2.143651681109446816e+00
-2.136376142884838902e+00
-2.128945989314087406e+00
-2.121254491614938509e+00
-2.113247213567333471e+00
-2.104944437068692498e+00
-2.096429253690859529e+00
-2.087813383197403283e+00
-2.079177657169691606e+00
-2.070564338903355228e+00
-2.061740469583956514e+00
-2.052590882587560284e+00
-2.043169307140850322e+00
-2.033550120701117958e+00
-2.023836408133663056e+00
-2.014107764665828082e+00
-2.004395359811774746e+00
-1.994674215941945716e+00
-1.984882433506130139e+00
-1.974957233806742707e+00
-1.964872792115790912e+00
-1.954663284143351554e+00
-1.944420947052888815e+00
-1.934269507200847560e+00
-1.924323846227239176e+00
-1.914652705960610213e+00
-1.905260032754900523e+00
-1.896092702516425366e+00
-1.887071159664911679e+00
-1.878129707503293222e+00
-1.869248989475159828e+00
-1.860466496233421640e+00
-1.851860299179539648e+00
-1.843512683719142453e+00
-1.835469073448045441e+00
-1.827709863635133658e+00
-1.820147521066454832e+00
-1.812650741304745461e+00
-1.805086030139789521e+00
-1.797359642663353796e+00
-1.789442568348947882e+00
-1.781368335786734480e+00
-1.773204868075219265e+00
-1.765012621824769701e+00
-1.756807120238310871e+00
-1.748542214545001805e+00
-1.740121678656317616e+00
-1.731434703711572265e+00
-1.722400602623800570e+00
-1.713003921240185079e+00
-1.703304970535466811e+00
-1.693421040956677670e+00
-1.683485831760108464e+00
-1.673603784746279688e+00
-1.663818170070786806e+00
-1.654105982915814677e+00
-1.644401390817690434e+00
-1.634637383242294018e+00
-1.624787529790642893e+00
-1.614889661611299765e+00
-1.605040921202838256e+00
-1.595365774460094643e+00
-1.585970120905427105e+00
-1.576900680757708173e+00
-1.568126785667830259e+00
-1.559552382760913236e+00
-1.551053381741567261e+00
-1.542524796603146342e+00
-1.533918015085680819e+00
-1.525252723502605656e+00
-1.516598794904177483e+00
-1.508036298247094065e+00
-1.499611134999687456e+00
-1.491305736689359618e+00
-1.483037901398980951e+00
-1.474688871577928939e+00
-1.466149228711429942e+00
-1.457363431683085242e+00
-1.448354196326324672e+00
-1.439216294944039909e+00
-1.430082222435051786e+00
-1.421074080559728836e+00
-1.412261897491377871e+00
-1.403645886198692905e+00
-1.395169952355303167e+00
-1.386760381884014182e+00
-1.378372763184811944e+00
-1.370026518712044838e+00
-1.361811549316332748e+00
-1.353863305063704336e+00
-1.346316128621727781e+00
-1.339254192065202798e+00
-1.332680600870218779e+00
-1.326517753319122361e+00
-1.320638921364340579e+00
-1.314917807854419918e+00
-1.309275166048392780e+00
-1.303702763281576082e+00
-1.298254594437042719e+00
-1.293009250396037313e+00
-1.288019781823473320e+00
-1.283272944758208745e+00
-1.278675940273419576e+00
-1.274077195877248547e+00
-1.269313243155245630e+00
-1.264262489725906047e+00
-1.258883526601603409e+00
-1.253221952286516672e+00
-1.247382903813022859e+00
-1.241480981691670538e+00
-1.235588897416691756e+00
-1.229706755712599131e+00
-1.223765070707599323e+00
-1.217660193557337234e+00
-1.211306887402922028e+00
-1.204685280348709142e+00
-1.197861615598525331e+00
-1.190973243826687566e+00
-1.184183500848053461e+00
-1.177625019398449213e+00
-1.171355104254482749e+00
-1.165341831402364248e+00
-1.159486570245277459e+00
-1.153673159587864872e+00
-1.147822592261565244e+00
-1.141300219113779546e+00
-1.133958428777275484e+00
-1.125820744014913499e+00
-1.116910687589546924e+00
-1.107251782264038420e+00
-1.096867550801241098e+00
-1.085781515964014954e+00
-1.074017200515220205e+00
-1.061598127217709520e+00
-1.048547818834346890e+00
-1.034889798127983429e+00
-1.020647587861480687e+00
-1.005844710797698882e+00
-9.905046896994899042e-01
-9.746510473297180788e-01
-9.583073064512344086e-01
-9.414969898269002213e-01
-9.242436202195767336e-01
-9.065707203921147261e-01
-8.885018131073795233e-01
-8.700604211282210176e-01
-8.512700672175009808e-01
-8.321542741380814068e-01
-8.127365646528119658e-01
-7.930404615245586486e-01
-7.730894875161706814e-01
-7.529071653905105022e-01
-7.325170179104404378e-01
-7.119425678388087153e-01
-6.912073379384831018e-01
-6.703348509723114912e-01
-6.493486297031565435e-01
-6.282721968938809187e-01
-6.071290753073330659e-01
-5.859427877063799750e-01
-5.647368568538702061e-01
-5.435348055126663080e-01
-5.223601564456306079e-01
-5.012364324156121098e-01
-4.801871561854769710e-01
-4.592358505180745287e-01
-4.384060381762671099e-01
-4.177212419229169860e-01
-3.972049845208728835e-01
-3.768807887330017370e-01
-3.567721773221522175e-01
-3.369026730511868184e-01
-3.172957986829675336e-01
-2.979750769803437560e-01
-2.789640307061814761e-01
-2.602861826233305864e-01
-2.419650554946526921e-01
-2.240241720830097871e-01
-2.064870551512516528e-01
-1.893772274622401719e-01
-1.727182117788368942e-01
-1.565335308638922396e-01
-1.408467074802710606e-01
-1.256812643908242488e-01
-1.110607243584132986e-01
-9.700861014589898246e-02
-8.354844451613301082e-02
-7.070375023197889019e-02
-5.849805005628896243e-02
-4.695486675192412501e-02
-3.609772308174412359e-02
-2.595014180860230613e-02
-1.653564569536083995e-02
-7.877757504873433847e-03
-4.163336342344337027e-17
