2.220446049250313081e-16
2.944639396603834607e-03
4.435419163771506246e-03
4.515953989489505591e-03
3.229858561744901411e-03
6.207475685245647176e-04
-3.267764302183691089e-03
-8.392062362394488162e-03
-1.470853192411875933e-02
-2.217355829937215847e-02
-3.074352680016657208e-02
-4.037482273851271397e-02
-5.102383142642802349e-02
-6.264693817592068004e-02
-7.520052829900880642e-02
-8.864098710770323963e-02
-1.029246999140135954e-01
-1.180080520299589680e-01
-1.338474287675463781e-01
-1.503992154387953362e-01
-1.676197973557155829e-01
-1.854655598303162067e-01
-2.038928881746179533e-01
-2.228581677006260531e-01
-2.423177837203613627e-01
-2.622281215458337478e-01
-2.825455664890506036e-01
-3.032265038620345909e-01
-3.242273189767894137e-01
-3.455043971453376495e-01
-3.670141236796873319e-01
-3.887128838918469942e-01
-4.105570630938389920e-01
-4.325030465976668625e-01
-4.545072197153535720e-01
-4.765259677589069320e-01
-4.985156760403352538e-01
-5.204327298716614481e-01
-5.422335145648886634e-01
-5.638744154320396440e-01
-5.853118177851224235e-01
-6.065021069361457018e-01
-6.274016681971316123e-01
-6.479668868800843029e-01
-6.681541482970254631e-01
-6.879198377599639036e-01
-7.072203405809083243e-01
-7.260120420718798595e-01
-7.442513275448843224e-01
-7.618945823119417371e-01
-7.788981916850616916e-01
-7.952185409762528856e-01
-8.108120154975366756e-01
-8.256350005609183196e-01
-8.396438814784181748e-01
-8.527950435620452740e-01
-8.650448721238102046e-01
-8.763497524757315471e-01
-8.866660699298172243e-01
-8.959502097980847068e-01
-9.041585573925450259e-01
-9.112474980252096568e-01
-9.171734170080944049e-01
-9.218926996532101903e-01
-9.253617312725718191e-01
-9.275368971781913219e-01
-9.283745826820815061e-01
-9.278311730962558457e-01
-9.258630537327278143e-01
-9.224266099035092203e-01
-9.174782269206137597e-01
-9.113078940597247879e-01
-9.051282947889354169e-01
-8.989396243137887099e-01
-8.927043898072338779e-01
-8.863832089759562383e-01
-8.799708695362307154e-01
-8.735165414095625858e-01
-8.671189252821176474e-01
-8.608979586021974217e-01
-8.549548300789269195e-01
-8.493371373543793235e-01
-8.440238914060349540e-01
-8.389366557434326799e-01
-8.339720226432733030e-01
-8.290416208401669707e-01
-8.241027766577662117e-01
-8.191671037975134517e-01
-8.142838738716156044e-01
-8.095059019321604321e-01
-8.048532274129533981e-01
-8.002908000190784854e-01
-7.957303144175528198e-01
-7.910559428469142729e-01
-7.861634309791278863e-01
-7.809962547693218848e-01
-7.755637466090761212e-01
-7.699337680153552910e-01
-7.642033122496268982e-01
-7.584597338056778826e-01
-7.527491498796243796e-01
-7.470653165702167975e-01
-7.413633645714483578e-01
-7.355920220111267227e-01
-7.297299675370599870e-01
-7.238101646741251782e-01
-7.179211799058634602e-01
-7.121843552256736931e-01
-7.067160585387379790e-01
-7.015906395280470109e-01
-6.968194589729833632e-01
-6.923544869855251527e-01
-6.881145035019227141e-01
-6.840223743364473030e-01
-6.800372814370255758e-01
-6.761681110370466596e-01
-6.724624414566248154e-01
-6.689761561516189836e-01
-6.657370944601062046e-01
-6.627187611127915989e-01
-6.598358424761193719e-01
-6.569639682793628754e-01
-6.539758040760993429e-01
-6.507785908652924389e-01
-6.473376427660204602e-01
-6.436763166708192596e-01
-6.398529925756608616e-01
-6.359253593969300677e-01
-6.319176195910495286e-01
-6.278048462835033039e-01
-6.235212593647554424e-01
-6.189887897598115307e-01
-6.141535166394431755e-01
-6.090141233685399946e-01
-6.036298701857715221e-01
-5.981042979524349157e-01
-5.925512035472013661e-01
-5.870569446838170835e-01
-5.816546469677070785e-01
-5.763207674009215298e-01
-5.709949233343658559e-01
-5.656140086881582540e-01
-5.601456077803359523e-01
-5.546061385995270099e-01
-5.490558118599486725e-01
-5.435725116534791956e-01
-5.382157996791042676e-01
-5.329965370710531003e-01
-5.278652793704821100e-01
-5.227246462930174031e-01
-5.174606988744034908e-01
-5.119802892567677510e-01
-5.062389015980973683e-01
-5.002476442618675190e-01
-4.940569991493684032e-01
-4.877248408362422349e-01
-4.812828721615035610e-01
-4.747161771763414029e-01
-4.679648609487976341e-01
-4.609472031413150983e-01
-4.535944874705900576e-01
-4.458826341487365230e-01
-4.378470926168182564e-01
-4.295745596831524460e-01
-4.211749137907960239e-01
-4.127451026887914987e-01
-4.043400394715021551e-01
-3.959624606151826431e-01
-3.875755288623023986e-01
-3.791322349519725687e-01
-3.706085115351907544e-01
-3.620254651041682759e-01
-3.534509215461338338e-01
-3.449794362663330949e-01
-3.366991936727734558e-01
-3.286598496168483541e-01
-3.208549753118447034e-01
-3.132265427799230118e-01
-3.056895242458336215e-01
-2.981662097167989689e-01
-2.906157308719992116e-01
-2.830468291298250949e-01
-2.755078547692166313e-01
-2.680623000244610199e-01
-2.607493922509057649e-01
-2.535827514031758767e-01
-2.464707752359185378e-01
-2.392508906350593045e-01
-2.319174473446347085e-01
-2.245054145611653784e-01
-2.170902813668609821e-01
-2.097516398231071832e-01
-2.025439178065319146e-01
-1.954772198351749091e-01
-1.885201050033673831e-01
-1.816214330331059612e-01
-1.747419299200113907e-01
-1.678812869859929446e-01
-1.610887796005802675e-01
-1.544525113748808909e-01
-1.480716962720498575e-01
-1.420237256603688047e-01
-1.363399805923827812e-01
-1.310005188350926997e-01
-1.259495738905292150e-01
-1.211248107260480683e-01
-1.164873908375813755e-01
-1.120396476070700392e-01
-1.078226576798814451e-01
-1.038948170274528737e-01
-1.003008656494444734e-01
-9.704504860805862609e-02
-9.408034651421649797e-02
-9.131875905498819390e-02
-8.865851343444636212e-02
-8.601673949730491431e-02
-8.335378267855139689e-02
-8.067894386531340722e-02
-7.803547293186380296e-02
-7.547162605518020762e-02
-7.301062388087536936e-02
-7.063279797067963106e-02
-6.827790711251137401e-02
-6.586682958642040009e-02
-6.333337720630209666e-02
-6.065249021235653848e-02
-5.785250546680804906e-02
-5.500594695976440685e-02
-5.220247169474007132e-02
-4.951526665543878880e-02
-4.697504629485801247e-02
-4.456258505782043772e-02
-4.222275074261068462e-02
-3.989377824470236727e-02
-3.753897443942666445e-02
-3.516698139970138304e-02
-3.283161482654108065e-02
-3.061105146313673753e-02
-2.857502479134868198e-02
-2.675389517060306616e-02
-2.512274987652906438e-02
-2.360738060777407485e-02
-2.210976244472970600e-02
-2.054243791422676740e-02
-1.885748221180039846e-02
-1.705806656448227362e-02
-1.518804176453825323e-02
-1.330428424076182843e-02
-1.144382706713484299e-02
-9.599968277904019631e-03
-7.717702602621059720e-03
-5.710595801996369222e-03
-3.492101383363770475e-03
-1.008249019531971651e-03
1.741894577065760969e-03
4.706392513642956507e-03
7.800946350471564539e-03
1.094098051689198006e-02
1.407183803044729890e-02
1.718465263855098110e-02
2.031169380795324469e-02
2.350371984747125914e-02
2.679940968083347960e-02
3.020011604364740074e-02
3.366072285628238236e-02
3.710042033673926348e-02
4.042874540528609145e-02
4.357587378767119324e-02
4.651454068562896338e-02
4.926471522518532931e-02
5.187958633778774753e-02
5.441931380900336124e-02
5.692399796410287788e-02
5.939730327424461165e-02
6.180730053016107728e-02
6.410353785888148193e-02
6.624239516502759828e-02
6.820938961518202559e-02
7.002867322418455942e-02
7.175570322133914547e-02
7.345641986508354149e-02
7.518204183020574249e-02
7.695031833283275113e-02
7.874108513390501440e-02
8.050762779415217285e-02
8.219846158191107532e-02
8.377970059615444387e-02
8.524810435574495249e-02
8.662915037854081179e-02
8.796119366520153970e-02
8.927296603261235253e-02
9.056464203583221295e-02
9.180112883445114280e-02
9.292083208525449278e-02
9.385631898317187138e-02
9.455802304265836788e-02
9.501073057337502958e-02
9.523568917998788408e-02
9.527742469448007012e-02
9.518102734361814921e-02
9.496987003184091669e-02
9.463361062585204375e-02
9.413192682045576354e-02
9.341261693360977669e-02
9.243640526027348259e-02
9.119774015090811869e-02
8.973240808112471767e-02
8.810829013990889580e-02
8.640273810613824379e-02
8.467578969070305162e-02
8.295031131253309542e-02
8.120734407455433568e-02
7.939855956809584170e-02
7.747053880975716955e-02
7.539062080218425499e-02
7.316340711623607607e-02
7.083094605163657576e-02
6.845647571986405999e-02
6.609848858478499511e-02
6.378591405068992359e-02
6.150472827843594253e-02
5.920152703425703850e-02
5.680256447516095208e-02
5.424041882178813612e-02
5.147742642375099931e-02
4.851653798167802900e-02
4.539559957754576991e-02
4.216796926870820111e-02
3.887793212490121136e-02
3.554128972785773610e-02
3.213905351796499110e-02
2.862649537310614847e-02
2.495332427856254698e-02
2.108624389833963636e-02
1.702443866852056814e-02
1.280180686724988193e-02
8.475506858239114164e-03
4.106101465126633411e-03
-2.621305291491401535e-04
-4.612608077607618928e-03
-8.955357956401694547e-03
-1.331472048985649775e-02
-1.771189904713092733e-02
-2.215035462010746248e-02
-2.661044937810001440e-02
-3.105540424363083252e-02
-3.544552095753695370e-02
-3.975400768581577315e-02
-4.397720240055708052e-02
-4.813467962236622072e-02
-5.225939429271138359e-02
-5.638254085240537727e-02
-6.052016285885021551e-02
-6.466766059293770075e-02
-6.880465516182583674e-02
-7.290786282328247381e-02
-7.696588883281943461e-02
-8.098886097826220321e-02
-8.500806540308100678e-02
-8.906524461470942400e-02
-9.319597678463720225e-02
-9.741443679198166783e-02
-1.017065067727891958e-01
-1.060347286709013293e-01
-1.103534401056878445e-01
-1.146278508636112553e-01
-1.188488437852213975e-01
-1.230368700802617343e-01
-1.272328546802671267e-01
-1.314796289328409584e-01
-1.358016518549372276e-01
-1.401918007283793899e-01
-1.446112675065204245e-01
-1.490031528098594293e-01
-1.533145343220571055e-01
-1.575180529241251848e-01
-1.616240295064777510e-01
-1.656778772219401064e-01
-1.697435920047185298e-01
-1.738798891853759188e-01
-1.781186791680951231e-01
-1.824547020968746436e-01
-1.868505986552363440e-01
-1.912553428354158425e-01
-1.956284294562464221e-01
-1.999598079320416555e-01
-2.042772920696364347e-01
-2.086383334835205661e-01
-2.131094836105416890e-01
-2.177419175889189762e-01
-2.225529656310027415e-01
-2.275210699318148955e-01
-2.325960127770157759e-01
-2.377199785423146083e-01
-2.428506807318628891e-01
-2.479771231539538712e-01
-2.531217960286559210e-01
-2.583288334916035156e-01
-2.636434622434974950e-01
-2.690915441496118388e-01
-2.746677602514939753e-01
-2.803371817434729962e-01
-2.860492826674571054e-01
-2.917582786645193105e-01
-2.974411853999971989e-01
-3.031061728540079825e-01
-3.087880624716564104e-01
-3.145333032641021154e-01
-3.203811218881186806e-01
-3.263489481584281870e-01
-3.324281401805159741e-01
-3.385914329246833554e-01
-3.448084288874840864e-01
-3.510620558260049706e-01
-3.573586733111329683e-01
-3.637274328440711635e-01
-3.702092732269298692e-01
-3.768404669081293346e-01
-3.836379591840304859e-01
-3.905928795458305514e-01
-3.976749614746480921e-01
-4.048457979200469348e-01
-4.120749887833709546e-01
-4.193519946402928800e-01
-4.266884390937214500e-01
-4.341098487106357373e-01
-4.416405219884698696e-01
-4.492883154050896777e-01
-4.570362559663545543e-01
-4.648449664312993557e-01
-4.726651709313948180e-01
-4.804550889289900262e-01
-4.881952753631785824e-01
-4.958944441539156478e-01
-5.035836285316762639e-01
-5.113010408805696017e-01
-5.190740549833913198e-01
-5.269060770608875455e-01
-5.347740818430201104e-01
-5.426380797615548701e-01
-5.504586523830947709e-01
-5.582151339880314644e-01
-5.659165794190026411e-01
-5.736005757018962647e-01
-5.813200274754412034e-01
-5.891231460715318224e-01
-5.970348343815530257e-01
-6.050472065832385171e-01
-6.131232625238415279e-01
-6.212122837787481533e-01
-6.292706116746569212e-01
-6.372791783755964445e-01
-6.452504502375387974e-01
-6.532218284426154487e-01
-6.612381879911466420e-01
-6.693307705251979600e-01
-6.775012051984617978e-01
-6.857173566899537054e-01
-6.939228498960070546e-01
-7.020565023558167361e-01
-7.100738292196711043e-01
-7.179619502378913332e-01
-7.257419641774094377e-01
-7.334580083706692122e-01
-7.411576500380471222e-01
-7.488717277011882612e-01
-7.566018667219629457e-01
-7.643206297085137768e-01
-7.719840115381506607e-01
-7.795509397812478980e-01
-7.870016711278435828e-01
-7.943475699599770179e-01
-8.016284020210934225e-01
-8.088984468635824765e-01
-8.162072367439328069e-01
-8.235827363291272629e-01
-8.310235464772863789e-01
-8.385028370207628923e-01
-8.459818605123309299e-01
-8.534270935441923278e-01
-8.608238282050789669e-01
-8.681808188270750959e-01
-8.755245271045313249e-01
-8.828858835543145211e-01
-8.902854564984814534e-01
-8.977233084049753842e-01
-9.051775664977027569e-01
-9.126118961795209872e-01
-9.199883309258953812e-01
-9.272798680964541296e-01
-9.344776700036225847e-01
-9.415903176883346770e-01
-9.486361311441801059e-01
-9.556325194013334245e-01
-9.625873698422313662e-01
-9.694962646985714194e-01
-9.763464624907554068e-01
-9.831254307810040061e-01
-9.898296911420499944e-01
-9.964697215376585593e-01
-1.003068617866558876e+00
-1.009655200098822592e+00
-1.016254869779101178e+00
-1.022882570694160886e+00
-1.029541191458943405e+00
-1.036226146397391412e+00
-1.042933886560457157e+00
-1.049670117091325849e+00
-1.056453483926842907e+00
-1.063312494549155884e+00
-1.070276580207049077e+00
-1.077365067886912886e+00
-1.084579077819233461e+00
-1.091900345339861467e+00
-1.099298035018598574e+00
-1.106741048864982035e+00
-1.114210702634633066e+00
-1.121708182597724646e+00
-1.129253208746578974e+00
-1.136874047594048642e+00
-1.144592858315190531e+00
-1.152412628335043987e+00
-1.160311592893310095e+00
-1.168248081743246125e+00
-1.176174367007645660e+00
-1.184054135521956486e+00
-1.191876399849662205e+00
-1.199659858025279524e+00
-1.207445499296908142e+00
-1.215280107366369045e+00
-1.223197210373628607e+00
-1.231203287840372695e+00
-1.239275066856835750e+00
-1.247369250260410123e+00
-1.255440845498861924e+00
-1.263462596374322233e+00
-1.271437399205028518e+00
-1.279398336344010678e+00
-1.287396006042078822e+00
-1.295478093446084999e+00
-1.303669417206235304e+00
-1.311960607083864971e+00
-1.320310111879866799e+00
-1.328658805659266307e+00
-1.336951288648290381e+00
-1.345155215348382782e+00
-1.353270792987577353e+00
-1.361326648371877779e+00
-1.369363885187257823e+00
-1.377415022555818602e+00
-1.385486603577265052e+00
-1.393552718774368149e+00
-1.401562154482143940e+00
-1.409456223967372468e+00
-1.417189927297787921e+00
-1.424747773333519429e+00
-1.432147873921091108e+00
-1.439432831281433067e+00
-1.446651411059427961e+00
-1.453838737905623235e+00
-1.461003223648359661e+00
-1.468125483255934727e+00
-1.475169385643607001e+00
-1.482100295586705307e+00
-1.488902625703508953e+00
-1.495589244705964216e+00
-1.502198851260903023e+00
-1.508782569826409903e+00
-1.515385559432519624e+00
-1.522031437756965921e+00
-1.528715988568324358e+00
-1.535412554840702271e+00
-1.542086492461212321e+00
-1.548712222566785979e+00
-1.555285425896485885e+00
-1.561825170777289218e+00
-1.568365236518072248e+00
-1.574938630563456066e+00
-1.581562237203128829e+00
-1.588228420304702571e+00
-1.594907298512092675e+00
-1.601558689560826920e+00
-1.608148452119213534e+00
-1.614662008279200922e+00
-1.621109066987068248e+00
-1.627517447544309048e+00
-1.633918727702869056e+00
-1.640332099758531559e+00
-1.646753689078576777e+00
-1.653156259566233466e+00
-1.659499682865053893e+00
-1.665747754418422932e+00
-1.671884004692644199e+00
-1.677919395775564038e+00
-1.683888198968432892e+00
-1.689833472804275649e+00
-1.695788180237640663e+00
-1.701760071442700806e+00
-1.707727051692104370e+00
-1.713645383659438082e+00
-1.719467569889359781e+00
-1.725162479866479970e+00
-1.730729103056207085e+00
-1.736197810446891143e+00
-1.741618194418699694e+00
-1.747038262572321088e+00
-1.752483570067979057e+00
-1.757945124759279443e+00
-1.763381410820002548e+00
-1.768734054450435744e+00
-1.773950915873154788e+00
-1.779007156199662099e+00
-1.783915498351593687e+00
-1.788721247382532020e+00
-1.793483931875114790e+00
-1.798253004272248878e+00
-1.803047557924180033e+00
-1.807848428454538858e+00
-1.812605978552903840e+00
-1.817260414828081094e+00
-1.821766326854126872e+00
-1.826111412985074622e+00
-1.830321778934306032e+00
-1.834451746919143034e+00
-1.838562472706390283e+00
-1.842698205299944991e+00
-1.846869880591889057e+00
-1.851052596282491303e+00
-1.855197718774994398e+00
-1.859254357370891730e+00
-1.863191207309298214e+00
-1.867009818788455844e+00
-1.870744106171957633e+00
-1.874446736740939867e+00
-1.878168476328009984e+00
-1.881939292411587861e+00
-1.885758970217717545e+00
-1.889600736126213709e+00
-1.893425779462532876e+00
-1.897202034813893601e+00
-1.900919026724350314e+00
-1.904592576182084329e+00
-1.908257761730639546e+00
-1.911953667723114814e+00
-1.915706898703974925e+00
-1.919521136734061884e+00
-1.923377110901097309e+00
-1.927242582892794154e+00
-1.931087471579017611e+00
-1.934897028150307285e+00
-1.938676994361251626e+00
-1.942448437285167362e+00
-1.946234750522285228e+00
-1.950046971683982999e+00
-1.953874414021000927e+00
-1.957685222744015796e+00
-1.961436934632283746e+00
-1.965092472815073599e+00
-1.968634359366034037e+00
-1.972070518949042395e+00
-1.975428688895416673e+00
-1.978741566636335047e+00
-1.982029136803618918e+00
-1.985286172874765054e+00
-1.988480915507442992e+00
-1.991566164266920902e+00
-1.994498508827143857e+00
-1.997257592330755394e+00
-1.999856892448107715e+00
-2.002340830347288048e+00
-2.004768743314465862e+00
-2.007191974105361432e+00
-2.009633544016333317e+00
-2.012079110696193940e+00
-2.014483361909372938e+00
-2.016789513803564748e+00
-2.018953947417769346e+00
-2.020965629312553968e+00
-2.022851926330179406e+00
-2.024667994063551468e+00
-2.026473800244017909e+00
-2.028308132010345766e+00
-2.030170376744906413e+00
-2.032017795427402351e+00
-2.033779657213603986e+00
-2.035382610539456127e+00
-2.036776962988791073e+00
-2.037953126711637974e+00
-2.038941561576581574e+00
-2.039796424330796221e+00
-2.040569934326003310e+00
-2.041288328985042533e+00
-2.041939559830691753e+00
-2.042477893447533166e+00
-2.042843423733759600e+00
-2.042988211734955595e+00
-2.042898045026918297e+00
-2.042600739448946712e+00
-2.042157657544686256e+00
-2.041642219453201790e+00
-2.041114599905675231e+00
-2.040603255935812044e+00
-2.040100833312734174e+00
-2.039575719987786417e+00
-2.038993768202575829e+00
-2.038340396878385974e+00
-2.037633249794751134e+00
-2.036919808187436676e+00
-2.036260984717540801e+00
-2.035707874970102527e+00
-2.035281834603216655e+00
-2.034966571020774939e+00
-2.034715653936688184e+00
-2.034472079029573610e+00
-2.034191217500305182e+00
-2.033857014846409239e+00
-2.033484326507808415e+00
-2.033106447861156241e+00
-2.032753519063331460e+00
-2.032431630185822513e+00
-2.032112275722850914e+00
-2.031737345847057785e+00
-2.031238004841014799e+00
-2.030559581228083665e+00
-2.029681733707751956e+00
-2.028624975522196561e+00
-2.027440424988436352e+00
-2.026186930746932457e+00
-2.024905335340301704e+00
-2.023601095003847217e+00
-2.022243027042750274e+00
-2.020779029495654466e+00
-2.019162171561949659e+00
-2.017375824129624462e+00
-2.015446595650251638e+00
-2.013438870556917948e+00
-2.011432578826132023e+00
-2.009493118993199712e+00
-2.007645949922778783e+00
-2.005866649906667298e+00
-2.004090865957471657e+00
-2.002240194038574117e+00
-2.000253205645172283e+00
-1.998108514724632245e+00
-1.995830021167892321e+00
-1.993471968636853831e+00
-1.991090067133255648e+00
-1.988710995575012186e+00
-1.986313493979662725e+00
-1.983829512890270763e+00
-1.981165477386289453e+00
-1.978235193100377654e+00
-1.974990899898853680e+00
-1.971439631211015175e+00
-1.967638125284770334e+00
-1.963668561676197521e+00
-1.959605459717798759e+00
-1.955487764638346171e+00
-1.951307899404212565e+00
-1.947022319704718507e+00
-1.942578934869627183e+00
-1.937949544326314832e+00
-1.933153254805278998e+00
-1.928260624037462012e+00
-1.923376421759747323e+00
-1.918607949334626195e+00
-1.914031968971094511e+00
-1.909673866566817146e+00
-1.905507446364342439e+00
-1.901474977227552765e+00
-1.897518538149212564e+00
-1.893608997734207211e+00
-1.889760113756855819e+00
-1.886021740385256606e+00
-1.882455190710538906e+00
-1.879101548073787820e+00
-1.875956754703371976e+00
-1.872964389917578965e+00
-1.870029469309019809e+00
-1.867047604424546536e+00
-1.863937326803863481e+00
-1.860662099232142097e+00
-1.857233042447124838e+00
-1.853691742719895785e+00
-1.850081071085413420e+00
-1.846417049195567373e+00
-1.842674245561863433e+00
-1.838791211068597775e+00
-1.834693668774938891e+00
-1.830325385256557080e+00
-1.825673240034754619e+00
-1.820775457162631117e+00
-1.815709207402034231e+00
-1.810562689337734010e+00
-1.805403503954566169e+00
-1.800256721454297937e+00
-1.795101774353155211e+00
-1.789889115132266006e+00
-1.784568989714300669e+00
-1.779119421886589558e+00
-1.773560871363767166e+00
-1.767950866786696995e+00
-1.762360700435723126e+00
-1.756844185186338780e+00
-1.751412071752801891e+00
-1.746023418893349888e+00
-1.740597963057079589e+00
-1.735044454385052282e+00
-1.729293072586564062e+00
-1.723318047124669850e+00
-1.717141473850899436e+00
-1.710815624118445122e+00
-1.704395546563142183e+00
-1.697904445429901044e+00
-1.691335291372623173e+00
-1.684532631562230209e+00
-1.677418640820017792e+00
-1.670029722138755890e+00
-1.662436172832412851e+00
-1.654738679707782989e+00
-1.647027072956932958e+00
-1.639354238594029844e+00
-1.631724884016834132e+00
-1.624107228978762585e+00
-1.616461307767041555e+00
-1.608771651498011046e+00
-1.601069770055391750e+00
-1.593436226802122491e+00
-1.585980773039829206e+00
-1.578808437054965541e+00
-1.571985565630232839e+00
-1.565519966284242059e+00
-1.559363396763024046e+00
-1.553435187559888853e+00
-1.547656802252020292e+00
-1.541982488871514789e+00
-1.536412918319586929e+00
-1.530986070846901859e+00
-1.525749466350361905e+00
-1.520725943825064874e+00
-1.515888092755750094e+00
-1.511152862167833844e+00
-1.506399326177667586e+00
-1.501502705373792379e+00
-1.496370755784465434e+00
-1.490967550975866418e+00
-1.485314981504748832e+00
-1.479471735092782403e+00
-1.473499077568966253e+00
-1.467428341574401607e+00
-1.461244244277556614e+00
-1.454891312209584120e+00
-1.448300697091015055e+00
-1.441425799366904847e+00
-1.434271189361243648e+00
-1.426902023949267351e+00
-1.419429417967588369e+00
-1.411977438121200246e+00
-1.404645212797887233e+00
-1.397479746051288885e+00
-1.390470477770153312e+00
-1.383567380252583190e+00
-1.376714366031251302e+00
-1.369883284964442893e+00
-1.363093600430262065e+00
-1.356409043208745668e+00
-1.349912495771228294e+00
-1.343669803239896599e+00
-1.337698094079728284e+00
-1.331952413367258004e+00
-1.326336767405926320e+00
-1.320735324975017555e+00
-1.315050945603293053e+00
-1.309235102187159105e+00
-1.303296951517721958e+00
-1.297288228712640157e+00
-1.291271014375858339e+00
-1.285282712784093784e+00
-1.279313718434383462e+00
-1.273307738002024347e+00
-1.267184929376601765e+00
-1.260878117931489406e+00
-1.254366597827277774e+00
-1.247692906618483644e+00
-1.240955113949248734e+00
-1.234277535592501751e+00
-1.227771938949311803e+00
-1.221505324005421222e+00
-1.215487512893310473e+00
-1.209683271112548031e+00
-1.204043147367918287e+00
-1.198539176527391614e+00
-1.193189515450650440e+00
-1.188060865235049279e+00
-1.183247129079835203e+00
-1.178833077640426774e+00
-1.174858394623220503e+00
-1.171297455669224163e+00
-1.168063608411944898e+00
-1.165036362832328587e+00
-1.162100197313348904e+00
-1.159178793042593636e+00
-1.156250537035288684e+00
-1.153339223670424740e+00
-1.150484569377417499e+00
-1.147705856901481525e+00
-1.144975006378843085e+00
-1.142211336474447947e+00
-1.139300944087456635e+00
-1.136132986677794054e+00
-1.132637763986498403e+00
-1.128810571799381268e+00
-1.124711241110467830e+00
-1.120439550228693015e+00
-1.116096912744083181e+00
-1.111750543206798225e+00
-1.107415147412208256e+00
-1.103059553779232038e+00
-1.098634921057724645e+00
-1.094111824380241682e+00
-1.089509645515553293e+00
-1.084904951348213187e+00
-1.080414559019812648e+00
-1.076159888003777931e+00
-1.072227314724961023e+00
-1.068641082815778631e+00
-1.065360073757880999e+00
-1.062299641342403289e+00
-1.059369077941441306e+00
-1.056508668527571970e+00
-1.052873329770996014e+00
-1.048261946722745197e+00
-1.042702928443998145e+00
-1.036224683995928819e+00
-1.028855622439718065e+00
-1.020624152836538512e+00
-1.011558684247569451e+00
-1.001687625733989728e+00
-9.910393863569714190e-01
-9.796423751776972555e-01
-9.675250012573385350e-01
-9.547156736570747704e-01
-9.412428014380859187e-01
-9.271347936615430552e-01
-9.124200593886292454e-01
-8.971270076805153426e-01
-8.812840475983809707e-01
-8.649195882034068639e-01
-8.480620385567633202e-01
-8.307398077196340713e-01
-8.129813047531886383e-01
-7.948149387186076442e-01
-7.762691186770727114e-01
-7.573722536897518065e-01
-7.381527528178309927e-01
-7.186390251224781256e-01
-6.988594796648746055e-01
-6.788425255062022767e-01
-6.586165717076284398e-01
-6.382100273303398241e-01
-6.176513014355036191e-01
-5.969688030843017801e-01
-5.761909413379157074e-01
-5.553461252575130347e-01
-5.344627639042800471e-01
-5.135692663393848223e-01
-4.926940416240083165e-01
-4.718654988193323185e-01
-4.511120469865250726e-01
-4.304620951867718648e-01
-4.099440524812409947e-01
-3.895863279311139737e-01
-3.694173305975723132e-01
-3.494654695417838131e-01
-3.297591538249343701e-01
-3.103267925081923950e-01
-2.911967946527388440e-01
-2.723975693197550618e-01
-2.539575255704096257e-01
-2.359050724658877107e-01
-2.182686190673582827e-01
-2.010765744360021867e-01
-1.843573476330003791e-01
-1.681393477195219921e-01
-1.524509837567479265e-01
-1.373206648058585000e-01
-1.227767999280239830e-01
-1.088477981844277048e-01
-9.556206863624036596e-02
-8.294802034464220097e-02
-7.103406237081276442e-02
-5.984860377592375602e-02
-4.942005362115690914e-02
-3.977682096768454800e-02
-3.094731487668644920e-02
-2.295994440934073788e-02
-1.584311862682113992e-02
-9.625246590307584560e-03
-4.334737360974422193e-03
-5.551115123125782702e-17
