5.551115123125782702e-17
-1.598876941759755138e-04
-1.562569530347655529e-03
-4.170826655045635663e-03
-7.947440214802157024e-03
-1.285519135614782323e-02
-1.885686122561235079e-02
-2.591523096972973145e-02
-3.399308173502774838e-02
-4.305319466804133355e-02
-5.305835091529972208e-02
-6.397133162333164258e-02
-7.575491793867315804e-02
-8.837189100785011742e-02
-1.017850319773992429e-01
-1.159571219938489439e-01
-1.308509422037270609e-01
-1.464292737535711764e-01
-1.626548977899058279e-01
-1.794905954592691533e-01
-1.968991479081887708e-01
-2.148433362831917437e-01
-2.332859417308171535e-01
-2.521897453975883163e-01
-2.715175284300441749e-01
-2.912320719747124587e-01
-3.112961571781190373e-01
-3.316725651868045466e-01
-3.523240771472906374e-01
-3.732134742061180566e-01
-3.943035375098130624e-01
-4.155570482049021908e-01
-4.369367874379260774e-01
-4.584055363554062068e-01
-4.799260761038835477e-01
-5.014611878298841363e-01
-5.229736526799344531e-01
-5.444262518005754670e-01
-5.657817663383284401e-01
-5.870029774397340638e-01
-6.080526662513188185e-01
-6.288936139196091846e-01
-6.494886015911456312e-01
-6.698004104124501978e-01
-6.897918215300627987e-01
-7.094256160905102471e-01
-7.286645752403196896e-01
-7.474714801260301522e-01
-7.658091118941650066e-01
-7.836402516912633898e-01
-8.009276806638523372e-01
-8.176341799584587733e-01
-8.337225307216222792e-01
-8.491555140998661155e-01
-8.638959112397286422e-01
-8.779065032877373387e-01
-8.911500713904205728e-01
-9.035893966943151501e-01
-9.151872603459467737e-01
-9.259064434918519160e-01
-9.357097272785591668e-01
-9.445598928525973381e-01
-9.524197213605019030e-01
-9.592519939488004521e-01
-9.650194917640267933e-01
-9.696849959527109597e-01
-9.732112876613832064e-01
-9.755611480365760091e-01
-9.766973582248199559e-01
-9.765826993726461902e-01
-9.751799526265858553e-01
-9.727462463503192547e-01
-9.703588394579875098e-01
-9.680537518643124173e-01
-9.658572015436039937e-01
-9.637904051916217352e-01
-9.618743955520384636e-01
-9.601322708178533505e-01
-9.585875173526103854e-01
-9.572588663282672883e-01
-9.561537705877861670e-01
-9.552633148251480355e-01
-9.545608835092644906e-01
-9.540054182984621933e-01
-9.535482382316864403e-01
-9.531409689045369227e-01
-9.527417443683751097e-01
-9.523176605780587778e-01
-9.518431178135101645e-01
-9.512954718687054445e-01
-9.506505516843489767e-01
-9.498806023421153544e-01
-9.489560777187647789e-01
-9.478509434264125177e-01
-9.465495209771455087e-01
-9.450521159502143220e-01
-9.433770711106742590e-01
-9.415583026986134030e-01
-9.396391997555877396e-01
-9.376652112761203473e-01
-9.356778943723961239e-01
-9.337124617837261331e-01
-9.317992737057713137e-01
-9.299679596268799475e-01
-9.282516945666445807e-01
-9.266890956427897841e-01
-9.253222717604547842e-01
-9.241912876908175978e-01
-9.233269430877845130e-01
-9.227446022137761883e-01
-9.224414804869028872e-01
-9.223984171933166110e-01
-9.225853519264373137e-01
-9.229682492379120973e-01
-9.235147122733001757e-01
-9.241962095948704770e-01
-9.249864101180738096e-01
-9.258568936191193810e-01
-9.267727080208627566e-01
-9.276903535968289427e-01
-9.285597392862495747e-01
-9.293299233183716090e-01
-9.299567666925616649e-01
-9.304097250501921490e-01
-9.306752792118977435e-01
-9.307558443148299387e-01
-9.306648291995244238e-01
-9.304200581319792551e-01
-9.300383541792303088e-01
-9.295334652321871616e-01
-9.289179581715989453e-01
-9.282078835169738085e-01
-9.274277228393386086e-01
-9.266129322345990627e-01
-9.258083788692502702e-01
-9.250627137876836770e-01
-9.244204801036937091e-01
-9.239147623177006441e-01
-9.235630072030951432e-01
-9.233673585255071092e-01
-9.233189991268286878e-01
-9.234043769830118098e-01
-9.236104981628091570e-01
-9.239269944004702140e-01
-9.243441862131507314e-01
-9.248482074158828059e-01
-9.254156319604197600e-01
-9.260103534838437511e-01
-9.265845723420238489e-01
-9.270840286990704726e-01
-9.274558173528565375e-01
-9.276560081038796035e-01
-9.276543697511852038e-01
-9.274347109229540420e-01
-9.269911891214756006e-01
-9.263226034383558183e-01
-9.254274598906776506e-01
-9.243021505660031778e-01
-9.229431167953370263e-01
-9.213520145136970818e-01
-9.195414734988047734e-01
-9.175386678411404651e-01
-9.153847618575765566e-01
-9.131300044853771780e-01
-9.108260773177032643e-01
-9.085184650205375689e-01
-9.062416014764455019e-01
-9.040183525424170252e-01
-9.018635368138469000e-01
-8.997894644071998682e-01
-8.978106381827051230e-01
-8.959451845476749110e-01
-8.942120925806928966e-01
-8.926252766875322209e-01
-8.911869959426962362e-01
-8.898835915517434580e-01
-8.886856412345447431e-01
-8.875528312293968769e-01
-8.864418783365053400e-01
-8.853145514970592878e-01
-8.841427867210375213e-01
-8.829091847079996169e-01
-8.816029747067923861e-01
-8.802141425267957509e-01
-8.787270697493445581e-01
-8.771220480813498588e-01
-8.753675257875286331e-01
-8.734281699078023653e-01
-8.713014247796637690e-01
-8.690038629873111375e-01
-8.665693007570663964e-01
-8.640392592139283234e-01
-8.614532427477452625e-01
-8.588413370252567791e-01
-8.562223994109660064e-01
-8.536080305849031991e-01
-8.510102960009012785e-01
-8.484494769098038791e-01
-8.459581315107498334e-01
-8.435792883827002431e-01
-8.413590802774295607e-01
-8.393364954106010689e-01
-8.375341869738108791e-01
-8.359539143280658724e-01
-8.345783448908092872e-01
-8.333783953339060080e-01
-8.323230929256439925e-01
-8.313880015442047799e-01
-8.305589611146151352e-01
-8.298299230237095037e-01
-8.291961745092394365e-01
-8.286461891297356441e-01
-8.281558999255232978e-01
-8.276881533342395070e-01
-8.271979246922582796e-01
-8.266414791214438118e-01
-8.259860359367627858e-01
-8.252163021406727639e-01
-8.243355345556018232e-01
-8.233610085817061330e-01
-8.223159805616755413e-01
-8.212215206041028059e-01
-8.200914637697322984e-01
-8.189322724662537745e-01
-8.177474646601456953e-01
-8.165443437432415852e-01
-8.153398567160332622e-01
-8.141628503051009380e-01
-8.130515626132929219e-01
-8.120471876709145498e-01
-8.111859408033001984e-01
-8.104925894024566091e-01
-8.099776955150190805e-01
-8.096392150454805314e-01
-8.094673222870902851e-01
-8.094501280888592998e-01
-8.095778100719975834e-01
-8.098435812861968230e-01
-8.102414436006170062e-01
-8.107621173785509727e-01
-8.113892869278211961e-01
-8.120980671909510118e-01
-8.128565324828536109e-01
-8.136297639309754137e-01
-8.143847969896956807e-01
-8.150945481165497997e-01
-8.157393717162444435e-01
-8.163060476556067702e-01
-8.167851750668650990e-01
-8.171686087886649297e-01
-8.174484253829518154e-01
-8.176180318559640448e-01
-8.176748631207129137e-01
-8.176232218933356943e-01
-8.174756309421017386e-01
-8.172516906359639233e-01
-8.169745831825865334e-01
-8.166665034461115802e-01
-8.163448747786639093e-01
-8.160209305498321575e-01
-8.157012020279520437e-01
-8.153911050827454821e-01
-8.150987799811907353e-01
-8.148371058571342029e-01
-8.146225379159421909e-01
-8.144708241415271610e-01
-8.143911414144919814e-01
-8.143810825938644360e-01
-8.144247912904314379e-01
-8.144953772230100197e-01
-8.145610072305587979e-01
-8.145924844603252835e-01
-8.145694012388591254e-01
-8.144824431729225100e-01
-8.143309553151054647e-01
-8.141168513586526378e-01
-8.138375277372132954e-01
-8.134809493492304311e-01
-8.130252556362616012e-01
-8.124434023470600286e-01
-8.117112491623033055e-01
-8.108159961764980217e-01
-8.097616060708754393e-01
-8.085689627559438097e-01
-8.072705721248700783e-01
-8.059017741865052153e-01
-8.044918248618585510e-01
-8.030582405332933327e-01
-8.016064583914433994e-01
-8.001346954352390739e-01
-7.986417828118428375e-01
-7.971345666043128109e-01
-7.956316894023683917e-01
-7.941620969370859484e-01
-7.927587957754951287e-01
-7.914503216523116613e-01
-7.902532781216751179e-01
-7.891688182273215446e-01
-7.881843032286378614e-01
-7.872792821248779660e-01
-7.864332632849680982e-01
-7.856321682676776774e-01
-7.848710719886303755e-01
-7.841524996460230712e-01
-7.834814386980191170e-01
-7.828595343349238345e-01
-7.822811404191222229e-01
-7.817329531749274141e-01
-7.811973070137039343e-01
-7.806576060180154819e-01
-7.801034964611650580e-01
-7.795336032220303579e-01
-7.789548317572354552e-01
-7.783788117379648597e-01
-7.778173064566761274e-01
-7.772787803979972487e-01
-7.767676573854405131e-01
-7.762864388726765652e-01
-7.758394279043596686e-01
-7.754359832535733243e-01
-7.750914028931159550e-01
-7.748246387776200894e-01
-7.746535783800637676e-01
-7.745898817817373772e-01
-7.746357364899852938e-01
-7.747841701192469399e-01
-7.750230236813488993e-01
-7.753410015370184594e-01
-7.757331477078840409e-01
-7.762031759968718303e-01
-7.767613324637403505e-01
-7.774184038372052852e-01
-7.781782807347166209e-01
-7.790323263862306558e-01
-7.799582653559141709e-01
-7.809245539124536339e-01
-7.818989169377824622e-01
-7.828578861465853578e-01
-7.837935599430355671e-01
-7.847147431215759639e-01
-7.856417926988001899e-01
-7.865970361109798636e-01
-7.875945014204082106e-01
-7.886331037377537490e-01
-7.896961544217722118e-01
-7.907575727095720319e-01
-7.917924632778200467e-01
-7.927878900130063133e-01
-7.937494874310636606e-01
-7.947011185089074559e-01
-7.956775039410424188e-01
-7.967125346290049315e-01
-7.978277245595449818e-01
-7.990252317261212767e-01
-8.002880916857670890e-01
-8.015874856261903103e-01
-8.028941288307703816e-01
-8.041893001355926440e-01
-8.054712459361500487e-01
-8.067545812583533094e-01
-8.080631008676112392e-01
-8.094189861698812827e-01
-8.108327353223550027e-01
-8.122977502685901907e-01
-8.137915856832576011e-01
-8.152832021055982370e-01
-8.167432501527863709e-01
-8.181533500912255841e-01
-8.195109009949927970e-01
-8.208278563171681474e-01
-8.221243285189161476e-01
-8.234198428126779934e-01
-8.247257948414499218e-01
-8.260419365184513696e-01
-8.273579037858694862e-01
-8.286587167100168960e-01
-8.299316768681528345e-01
-8.311717334057839857e-01
-8.323832575976637393e-01
-8.335778114193193034e-01
-8.347691795326404041e-01
-8.359679524916366899e-01
-8.371779188727974663e-01
-8.383955374588279996e-01
-8.396123117315011930e-01
-8.408186411336477928e-01
-8.420072201316309846e-01
-8.431744689882538779e-01
-8.443195636455008701e-01
-8.454418489032270445e-01
-8.465381894128134466e-01
-8.476017926582453121e-01
-8.486232526975739932e-01
-8.495934037773639202e-01
-8.505066167476020844e-01
-8.513628760671045903e-01
-8.521674972484479804e-01
-8.529284541917349083e-01
-8.536524640644336248e-01
-8.543416676797469522e-01
-8.549925914043959851e-01
-8.555981131869816458e-01
-8.561517875954149925e-01
-8.566527222416115972e-01
-8.571087867813658168e-01
-8.575365045602436620e-01
-8.579573241673099648e-01
-8.583915331895087819e-01
-8.588521797904160593e-01
-8.593415047158514675e-01
-8.598514550316489480e-01
-8.603682065486600861e-01
-8.608789423446782108e-01
-8.613781380698497525e-01
-8.618707395830589313e-01
-8.623708497765947278e-01
-8.628963767404950191e-01
-8.634617841195145749e-01
-8.640719162397709763e-01
-8.647194862250042746e-01
-8.653873591766358953e-01
-8.660548259795131099e-01
-8.667054376959780759e-01
-8.673333309487771814e-01
-8.679455870421916019e-01
-8.685597754995231234e-01
-8.691977692596410954e-01
-8.698783903725468836e-01
-8.706118543418572830e-01
-8.713981735344354940e-01
-8.722300098271187352e-01
-8.730986378036015294e-01
-8.740004446410423178e-01
-8.749412467331433296e-01
-8.759366801009318415e-01
-8.770085755275606187e-01
-8.781788610844261100e-01
-8.794634699273822243e-01
-8.808686123383528965e-01
-8.823906874657435617e-01
-8.840195564512700610e-01
-8.857435448391624000e-01
-8.875539465806834283e-01
-8.894471858464427783e-01
-8.914239394444533060e-01
-8.934858978120778783e-01
-8.956318386950676835e-01
-8.978548868562186147e-01
-9.001421861825753545e-01
-9.024770486282149839e-01
-9.048425126182799705e-01
-9.072246628233588961e-01
-9.096142720668158876e-01
-9.120062059042599589e-01
-9.143971468109153289e-01
-9.167830055811492240e-01
-9.191575125636026744e-01
-9.215128581223821502e-01
-9.238421779697658653e-01
-9.261426732883499824e-01
-9.284177132803794752e-01
-9.306766301824999088e-01
-9.329319530300574925e-01
-9.351950680781164760e-01
-9.374721561540381165e-01
-9.397623003041266632e-01
-9.420587999828353709e-01
-9.443533102772579957e-01
-9.466410630828465678e-01
-9.489247596938585882e-01
-9.512151125761812986e-01
-9.535273567358153457e-01
-9.558748171020274853e-01
-9.582620517732716170e-01
-9.606805152223614197e-01
-9.631088564483851755e-01
-9.655181580868092972e-01
-9.678803540254212745e-01
-9.701766086355483321e-01
-9.724022588167928749e-01
-9.745661638240439295e-01
-9.766845273122339854e-01
-9.787715632702014279e-01
-9.808308065199067283e-01
-9.828507816410048115e-01
-9.848071099565088860e-01
-9.866705660681747148e-01
-9.884181193455378045e-01
-9.900426387973113584e-01
-9.915573034456861556e-01
-9.929927420754459666e-01
-9.943877721579281737e-01
-9.957771820430629806e-01
-9.971812583962798016e-01
-9.986011386387658728e-01
-1.000021804493118394e+00
-1.001421510735617471e+00
-1.002783862081383148e+00
-1.004107658377210610e+00
-1.005410475615010846e+00
-1.006724421473345288e+00
-1.008085613902549582e+00
-1.009521438441383090e+00
-1.011040544200086488e+00
-1.012629473148885406e+00
-1.014257215929381895e+00
-1.015885888453927688e+00
-1.017483361312591317e+00
-1.019032984354718341e+00
-1.020536778673857059e+00
-1.022011105457505842e+00
-1.023476793948644659e+00
-1.024947841139948856e+00
-1.026423258866246746e+00
-1.027885271979491311e+00
-1.029304477569187526e+00
-1.030649814270793607e+00
-1.031899362898758277e+00
-1.033047794778160444e+00
-1.034107737984771180e+00
-1.035104804454558547e+00
-1.036068489891886379e+00
-1.037022644603654342e+00
-1.037979168737923397e+00
-1.038937100494409682e+00
-1.039887002548352646e+00
-1.040818456601994679e+00
-1.041727382473165653e+00
-1.042620189823473043e+00
-1.043513246218856327e+00
-1.044428137343103025e+00
-1.045384862008763793e+00
-1.046395787725273641e+00
-1.047462678695604943e+00
-1.048577678317975659e+00
-1.049727454694759476e+00
-1.050898510780936101e+00
-1.052081389414365020e+00
-1.053272216259421912e+00
-1.054471337745631399e+00
-1.055680109881220297e+00
-1.056897613382796974e+00
-1.058118931500387605e+00
-1.059335753651421852e+00
-1.060538905012750277e+00
-1.061721499629102450e+00
-1.062881182752229536e+00
-1.064020441765171077e+00
-1.065144952999543815e+00
-1.066260909824242820e+00
-1.067372772080254162e+00
-1.068482651161377639e+00
-1.069591708416473663e+00
-1.070702891319820438e+00
-1.071823578229597507e+00
-1.072966625785833017e+00
-1.074148973713542121e+00
-1.075388085015552164e+00
-1.076697566916756665e+00
-1.078083825774897031e+00
-1.079545287563214329e+00
-1.081074667305912618e+00
-1.082663436430715054e+00
-1.084306605420807479e+00
-1.086005690709429761e+00
-1.087768424124894162e+00
-1.089605123582249258e+00
-1.091523109985476303e+00
-1.093521493423838198e+00
-1.095588629304869777e+00
-1.097703535593740343e+00
-1.099840956724011720e+00
-1.101978223416084424e+00
-1.104101239130825585e+00
-1.106207201331666390e+00
-1.108302945441922427e+00
-1.110399566852246833e+00
-1.112505505719300070e+00
-1.114620929261196824e+00
-1.116735734216451004e+00
-1.118832020004037808e+00
-1.120890053528783126e+00
-1.122895309406251263e+00
-1.124843719450558943e+00
-1.126742988871030082e+00
-1.128609430717135043e+00
-1.130461571555482658e+00
-1.132313055866489115e+00
-1.134167610928064285e+00
-1.136017949083512502e+00
-1.137848862214238421e+00
-1.139643086300989205e+00
-1.141387463508077404e+00
-1.143076918213255189e+00
-1.144714769304060242e+00
-1.146309468933168318e+00
-1.147869314812631103e+00
-1.149397431662604552e+00
-1.150889078623267059e+00
-1.152332260294556709e+00
-1.153711192939316232e+00
-1.155011025651525580e+00
-1.156221814045514718e+00
-1.157340221983262030e+00
-1.158368528235547590e+00
-1.159311720315442829e+00
-1.160174228735129764e+00
-1.160957869726101599e+00
-1.161661853444744263e+00
-1.162284643047083010e+00
-1.162826530178738160e+00
-1.163291462521302222e+00
-1.163687066407674831e+00
-1.164022748342422142e+00
-1.164306781525781487e+00
-1.164543869770426898e+00
-1.164734529116564499e+00
-1.164876784959846256e+00
-1.164969525232109060e+00
-1.165015930314670767e+00
-1.165025183299436939e+00
-1.165011307502719529e+00
-1.164989246732434980e+00
-1.164969643820004785e+00
-1.164954565297535494e+00
-1.164936255208280258e+00
-1.164899871201904746e+00
-1.164829491989270105e+00
-1.164715183464293258e+00
-1.164558247561827686e+00
-1.164372307537678175e+00
-1.164179458984064608e+00
-1.164002731823532422e+00
-1.163857742878394941e+00
-1.163746941780205768e+00
-1.163658974106290378e+00
-1.163573712211939171e+00
-1.163471202303108853e+00
-1.163341084852118623e+00
-1.163188685900492292e+00
-1.163035156334289777e+00
-1.162911324327289719e+00
-1.162847427962107938e+00
-1.162862597408186982e+00
-1.162958156647921681e+00
-1.163117396968495365e+00
-1.163311976997417840e+00
-1.163512508721638028e+00
-1.163699230238269156e+00
-1.163868616961855285e+00
-1.164033371619235258e+00
-1.164215838121763547e+00
-1.164437472872821955e+00
-1.164708551755404997e+00
-1.165022178766163430e+00
-1.165354934902088857e+00
-1.165673888297939831e+00
-1.165947218433980526e+00
-1.166154360849854577e+00
-1.166291866761979490e+00
-1.166372939619909621e+00
-1.166421124312756685e+00
-1.166460861480717925e+00
-1.166508706685416064e+00
-1.166568564347410852e+00
-1.166632534665557497e+00
-1.166686671544227227e+00
-1.166719038962927835e+00
-1.166726683003316278e+00
-1.166718758088015395e+00
-1.166714741151482659e+00
-1.166738694975351098e+00
-1.166812058445896749e+00
-1.166947856885883983e+00
-1.167148429433096046e+00
-1.167407166117606643e+00
-1.167713063669195250e+00
-1.168055857630202476e+00
-1.168429471653493756e+00
-1.168832483866163452e+00
-1.169265766324571798e+00
-1.169728734999881725e+00
-1.170216196687815735e+00
-1.170717387862973746e+00
-1.171217688863121831e+00
-1.171702200726219889e+00
-1.172159496956715952e+00
-1.172583804909745897e+00
-1.172974648711235357e+00
-1.173334224380915281e+00
-1.173663897762932562e+00
-1.173961684082521995e+00
-1.174222147326322796e+00
-1.174439023196991005e+00
-1.174609528166044470e+00
-1.174738393664420677e+00
-1.174839609679516172e+00
-1.174934734799438774e+00
-1.175048080850633170e+00
-1.175200483971274412e+00
-1.175404095546701777e+00
-1.175660321532011388e+00
-1.175961796385308622e+00
-1.176297599839439378e+00
-1.176659517676583500e+00
-1.177046626996028245e+00
-1.177466105244697969e+00
-1.177929693754282692e+00
-1.178447072654244643e+00
-1.179018765230082977e+00
-1.179631504220570948e+00
-1.180258099972104180e+00
-1.180862100199217668e+00
-1.181405627765034660e+00
-1.181857503673118925e+00
-1.182198646882865134e+00
-1.182422842109080774e+00
-1.182532824971389118e+00
-1.182533499680142430e+00
-1.182425216346463470e+00
-1.182199950078195005e+00
-1.181841990508943230e+00
-1.181332887716031843e+00
-1.180658668516574750e+00
-1.179816432941237059e+00
-1.178817715940067901e+00
-1.177687312880536519e+00
-1.176458061018418544e+00
-1.175163609596220793e+00
-1.173831886296204940e+00
-1.172481535528379970e+00
-1.171122286642438004e+00
-1.169758583585181144e+00
-1.168394550906762586e+00
-1.167037972167333626e+00
-1.165701543175064581e+00
-1.164400932672441602e+00
-1.163150564647407403e+00
-1.161958948156565086e+00
-1.160825471996461244e+00
-1.159739867685716908e+00
-1.158684380991822360e+00
-1.157637602207676197e+00
-1.156578354728044600e+00
-1.155488226234521854e+00
-1.154352109774904545e+00
-1.153157113473645801e+00
-1.151890930892081055e+00
-1.150540916395260238e+00
-1.149094643540123917e+00
-1.147541888313414749e+00
-1.145877195682163174e+00
-1.144101837901107421e+00
-1.142224224951743583e+00
-1.140258555629544146e+00
-1.138222349578774883e+00
-1.136134045244758140e+00
-1.134011809515065972e+00
-1.131874083574655243e+00
-1.129741468602952992e+00
-1.127638771995522982e+00
-1.125595784699771507e+00
-1.123645802471898936e+00
-1.121821876456380318e+00
-1.120151860816472889e+00
-1.118654017708784254e+00
-1.117334890603423503e+00
-1.116190336427314245e+00
-1.115209327831304664e+00
-1.114378946696186867e+00
-1.113688425810787752e+00
-1.113130445683572001e+00
-1.112699055584422059e+00
-1.112385093128730462e+00
-1.112171185915360017e+00
-1.112028781732938176e+00
-1.111918959196311008e+00
-1.111797281320883624e+00
-1.111621270978189191e+00
-1.111357916976658755e+00
-1.110988482831432034e+00
-1.110508883794620205e+00
-1.109925641111823458e+00
-1.109249205075427458e+00
-1.108487514504297833e+00
-1.107642557373258230e+00
-1.106711432991315691e+00
-1.105691489870197497e+00
-1.104587323194448301e+00
-1.103416518601592955e+00
-1.102211421285287152e+00
-1.101015755628063086e+00
-1.099876994001912855e+00
-1.098837123142351269e+00
-1.097925149880286444e+00
-1.097154013947901463e+00
-1.096522799225033484e+00
-1.096023000912477618e+00
-1.095645991011715559e+00
-1.095388396340309489e+00
-1.095253046499265359e+00
-1.095245072123779417e+00
-1.095364835395366221e+00
-1.095600780694903298e+00
-1.095925412449623160e+00
-1.096296386177415982e+00
-1.096662641469323018e+00
-1.096973461592847476e+00
-1.097187181752834029e+00
-1.097276414280158319e+00
-1.097228210473665033e+00
-1.097039395679116902e+00
-1.096710021427266923e+00
-1.096236593855268948e+00
-1.095612270579734426e+00
-1.094810935476469682e+00
-1.093821034973855522e+00
-1.092655039643162906e+00
-1.091340047359745213e+00
-1.089916476377450927e+00
-1.088429546401606052e+00
-1.086921654085750477e+00
-1.085426914316333757e+00
-1.083970103085114767e+00
-1.082569682904526154e+00
-1.081243013962157162e+00
-1.080010917188068964e+00
-1.078899131415064216e+00
-1.077935636420462640e+00
-1.077144685449236583e+00
-1.076539887625672653e+00
-1.076119161128235024e+00
-1.075863644958636733e+00
-1.075741034530985685e+00
-1.075712000976098315e+00
-1.075737139223761130e+00
-1.075781790720686137e+00
-1.075817125353883519e+00
-1.075817573153055484e+00
-1.075756327041643701e+00
-1.075601486749329538e+00
-1.075315120028870197e+00
-1.074856214724122738e+00
-1.074186756695699074e+00
-1.073278749278195665e+00
-1.072119505765902314e+00
-1.070713203038454298e+00
-1.069078197488033233e+00
-1.067241318995450383e+00
-1.065231539145192086e+00
-1.063075552677321456e+00
-1.060796864092832248e+00
-1.058418351078163733e+00
-1.055966688500759254e+00
-1.053476153824592698e+00
-1.050989566449084922e+00
-1.048555346919686659e+00
-1.046221368508167604e+00
-1.044027686587328141e+00
-1.042000763146136988e+00
-1.040151227039628479e+00
-1.038475776197242961e+00
-1.036962152011967842e+00
-1.035594919326474406e+00
-1.034359576885189425e+00
-1.033243380208716644e+00
-1.032232803604474558e+00
-1.031309126762596895e+00
-1.030444527110350172e+00
-1.029600904457950605e+00
-1.028732528627406939e+00
-1.027791974015003440e+00
-1.026737390219495616e+00
-1.025538567773774945e+00
-1.024179743119472352e+00
-1.022658433481803408e+00
-1.020981227046122708e+00
-1.019158653119178304e+00
-1.017201521668267050e+00
-1.015120342940059039e+00
-1.012927963911740115e+00
-1.010644034632102617e+00
-1.008299008041430911e+00
-1.005935479335128724e+00
-1.003605742239021437e+00
-1.001366016479201537e+00
-9.992692010754875565e-01
-9.973586291168061724e-01
-9.956648742614971903e-01
-9.942063702464312147e-01
-9.929930120145918915e-01
-9.920306983198167172e-01
-9.913244725068468544e-01
-9.908786483828434521e-01
-9.906937481718569583e-01
-9.907616046164270385e-01
-9.910609172062084804e-01
-9.915554880295909257e-01
-9.921963242476498079e-01
-9.929272242118710734e-01
-9.936920378865352621e-01
-9.944411222715054954e-01
-9.951348886552344730e-01
-9.957435968822470063e-01
-9.962441493538777282e-01
-9.966158839503657108e-01
-9.968377259259355583e-01
-9.968883791406772943e-01
-9.967498114653006169e-01
-9.964127383407328509e-01
-9.958818041050240266e-01
-9.951781473846228465e-01
-9.943380238803289917e-01
-9.934077289178477876e-01
-9.924365414237952265e-01
-9.914701717178341367e-01
-9.905469064691467818e-01
-9.896974315355133722e-01
-9.889477104109589689e-01
-9.883229903649660697e-01
-9.878505622558582111e-01
-9.875595012975482145e-01
-9.874770063966245015e-01
-9.876225288975603034e-01
-9.880019556279493465e-01
-9.886042217019556100e-01
-9.894018203966199465e-01
-9.903551375496485454e-01
-9.914190250596003340e-01
-9.925491856811096136e-01
-9.927158651861601735e-01
-9.916732330980799759e-01
-9.894562961897300779e-01
-9.861000612339693161e-01
-9.816395350036604128e-01
-9.761097242716607614e-01
-9.695456358108325290e-01
-9.619822763940372168e-01
-9.534546527941317740e-01
-9.439977717839810323e-01
-9.336466401364406087e-01
-9.224362646243728925e-01
-9.104016520206411611e-01
-8.975778090981001434e-01
-8.839997426296163363e-01
-8.697024593880436916e-01
-8.547209661462457087e-01
-8.390902696770859981e-01
-8.228453767534184005e-01
-8.060212941481101900e-01
-7.886530286340144302e-01
-7.707755869839948426e-01
-7.524239759709162589e-01
-7.336332023676307434e-01
-7.144382729470070137e-01
-6.948741944818966898e-01
-6.749759737451647146e-01
-6.547786175096759198e-01
-6.343171325482811485e-01
-6.136265256338508944e-01
-5.927418035392351126e-01
-5.716979730372996338e-01
-5.505300409009090679e-01
-5.292730139029144798e-01
-5.079618988161856974e-01
-4.866317024135738412e-01
-4.653174314679435208e-01
-4.440540927521600123e-01
-4.228766930390745471e-01
-4.018202391015562869e-01
-3.809197377124566852e-01
-3.602101956446405739e-01
-3.397266196709730623e-01
-3.195040165643053265e-01
-2.995773930975065280e-01
-2.799817560434283426e-01
-2.607521121749355464e-01
-2.419234682648924994e-01
-2.235308310861513492e-01
-2.056092074115806190e-01
-1.881936040140327338e-01
-1.713190276663718870e-01
-1.550204851414622997e-01
-1.393329832121568135e-01
-1.242915286513194828e-01
-1.099311282318139876e-01
-9.628678872649432119e-02
-8.339351690822671692e-02
-7.128631954986580643e-02
-6.000020342427486719e-02
-4.957017530431662156e-02
-4.003124196284690850e-02
-3.141841017272994918e-02
-2.376668670682249851e-02
-1.711107833798700129e-02
-1.148659183908473658e-02
-6.928233982973819316e-03
-3.471011542516277970e-03
-1.149931290571365450e-03
-2.775557561562891351e-17
