0.000000000000000000e+00
4.405350655537495531e-03
7.268240653600711344e-03
8.634887429720825708e-03
8.551508419430984068e-03
7.064321058263354353e-03
4.219542781751102825e-03
6.339102542535213474e-05
-5.357916775179535039e-03
-1.199816318453363236e-02
-1.981113076710308563e-02
-2.875060208735336770e-02
-3.877035970975623025e-02
-4.982418619877462818e-02
-6.186586411888073123e-02
-7.484917603454015189e-02
-8.872790451021692060e-02
-1.034558321103845879e-01
-1.189867413995047835e-01
-1.352744149420514186e-01
-1.522726353024885237e-01
-1.699351850452798796e-01
-1.882158467349010211e-01
-2.070684029358111078e-01
-2.264466362124858412e-01
-2.463043291293892378e-01
-2.665952642509835657e-01
-2.872732241417457200e-01
-3.082919913661338884e-01
-3.296053484886253826e-01
-3.511670780736825259e-01
-3.729309626857681970e-01
-3.948507848893595407e-01
-4.168803272489144951e-01
-4.389733723289102052e-01
-4.610837026938096050e-01
-4.831651009080746295e-01
-5.051713495361835893e-01
-5.270562311425933677e-01
-5.487735282917816093e-01
-5.702770235482109706e-01
-5.915204994763439972e-01
-6.124577386406580004e-01
-6.330425236056111959e-01
-6.532286369356797850e-01
-6.729698611953272014e-01
-6.922199789490167676e-01
-7.109327727612240189e-01
-7.290620251964086140e-01
-7.465615188190461993e-01
-7.633850361935997642e-01
-7.794863598845334085e-01
-7.948192724563224454e-01
-8.093375564734267558e-01
-8.229949945003207645e-01
-8.357453691014687935e-01
-8.475424628413354977e-01
-8.583400582843937476e-01
-8.680919379951061998e-01
-8.767518845379449477e-01
-8.842736804773749792e-01
-8.906111083778629478e-01
-8.957179508038785043e-01
-8.995479903198877469e-01
-9.020550094903589944e-01
-9.031927908797595661e-01
-9.029151170525567816e-01
-9.011757705732179602e-01
-8.979285340062118648e-01
-8.931271899160040384e-01
-8.867255208670630218e-01
-8.790309628467419811e-01
-8.713237377180653720e-01
-8.635774417854948926e-01
-8.557218710508434079e-01
-8.476906804326282963e-01
-8.394674970422841831e-01
-8.311101894399323120e-01
-8.227424292002283313e-01
-8.145157298537559765e-01
-8.065577943006870809e-01
-7.989288571480928081e-01
-7.916043019593426155e-01
-7.844906557183540796e-01
-7.774679109571916991e-01
-7.704400403131995700e-01
-7.633722675406656721e-01
-7.562995065629289915e-01
-7.493028309479990989e-01
-7.424645550772537295e-01
-7.358216731915649955e-01
-7.293380530531736738e-01
-7.229076924306467866e-01
-7.163880646511097128e-01
-7.096497599381169641e-01
-7.026217254001521084e-01
-6.953133326234859357e-01
-6.878044066409964019e-01
-6.802079480175052817e-01
-6.726217634677359447e-01
-6.650897248888486546e-01
-6.575890307302462157e-01
-6.500485537324387497e-01
-6.423899799401702193e-01
-6.345736839319850997e-01
-6.266292926063899982e-01
-6.186574716811501506e-01
-6.108017689652587290e-01
-6.032021001876626265e-01
-5.959492333442638623e-01
-5.890591514927889794e-01
-5.824776075642714712e-01
-5.761122989897365931e-01
-5.698784101516199962e-01
-5.637377365478720703e-01
-5.577145490908882453e-01
-5.518814950930925889e-01
-5.463217768175228084e-01
-5.410840610495040170e-01
-5.361497169314515254e-01
-5.314267390699060067e-01
-5.267733530680901444e-01
-5.220416830853397139e-01
-5.171233611284387077e-01
-5.119781874536201149e-01
-5.066342161409933542e-01
-5.011598147729090513e-01
-4.956201394213849420e-01
-4.900370180452230939e-01
-4.843696762515938836e-01
-4.785247580108509813e-01
-4.723914669591356419e-01
-4.658868687533217479e-01
-4.589920009140980306e-01
-4.517632703813195816e-01
-4.443140569881041113e-01
-4.367740160832679353e-01
-4.292429444732798194e-01
-4.217582912357000779e-01
-4.142895466311103947e-01
-4.067613316507943666e-01
-3.990948880103042939e-01
-3.912499605634712774e-01
-3.832490149929677070e-01
-3.751733328141538260e-01
-3.671325176075642682e-01
-3.592202440576922617e-01
-3.514749143066230874e-01
-3.438618167335454889e-01
-3.362843225405605097e-01
-3.286194579485262612e-01
-3.207629813657654760e-01
-3.126652708995109053e-01
-3.043433912335962721e-01
-2.958648889505340329e-01
-2.873108181838041619e-01
-2.787341567807342657e-01
-2.701315266120233316e-01
-2.614403045956825711e-01
-2.525623322420563754e-01
-2.434041416140241831e-01
-2.339166815322748227e-01
-2.241178414375790129e-01
-2.140884371119033125e-01
-2.039435551618369591e-01
-1.937914666245796891e-01
-1.836973728221581448e-01
-1.736669537859679147e-01
-1.636560993236748918e-01
-1.536020196418994566e-01
-1.434619076957158734e-01
-1.332422697710279325e-01
-1.230062494866694667e-01
-1.128558173072420623e-01
-1.028964718697192859e-01
-9.319950764187936998e-02
-8.377783661687807082e-02
-7.458548015502740325e-02
-6.554071922674362116e-02
-5.656291092596533315e-02
-4.760716721240416949e-02
-3.868272420158974656e-02
-2.984606588925907411e-02
-2.117727911491106008e-02
-1.273375356446107380e-02
-4.552884032806306380e-03
3.465976583567757438e-03
1.152141408474249840e-02
1.959424065025818298e-02
2.762626070333561168e-02
3.552389631590786162e-02
4.320586720745713677e-02
5.063418979153488236e-02
5.782898922393259200e-02
6.485540272776392501e-02
7.179040312424209147e-02
7.868347366370463669e-02
8.552863216846895433e-02
9.226005601913458976e-02
9.877337979292075132e-02
1.049635627336844707e-01
1.107630744474685930e-01
1.161640794558896350e-01
1.212153000015436799e-01
1.259952417258597412e-01
1.305736971265397672e-01
1.349784672127898322e-01
1.391819026600132347e-01
1.431131974547295571e-01
1.466911422517190589e-01
1.498631256288458780e-01
1.526334004822710311e-01
1.550682740983272134e-01
1.572758456850106568e-01
1.593688776089438874e-01
1.614266208673392211e-01
1.634718046564777039e-01
1.654724002175373410e-01
1.673670489256898208e-01
1.691028337616327371e-01
1.706687879478554493e-01
1.721104481332441094e-01
1.735189939476747267e-01
1.749995067123355508e-01
1.766318933355413845e-01
1.784411871845407449e-01
1.803899181034474553e-01
1.823957886515518156e-01
1.843670811336406701e-01
1.862406944220779126e-01
1.880066714847637988e-01
1.897089599108803259e-01
1.914224449131986527e-01
1.932164701624044523e-01
1.951207999419632133e-01
1.971088454650589128e-01
1.991055014544851898e-01
2.010163566349186526e-01
2.027658912909941491e-01
2.043284710620475453e-01
2.057390888066078227e-01
2.070794799614643633e-01
2.084457031796840276e-01
2.099110683060917970e-01
2.115001118636999911e-01
2.131844442558606112e-01
2.149018585845828555e-01
2.165901527614953470e-01
2.182209103324227739e-01
2.198186130056339893e-01
2.214568085451411039e-01
2.232328927966559518e-01
2.252321709060390309e-01
2.274962998552208238e-01
2.300092123070182348e-01
2.327060977309941270e-01
2.355012301095493199e-01
2.383225590520081094e-01
2.411383411728892368e-01
2.439647371624245054e-01
2.468515734758794378e-01
2.498527886138628418e-01
2.529944935397294703e-01
2.562544062648015597e-01
2.595614085677213634e-01
2.628153379837019354e-01
2.659185866713478230e-01
2.688062437606030253e-01
2.714623685729520286e-01
2.739160605375806079e-01
2.762196295417818082e-01
2.784186694766861425e-01
2.805270226337841510e-01
2.825171918445198438e-01
2.843299193985869833e-01
2.858983869892078866e-01
2.871763409084838181e-01
2.881579858119647231e-01
2.888812498458371847e-01
2.894132674589847132e-01
2.898244888133352792e-01
2.901624884575221275e-01
2.904363935158771337e-01
2.906180545822779071e-01
2.906587980962632711e-01
2.905139934890376696e-01
2.901645439778514635e-01
2.896260256957898238e-01
2.889417580556903897e-01
2.881631240582571696e-01
2.873259158659827728e-01
2.864330585036959365e-01
2.854511274668981580e-01
2.843219937442874601e-01
2.829844116587197367e-01
2.813962051288795840e-01
2.795476538295968427e-01
2.774606843197524597e-01
2.751747121991007794e-01
2.727257201010332421e-01
2.701279404359691050e-01
2.673661942219016652e-01
2.644021642676869233e-01
2.611917688780344693e-01
2.577060105505200038e-01
2.539462440991855918e-01
2.499473037447663415e-01
2.457672122359697287e-01
2.414679560490980426e-01
2.370955601853022288e-01
2.326678524708093165e-01
2.281748670922078281e-01
2.235913048301070016e-01
2.188952917874044668e-01
2.140850790390833036e-01
2.091863576051161688e-01
2.042470336998415126e-01
1.993217608640016070e-01
1.944528932958898559e-01
1.896559653508254617e-01
1.849157559371795989e-01
1.801944044221137353e-01
1.754479223896435180e-01
1.706439886884136004e-01
1.657735651204553795e-01
1.608517068730332122e-01
1.559076801055351291e-01
1.509690724759268354e-01
1.460470339352890334e-01
1.411291133511650142e-01
1.361827237970821836e-01
1.311676164739440376e-01
1.260518863505565301e-01
1.208246477762090210e-01
1.155001213463314746e-01
1.101116978525336632e-01
1.046988774873908318e-01
9.929293035514763499e-02
9.390745776406340950e-02
8.853767788658568894e-02
8.316831000633079229e-02
7.778614975623159011e-02
7.239146231040662072e-02
6.700298619287636814e-02
6.165429031081985645e-02
5.638311499394111498e-02
5.121842426434827095e-02
4.617085098846626656e-02
4.123063820529569018e-02
3.637380228948128291e-02
3.157358598899960567e-02
2.681195606795964623e-02
2.208594993488178365e-02
1.740606272859000769e-02
1.278749938981284077e-02
8.238366322037157796e-03
3.750296282128448393e-03
-7.040385712782444745e-04
-5.165109097851241192e-03
-9.674688119676909739e-03
-1.426299026994130685e-02
-1.894033207808672181e-02
-2.369694732962853573e-02
-2.851106619274102263e-02
-3.336174870569544315e-02
-3.824084076548311256e-02
-4.315873817522424688e-02
-4.814128953340235384e-02
-5.321901500439815691e-02
-5.841321125703026473e-02
-6.372497406032631706e-02
-6.913204884687856877e-02
-7.459515748136066882e-02
-8.007141643986426249e-02
-8.552941658022808480e-02
-9.095976379208639551e-02
-9.637672637880081994e-02
-1.018103352419736651e-01
-1.072922773462915008e-01
-1.128415296646932547e-01
-1.184557970001927085e-01
-1.241123888662309244e-01
-1.297782155573304896e-01
-1.354247568739555541e-01
-1.410417589589283427e-01
-1.466439228668380279e-01
-1.522677427821301499e-01
-1.579597181097736891e-01
-1.637607061334856728e-01
-1.696927334052331093e-01
-1.757535154323876248e-01
-1.819207169200296736e-01
-1.881639567838196414e-01
-1.944594133887618814e-01
-2.008009323823299330e-01
-2.072031067215037714e-01
-2.136952048325385378e-01
-2.203086282285689479e-01
-2.270632053502940617e-01
-2.339580147636862728e-01
-2.409704619779619861e-01
-2.480638728327000109e-01
-2.552003739318676745e-01
-2.623537471631854912e-01
-2.695170995689594173e-01
-2.767024674269871753e-01
-2.839328785780315667e-01
-2.912304886772056345e-01
-2.986059125897501110e-01
-3.060532048959805906e-01
-3.135524393382644881e-01
-3.210785821823964881e-01
-3.286127270398694900e-01
-3.361508571848795812e-01
-3.437064577339148941e-01
-3.513059630894314056e-01
-3.589790457754137853e-01
-3.667478588033094011e-01
-3.746196747098593516e-01
-3.825858222815360365e-01
-3.906270980164068263e-01
-3.987230953884262075e-01
-4.068613003697066355e-01
-4.150419935953597039e-01
-4.232768682253930659e-01
-4.315819998836103455e-01
-4.399682262257438858e-01
-4.484330927211406248e-01
-4.569578517382552052e-01
-4.655108631264298635e-01
-4.740560515365359606e-01
-4.825629639973396667e-01
-4.910143204376053450e-01
-4.994080308819141001e-01
-5.077529885299854051e-01
-5.160605465403312886e-01
-5.243353726995774178e-01
-5.325696149077857600e-01
-5.407429161888110958e-01
-5.488283764408746768e-01
-5.568020825033889176e-01
-5.646523346750328409e-01
-5.723847915592163993e-01
-5.800213905693505367e-01
-5.875933998301702266e-01
-5.951313033096582439e-01
-6.026554678352538108e-01
-6.101711970677831109e-01
-6.176699959132970763e-01
-6.251363797898027430e-01
-6.325573647558906387e-01
-6.399307449049944641e-01
-6.472687853187740759e-01
-6.545958174330058776e-01
-6.619406544169359474e-01
-6.693267723251004053e-01
-6.767640556629234139e-01
-6.842452661942399761e-01
-6.917485447362479167e-01
-6.992449380470870945e-01
-7.067080599295313403e-01
-7.141222612480502274e-01
-7.214863522261987239e-01
-7.288116912467957897e-01
-7.361156200454261889e-01
-7.434129508192595104e-01
-7.507088547317021243e-01
-7.579958599516044560e-01
-7.652560278179579845e-01
-7.724673919832829583e-01
-7.796121786801074593e-01
-7.866837404159023883e-01
-7.936897029697544959e-01
-8.006502966585080650e-01
-8.075926243114349701e-01
-8.145430369853763342e-01
-8.215203517710799597e-01
-8.285321937308482987e-01
-8.355754995252563377e-01
-8.426406776968985435e-01
-8.497176526679270925e-01
-8.568014645629118409e-01
-8.638954052795611016e-01
-8.710106729702020711e-01
-8.781628199824207393e-01
-8.853663782371905544e-01
-8.926295978397468245e-01
-8.999510851255622113e-01
-9.073193815310183208e-01
-9.147154880830506984e-01
-9.221173878375487076e-01
-9.295050535303041039e-01
-9.368643974957496789e-01
-9.441890832943040657e-01
-9.514798817108355289e-01
-9.587420371868514701e-01
-9.659816766210370664e-01
-9.732024972206780866e-01
-9.804037897196581364e-01
-9.875803799735118904e-01
-9.947244646764314968e-01
-1.001828756418774002e+00
-1.008889980846776835e+00
-1.015911667186295997e+00
-1.022905364002149931e+00
-1.029889837675571185e+00
-1.036888368925444892e+00
-1.043924814267345180e+00
-1.051019490677230550e+00
-1.058186050417333712e+00
-1.065430278838880529e+00
-1.072751208282404001e+00
-1.080144227725855721e+00
-1.087605187839420839e+00
-1.095134097400396467e+00
-1.102737045284425399e+00
-1.110425500582439939e+00
-1.118213011932037260e+00
-1.126110277587605735e+00
-1.134120248671704800e+00
-1.142235076121548953e+00
-1.150436208656668624e+00
-1.158697913891318043e+00
-1.166993267493515507e+00
-1.175300680406629272e+00
-1.183608702418092351e+00
-1.191917331408318237e+00
-1.200235250002325227e+00
-1.208573899632873871e+00
-1.216940538173603814e+00
-1.225332920850384033e+00
-1.233737754442772561e+00
-1.242133731063175262e+00
-1.250498212328496450e+00
-1.258815163601296749e+00
-1.267081326771444694e+00
-1.275308142699436376e+00
-1.283518448434439740e+00
-1.291738941706260801e+00
-1.299991072264568670e+00
-1.308283720378247139e+00
-1.316610444616109543e+00
-1.324952396746316374e+00
-1.333285835564491428e+00
-1.341591358095705067e+00
-1.349861231899911473e+00
-1.358101885728625335e+00
-1.366330468532557907e+00
-1.374566716488778706e+00
-1.382823262409999421e+00
-1.391098217258690983e+00
-1.399373038949931702e+00
-1.407616675319468769e+00
-1.415794497982362898e+00
-1.423878620750374413e+00
-1.431855616155607747e+00
-1.439728644213810194e+00
-1.447513222545048883e+00
-1.455228408053850675e+00
-1.462887009018857265e+00
-1.470488841530204649e+00
-1.478019810366898890e+00
-1.485457219252472427e+00
-1.492779159432776392e+00
-1.499974132570800034e+00
-1.507046941104824178e+00
-1.514018388974391671e+00
-1.520918867618427317e+00
-1.527778418972421726e+00
-1.534617322637140457e+00
-1.541441036735764936e+00
-1.548241506384135269e+00
-1.555004188744629312e+00
-1.561717732615940157e+00
-1.568382118872620135e+00
-1.575011714775145233e+00
-1.581631852432874297e+00
-1.588270307429555661e+00
-1.594947259830575614e+00
-1.601668018939845783e+00
-1.608421670292435879e+00
-1.615186312284200065e+00
-1.621938734433911122e+00
-1.628664451565558613e+00
-1.635363794311230690e+00
-1.642051386287870063e+00
-1.648749148273193077e+00
-1.655475777868935072e+00
-1.662237250276340061e+00
-1.669022557265931406e+00
-1.675806743229767859e+00
-1.682560193820436867e+00
-1.689260393397753912e+00
-1.695901175163158969e+00
-1.702495413408154246e+00
-1.709069809048584077e+00
-1.715653768091774278e+00
-1.722266951967812876e+00
-1.728910770520592166e+00
-1.735567547346886785e+00
-1.742207917682041973e+00
-1.748803526760658977e+00
-1.755339762709449358e+00
-1.761823101817249215e+00
-1.768279781293185637e+00
-1.774746091644312518e+00
-1.781254120286875908e+00
-1.787818782808918705e+00
-1.794431569051225139e+00
-1.801063732616576374e+00
-1.807677754200703646e+00
-1.814242429860895012e+00
-1.820745345614733557e+00
-1.827197488852800422e+00
-1.833627973668714661e+00
-1.840070969643444521e+00
-1.846550192883907648e+00
-1.853067383229675347e+00
-1.859599582916715788e+00
-1.866106404177726219e+00
-1.872544331569211629e+00
-1.878882179500064531e+00
-1.885111345125878080e+00
-1.891246669900130906e+00
-1.897317640936899474e+00
-1.903353685722962929e+00
-1.909369757220415353e+00
-1.915358247613380360e+00
-1.921290582427051197e+00
-1.927127769909866561e+00
-1.932835434885912473e+00
-1.938397030308083302e+00
-1.943819754140184708e+00
-1.949130833271845331e+00
-1.954365943503733938e+00
-1.959554823052476191e+00
-1.964710224433673380e+00
-1.969824808583432674e+00
-1.974877100075419056e+00
-1.979843712065809669e+00
-1.984712394839011962e+00
-1.989490193360506698e+00
-1.994203205341641194e+00
-1.998888130749858716e+00
-2.003579372366433020e+00
-2.008297335155917462e+00
-2.013042969678454419e+00
-2.017800791313149489e+00
-2.022548837078721018e+00
-2.027270959469257505e+00
-2.031965853795449473e+00
-2.036648714012279093e+00
-2.041344750826775023e+00
-2.046077498487739010e+00
-2.050857228556027589e+00
-2.055674788040577461e+00
-2.060503784281301876e+00
-2.065310304894667048e+00
-2.070065947710182375e+00
-2.074758378171959627e+00
-2.079394653283036298e+00
-2.083995732549089652e+00
-2.088584548372133476e+00
-2.093172973951129556e+00
-2.097753653493836801e+00
-2.102300618741686833e+00
-2.106778756376268102e+00
-2.111158196093676054e+00
-2.115427339847765431e+00
-2.119598640109667809e+00
-2.123704260055987003e+00
-2.127783143446419167e+00
-2.131864866980853979e+00
-2.135957219508674676e+00
-2.140042996899078620e+00
-2.144087567606911549e+00
-2.148054063805505454e+00
-2.151919622027780310e+00
-2.155685476050922311e+00
-2.159376232108138005e+00
-2.163028295420583724e+00
-2.166672180012469973e+00
-2.170316242453485422e+00
-2.173938962732191005e+00
-2.177493361399601479e+00
-2.180921970001870491e+00
-2.184176180311026005e+00
-2.187231803130115004e+00
-2.190094188869935454e+00
-2.192790702376848699e+00
-2.195353828199793966e+00
-2.197802328356603940e+00
-2.200128837197865561e+00
-2.202299594309903519e+00
-2.204266781926023544e+00
-2.205988396059174406e+00
-2.207447191526351382e+00
-2.208660485041475052e+00
-2.209676433511329918e+00
-2.210558207831300859e+00
-2.211362745948578290e+00
-2.212123191433467362e+00
-2.212842598589886300e+00
-2.213501620143866866e+00
-2.214076763345944165e+00
-2.214561073407627756e+00
-2.214977876468125384e+00
-2.215381093734486218e+00
-2.215841432681775913e+00
-2.216423991409537830e+00
-2.217166741760514093e+00
-2.218069196180973979e+00
-2.219096311926682219e+00
-2.220196132475844575e+00
-2.221323621164284390e+00
-2.222460299310350607e+00
-2.223620988953187716e+00
-2.224844491734824015e+00
-2.226172077126856053e+00
-2.227623142598694983e+00
-2.229178911122353668e+00
-2.230781799136215326e+00
-2.232351429156545830e+00
-2.233811004065432648e+00
-2.235113060367827309e+00
-2.236253592169267446e+00
-2.237268301845785512e+00
-2.238212325970946548e+00
-2.239131972793261927e+00
-2.240040650597724614e+00
-2.240909579217453373e+00
-2.241677647364682890e+00
-2.242276519164164483e+00
-2.242660344231413916e+00
-2.242827131010577180e+00
-2.242822150399620629e+00
-2.242721289245687366e+00
-2.242600871339515578e+00
-2.242506422202155125e+00
-2.242433558119875325e+00
-2.242329233191411308e+00
-2.242113009744858498e+00
-2.241709451869367431e+00
-2.241077864403187014e+00
-2.240226570753963475e+00
-2.239205414263246929e+00
-2.238079474592427065e+00
-2.236895157943684431e+00
-2.235653314909493261e+00
-2.234301267484225750e+00
-2.232747701025123988e+00
-2.230894641924333399e+00
-2.228673352028751165e+00
-2.226069129255277446e+00
-2.223124556153328601e+00
-2.219919866406934617e+00
-2.216538851188344150e+00
-2.213034929446389576e+00
-2.209411988045217434e+00
-2.205628315272429862e+00
-2.201622044042790716e+00
-2.197347212706376229e+00
-2.192804844218962490e+00
-2.188055398795851758e+00
-2.183206788415834154e+00
-2.178382538679550340e+00
-2.173683203325369462e+00
-2.169157109424753926e+00
-2.164792595938452635e+00
-2.160534755274440943e+00
-2.156319211413395553e+00
-2.152108159188946601e+00
-2.147912911494032517e+00
-2.143793003370348504e+00
-2.139832023549117945e+00
-2.136100482442080839e+00
-2.132621715452041489e+00
-2.129355639248499354e+00
-2.126207621945615411e+00
-2.123059011470042279e+00
-2.119806592970221892e+00
-2.116394414504249699e+00
-2.112824696570184901e+00
-2.109143537869559992e+00
-2.105407982726566374e+00
-2.101649052604352530e+00
-2.097847088691886519e+00
-2.093930406359040042e+00
-2.089798130322544800e+00
-2.085357547511889287e+00
-2.080559936037975177e+00
-2.075419375867594507e+00
-2.070006307868372808e+00
-2.064418454332382691e+00
-2.058741471462068873e+00
-2.053016135481140481e+00
-2.047225976796406499e+00
-2.041310386622745110e+00
-2.035197156996386703e+00
-2.028839970231664402e+00
-2.022244200256428925e+00
-2.015469475389251031e+00
-2.008607588220038487e+00
-2.001745130992381050e+00
-1.994926990721881843e+00
-1.988136601701518513e+00
-1.981301681242051860e+00
-1.974323131690281174e+00
-1.967114840875431980e+00
-1.959637084031382148e+00
-1.951909921013493365e+00
-1.943999017456083500e+00
-1.935985753028874212e+00
-1.927920829298654049e+00
-1.919822221027204900e+00
-1.911494783125926133e+00
-1.902844661466041920e+00
-1.893922393160802464e+00
-1.884804755160823131e+00
-1.875595790103916194e+00
-1.866379026683113063e+00
-1.857192540844616602e+00
-1.848021266891762826e+00
-1.838814899880638398e+00
-1.829522162179353817e+00
-1.820126904227709286e+00
-1.810670005994939880e+00
-1.801247105005103322e+00
-1.791982419401908722e+00
-1.782989221061543894e+00
-1.774333370552092948e+00
-1.766015207115188890e+00
-1.757977401272158069e+00
-1.750135352249477583e+00
-1.742417046043101880e+00
-1.734795140576586903e+00
-1.727297307438241614e+00
-1.719990145294233885e+00
-1.712943355113285993e+00
-1.706189496641515424e+00
-1.699696803283254676e+00
-1.693367229562287690e+00
-1.687061335432614495e+00
-1.680640227415442833e+00
-1.674007430331554636e+00
-1.667133434954019222e+00
-1.660052869316847035e+00
-1.652835769083780715e+00
-1.645545408965058964e+00
-1.638200920461112320e+00
-1.630760966330127903e+00
-1.623135840336137781e+00
-1.615223233893157806e+00
-1.606952706885108828e+00
-1.598319974855280989e+00
-1.589396191965358307e+00
-1.580307859884339639e+00
-1.571195323191176163e+00
-1.562166841893924740e+00
-1.553267121238068649e+00
-1.544473095700876764e+00
-1.535718254709295127e+00
-1.526934721718454790e+00
-1.518094775153874032e+00
-1.509233745047199537e+00
-1.500444149470966160e+00
-1.491843201361879201e+00
-1.483527224993952620e+00
-1.475532217262616852e+00
-1.467817334678119146e+00
-1.460278495588597014e+00
-1.452786604962672090e+00
-1.445234520925831490e+00
-1.437573233026034458e+00
-1.429822352472435609e+00
-1.422050982287307308e+00
-1.414337716862305916e+00
-1.406727401195847493e+00
-1.399203639114850795e+00
-1.391689281195634065e+00
-1.384075114780636273e+00
-1.376264836460513008e+00
-1.368217295406162659e+00
-1.359968005779486289e+00
-1.351620631436211806e+00
-1.343311846790526953e+00
-1.335164265590438326e+00
-1.327247176563717934e+00
-1.319561456033063074e+00
-1.312054657138783664e+00
-1.304659308764719583e+00
-1.297337441474720521e+00
-1.290111619140128063e+00
-1.283068482802639076e+00
-1.276332582693453066e+00
-1.270021101723017853e+00
-1.264198445966734363e+00
-1.258849916322665186e+00
-1.253885717348549367e+00
-1.249173750325022869e+00
-1.244587431083136186e+00
-1.240048389546436924e+00
-1.235546111371914835e+00
-1.231126467919662071e+00
-1.226854444733866512e+00
-1.222767518415914800e+00
-1.218840264607891744e+00
-1.214976097805866795e+00
-1.211030502408126486e+00
-1.206856612700492715e+00
-1.202354306385523097e+00
-1.197502289291417110e+00
-1.192359717735378855e+00
-1.187036746727535563e+00
-1.181646548008334463e+00
-1.176259217038072347e+00
-1.170877139273808432e+00
-1.165442128729545113e+00
-1.159870994658406707e+00
-1.154103930764053043e+00
-1.148144506875280246e+00
-1.142073513627938075e+00
-1.136030022137068052e+00
-1.130167036302680339e+00
-1.124600048842102851e+00
-1.119369969332331571e+00
-1.114435887835297123e+00
-1.109700504289908851e+00
-1.105057170197950134e+00
-1.100438293857158856e+00
-1.095112148311868649e+00
-1.088906041897315102e+00
-1.081845504343013520e+00
-1.073956065378474323e+00
-1.065263254733215481e+00
-1.055792602136745639e+00
-1.045569637318582101e+00
-1.034619890008240173e+00
-1.022968889935228720e+00
-1.010642166829066824e+00
-9.976652504192627946e-01
-9.840636704353333819e-01
-9.698629566067948904e-01
-9.550886386631556313e-01
-9.397662463339352401e-01
-9.239213093486411399e-01
-9.075793574367900796e-01
-8.907659203278996962e-01
-8.735065277514768578e-01
-8.558267094370423100e-01
-8.377519951141021437e-01
-8.193079145121743290e-01
-8.005199973607762809e-01
-7.814137733894139792e-01
-7.620147723276096130e-01
-7.423485239048678297e-01
-7.224405578507072656e-01
-7.023164038946462240e-01
-6.820015917661887972e-01
-6.615216511948588396e-01
-6.409021119101598885e-01
-6.201685036416112462e-01
-5.993463561187308830e-01
-5.784611990710231133e-01
-5.575385622280112363e-01
-5.366039753192001216e-01
-5.156829680741074062e-01
-4.948010702222520596e-01
-4.739838114931383961e-01
-4.532567216162892709e-01
-4.326453303212097201e-01
-4.121751673374176028e-01
-3.918717623944315553e-01
-3.717606452217562252e-01
-3.518673455489141899e-01
-3.322173931054107077e-01
-3.128363176207637486e-01
-2.937496488244911719e-01
-2.749829164460985687e-01
-2.565616502151077949e-01
-2.385113798610246083e-01
-2.208576351133669791e-01
-2.036259457016523777e-01
-1.868418413553867008e-01
-1.705308518040879462e-01
-1.547185067772732792e-01
-1.394303360044493456e-01
-1.246918692151368357e-01
-1.105286361388427563e-01
-9.696616650508436963e-02
-8.402999004337823041e-02
-7.174563648323251108e-02
-6.013863555416619489e-02
-4.923451698568795387e-02
-3.905881050731448145e-02
-2.963704584856126367e-02
-2.099475273893795790e-02
-1.315746090796221512e-02
-6.150700085144400475e-03
-5.551115123125782702e-17
