5.963111948670274387e-19
1.481531661479171366e-04
2.843415585318990828e-04
4.088247724058063221e-04
5.218624030236138295e-04
6.237140456392110911e-04
7.146392955064985973e-04
7.948977478794377709e-04
8.647489980119103456e-04
9.244526411578685285e-04
9.742682725712143279e-04
1.014455487505861028e-03
1.045273881215743814e-03
1.066983048954769572e-03
1.079842585976866984e-03
1.084112087535949983e-03
1.080051148885940527e-03
1.067919365280756020e-03
1.047976331974321022e-03
1.020481644220545998e-03
9.856948972733539909e-04
9.438756863866764983e-04
8.952836068144120595e-04
8.401782538105029069e-04
7.788192226288427004e-04
7.114661085233656493e-04
6.383785067480048786e-04
5.598160125566492779e-04
4.760382212032525720e-04
3.873047279416971995e-04
2.938751280259200801e-04
1.960090167098648014e-04
9.396598924740523669e-05
-1.199435910749242079e-05
-1.216124331009562493e-04
-2.346286374790432575e-04
-3.507833769878080689e-04
-4.698170563733820686e-04
-5.914700803817941844e-04
-7.154828537591774278e-04
-8.415957812515875063e-04
-9.695492676050738393e-04
-1.099083717565775293e-03
-1.229939535879714940e-03
-1.361857127293030455e-03
-1.494576896551774725e-03
-1.627839248401996303e-03
-1.761384587589837200e-03
-1.894953318861317560e-03
-2.028285846962576792e-03
-2.161122576639666702e-03
-2.293203912638638008e-03
-2.424270259705629468e-03
-2.554062022586664048e-03
-2.682319606027879638e-03
-2.808783414775326958e-03
-2.933193853575060198e-03
-3.055291327173215513e-03
-3.174816240315816735e-03
-3.291508997749000021e-03
-3.405110004218818692e-03
-3.418212206841513869e-03
-3.000823781794326010e-03
-2.331788002875722667e-03
-1.681019322855235127e-03
-1.307649976627035891e-03
-1.363290997931820804e-03
-1.836891399563937710e-03
-2.561562474674957627e-03
-3.280051689113868373e-03
-3.743247262454032793e-03
-3.803824158780308266e-03
-3.469584928970399686e-03
-2.896834548521315215e-03
-2.327432901181939340e-03
-1.994543426390028417e-03
-2.033784402246638628e-03
-2.433741225799469950e-03
-3.044189324700375190e-03
-3.637715562276866692e-03
-3.999923036511729250e-03
-4.012647546000172420e-03
-3.697938258602164428e-03
-3.206234703981502947e-03
-2.754306990340817801e-03
-2.538024200545193568e-03
-2.654714817561599008e-03
-3.065646001298807412e-03
-3.613164386687222479e-03
-4.085242442258297038e-03
-4.300809860595299072e-03
-4.185801373249081227e-03
-3.787796717490104614e-03
-3.329180267601412977e-03
-2.793779513132915639e-03
-3.462130972464002015e-03
-5.711250611963506092e-03
-6.907486658225873988e-03
-6.912151080203628520e-03
-5.641648920615915073e-03
-3.618493409596062332e-03
-1.635487260947078754e-03
-4.786318177952040924e-04
-6.109546816312626423e-04
-1.992327693632090467e-03
-4.093594068528640106e-03
-6.102657396456604572e-03
-7.241366829366581437e-03
-7.069449988593587419e-03
-5.656603062271834889e-03
-3.555344430768242470e-03
-1.585501348790516228e-03
-5.147380056499341241e-04
-7.599529494993172152e-04
-2.225895885490420441e-03
-4.343589744475507414e-03
-6.292989290315451067e-03
-7.322513004203121470e-03
-7.040619860210892665e-03
-5.566027512069887662e-03
-3.478701474726197430e-03
-1.591744786277850959e-03
-6.340098391103414803e-04
-9.675819134040029509e-04
-2.450047616876036699e-03
-4.494172056071187894e-03
-6.300427055576171206e-03
-7.170256937836589489e-03
-6.777198876114829892e-03
-5.290328053868969573e-03
-3.302753625819979024e-03
-1.595112560598209005e-03
-8.281915734260450771e-04
-1.285703383021197677e-03
-2.767660841479366134e-03
-4.674674836709432832e-03
-6.248210544350180085e-03
-6.870949956251161048e-03
-6.308400826163552966e-03
-4.797068354586954235e-03
-2.945857844441655132e-03
-1.491158020238337939e-03
-1.003629048043080171e-03
-1.663182946963445187e-03
-3.190780002701729730e-03
-4.963123721410186637e-03
-6.263596432302957068e-03
-6.568954586853347280e-03
-5.757506561073500936e-03
-4.156178521218414738e-03
-2.408060683157246980e-03
-1.213954658815147780e-03
-1.051298138272003862e-03
-1.982699323929882577e-03
-3.630518903977560455e-03
-5.327576938636003658e-03
-6.384021114101651878e-03
-6.363968676470346982e-03
-5.261484018455752851e-03
-3.505326712401887496e-03
-1.789948150457460700e-03
-7.994113982955935354e-04
-9.337783524398530349e-04
-2.146993434156174371e-03
-3.961458532284109317e-03
-5.654623543705802717e-03
-6.544455606199568211e-03
-6.261044742684063885e-03
-4.896424127574613983e-03
-2.972275555886741936e-03
-1.237058644628191619e-03
-3.718771114823064090e-04
-7.208544528019785770e-04
-2.152748266160971202e-03
-4.109123064495017949e-03
-5.821084671756748125e-03
-6.610089065770378275e-03
-6.154887931237910080e-03
-4.619417631060371288e-03
-2.590841085952938754e-03
-8.513836669450153185e-04
-7.296322992091059745e-05
-5.541739476925610719e-04
-2.102870727685209572e-03
-4.110666834965237375e-03
-5.790346893333654481e-03
-6.483308835084564993e-03
-5.916594985441428825e-03
-4.308849221356946674e-03
-2.283679927762394084e-03
-6.246265437473879148e-04
3.176700640868984529e-05
-5.558548878781995051e-04
-2.141295927373848811e-03
-4.090019125922800258e-03
-5.630234804014657389e-03
-6.156588983615514724e-03
-5.466749311160476639e-03
-3.838084533331338581e-03
-1.915014687205228092e-03
-4.521789127125718823e-04
-1.555060527012046723e-05
-7.598766986525483987e-04
-2.370195371817361476e-03
-4.189958239234009042e-03
-5.484277101110759597e-03
-5.733260453438249193e-03
-4.838555581860951374e-03
-3.160920246636534335e-03
-1.374091353304458200e-03
-1.934156130283806935e-04
-8.802954778903057382e-05
-1.091984259241159192e-03
-2.790174348340252776e-03
-4.485125060307824235e-03
-5.478123131965522384e-03
-5.352227095224654750e-03
-4.143070378437222964e-03
-2.328035418314550967e-03
-6.366422922305834623e-04
2.429570891382100764e-04
-5.591783145031896775e-05
-1.424938604076967427e-03
-3.317367659619341238e-03
-4.962658872056449622e-03
-5.675109250430827347e-03
-5.133709235178895644e-03
-3.519843616648756293e-03
-1.454895159324033236e-03
2.410119649124562379e-04
8.755847101683656266e-04
1.667399289011136385e-04
-1.633548112910471195e-03
-3.826764083814905397e-03
-5.536394275759751876e-03
-6.054171091806961023e-03
-5.127715201578969366e-03
-3.073696043679895098e-03
-6.674341909554380465e-04
1.152446664155758714e-03
1.651713089027954029e-03
5.967678366259037553e-04
-1.639231071645914136e-03
-4.206765832891666557e-03
-6.101142189922479156e-03
-6.552763506944793079e-03
-5.335053140414711299e-03
-2.867358628093199385e-03
-6.809323158513667408e-05
1.990435585653672727e-03
2.495322047136533730e-03
1.214944816058788606e-03
-1.397521445450387173e-03
-4.363552456371203557e-03
-6.545120184403473151e-03
-7.079654570252451491e-03
-5.717592616168085812e-03
-2.930789294342293645e-03
2.539916472372847245e-04
2.637289591739098819e-03
3.301837681758709557e-03
1.967325864557638391e-03
-8.922004729778616316e-04
-4.216370257516087981e-03
-6.751883527785286152e-03
-7.524571814152762432e-03
-6.211648586218644109e-03
-3.271771763685667796e-03
2.187956584836820047e-04
2.964908383974658966e-03
3.937409364605370422e-03
2.761702569569853081e-03
-1.371093509714335070e-04
-3.688433129439902449e-03
-6.572832335540685321e-03
-7.713143646274989683e-03
-6.676273722367565000e-03
-3.835118965759747554e-03
-2.302848198560011016e-04
2.816404758001996890e-03
4.191887297178058247e-03
3.402492160833723960e-03
7.529232465744450670e-04
-2.771413548049121191e-03
-5.872715251294147523e-03
-7.420966065699389699e-03
-6.866823107876026018e-03
-4.435403800870205311e-03
-1.032260581931602637e-03
2.099270997537293956e-03
3.838627570615481353e-03
3.594381275239983374e-03
1.507521161258854308e-03
-1.618362838621629747e-03
-4.627424270325814458e-03
-6.441857287673786320e-03
-6.450438377853792704e-03
-4.713854361785180767e-03
-1.917537433158665594e-03
9.016520555726638408e-04
2.745816301828093216e-03
3.015208407168865588e-03
1.705462810717227762e-03
-6.223581064992949989e-04
-3.076781640538936782e-03
-4.778685274822067411e-03
-5.179187868276051779e-03
-4.236218270858834421e-03
-2.392699609669680059e-03
-3.771546968516476081e-04
1.086681822487245560e-03
1.545398704000604684e-03
9.578086415453052581e-04
-3.312016586153077339e-04
-1.761250477281644340e-03
-2.793240604420650901e-03
-3.113796420810445789e-03
-2.729137916356768213e-03
-1.920364309833222155e-03
-1.090945222723843124e-03
-5.794322140871272083e-04
-5.201497135383528845e-04
-8.088553110645424309e-04
-1.181250651778960889e-03
-1.362084052748211566e-03
-1.212270237236023028e-03
-8.040230527303043450e-04
-3.879510670041233728e-04
-2.663171888895120689e-04
-6.307000154795023260e-04
-1.441251517700185619e-03
-2.409011651615199697e-03
-3.098618368644342515e-03
-3.114396385032311334e-03
-2.292241734467208390e-03
-8.107800787492551496e-04
8.359626872902797996e-04
2.006794293825506573e-03
2.164279784378563259e-03
1.110105020860985151e-03
-8.948641298807248710e-04
-3.185762701458589533e-03
-4.916703590557522721e-03
-5.375522741327525174e-03
-4.271984268068839199e-03
-1.883548230818295113e-03
1.008157280921554008e-03
3.378732712374063127e-03
4.331390631561527968e-03
3.440300373731238967e-03
9.344666897388979486e-04
-2.355246608224741914e-03
-5.276255530832339551e-03
-6.765053554807612217e-03
-6.239608850242164655e-03
-3.826505172741563685e-03
-3.338989182746276768e-04
3.026024250793114562e-03
5.067729909413403074e-03
5.060328052415549553e-03
2.995521903784144867e-03
-4.043958186545632948e-04
-3.943337429878580533e-03
-6.380090988516725660e-03
-6.872429508374250026e-03
-5.274613813750307634e-03
-2.180683922442932469e-03
1.299817237689189931e-03
3.948397782019805007e-03
4.875282314065462752e-03
3.827748010686122301e-03
1.259387075176859579e-03
-1.858903441720615021e-03
-4.408801112496090954e-03
-5.533471197445510338e-03
-4.933240188772444919e-03
-2.943159807647293107e-03
-3.729726221607650247e-04
1.819916477363989031e-03
2.893560287253958783e-03
2.581480634832316202e-03
1.155833344456943428e-03
-7.199028497960163449e-04
-2.279918165537449769e-03
-2.965361094865977612e-03
-2.629748628824779035e-03
-1.563250261191038602e-03
-3.348547455799488976e-04
4.737991624555326501e-04
5.267007926335266939e-04
-1.262945553936787950e-04
-1.085402136264029208e-03
-1.795247190633949197e-03
-1.811470281599848395e-03
-1.021676231804603081e-03
2.791634958934367979e-04
1.497894923453794384e-03
1.996935270720838138e-03
1.388171206659852101e-03
-2.599352836752832257e-04
-2.398563901834654954e-03
-4.182258616360352843e-03
-4.797998064229324483e-03
-3.812438730266858294e-03
-1.394238326449993891e-03
1.690246115032942656e-03
4.323797640830951555e-03
5.447156704999354775e-03
4.479082087853450758e-03
1.582726767680792210e-03
-2.336207604589552768e-03
-5.916560379442282677e-03
-7.821460386864357087e-03
-7.238814714779501745e-03
-4.214479395219995761e-03
3.157436580862097147e-04
4.821542536407505061e-03
7.705812680131004719e-03
7.879264597031764711e-03
5.172702862129938996e-03
4.307870750331468717e-04
-4.756670622389169885e-03
-8.598281010897060317e-03
-9.729912320860166844e-03
-7.704470738897707498e-03
-3.164714605433254207e-03
2.367008093951010472e-03
7.011377492300990832e-03
9.183920264099939765e-03
8.145627771229907096e-03
4.258059386113900203e-03
-1.146361043840406603e-03
-6.230974988870542110e-03
-9.291350058270758314e-03
-9.336775275443198047e-03
-6.414675180645573044e-03
-1.570438176858773675e-03
3.534736648111207191e-03
7.205991581169526698e-03
8.289007750965832200e-03
6.538157902899597272e-03
2.659449149178557022e-03
-1.972279195565088388e-03
-5.809012520076176252e-03
-7.656564154354356805e-03
-7.050007729704000844e-03
-4.357996066718564966e-03
-5.984187567805844630e-04
2.950392273377211091e-03
5.193562022397004048e-03
5.561585659518870038e-03
4.142268070936151216e-03
1.577994424885837983e-03
-1.210935631036055013e-03
-3.360980798969556704e-03
-4.334807541183757947e-03
-4.040512924269578851e-03
-2.781148945954069196e-03
-1.080069485201620542e-03
5.330475207152647783e-04
1.689183100289821287e-03
2.246748515769896645e-03
2.255328014623037176e-03
1.857784500012191285e-03
1.192243919119543877e-03
3.446960702983119522e-04
-6.316139817205702325e-04
-1.653479481697833764e-03
-2.551174179296292026e-03
-3.066676624460451181e-03
-2.927328155656712221e-03
-1.973979500424432199e-03
-2.868048983983902817e-04
1.759711082692257296e-03
3.559685917559424206e-03
4.456704879109638952e-03
3.988181257344118602e-03
2.100984168119814262e-03
-7.566950999303446437e-04
-3.724266063000409091e-03
-5.789316167528512844e-03
-6.140103941693825403e-03
-4.484682595757627510e-03
-1.211056185448540056e-03
2.688205488575839009e-03
5.919952286300807741e-03
7.328954074743533782e-03
6.319155280401981059e-03
3.101462680968484868e-03
-1.333308047845704891e-03
-5.522339128366424502e-03
-8.022668398383312610e-03
-7.918153303934426929e-03
-5.159601486204637086e-03
-6.103983986262236702e-04
4.228188957466355244e-03
7.723040369789756568e-03
8.672421826677066681e-03
6.728251197990809708e-03
2.526184348727341170e-03
-2.525679695631530969e-03
-6.727748308032000489e-03
-8.671922194459915495e-03
-7.722544986724949601e-03
-4.227698182890731425e-03
6.108849712676981195e-04
5.160084694484717675e-03
7.918636330879786842e-03
8.023154496743291689e-03
5.522830775235073458e-03
1.333806602050889275e-03
-3.100957259274811362e-03
-6.318644441330509461e-03
-7.328440443708146047e-03
-5.919439222117058551e-03
-2.687696511464107881e-03
1.211557996065076815e-03
4.485175126035671582e-03
6.140586396966926305e-03
5.789789190989059683e-03
3.724731596070227687e-03
7.571560077166362892e-04
-2.100524641942993001e-03
-3.987720106670623876e-03
-4.456239918752805465e-03
-3.559216197605952897e-03
-1.759237153498475516e-03
2.872814728582515943e-04
1.974455895482259485e-03
2.927800924346420954e-03
3.067142387974495111e-03
2.551630240536335685e-03
1.653924321397867714e-03
6.320475275225040336e-04
-3.442724557775425111e-04
-1.191827733420896184e-03
-1.857372625605402915e-03
-2.254917374132935949e-03
-2.246336730421149164e-03
-1.688769019884892031e-03
-5.326315168517215676e-04
1.080485526553064991e-03
2.781561939095418719e-03
4.040919150288917183e-03
4.335203359540480000e-03
3.361363365569434991e-03
1.211303482269342462e-03
-1.577641053408217371e-03
-4.141927228533807438e-03
-5.561254068829653632e-03
-5.193235623664721468e-03
-2.950068932166156465e-03
5.987428274530856315e-04
4.358321200088214296e-03
7.050333127808076396e-03
7.656887736882572564e-03
5.809331303855006304e-03
1.972589857837089844e-03
-2.659149634044967979e-03
-6.537871910201408822e-03
-8.288736403842322104e-03
-7.205734529377326794e-03
-3.534492086643653812e-03
1.570673199318117861e-03
6.414904222108496444e-03
9.337001823337324688e-03
9.291576843209857148e-03
6.231203424233267701e-03
1.146590907853563658e-03
-4.257829954332112768e-03
-8.145401948964514638e-03
-9.183701948983734320e-03
-7.011170543301917073e-03
-2.366815557830969328e-03
3.164891125447216822e-03
7.704631439657324415e-03
9.730059197840082094e-03
8.598417488119465546e-03
4.756800877520030862e-03
-4.306589612599047868e-04
-5.172573763576633100e-03
-7.879133028385346127e-03
-7.705679172903058191e-03
-4.821409591228761719e-03
-3.156153706760318539e-04
4.214598335877601729e-03
7.238919165661389030e-03
7.821550952773103499e-03
5.916636360303934548e-03
2.336268771809817298e-03
-1.582679161712099904e-03
-4.479045661004717183e-03
-5.447128305329920935e-03
-4.323773978374660307e-03
-1.690226364061325759e-03
1.394254488331976571e-03
3.812450818060315015e-03
4.798004461973841804e-03
4.182258907089104680e-03
2.398558442647961107e-03
2.599209200191895941e-04
-1.388197084902954110e-03
-1.996974963997535761e-03
-1.497949496370921951e-03
-2.792328251383759466e-04
1.021593393589394043e-03
1.811376244963098158e-03
1.795144892420249714e-03
1.085294607259931028e-03
1.261843511262682215e-04
-5.268120749384125551e-04
-4.739111842987802129e-04
3.347410102531328145e-04
1.563132731778157447e-03
2.629624545536272950e-03
2.965227584856854753e-03
2.279772829615442972e-03
7.197442684342358031e-04
-1.156005379902149115e-03
-2.581665101187116326e-03
-2.893755013824316717e-03
-1.820118645605287673e-03
3.727659190348883928e-04
2.942950980742824359e-03
4.933030688546445261e-03
5.533261261383562619e-03
4.408589780115424600e-03
1.858688830078504680e-03
-1.259607297523492216e-03
-3.827976058929621894e-03
-4.875519757705583206e-03
-3.948645167898208116e-03
-1.300073949616852281e-03
2.180419536629012774e-03
5.274344076239098622e-03
6.872156889883774232e-03
6.379817548306970440e-03
3.943064337689586828e-03
4.041230846063727363e-04
-2.995795504843187969e-03
-5.060604533310062575e-03
-5.068012456844728057e-03
-3.026312528654792437e-03
3.336054912660768655e-04
3.826204925668232320e-03
6.239301050955232270e-03
6.764737635739748005e-03
5.275933749286403768e-03
2.354919930160426136e-03
-9.347974370521984835e-04
-3.440636299138884191e-03
-4.331729994106874385e-03
-3.379074632603078134e-03
-1.008501276303378586e-03
1.883202117264369275e-03
4.271635517880693379e-03
5.375170496705637853e-03
4.916346893576865537e-03
3.185400758987415575e-03
8.944965453653744378e-04
-1.110478109502208328e-03
-2.164657698452121179e-03
-2.007175945771447201e-03
-8.363468233078526302e-04
8.103945823913231896e-04
2.291855594229799675e-03
3.114009724176391644e-03
3.098230673585223617e-03
2.408621895093263944e-03
1.440858416112077243e-03
6.303027169523264025e-04
2.659163595451225631e-04
3.875477758372134515e-04
8.036186436127261325e-04
1.211866160150225575e-03
1.361681644350518474e-03
1.180850891239324961e-03
8.084586249044736165e-04
5.197558214308961762e-04
5.790401725378343471e-04
1.090553675418581272e-03
1.919971635945609675e-03
2.728742617081433407e-03
3.113397345402408017e-03
2.792837856911378931e-03
1.760845887831195963e-03
3.307976997657285142e-04
-9.582095612802144858e-04
-1.545794658240484979e-03
-1.087071770916975873e-03
3.767706787589621890e-04
2.392320311599322596e-03
4.235841553302040208e-03
5.178811122195369453e-03
4.778305569600358252e-03
3.076395010992810392e-03
6.219641734877441597e-04
-1.705863323697569354e-03
-3.015613065211947275e-03
-2.746220698437247011e-03
-9.020514294619281104e-04
1.917146884650054598e-03
4.713474948504293820e-03
6.450070302661648804e-03
6.441498596089981557e-03
4.627071185155455166e-03
1.618010467937934732e-03
-1.507877885050763062e-03
-3.594746600827119186e-03
-3.839004072913757958e-03
-2.099659027872516175e-03
1.031863017939874897e-03
4.435000705686158520e-03
6.866419862572457379e-03
7.420569795497300100e-03
5.872332036370157826e-03
2.771047176198765220e-03
-7.532720752592287879e-04
-3.402826002389057122e-03
-4.192211501301157210e-03
-2.816726436907814480e-03
2.299581971570712098e-04
3.834781086751907521e-03
6.675920752376714000e-03
7.712775086280128714e-03
6.572451239329124215e-03
3.688045591546129393e-03
1.367234381865847261e-04
-2.762078553350830711e-03
-3.937767973625327933e-03
-2.965249649541714348e-03
-2.191193366845429168e-04
3.271463275336584757e-03
6.211350365450743483e-03
7.524277358255029163e-03
6.751586044175045959e-03
4.216064059324137886e-03
8.918821817271847157e-04
-1.967656618649160031e-03
-3.302178127183293642e-03
-2.637633713462311270e-03
-2.543340811321253723e-04
2.930454130981863248e-03
5.717272230148243151e-03
7.079353904360794619e-03
6.544841254452050602e-03
4.363293418670802747e-03
1.397277277786510312e-03
-1.215181378672659275e-03
-2.495559197439223449e-03
-1.990680814828554770e-03
6.783461739069310921e-05
2.867084574570772683e-03
5.334765273161980008e-03
6.552466832171274444e-03
6.100844123007988576e-03
4.206474746734476314e-03
1.638954650340849941e-03
-5.970241130630775991e-04
-1.651947022174280822e-03
-1.152659787633671063e-03
6.672369995704714035e-04
3.073507518694028762e-03
5.127527039312060331e-03
6.053975658843852373e-03
5.536186127340704186e-03
3.826541061308055564e-03
1.633311780055145615e-03
-1.669845999741045362e-04
-8.758303476587572193e-04
-2.412503008050987752e-04
1.454671591356101502e-03
3.519639934699124277e-03
5.133527133873623700e-03
5.674946626026065345e-03
4.962510235759229685e-03
3.317225265844783721e-03
1.424794070748665884e-03
5.576392337329915576e-05
-2.431248847798133240e-04
6.364598590899489452e-04
2.327841615886026404e-03
4.142871987228563882e-03
5.352032870890281388e-03
5.477942939137076667e-03
4.484963225538061114e-03
2.790033624984500273e-03
1.091866016506565359e-03
8.793135143929014044e-05
1.933323685101321840e-04
1.374013870671190194e-03
3.160841075067690950e-03
4.838468740458852502e-03
5.733162303707912966e-03
5.484164725580995166e-03
4.189833451792536988e-03
2.370063410611394222e-03
7.597453266751208033e-04
1.542852117259023448e-05
4.520740348479212155e-04
1.914932576082488402e-03
3.838027317501715389e-03
5.466715231571364977e-03
6.156573006170010937e-03
5.630228775283959569e-03
4.090018045949194922e-03
2.141294154990004955e-03
5.558464247839024200e-04
-3.178557710682717848e-05
6.245975325315452926e-04
2.283643425479139465e-03
4.308810739061648409e-03
5.916562247987304513e-03
6.483288156150848573e-03
5.790342318616364600e-03
4.110680186874582885e-03
2.102901324282937644e-03
5.542184053531114133e-04
7.301631135068500054e-05
8.514393369399198171e-04
2.590893760082613531e-03
4.619463391454964665e-03
6.154925293650508750e-03
6.610119242274276399e-03
5.821111427090068513e-03
4.109151897855546978e-03
2.152785391524123394e-03
7.209048034590616197e-04
3.719430468139527926e-04
1.237140285854467989e-03
2.972370947735448066e-03
4.896529647595807000e-03
6.261155892290053496e-03
6.544567970246215234e-03
5.654733721365014058e-03
3.961564841472358690e-03
2.147096245960790611e-03
9.338799898609489395e-04
7.995156366335925144e-04
1.790059397853755677e-03
3.505449192653175856e-03
5.261620428851246888e-03
6.364119035437679379e-03
6.384183534198236733e-03
5.327748382630092747e-03
3.630695790608476445e-03
1.982878307428297647e-03
1.051476807094054756e-03
1.214132025243288291e-03
2.408237356023906241e-03
4.156356529445089272e-03
5.757688869762734446e-03
6.569144412866750188e-03
6.263796508428488841e-03
4.963335679599834016e-03
3.191004655504597973e-03
1.663420248017416156e-03
1.003875828712573817e-03
1.491410198335251088e-03
2.946111236468830150e-03
4.797319621543944326e-03
6.308648178656740477e-03
6.871193535287581020e-03
6.248452367623690863e-03
4.674918322735886755e-03
2.767910003760078348e-03
1.285961883396555738e-03
8.284617957507703530e-04
1.595395084782021350e-03
3.303046665062286946e-03
5.290630303839588197e-03
6.777505607544202088e-03
7.170562592495424367e-03
6.300731172175802648e-03
4.494472341399129676e-03
2.450343271938026143e-03
9.678736988244596249e-04
6.343000087829928557e-04
1.592036605331107520e-03
3.478998367227564403e-03
5.566332819665638539e-03
7.040933391485129991e-03
7.322832902640488868e-03
6.293315900339544952e-03
4.343921515561456961e-03
2.226230472505892101e-03
7.602875155345463747e-04
5.150699043171115890e-04
1.585828720689523314e-03
3.555666651071197684e-03
5.656920915920172349e-03
7.069765532138989547e-03
7.241682963498354171e-03
6.102977241100778980e-03
4.093920276930578320e-03
1.992661855979615919e-03
6.112969503279731039e-04
4.789808391661941052e-04
1.635840430075022420e-03
3.618847400763827195e-03
5.642000356326508544e-03
6.912497302334387646e-03
6.907825945376089294e-03
5.711582849418357470e-03
3.462457976516130492e-03
2.794104135096924478e-03
3.329505867891416251e-03
3.788126388379134575e-03
4.186137912407236067e-03
4.301154437896853935e-03
4.085594422363770378e-03
3.613521558250112117e-03
3.066004965642343209e-03
2.655071668233179461e-03
2.538375322145831545e-03
2.754649818803872868e-03
3.206568285904293648e-03
3.698263483332557382e-03
4.012966988756860864e-03
4.000240432060777306e-03
3.638035008134125285e-03
3.044514375151052919e-03
2.434074068417215516e-03
2.034125300991080493e-03
1.994890556550349241e-03
2.327782655058929437e-03
2.897182166694605050e-03
3.469925693165211433e-03
3.804153635640246823e-03
3.743567231528503562e-03
3.280363074180428842e-03
2.561866883979775113e-03
1.837191844500853316e-03
1.363591148214395553e-03
1.307953448423253761e-03
1.681328886542130885e-03
2.332105142718532420e-03
3.001147440202018516e-03
3.418538275374918226e-03
3.405437967554954433e-03
3.291838458258039210e-03
3.175146543915010472e-03
3.055621841402630413e-03
2.933523967597579697e-03
2.809112539376650008e-03
2.682647173616520275e-03
2.554387487193953126e-03
2.424593096985712924e-03
2.293523619868476863e-03
2.161438672719039229e-03
2.028597872414075482e-03
1.895260835830351502e-03
1.761687179844631437e-03
1.628136521333590526e-03
1.494868477174024794e-03
1.362142664242609047e-03
1.230218699416109601e-03
1.099356199571289300e-03
9.698147815848262056e-04
8.418540623335120029e-04
7.157336586940263789e-04
5.917131875431316367e-04
4.700522657575917059e-04
3.510105102140867071e-04
2.348475377894046392e-04
1.218229653602294718e-04
1.219640980332242384e-05
-9.377251200455767079e-05
-1.958241831867230478e-04
-2.936989868663931894e-04
-3.871373061668759944e-04
-4.758795242114138759e-04
-5.596660241232540717e-04
-6.382371890256983548e-04
-7.113334020419765074e-04
-7.786950462953850984e-04
-8.400625049091735340e-04
-8.951761610065938225e-04
-9.437763977109355938e-04
-9.856035981454422910e-04
-1.020398145433395846e-03
-1.047900422698052171e-03
-1.067850813062672490e-03
-1.079989699650529735e-03
-1.084057465584884698e-03
-1.079794493989002287e-03
-1.066941167986145680e-03
-1.045237870699584773e-03
-1.014424985252577321e-03
-9.742428947683901864e-04
-9.244319823702995542e-04
-8.647326311815488678e-04
-7.948852243254297088e-04
-7.146301449251746783e-04
-6.237077761040632148e-04
-5.218585009853847316e-04
-4.088227026923579518e-04
-2.843407643482987433e-04
-1.481530690764154209e-04
0.000000000000000000e+00
