1.665334536937734811e-16
1.514089411050606026e-03
1.667088267800809903e-03
4.998274504373071336e-04
-1.946862160853574542e-03
-5.632149685884704424e-03
-1.051520424446817335e-02
-1.655519495641934874e-02
-2.371129094154861630e-02
-3.194266131967232747e-02
-4.120847521060226615e-02
-5.146790173414893255e-02
-6.268011001013064354e-02
-7.480426915835503010e-02
-8.779954829864082544e-02
-1.016251165507987830e-01
-1.162401430346384490e-01
-1.316037968699794170e-01
-1.476752471766285268e-01
-1.644136630744056360e-01
-1.817782136831205542e-01
-1.997280681225823973e-01
-2.182223955126122994e-01
-2.372203649730154074e-01
-2.566811456236128830e-01
-2.765639065842142030e-01
-2.968278169746276229e-01
-3.174320459146755535e-01
-3.383357625241617539e-01
-3.594981359229090789e-01
-3.808783352307257841e-01
-4.024355295674202360e-01
-4.241288880528151783e-01
-4.459175798067143148e-01
-4.677607739489404448e-01
-4.896176395993017683e-01
-5.114473458776065407e-01
-5.332090619036780055e-01
-5.548619567973194222e-01
-5.763651996783535347e-01
-5.976779596665886540e-01
-6.187594058818333131e-01
-6.395687074439100339e-01
-6.600650334726230195e-01
-6.802075530877942366e-01
-6.999554354092323294e-01
-7.192678495567466079e-01
-7.381039646501578178e-01
-7.564229498092720494e-01
-7.741839741539096043e-01
-7.913462068038799035e-01
-8.078688168789924795e-01
-8.237109734990679666e-01
-8.388318457839122333e-01
-8.531906028533453590e-01
-8.667464138271772089e-01
-8.794584478252178705e-01
-8.912858739672864239e-01
-9.021878613731905139e-01
-9.121235791627482214e-01
-9.210521964557705221e-01
-9.289328823720686135e-01
-9.357248060314593552e-01
-9.413871365537527236e-01
-9.458790430587644682e-01
-9.491596946663065637e-01
-9.511882604961915399e-01
-9.519239096682335921e-01
-9.513258113022455831e-01
-9.493531345180404868e-01
-9.459650484354313882e-01
-9.414363957483063983e-01
-9.369184191536037432e-01
-9.324298426535581052e-01
-9.279631601428162124e-01
-9.235071354430006707e-01
-9.190696345776498966e-01
-9.146903499505292245e-01
-9.104374245381203767e-01
-9.063890161504404297e-01
-9.026074271314634689e-01
-8.991167317390822422e-01
-8.958934430372460511e-01
-8.928742735204031611e-01
-8.899778201012480405e-01
-8.871311461490724026e-01
-8.842902530199118205e-01
-8.814461737736650759e-01
-8.786146886586303495e-01
-8.758147532084400444e-01
-8.730456126755737900e-01
-8.702731153933515040e-01
-8.674317134100781868e-01
-8.644418219036036355e-01
-8.612355234817515859e-01
-8.577799265115682026e-01
-8.540884002225670457e-01
-8.502150249570660234e-01
-8.462346963803000222e-01
-8.422173550714717738e-01
-8.382071955392268459e-01
-8.342154294147066107e-01
-8.302292280828075244e-01
-8.262324226451912557e-01
-8.222284266235935224e-01
-8.182548703334170392e-01
-8.143830120247768090e-01
-8.107015698073863907e-01
-8.072913682185729467e-01
-8.042012072951393309e-01
-8.014349249960908139e-01
-7.989548759915624521e-01
-7.967000827955794673e-01
-7.946111292934725512e-01
-7.926511026342123456e-01
-7.908137319602057680e-01
-7.891155257632831432e-01
-7.875757147735853447e-01
-7.861931421021606248e-01
-7.849306155059446732e-01
-7.837140581715835719e-01
-7.824474365276751220e-01
-7.810376468204467404e-01
-7.794192300799341888e-01
-7.775688161868623549e-01
-7.755035569747327218e-01
-7.732646174509592019e-01
-7.708931237230466360e-01
-7.684090970230204043e-01
-7.658024937938987531e-01
-7.630401358771294884e-01
-7.600853235693327825e-01
-7.569213530861655936e-01
-7.535683913416653112e-01
-7.500859507152117800e-01
-7.465593648765915802e-01
-7.430755291930907225e-01
-7.396977782184739336e-01
-7.364501507027765292e-01
-7.333172805579684095e-01
-7.302594770102978083e-01
-7.272360925194611969e-01
-7.242268016085574578e-01
-7.212414232328424601e-01
-7.183139736848587198e-01
-7.154835504092005305e-01
-7.127704407574464440e-01
-7.101580195129532092e-01
-7.075886062757048567e-01
-7.049755212583243003e-01
-7.022266523905412727e-01
-6.992698986828969065e-01
-6.960700718610758342e-01
-6.926305207125103003e-01
-6.889793104233903343e-01
-6.851464098709967310e-01
-6.811421528597415564e-01
-6.769466114006083002e-01
-6.725147197583991598e-01
-6.677950874147312588e-01
-6.627544152225791629e-01
-6.573968842984669880e-01
-6.517699311944078477e-01
-6.459535872845020288e-01
-6.400375683599918153e-01
-6.340955342804321937e-01
-6.281671406657614032e-01
-6.222551451068235595e-01
-6.163383446122648879e-01
-6.103942980034249288e-01
-6.044215597353461700e-01
-5.984513663550942164e-01
-5.925433222625337004e-01
-5.867666149086698812e-01
-5.811746442614720287e-01
-5.757839301343626870e-01
-5.705664694533426617e-01
-5.654590586204171210e-01
-5.603858860075098258e-01
-5.552850536344990928e-01
-5.501279474814098069e-01
-5.449236624328281930e-01
-5.397063138702240526e-01
-5.345131863821147578e-01
-5.293566211233412533e-01
-5.242237887001695018e-01
-5.190340761626383026e-01
-5.136675994053343519e-01
-5.081110319373871587e-01
-5.023924163999773373e-01
-4.965796913203522900e-01
-4.907520342011966741e-01
-4.849727156145069995e-01
-4.792690423040854575e-01
-4.736299117909860690e-01
-4.680208772766122349e-01
-4.624102293376420869e-01
-4.567945211081733126e-01
-4.512123254245629100e-01
-4.457399901827626132e-01
-4.404708289112292952e-01
-4.354862108890472649e-01
-4.308304331911762541e-01
-4.264996447769696664e-01
-4.224491590824508425e-01
-4.186157704630878440e-01
-4.149454564693697001e-01
-4.114147288719474660e-01
-4.080367518543250860e-01
-4.048499303844019792e-01
-4.018941638648693138e-01
-3.991852087817341355e-01
-3.966983319503469274e-01
-3.943684118249107806e-01
-3.921066425391327437e-01
-3.898269957499542748e-01
-3.874715652716781977e-01
-3.850245242672988288e-01
-3.825093467195703756e-01
-3.799710440414682533e-01
-3.774514019037922274e-01
-3.749679393680144801e-01
-3.725054675810837157e-01
-3.700235550896882608e-01
-3.674763364393107135e-01
-3.648358711414518840e-01
-3.621088644145525337e-01
-3.593395297564540014e-01
-3.565973647347546183e-01
-3.539550220810417369e-01
-3.514655549590837147e-01
-3.491483872346597406e-01
-3.469894062112712785e-01
-3.449544207897358161e-01
-3.430095546023337882e-01
-3.411393710347448982e-01
-3.393547903809127630e-01
-3.376875286702497592e-01
-3.361737790112046542e-01
-3.348345396857210776e-01
-3.336613539861988942e-01
-3.326137454383900072e-01
-3.316294523886540446e-01
-3.306429867013447876e-01
-3.296045036361566205e-01
-3.284909927193703782e-01
-3.273053236516863529e-01
-3.260641173783723201e-01
-3.247803475595956169e-01
-3.234488419169531670e-01
-3.220414650633410814e-01
-3.205143446755579495e-01
-3.188240204511437748e-01
-3.169453337314407371e-01
-3.148830154315853669e-01
-3.126716576508243306e-01
-3.103638673815348192e-01
-3.080116387513880394e-01
-3.056490150845097564e-01
-3.032835763359665315e-01
-3.009004073570457072e-01
-2.984766685139796372e-01
-2.960001287200980102e-01
-2.934831492078099346e-01
-2.909654845426654646e-01
-2.885041179870497796e-01
-2.861540805950278932e-01
-2.839483097439696735e-01
-2.818852596970623514e-01
-2.799298292000008126e-01
-2.780275302369188961e-01
-2.761261000668212562e-01
-2.741954496964458809e-01
-2.722374519817820637e-01
-2.702813529092292777e-01
-2.683667469682384787e-01
-2.665214613788486342e-01
-2.647440042672881688e-01
-2.629984133918648048e-01
-2.612241402304265603e-01
-2.593572124083634023e-01
-2.573540518007762512e-01
-2.552080730717602997e-01
-2.529521109134094670e-01
-2.506456120232194440e-01
-2.483519005646035727e-01
-2.461149823833641004e-01
-2.439455310046507175e-01
-2.418218063710329546e-01
-2.397049286348926223e-01
-2.375618595292930124e-01
-2.353861843764788186e-01
-2.332077458193934916e-01
-2.310869358111982408e-01
-2.290959420184928708e-01
-2.272947307468103917e-01
-2.257117100119502284e-01
-2.243369594956695634e-01
-2.231305577012006602e-01
-2.220421818471144393e-01
-2.210334982928240377e-01
-2.200938589055077554e-01
-2.192428539603170634e-01
-2.185190033174002067e-01
-2.179598207617105543e-01
-2.175821139345125999e-01
-2.173711607330915674e-01
-2.172834661179424698e-01
-2.172618761145256039e-01
-2.172564949890613550e-01
-2.172424157783566789e-01
-2.172267517552375349e-01
-2.172422021358218769e-01
-2.173302854882903090e-01
-2.175218334658179931e-01
-2.178234395064266582e-01
-2.182158264071218101e-01
-2.186647614846088938e-01
-2.191395526173050834e-01
-2.196307539381210649e-01
-2.201589969922862211e-01
-2.207707283954799815e-01
-2.215223988795105015e-01
-2.224597919428866755e-01
-2.236014372539659456e-01
-2.249334010708748111e-01
-2.264178592602432427e-01
-2.280118284239343873e-01
-2.296878932356265779e-01
-2.314477368426026693e-01
-2.333222612281992681e-01
-2.353578449740809930e-01
-2.375943900902842965e-01
-2.400445615777543895e-01
-2.426833653319075412e-01
-2.454529854908527875e-01
-2.482813695991042124e-01
-2.511071328486577658e-01
-2.539004905570543813e-01
-2.566713940747494815e-01
-2.594612871003544874e-01
-2.623217472951216989e-01
-2.652888562867634636e-01
-2.683640715802712573e-01
-2.715097940395443943e-01
-2.746617667364419368e-01
-2.777534012729975244e-01
-2.807420651151236735e-01
-2.836264210582602474e-01
-2.864475106939186055e-01
-2.892729389260242367e-01
-2.921704873324308394e-01
-2.951818726805440773e-01
-2.983072936074595560e-01
-3.015069326458588161e-01
-3.047185940028160900e-01
-3.078840567307380427e-01
-3.109732257864242233e-01
-3.139961925400561737e-01
-3.169984053848766692e-01
-3.200411546581087840e-01
-3.231755807838077588e-01
-3.264209541595540220e-01
-3.297560499381337884e-01
-3.331269184584618182e-01
-3.364675603277914040e-01
-3.397248019237349426e-01
-3.428771680020904489e-01
-3.459402980721381637e-01
-3.489572177895150507e-01
-3.519780831337747107e-01
-3.550382254202000820e-01
-3.581437360895242672e-01
-3.612703310447370475e-01
-3.643754518793626551e-01
-3.674179966313075307e-01
-3.703770462759897186e-01
-3.732616751411164668e-01
-3.761079825714146452e-01
-3.789650443847218386e-01
-3.818761445428567880e-01
-3.848634400411242162e-01
-3.879224489888875027e-01
-3.910282875611778564e-01
-3.941504059198980281e-01
-3.972689541564333737e-01
-4.003853933958774203e-01
-4.035227115176752699e-01
-4.067153406357356671e-01
-4.099934855678500356e-01
-4.133690269241783732e-01
-4.168294040052294980e-01
-4.203422658473009443e-01
-4.238688250417096404e-01
-4.273799620998169901e-01
-4.308679004224890141e-01
-4.343482423435550688e-01
-4.378514524552071241e-01
-4.414075963810874526e-01
-4.450311998325782170e-01
-4.487131221895826472e-01
-4.524233043030901902e-01
-4.561234628727751650e-01
-4.597843522106198622e-01
-4.634000657907965115e-01
-4.669929853464496738e-01
-4.706069421499801675e-01
-4.742912437094123357e-01
-4.780822332302904210e-01
-4.819902291705653874e-01
-4.859974891669137098e-01
-4.900681683925615095e-01
-4.941660854938879077e-01
-4.982726972602283255e-01
-5.023975213101534720e-01
-5.065763990758224145e-01
-5.108581417843007788e-01
-5.152850635422212555e-01
-5.198755590181491915e-01
-5.246160887178821230e-01
-5.294660141026086286e-01
-5.343733334408853342e-01
-5.392947857231286113e-01
-5.442119658340873745e-01
-5.491368051486305024e-01
-5.541042816625495471e-01
-5.591556117140865645e-01
-5.643191570544104918e-01
-5.695971753423821893e-01
-5.749639925767880966e-01
-5.803762840174575555e-01
-5.857910184587112878e-01
-5.911834237644936207e-01
-5.965574139655740460e-01
-6.019442145760683927e-01
-6.073899632355093114e-01
-6.129376943583411119e-01
-6.186113743221822725e-01
-6.244086098128123208e-01
-6.303048061146545589e-01
-6.362665931156454846e-01
-6.422684043990486424e-01
-6.483048685531669353e-01
-6.543936485388468505e-01
-6.605676337883841232e-01
-6.668600634813783845e-01
-6.732891999789881732e-01
-6.798492720078668228e-01
-6.865115607952685384e-01
-6.932349865022715552e-01
-6.999813753053624188e-01
-7.067285933614673166e-01
-7.134757714805898265e-01
-7.202384597022335466e-01
-7.270361070215718424e-01
-7.338777215873796278e-01
-7.407523985077728579e-01
-7.476292270085074243e-01
-7.544668616444847320e-01
-7.612286430992206698e-01
-7.678965459575701757e-01
-7.744776119186344010e-01
-7.809997774346020272e-01
-7.874987140316824785e-01
-7.940013856315335516e-01
-8.005136488391576544e-01
-8.070175987737622236e-01
-8.134801381672888132e-01
-8.198692362605923822e-01
-8.261707564962028627e-01
-8.323982084514042201e-01
-8.385906308202216719e-01
-8.447988820608385296e-01
-8.510657649253932089e-01
-8.574083368384429749e-01
-8.638101336987442647e-01
-8.702270302237042898e-01
-8.766047053583855275e-01
-8.829006169513000657e-01
-8.891012176540756817e-01
-8.952268924372527303e-01
-9.013221332151681864e-01
-9.074347131703224267e-01
-9.135924455039610148e-01
-9.197874143988322704e-01
-9.259747021301771852e-01
-9.320867196980043845e-01
-9.380577088030659372e-01
-9.438485674209580178e-01
-9.494617782742411638e-01
-9.549401096095500030e-01
-9.603493635716632282e-01
-9.657520570281583616e-01
-9.711827878414304172e-01
-9.766354626435662656e-01
-9.820677617842453744e-01
-9.874211434947393062e-01
-9.926482466957918804e-01
-9.977364118833840223e-01
-1.002717529160529919e+00
-1.007659971853640091e+00
-1.012645698498058078e+00
-1.017741687037620579e+00
-1.022977196022100133e+00
-1.028335967185546096e+00
-1.033766373879086320e+00
-1.039205199468032248e+00
-1.044605214415808225e+00
-1.049955279761565885e+00
-1.055284885898570613e+00
-1.060651493504629617e+00
-1.066116099990834565e+00
-1.071717212193627367e+00
-1.077453934508597833e+00
-1.083284979779784996e+00
-1.089143798779183214e+00
-1.094963448112104887e+00
-1.100700976460031288e+00
-1.106351531599118809e+00
-1.111946833090889930e+00
-1.117539189418238710e+00
-1.123178119645045214e+00
-1.128889454612695298e+00
-1.134665449760916545e+00
-1.140469606246392820e+00
-1.146253670133244418e+00
-1.151979288580579963e+00
-1.157635103158147105e+00
-1.163242265214113003e+00
-1.168846422798177853e+00
-1.174499951436972944e+00
-1.180242153741536182e+00
-1.186085728393558858e+00
-1.192014857340251366e+00
-1.197995118791367775e+00
-1.203990401967316659e+00
-1.209979198086483576e+00
-1.215963205046500129e+00
-1.221964781218763285e+00
-1.228014771324753118e+00
-1.234136404320231861e+00
-1.240332535430158645e+00
-1.246581851161171928e+00
-1.252845571799518831e+00
-1.259081512334513597e+00
-1.265259166423128079e+00
-1.271369146632444824e+00
-1.277422946247013469e+00
-1.283443375132187869e+00
-1.289450206996562764e+00
-1.295447697782187824e+00
-1.301419763197245727e+00
-1.307335135337410081e+00
-1.313160290333288405e+00
-1.318874377003063092e+00
-1.324479393308895192e+00
-1.330000884143732964e+00
-1.335478605799855778e+00
-1.340951077669291447e+00
-1.346440729119229296e+00
-1.351946196308163595e+00
-1.357445260654813302e+00
-1.362907263208849029e+00
-1.368309608674182165e+00
-1.373651054741284128e+00
-1.378955750953196446e+00
-1.384265930082400509e+00
-1.389626080630929517e+00
-1.395065215158553196e+00
-1.400584832702833848e+00
-1.406157881308781388e+00
-1.411739401952593065e+00
-1.417284541337797688e+00
-1.422766391043539747e+00
-1.428186085966498098e+00
-1.433570816173685536e+00
-1.438960517562684283e+00
-1.444388843019006163e+00
-1.449866498870278742e+00
-1.455374089742648147e+00
-1.460867626716732204e+00
-1.466294503780256608e+00
-1.471613305434506858e+00
-1.476809165199232332e+00
-1.481898257613539327e+00
-1.486919581975025162e+00
-1.491917535049249288e+00
-1.496922615860885486e+00
-1.501938335079207931e+00
-1.506939720434035346e+00
-1.511883870091902393e+00
-1.516727917920555058e+00
-1.521446696581410407e+00
-1.526042601071549099e+00
-1.530543576001071937e+00
-1.534990264952245997e+00
-1.539417958564208710e+00
-1.543841104041973278e+00
-1.548246913922048051e+00
-1.552600605277609347e+00
-1.556859769478717848e+00
-1.560991499186147324e+00
-1.564984837892986480e+00
-1.568853298522431716e+00
-1.572626625912926901e+00
-1.576335697396964886e+00
-1.579997406260901016e+00
-1.583606281566723117e+00
-1.587136529053502443e+00
-1.590553500801730635e+00
-1.593829388715069850e+00
-1.596956053163923528e+00
-1.599949178114599802e+00
-1.602841825496349015e+00
-1.605670253012105864e+00
-1.608458383502320066e+00
-1.611207989160503118e+00
-1.613899161115216918e+00
-1.616501046397938568e+00
-1.618988171027656575e+00
-1.621355016651830017e+00
-1.623622104308652059e+00
-1.625830472759619116e+00
-1.628026566058071278e+00
-1.630243917568179102e+00
-1.632489683588267848e+00
-1.634742227529002001e+00
-1.636961297819190753e+00
-1.639106848451555631e+00
-1.641158604401651511e+00
-1.643127846442406614e+00
-1.645055960853478938e+00
-1.646999841193015568e+00
-1.649009930001900326e+00
-1.651110083280197482e+00
-1.653287949912155774e+00
-1.655500329433369444e+00
-1.657691717465855863e+00
-1.659818586639305371e+00
-1.661869310237473973e+00
-1.663871204804546311e+00
-1.665881379660229422e+00
-1.667964799688356203e+00
-1.670168376558306189e+00
-1.672501721842859057e+00
-1.674932602538951709e+00
-1.677399157833135979e+00
-1.679834021147754930e+00
-1.682190519143953900e+00
-1.684460181275713175e+00
-1.686674315707254124e+00
-1.688888952359698603e+00
-1.691159326757576631e+00
-1.693514428109462289e+00
-1.695942124398543527e+00
-1.698390985739843817e+00
-1.700788033180032244e+00
-1.703065101784307922e+00
-1.705183026874420804e+00
-1.707143869495475030e+00
-1.708986439026630944e+00
-1.710767314359055158e+00
-1.712535493740615200e+00
-1.714311278263128457e+00
-1.716078030969488522e+00
-1.717789932605330971e+00
-1.719392131889986075e+00
-1.720844588566284861e+00
-1.722139539389274887e+00
-1.723305392315774398e+00
-1.724395693072158675e+00
-1.725468104230920119e+00
-1.726562425333642903e+00
-1.727686864535261435e+00
-1.728818036440597616e+00
-1.729914158580830419e+00
-1.730935301428414785e+00
-1.731861685684764618e+00
-1.732702093267681986e+00
-1.733488938073336927e+00
-1.734262437461384199e+00
-1.735051054369439960e+00
-1.735856919237969809e+00
-1.736652662386529045e+00
-1.737391023243678223e+00
-1.738022984592621611e+00
-1.738516463705689352e+00
-1.738867391964411535e+00
-1.739098405739178954e+00
-1.739245858595306338e+00
-1.739341044222686872e+00
-1.739394115957308529e+00
-1.739388036063480358e+00
-1.739285486780156598e+00
-1.739045921781694481e+00
-1.738645366949844506e+00
-1.738090231023842192e+00
-1.737418852596920082e+00
-1.736689759560238633e+00
-1.735961387439073356e+00
-1.735271777109021141e+00
-1.734626896884312375e+00
-1.734002618488057257e+00
-1.733359541216411781e+00
-1.732664299927554774e+00
-1.731908108632827181e+00
-1.731114355465871446e+00
-1.730331663341372783e+00
-1.729615026609283124e+00
-1.729002795560324879e+00
-1.728499188761343675e+00
-1.728069810277581553e+00
-1.727652246046077034e+00
-1.727177493655867035e+00
-1.726593405490635558e+00
-1.725880478270525487e+00
-1.725053571602771063e+00
-1.724149079367889525e+00
-1.723203212481260627e+00
-1.722230770283158297e+00
-1.721213523306931670e+00
-1.720103230834253871e+00
-1.718838115111463782e+00
-1.717365942120743005e+00
-1.715664106142833045e+00
-1.713748422713338604e+00
-1.711667118287542255e+00
-1.709482714750826915e+00
-1.707249508473397404e+00
-1.704996033796875254e+00
-1.702719593859561398e+00
-1.700394674896297253e+00
-1.697991117050073662e+00
-1.695493834317885140e+00
-1.692915364613353457e+00
-1.690295788246144237e+00
-1.687690094474029401e+00
-1.685148480961554007e+00
-1.682698024285177674e+00
-1.680333432173433339e+00
-1.678020561334471861e+00
-1.675710845126677340e+00
-1.673360143313562531e+00
-1.670943793671860744e+00
-1.668461521903008560e+00
-1.665930483877073431e+00
-1.663370014257798735e+00
-1.660785310656913483e+00
-1.658157698217156417e+00
-1.655446125224455223e+00
-1.652599487877506768e+00
-1.649574523271548188e+00
-1.646351497362759542e+00
-1.642940862850993611e+00
-1.639378045693908881e+00
-1.635708799946659076e+00
-1.631971751182445196e+00
-1.628185972761015954e+00
-1.624349163519794415e+00
-1.620447211073297922e+00
-1.616470742955881335e+00
-1.612430994923471639e+00
-1.608367445059739609e+00
-1.604343170361553605e+00
-1.600429272052097840e+00
-1.596684625474483976e+00
-1.593139455426848983e+00
-1.589789775287659079e+00
-1.586605119334943081e+00
-1.583546222044941221e+00
-1.580584887749696410e+00
-1.577717214975360438e+00
-1.574964134459207798e+00
-1.572358735633885951e+00
-1.569925736072889322e+00
-1.567662118125467297e+00
-1.565527718763143339e+00
-1.563450479861913101e+00
-1.561344849311285810e+00
-1.559136118827354700e+00
-1.556780772889240216e+00
-1.554274435682462707e+00
-1.551644158943060514e+00
-1.548928434356932282e+00
-1.546153601438074343e+00
-1.543316958832834374e+00
-1.540384113805531197e+00
-1.537302032222367387e+00
-1.534022448664746463e+00
-1.530525684908828232e+00
-1.526834516251526441e+00
-1.523011753622338649e+00
-1.519142014941711194e+00
-1.515304857590263010e+00
-1.511550189532143484e+00
-1.507886003833047939e+00
-1.504283304413104760e+00
-1.500695843501528515e+00
-1.497086015014727600e+00
-1.493445627454031976e+00
-1.489802451205758382e+00
-1.486209507441185851e+00
-1.482721472970196741e+00
-1.479368169865882265e+00
-1.476136496909420615e+00
-1.472968724433572074e+00
-1.469778240206387476e+00
-1.466476480617489031e+00
-1.463000104823947600e+00
-1.459327255320248096e+00
-1.455476768854986114e+00
-1.451490312808243477e+00
-1.447407779432694053e+00
-1.443240869849186980e+00
-1.438973443793239104e+00
-1.434494197984264474e+00
-1.429740178503503323e+00
-1.424727132684215913e+00
-1.419505721432188228e+00
-1.414158816493959137e+00
-1.408771372992774440e+00
-1.403406820232124153e+00
-1.398092911687888629e+00
-1.392824655203602102e+00
-1.387581838547563784e+00
-1.382353169118266223e+00
-1.377156030219051530e+00
-1.372042864996837919e+00
-1.367090997934968799e+00
-1.362379878873106298e+00
-1.357965178373207404e+00
-1.353860550199104118e+00
-1.350034627595630754e+00
-1.346424339492817257e+00
-1.342958716014567289e+00
-1.339582966412493414e+00
-1.336272666639373163e+00
-1.333032316268314643e+00
-1.329879373739818016e+00
-1.326821207742114428e+00
-1.323835486675526196e+00
-1.320863051272272770e+00
-1.317816927602670107e+00
-1.314604165784004408e+00
-1.311151640048148215e+00
-1.307425206835059139e+00
-1.303434428645921850e+00
-1.299221214188975626e+00
-1.294837554014875991e+00
-1.290322106344292674e+00
-1.285685748360650082e+00
-1.280912209320147488e+00
-1.275973268258506099e+00
-1.270851602370010713e+00
-1.265560977698754419e+00
-1.260154540584816019e+00
-1.254717071485278224e+00
-1.249343946773035618e+00
-1.244115268483800829e+00
-1.239075709811082948e+00
-1.234228192465584906e+00
-1.229543609106789059e+00
-1.224981973997046891e+00
-1.220515563705799167e+00
-1.216143871581430780e+00
-1.211893855656994923e+00
-1.207805424958242613e+00
-1.203908595563701445e+00
-1.200202455639011179e+00
-1.196645407302873165e+00
-1.193161385772012917e+00
-1.189659936516947791e+00
-1.186062097255424552e+00
-1.182321550598997906e+00
-1.178432541293454650e+00
-1.174421722319107797e+00
-1.170327990076688085e+00
-1.166179455566391354e+00
-1.161977828247150013e+00
-1.157697177597822868e+00
-1.153297715668406553e+00
-1.148748638687131063e+00
-1.144050027868944497e+00
-1.139244085334281120e+00
-1.134410458471550864e+00
-1.129647159613447860e+00
-1.125044716841602233e+00
-1.120664057355873267e+00
-1.116526993458529127e+00
-1.112622753957207777e+00
-1.108927110577436981e+00
-1.105425258657431353e+00
-1.102128060923823982e+00
-1.099074212566848674e+00
-1.096317059897137236e+00
-1.093901559254373268e+00
-1.091841269130026326e+00
-1.090105389975203787e+00
-1.088621680072068720e+00
-1.087294368681946066e+00
-1.086029840603243146e+00
-1.084759604366629882e+00
-1.083451289482870283e+00
-1.082103613666023811e+00
-1.080728180996574528e+00
-1.079326641488577154e+00
-1.077873715901449536e+00
-1.076314015248634792e+00
-1.074574566824450628e+00
-1.072588083753408750e+00
-1.070317246801295141e+00
-1.067769681713223617e+00
-1.064997167460433491e+00
-1.062079250951565301e+00
-1.059098023284155810e+00
-1.056114517547142917e+00
-1.053156397574326997e+00
-1.050221651645539156e+00
-1.047296059428614257e+00
-1.044376235016119203e+00
-1.041487631523559942e+00
-1.038689073386459105e+00
-1.036061223651186358e+00
-1.033683381763130571e+00
-1.031608133931212645e+00
-1.029844431776001379e+00
-1.028356190789188052e+00
-1.027076966871139474e+00
-1.025934485759710135e+00
-1.024874679875348527e+00
-1.022958663680161973e+00
-1.019962400918007495e+00
-1.015917277082364567e+00
-1.010854677666710000e+00
-1.004805988164525266e+00
-9.978025940692850648e-01
-9.898758808744703153e-01
-9.810572340735607133e-01
-9.713780391600307373e-01
-9.608696816273641916e-01
-9.495635469690341113e-01
-9.374910206785218580e-01
-9.246834882493082386e-01
-9.111723351748663990e-01
-8.969889469486810318e-01
-8.821647090642243949e-01
-8.667310070149776280e-01
-8.507192262944230920e-01
-8.341607523960327120e-01
-8.170869708132916243e-01
-7.995292670396713097e-01
-7.815190265686535742e-01
-7.630876348937215559e-01
-7.442664775083452922e-01
-7.250869399060118070e-01
-7.055804075801906938e-01
-6.857782660243654238e-01
-6.657119007320185800e-01
-6.454126971966195336e-01
-6.249120409116567521e-01
-6.042413173705986074e-01
-5.834319120669287928e-01
-5.625152104941302245e-01
-5.415225981456721627e-01
-5.204854605150424085e-01
-4.994351830957103333e-01
-4.784031513811590752e-01
-4.574207508648717724e-01
-4.365193670403177961e-01
-4.157303854009846145e-01
-3.950851914403415988e-01
-3.746151706518721647e-01
-3.543517085290592283e-01
-3.343261905653723276e-01
-3.145700022542988195e-01
-2.951145290893083528e-01
-2.759911565638841768e-01
-2.572312701715084859e-01
-2.388662554056519283e-01
-2.209274977598007506e-01
-2.034463827274260450e-01
-1.864542958020099506e-01
-1.699826224770348837e-01
-1.540627482459717146e-01
-1.387260586023029707e-01
-1.240039390395104163e-01
-1.099277750510657820e-01
-9.652895213045406542e-02
-8.383885577114780219e-02
-7.188887146662839567e-02
-6.071038471037701334e-02
-5.033478099586727317e-02
-4.079344581658189695e-02
-3.211776466599547408e-02
-2.433912303758895002e-02
-1.748890642484174363e-02
-1.159850032122983210e-02
-6.699290220234049853e-03
-2.822661615330929186e-03
-2.775557561562891351e-17
