5.551115123125782702e-17
2.056506650144469123e-03
2.716114316910620517e-03
2.020735388692024813e-03
1.228225388260562804e-05
-3.267332699123631345e-03
-7.776197081931404687e-03
-1.347239850614920416e-02
-2.031402458337993461e-02
-2.825916292523290158e-02
-3.726590114331262971e-02
-4.729232684922274332e-02
-5.829652765457390973e-02
-7.023659117096699156e-02
-8.307060501001319042e-02
-9.675665678331638042e-02
-1.112528341024786593e-01
-1.265172245791127692e-01
-1.425079158248181432e-01
-1.591829954512074818e-01
-1.765005510698834656e-01
-1.944186702924479704e-01
-2.128954407305151120e-01
-2.318889499956825750e-01
-2.513572856995646143e-01
-2.712585354537634941e-01
-2.915507868698802296e-01
-3.121921275595299083e-01
-3.331406451343093544e-01
-3.543544272058341549e-01
-3.757915613857053527e-01
-3.974101352855241021e-01
-4.191682365169061009e-01
-4.410239526914477293e-01
-4.629353714207647963e-01
-4.848605803164581785e-01
-5.067576669901290298e-01
-5.285847190533932149e-01
-5.502998241178469474e-01
-5.718610697951058697e-01
-5.932265436967710803e-01
-6.143543334344440110e-01
-6.352025266197398601e-01
-6.557292108642557293e-01
-6.758924737796061510e-01
-6.956504029773931119e-01
-7.149610860692181546e-01
-7.337826106666954784e-01
-7.520730643814232952e-01
-7.697905348250155821e-01
-7.868931096090738819e-01
-8.033388763452005144e-01
-8.190859226450095676e-01
-8.340923361200991426e-01
-8.483162043820824394e-01
-8.617156150425617778e-01
-8.742486557131406988e-01
-8.858734140054305151e-01
-8.965479775310321031e-01
-9.062304339015561094e-01
-9.148788707286064081e-01
-9.224513756237870954e-01
-9.289060361987075964e-01
-9.342009400649711193e-01
-9.382941748341858679e-01
-9.411438281179568266e-01
-9.427079875278893129e-01
-9.429447406755901984e-01
-9.418121751726655777e-01
-9.392683786307207683e-01
-9.352714386613619757e-01
-9.301017953024132146e-01
-9.249336404570056569e-01
-9.197791540193245297e-01
-9.146195665257131902e-01
-9.094329210473330871e-01
-9.042222143839901971e-01
-8.990311902185293969e-01
-8.939404587831036864e-01
-8.890451710554485576e-01
-8.844234972386711968e-01
-8.801092067199398628e-01
-8.760799872419788858e-01
-8.722664920345952755e-01
-8.685783253574816953e-01
-8.649360349686825433e-01
-8.612957352879544448e-01
-8.576562759394075197e-01
-8.540464632675086598e-01
-8.504984689793898545e-01
-8.470195346555192684e-01
-8.435747935663865382e-01
-8.400891930274363428e-01
-8.364682365240411199e-01
-8.326291147232915968e-01
-8.285292592877654405e-01
-8.241803779443998001e-01
-8.196421788498938765e-01
-8.149986024098855308e-01
-8.103267513665038946e-01
-8.056716949646927084e-01
-8.010376530666858397e-01
-7.963989036972308755e-01
-7.917251917755636637e-01
-7.870101285391395418e-01
-7.822897619320849927e-01
-7.776427226361124490e-01
-7.731712824210723589e-01
-7.689708895888192064e-01
-7.651007390473312242e-01
-7.615675636957597305e-01
-7.583292050998990952e-01
-7.553161125097305195e-01
-7.524613471078650528e-01
-7.497261593065136509e-01
-7.471102586094001685e-01
-7.446426237345581400e-01
-7.423571821778695012e-01
-7.402642731230844042e-01
-7.383306750123711515e-01
-7.364773333351121165e-01
-7.345963398250368037e-01
-7.325804542039124900e-01
-7.303530691497965854e-01
-7.278863107278550348e-01
-7.252000246997989397e-01
-7.223425412810335899e-01
-7.193618406276127697e-01
-7.162797444768660426e-01
-7.130803281977957653e-01
-7.097175083299412934e-01
-7.061383649133420315e-01
-7.023118896441254977e-01
-6.982504410187531096e-01
-6.940142564755198418e-01
-6.896966108242319482e-01
-6.853954898902295811e-01
-6.811834083828380848e-01
-6.770877797064257519e-01
-6.730897161661797412e-01
-6.691412547935640109e-01
-6.651931539993624076e-01
-6.612209566253907100e-01
-6.572378738048418878e-01
-6.532888311580662410e-01
-6.494282344057349388e-01
-6.456911212250749932e-01
-6.420703129798861486e-01
-6.385096934969823890e-01
-6.349168914929979035e-01
-6.311903651593167019e-01
-6.272497206109525214e-01
-6.230567541802328746e-01
-6.186187189107846818e-01
-6.139729571092353844e-01
-6.091600200063673753e-01
-6.041972800734674021e-01
-5.990647462750970931e-01
-5.937094499906938605e-01
-5.880666835619181576e-01
-5.820890240750125066e-01
-5.757706199460612684e-01
-5.691561488517167255e-01
-5.623303479537541394e-01
-5.553922812440733603e-01
-5.484249986705584945e-01
-5.414731743411546061e-01
-5.345378547058755592e-01
-5.275900840560462379e-01
-5.205970673110972280e-01
-5.135491483994399919e-01
-5.064755546226730187e-01
-4.994417610885998338e-01
-4.925293098255958402e-01
-4.858065485284674412e-01
-4.793027529919171581e-01
-4.729967490955408471e-01
-4.668250303249230071e-01
-4.607060885283439933e-01
-4.545708145564379410e-01
-4.483862060253504533e-01
-4.421628069923331794e-01
-4.359423189533559451e-01
-4.297737655959852909e-01
-4.236802645376357424e-01
-4.176580097137789771e-01
-4.116200310410118024e-01
-4.054276739621011649e-01
-3.990682942210330153e-01
-3.925716758382926663e-01
-3.860093567271903336e-01
-3.794626769560699442e-01
-3.729939637795370855e-01
-3.666258177407368257e-01
-3.603399347086664872e-01
-3.540946149052413006e-01
-3.478534322603205609e-01
-3.416122814763551396e-01
-3.354128913029638115e-01
-3.293366745367249937e-01
-3.234812390829470696e-01
-3.179292909089883601e-01
-3.127228752621761254e-01
-3.078535852580910892e-01
-3.032725369021889161e-01
-2.989155105227513931e-01
-2.947322847828943715e-01
-2.907075508253060825e-01
-2.868645563499706563e-01
-2.832501492767806606e-01
-2.799079249903227429e-01
-2.768513150375233600e-01
-2.740484409100513719e-01
-2.714254596132699704e-01
-2.688871955859853391e-01
-2.663464848910198080e-01
-2.637500091951677228e-01
-2.610899960835498801e-01
-2.583972799571674916e-01
-2.557192003356451027e-01
-2.530922198680536916e-01
-2.505212358714540843e-01
-2.479745008947722151e-01
-2.453962160946721871e-01
-2.427311887959692216e-01
-2.399507503402735220e-01
-2.370686219386725357e-01
-2.341397749688376995e-01
-2.312426486360777411e-01
-2.284521969851064926e-01
-2.258150963671017586e-01
-2.233374148739898368e-01
-2.209895585343561175e-01
-2.187258315148849774e-01
-2.165097054948909028e-01
-2.143335592249369370e-01
-2.122241946407727176e-01
-2.102317188455424257e-01
-2.084066627842760533e-01
-2.067753263587790435e-01
-2.053240915890064966e-01
-2.039995532003560097e-01
-2.027244906052244611e-01
-2.014229065663072360e-01
-2.000435220234305922e-01
-1.985718808599307716e-01
-1.970262262701402700e-01
-1.954393738763192390e-01
-1.938348622633758456e-01
-1.922080957800154921e-01
-1.905209648401824662e-01
-1.887125036797165367e-01
-1.867210939095981515e-01
-1.845086670746837187e-01
-1.820764528938004223e-01
-1.794654450125751366e-01
-1.767413337733015621e-01
-1.739703338891364914e-01
-1.711962184042384871e-01
-1.684282775844879176e-01
-1.656451386297000949e-01
-1.628124839366843490e-01
-1.599066752010527837e-01
-1.569337329953753024e-01
-1.539351390828261334e-01
-1.509776457837656294e-01
-1.481312209934423640e-01
-1.454444335786236608e-01
-1.429277557421736455e-01
-1.405519091487669181e-01
-1.382619520986447248e-01
-1.360010621127767660e-01
-1.337338224001574649e-01
-1.314591036336779095e-01
-1.292071680626184771e-01
-1.270224631716651009e-01
-1.249397654928867812e-01
-1.229642139217715646e-01
-1.210640925587782440e-01
-1.191797249999212716e-01
-1.172449006728293330e-01
-1.152118491105022652e-01
-1.130692289643794313e-01
-1.108455678163210584e-01
-1.085967969385265991e-01
-1.063833045132304977e-01
-1.042463700257984655e-01
-1.021940446303996192e-01
-1.002024231102332241e-01
-9.823158095509620935e-02
-9.624910779310129338e-02
-9.425087493355432944e-02
-9.226986783307991602e-02
-9.036907370579431997e-02
-8.862127879380192474e-02
-8.708426071328619067e-02
-8.578183697197901136e-02
-8.469870504549013857e-02
-8.379109288133007594e-02
-8.300848371419417004e-02
-8.231697916100816359e-02
-8.171423416574621901e-02
-8.122959243641141025e-02
-8.090947446030447021e-02
-8.079445646800187397e-02
-8.089808023995204156e-02
-8.119670907331685838e-02
-8.163500608312244944e-02
-8.214488628077480648e-02
-8.266999268158028991e-02
-8.318536414447876004e-02
-8.370401083684574084e-02
-8.426774775007345175e-02
-8.492639854652792031e-02
-8.571444502295677559e-02
-8.663525130276079900e-02
-8.765967719231759769e-02
-8.873965755944443479e-02
-8.983084974123282940e-02
-9.091451486369947488e-02
-9.200909038816473817e-02
-9.316630497892287865e-02
-9.445329838457203198e-02
-9.592820435761058306e-02
-9.761946256732773053e-02
-9.951754426340303494e-02
-1.015824769556365192e-01
-1.037637960196698406e-01
-1.060242406897298206e-01
-1.083569291569015103e-01
-1.107885665078216647e-01
-1.133672508332309314e-01
-1.161400995741557751e-01
-1.191303185676697296e-01
-1.223236020586258299e-01
-1.256697855545275966e-01
-1.290991785215910015e-01
-1.325467607078721077e-01
-1.359740918203781734e-01
-1.393797754858847882e-01
-1.427942078420207650e-01
-1.462610354790912781e-01
-1.498133931414355746e-01
-1.534551839667934181e-01
-1.571554785272780141e-01
-1.608584820049060449e-01
-1.645048456706989792e-01
-1.680552380453123607e-01
-1.715061162526210492e-01
-1.748909534784828246e-01
-1.782663596477095658e-01
-1.816889444205253279e-01
-1.851926916941051271e-01
-1.887763372479766000e-01
-1.924059228667648613e-01
-1.960312233010249316e-01
-1.996088643596734269e-01
-2.031221602575945806e-01
-2.065891677722118680e-01
-2.100555313829426396e-01
-2.135751978331425216e-01
-2.171872405178466858e-01
-2.208986637419808607e-01
-2.246804821953809206e-01
-2.284787120261460025e-01
-2.322355772058952716e-01
-2.359119394843624540e-01
-2.395015176023494452e-01
-2.430310334621508250e-01
-2.465464592932056775e-01
-2.500914514095878283e-01
-2.536873291870104241e-01
-2.573232158205425169e-01
-2.609605071770040308e-01
-2.645496653424790345e-01
-2.680520835141366742e-01
-2.714576542257410297e-01
-2.747905730542199443e-01
-2.781009739532852576e-01
-2.814460371209518974e-01
-2.848686483620587184e-01
-2.883826403429112784e-01
-2.919707373069721501e-01
-2.955958316425384425e-01
-2.992205053345807775e-01
-3.028262272980164482e-01
-3.064238879909719770e-01
-3.100511414251270192e-01
-3.137577506867406107e-01
-3.175853015895798159e-01
-3.215500439406431821e-01
-3.256362348511322446e-01
-3.298028005611555180e-01
-3.340003773615653482e-01
-3.381913779394919439e-01
-3.423645028690174841e-01
-3.465375871782517825e-01
-3.507477506570402803e-01
-3.550333044927729276e-01
-3.594153956956733786e-01
-3.638874349996122914e-01
-3.684169444029129492e-01
-3.729590632512285175e-01
-3.774758927100492212e-01
-3.819533263155169278e-01
-3.864080993667165509e-01
-3.908820098832688217e-01
-3.954257887671282501e-01
-4.000795427494229783e-01
-4.048581449884302019e-01
-4.097477834895602578e-01
-4.147150368083800664e-01
-4.197244218041957242e-01
-4.247566979907516638e-01
-4.298199126052799635e-01
-4.349483209649466220e-01
-4.401895586926761195e-01
-4.455855180511023583e-01
-4.511551067227738687e-01
-4.568862751203846551e-01
-4.627407324151485701e-01
-4.686693394532381318e-01
-4.746316015007518430e-01
-4.806109481682239171e-01
-4.866193312364907597e-01
-4.926892890515315870e-01
-4.988570280858475314e-01
-5.051439318511679044e-01
-5.115445688379873790e-01
-5.180264542064315636e-01
-5.245417409567362244e-01
-5.310458714459200813e-01
-5.375152161677514417e-01
-5.439561693303349710e-01
-5.504018554270356800e-01
-5.568979128535769263e-01
-5.634834846656662233e-01
-5.701755570829341035e-01
-5.769632926873163870e-01
-5.838146574795968213e-01
-5.906923212826096226e-01
-5.975718091340938010e-01
-6.044539219156227494e-01
-6.113659459582034827e-01
-6.183510404360612611e-01
-6.254503198673080355e-01
-6.326853217164380982e-01
-6.400483928257825195e-01
-6.475051133812731452e-01
-6.550076782940237319e-01
-6.625134253435764897e-01
-6.700004969913901931e-01
-6.774738798414535745e-01
-6.849592739595080637e-01
-6.924875565204580141e-01
-7.000767102361921124e-01
-7.077192206401542451e-01
-7.153806036413581371e-01
-7.230099095591751013e-01
-7.305578406872234032e-01
-7.379947658280401335e-01
-7.453208853799271338e-01
-7.525641375742325723e-01
-7.597667047505785032e-01
-7.669659109035451561e-01
-7.741777599458864456e-01
-7.813902631349918249e-01
-7.885694981069507614e-01
-7.956758227856119969e-01
-8.026832147971842968e-01
-8.095932680857282904e-01
-8.164375849118423734e-01
-8.232672345881588694e-01
-8.301335363076980389e-01
-8.370682144739474140e-01
-8.440713393655747687e-01
-8.511122265631129169e-01
-8.581429797014406002e-01
-8.651189579097109394e-01
-8.720174442737336218e-01
-8.788464967600027045e-01
-8.856401177765913513e-01
-8.924417238831002797e-01
-8.992829448072887644e-01
-9.061668662718853628e-01
-9.130630373444310610e-01
-9.199166261152221802e-01
-9.266681067822638562e-01
-9.332753475045332259e-01
-9.397288852191743036e-01
-9.460539913347784102e-01
-9.522986745136938769e-01
-9.585127035373406379e-01
-9.647265570956320424e-01
-9.709392429496345178e-01
-9.771201767126279636e-01
-9.832243552018580246e-01
-9.892144069562420761e-01
-9.950801465459172546e-01
-1.000847261556603751e+00
-1.006571317171373936e+00
-1.012319442557900295e+00
-1.018147253138455888e+00
-1.024080571894113945e+00
-1.030109488638931259e+00
-1.036197097777141529e+00
-1.042299077472478963e+00
-1.048385728609527501e+00
-1.054457105410236073e+00
-1.060544838612969221e+00
-1.066699909361411791e+00
-1.072971581470922642e+00
-1.079386438102455603e+00
-1.085936417469409054e+00
-1.092580907832616077e+00
-1.099262024744335653e+00
-1.105926660912778470e+00
-1.112546097911235599e+00
-1.119125067029216991e+00
-1.125696668384187138e+00
-1.132305554996568819e+00
-1.138986712605318807e+00
-1.145748942813344495e+00
-1.152570058564179600e+00
-1.159405749370477023e+00
-1.166208235341740673e+00
-1.172946690055846286e+00
-1.179620723912589320e+00
-1.186261235206235387e+00
-1.192918338929386035e+00
-1.199641560163514420e+00
-1.206460699983140872e+00
-1.213375400901171686e+00
-1.220357639618220524e+00
-1.227365793341382405e+00
-1.234364007624391801e+00
-1.241338406624221680e+00
-1.248303140211993512e+00
-1.255293718521411472e+00
-1.262350594673870674e+00
-1.269500143989194862e+00
-1.276741270022593744e+00
-1.284043397964216737e+00
-1.291356684882095429e+00
-1.298630022450966148e+00
-1.305829092354114707e+00
-1.312946783320808830e+00
-1.320001641234207490e+00
-1.327025227351823489e+00
-1.334044056411244350e+00
-1.341064106810314183e+00
-1.348064744468935539e+00
-1.355004791708140699e+00
-1.361838171540810549e+00
-1.368532371714650475e+00
-1.375081738354602789e+00
-1.381509825041246975e+00
-1.387859751765923688e+00
-1.394176709480164256e+00
-1.400490134975798329e+00
-1.406803214384796386e+00
-1.413094190467641065e+00
-1.419328827502965851e+00
-1.425478540505944247e+00
-1.431536221226810568e+00
-1.437522773416961108e+00
-1.443481376857604026e+00
-1.449461805292580285e+00
-1.455501445464032928e+00
-1.461611130498362110e+00
-1.467771873475323119e+00
-1.473943925513732101e+00
-1.480084292052328943e+00
-1.486165187583788683e+00
-1.492185495423715258e+00
-1.498170315829756793e+00
-1.504158822763971060e+00
-1.510185702311125588e+00
-1.516264229435175581e+00
-1.522378352900408904e+00
-1.528487292013163801e+00
-1.534540762776321010e+00
-1.540498364650225049e+00
-1.546344849540273625e+00
-1.552094750768304054e+00
-1.557784413054747574e+00
-1.563454871104662747e+00
-1.569132952022527450e+00
-1.574818733797040293e+00
-1.580484748493335978e+00
-1.586087251428450751e+00
-1.591584666493526701e+00
-1.596955207209863170e+00
-1.602206004692368069e+00
-1.607369743528935802e+00
-1.612490212400008449e+00
-1.617602978612743936e+00
-1.622719519336480287e+00
-1.627821664528140921e+00
-1.632868761677253922e+00
-1.637814477426712045e+00
-1.642625977365158363e+00
-1.647297183462238745e+00
-1.651850363724904458e+00
-1.656325359521783502e+00
-1.660761117302734569e+00
-1.665177553514948894e+00
-1.669565678740253967e+00
-1.673890366219663584e+00
-1.678104686794911649e+00
-1.682169699275167352e+00
-1.686071165532689209e+00
-1.689825919889660577e+00
-1.693475038059744975e+00
-1.697066672597763226e+00
-1.700635924551977318e+00
-1.704190452867953010e+00
-1.707708099295471627e+00
-1.711147645261952954e+00
-1.714468132650838195e+00
-1.717648428336626676e+00
-1.720698528744165179e+00
-1.723657598488874676e+00
-1.726579429166225532e+00
-1.729511443659148773e+00
-1.732476218927936795e+00
-1.735463506412968648e+00
-1.738436287301142524e+00
-1.741348393068839595e+00
-1.744166221829092756e+00
-1.746885245528283281e+00
-1.749534154722149015e+00
-1.752164731761686411e+00
-1.754831666118467526e+00
-1.757570908942600596e+00
-1.760385849245102330e+00
-1.763247300148045094e+00
-1.766107398342688706e+00
-1.768921546562344460e+00
-1.771669031039412978e+00
-1.774363441062931868e+00
-1.777048321156698307e+00
-1.779779777659943996e+00
-1.782603345466059697e+00
-1.785534918466863630e+00
-1.788553871545163432e+00
-1.791611344175583209e+00
-1.794650203554081225e+00
-1.797628206109197047e+00
-1.800534475000096002e+00
-1.803392228293773769e+00
-1.806246542314647874e+00
-1.809142338627218072e+00
-1.812102012962400144e+00
-1.815112335489962980e+00
-1.818126318537791830e+00
-1.821079380584758489e+00
-1.823913040067213442e+00
-1.826596147196778208e+00
-1.829134693686097712e+00
-1.831566099257888602e+00
-1.833940488697702209e+00
-1.836297010133490559e+00
-1.838645351085213875e+00
-1.840960382562577768e+00
-1.843192245645475458e+00
-1.845287584607105735e+00
-1.847212845332914188e+00
-1.848969647440830144e+00
-1.850595593644144277e+00
-1.852150077074832257e+00
-1.853691045372324320e+00
-1.855252541765513463e+00
-1.856832509348101290e+00
-1.858395942453188843e+00
-1.859891877468697885e+00
-1.861276808011598671e+00
-1.862534385448873619e+00
-1.863682891916540463e+00
-1.864767251973125095e+00
-1.865839010659130714e+00
-1.866932883854244274e+00
-1.868049971160365974e+00
-1.869154882531754769e+00
-1.870188082108171557e+00
-1.871088248780052865e+00
-1.871815179093056614e+00
-1.872363546716919291e+00
-1.872761775208152679e+00
-1.873056683259096467e+00
-1.873290680179125811e+00
-1.873481491822797551e+00
-1.873613288772972396e+00
-1.873643156164934265e+00
-1.873520189272421810e+00
-1.873209006706069824e+00
-1.872707539198337878e+00
-1.872051376792414956e+00
-1.871302710010504189e+00
-1.870528506981161243e+00
-1.869777171562592377e+00
-1.869063558604127984e+00
-1.868368611252197775e+00
-1.867653578861013575e+00
-1.866882486093813354e+00
-1.866042959844402382e+00
-1.865156219201790311e+00
-1.864271704823123432e+00
-1.863448461199142425e+00
-1.862731142398413198e+00
-1.862130901811719585e+00
-1.861619394964838969e+00
-1.861138541967673810e+00
-1.860621961186118334e+00
-1.860018979635000846e+00
-1.859311040950215155e+00
-1.858513640618852047e+00
-1.857663170901664662e+00
-1.856794576826150900e+00
-1.855919690407653588e+00
-1.855015824488611909e+00
-1.854029793909029555e+00
-1.852895879743180707e+00
-1.851560223638949010e+00
-1.850001326533382784e+00
-1.848237944212937300e+00
-1.846321030631815630e+00
-1.844313180622562331e+00
-1.842264350691377395e+00
-1.840194191207961794e+00
-1.838088423222686840e+00
-1.835910596111454129e+00
-1.833623895787803937e+00
-1.831213314425188088e+00
-1.828698313976544476e+00
-1.826130240917885894e+00
-1.823575355845265644e+00
-1.821090571449001327e+00
-1.818702164290095791e+00
-1.816396469546569969e+00
-1.814126436586388946e+00
-1.811831131218660573e+00
-1.809459743515513752e+00
-1.806989784046613812e+00
-1.804431736890704574e+00
-1.801818364919717030e+00
-1.799183566688458136e+00
-1.796540263964592432e+00
-1.793867267111865393e+00
-1.791111192921359896e+00
-1.788202975012715967e+00
-1.785082147386313434e+00
-1.781718658350078588e+00
-1.778122978536871734e+00
-1.774340278807698512e+00
-1.770431342736595637e+00
-1.766448591671306412e+00
-1.762417668823725636e+00
-1.758332559080556079e+00
-1.754166276816471859e+00
-1.749892306123066232e+00
-1.745507200622741895e+00
-1.741044133391852267e+00
-1.736571023772873312e+00
-1.732173517808715868e+00
-1.727929688743349956e+00
-1.723886992692994724e+00
-1.720051146505789497e+00
-1.716391516217896207e+00
-1.712860499528338298e+00
-1.709418335338878103e+00
-1.706052410855927182e+00
-1.702782518098646447e+00
-1.699649636916012785e+00
-1.696693063299261173e+00
-1.693925926010922511e+00
-1.691319991708879478e+00
-1.688806786891782652e+00
-1.686295107908118318e+00
-1.683697926843672255e+00
-1.680957586951117078e+00
-1.678058820776252125e+00
-1.675024280789656483e+00
-1.671894755066054117e+00
-1.668702836349041263e+00
-1.665451664562719092e+00
-1.662108210864489788e+00
-1.658614286468991672e+00
-1.654910733390606792e+00
-1.650964424508457595e+00
-1.646786302067281049e+00
-1.642432360333235586e+00
-1.637986692829611179e+00
-1.633533387567628781e+00
-1.629128885314830022e+00
-1.624786282422042039e+00
-1.620477962582751452e+00
-1.616155113112460295e+00
-1.611775442038993589e+00
-1.607326882017834802e+00
-1.602836780624866009e+00
-1.598362329027498863e+00
-1.593966105886422291e+00
-1.589687127566906666e+00
-1.585519886042272564e+00
-1.581410596400744772e+00
-1.577272624018554392e+00
-1.573014891050687147e+00
-1.568571567653001875e+00
-1.563920641137878098e+00
-1.559084185517496834e+00
-1.554109588321868740e+00
-1.549043037163444048e+00
-1.543899646257610225e+00
-1.538664559096253992e+00
-1.533207313964625396e+00
-1.527457386020364627e+00
-1.521437686910829923e+00
-1.515207310392277629e+00
-1.508858146936127964e+00
-1.502479696354008354e+00
-1.496133512567369372e+00
-1.489839419216743011e+00
-1.483581586190556800e+00
-1.477330597402269241e+00
-1.471071720938442517e+00
-1.464826649774691569e+00
-1.458658864394453802e+00
-1.452659800179231464e+00
-1.446921278195292926e+00
-1.441505599630043211e+00
-1.436425768650142265e+00
-1.431644039377320432e+00
-1.427089205986822318e+00
-1.422685109135592540e+00
-1.418378119381503488e+00
-1.414151943089438479e+00
-1.410023682891880181e+00
-1.406023245196692306e+00
-1.402165426444148544e+00
-1.398427215336418339e+00
-1.394740645633527176e+00
-1.391004874473871888e+00
-1.387112902803701475e+00
-1.382982045020767492e+00
-1.378575608710094436e+00
-1.373906966634455218e+00
-1.369024691182469944e+00
-1.363985464835234085e+00
-1.358826625355701090e+00
-1.353550243085897664e+00
-1.348125548514123251e+00
-1.342508508362413089e+00
-1.336669847782482989e+00
-1.330619068661520243e+00
-1.324413634061696765e+00
-1.318148826552629549e+00
-1.311932053777881135e+00
-1.305852038297116380e+00
-1.299955529667104148e+00
-1.294240969477462810e+00
-1.288671301420050375e+00
-1.283199957718075490e+00
-1.277798472582124756e+00
-1.272473573704640426e+00
-1.267266241326062248e+00
-1.262233100594917223e+00
-1.257418239699342077e+00
-1.252827797066871973e+00
-1.248418597324611579e+00
-1.244106185062896053e+00
-1.239789341132942146e+00
-1.235381120230340191e+00
-1.230833667530928155e+00
-1.226146736924141001e+00
-1.221356817171949771e+00
-1.216512100373795313e+00
-1.211644544139400592e+00
-1.206751445066540640e+00
-1.201794753445261543e+00
-1.196718615611648939e+00
-1.191477661050900583e+00
-1.186063787833811389e+00
-1.180519702670155935e+00
-1.174933033918537095e+00
-1.169413074749748427e+00
-1.164059597491622133e+00
-1.158936535893843933e+00
-1.154061213291022403e+00
-1.149413107216001873e+00
-1.144957748813012488e+00
-1.140674865106356517e+00
-1.136578095356441054e+00
-1.132717306383671518e+00
-1.129162107902633716e+00
-1.125973390547863495e+00
-1.123175021619076341e+00
-1.120737903019198178e+00
-1.118583430654249256e+00
-1.116605192849558836e+00
-1.114700022519162337e+00
-1.112795587743874215e+00
-1.110863262841482291e+00
-1.108911398822852723e+00
-1.106962568127284774e+00
-1.105025261881145138e+00
-1.103072897345827030e+00
-1.101039819550871934e+00
-1.098836612363567555e+00
-1.096378629265724047e+00
-1.093615831177176867e+00
-1.090551308210381709e+00
-1.087240571734825245e+00
-1.083771819430971561e+00
-1.080235420484392916e+00
-1.076695404146287283e+00
-1.073174777270881952e+00
-1.069660445430198559e+00
-1.066125017072884207e+00
-1.062555459410808201e+00
-1.058975593674613691e+00
-1.055452059043105129e+00
-1.052080508403861137e+00
-1.048957359186977634e+00
-1.046148730452382880e+00
-1.043669532310662840e+00
-1.041481451563154081e+00
-1.039510598047736600e+00
-1.037677255211708838e+00
-1.035925089082963879e+00
-1.033349165277807735e+00
-1.029733688756727883e+00
-1.025108891697040780e+00
-1.019505006276059778e+00
-1.012952264671102220e+00
-1.005480899059480571e+00
-9.971211416185115084e-01
-9.879032245255119360e-01
-9.778573799577932046e-01
-9.670138400926749922e-01
-9.554028371074676507e-01
-9.430546031794885264e-01
-9.299993704860559651e-01
-9.162673712044789864e-01
-9.018888375120793777e-01
-8.868940015861658255e-01
-8.713130956040561204e-01
-8.551763517430696071e-01
-8.385140021805143062e-01
-8.213562790937126712e-01
-8.037334146599719453e-01
-7.856756410566115845e-01
-7.672131904609508224e-01
-7.483762950502963474e-01
-7.291951870019720561e-01
-7.097000984932839707e-01
-6.899212617015519911e-01
-6.698889088040961282e-01
-6.496332719782218490e-01
-6.291845834012541605e-01
-6.085730752504983077e-01
-5.878289797032747455e-01
-5.669825289369028187e-01
-5.460639551286884386e-01
-5.251034904559563898e-01
-5.041313670960125837e-01
-4.831778172261763649e-01
-4.622730730237679109e-01
-4.414473666660932993e-01
-4.207309303304763715e-01
-4.001539961942234824e-01
-3.797467964346543656e-01
-3.595395632290889210e-01
-3.395625287548329485e-01
-3.198459251892107891e-01
-3.004199847095286313e-01
-2.813149394931062086e-01
-2.625610217172626992e-01
-2.441884635593051522e-01
-2.262274971965567705e-01
-2.087083548063247973e-01
-1.916612685659284110e-01
-1.751164706526865400e-01
-1.591041932439067885e-01
-1.436546685169082238e-01
-1.287981286490093025e-01
-1.145648058175185863e-01
-1.009849321997574600e-01
-8.808873997303515169e-02
-7.590646131466981250e-02
-6.446832840197931624e-02
-5.380457341227368184e-02
-4.394542852287264267e-02
-3.492112591108711972e-02
-2.676189775423473693e-02
-1.949797622963184152e-02
-1.315959351459086712e-02
-7.776981786429215671e-03
-3.380373222460153482e-03
-2.775557561562891351e-17
