1.110223024625156540e-16
4.830967794946719809e-03
8.094595742137951355e-03
9.837822534483977449e-03
1.010758686489687808e-02
8.950827426287652488e-03
6.414482911568175974e-03
2.545492013648957726e-03
-2.609206574556983353e-03
-9.002674160140668527e-03
-1.658797205018942150e-02
-2.531816155178989031e-02
-3.514630397203465789e-02
-4.602546061800775329e-02
-5.790869279680273957e-02
-7.074906181550595641e-02
-8.449962898120259858e-02
-9.911345560098752672e-02
-1.145436029819430074e-01
-1.307431324311643939e-01
-1.476651052557366173e-01
-1.652625827627448585e-01
-1.834886262592849149e-01
-2.022962970524378734e-01
-2.216386564493001421e-01
-2.414687657569568047e-01
-2.617396862824912795e-01
-2.824044793330015013e-01
-3.034162062155668083e-01
-3.247279282372852460e-01
-3.462927067052406493e-01
-3.680636029265166864e-01
-3.899936782082118469e-01
-4.120359938574048031e-01
-4.341436111811941001e-01
-4.562695914866634062e-01
-4.783669960808961674e-01
-5.003888862709913177e-01
-5.222883233640270850e-01
-5.440183686671020702e-01
-5.655320834872997748e-01
-5.867825291317044778e-01
-6.077227669074138916e-01
-6.283058581215078542e-01
-6.484848640810833009e-01
-6.682128460932247327e-01
-6.874428654650164283e-01
-7.061279835035552122e-01
-7.242212615159222544e-01
-7.416757608092132692e-01
-7.584445426905130905e-01
-7.744806684669067742e-01
-7.897371994454903676e-01
-8.041671969333451520e-01
-8.177237222375665082e-01
-8.303598366652396034e-01
-8.420286015234506038e-01
-8.526830781192933362e-01
-8.622763277598515241e-01
-8.707614117522177732e-01
-8.780913914034792489e-01
-8.842193280207224504e-01
-8.890982829110392061e-01
-8.926813173815159042e-01
-8.949214927392423746e-01
-8.957718702913067821e-01
-8.951855113447975132e-01
-8.931154772068030656e-01
-8.895148291844132693e-01
-8.843366285847146235e-01
-8.775339367147969583e-01
-8.694199614944870813e-01
-8.612963828225054241e-01
-8.531262842553254400e-01
-8.448292977472932064e-01
-8.363323265769873061e-01
-8.276174249317589382e-01
-8.187458485228531480e-01
-8.098475625310948001e-01
-8.010802999484110121e-01
-7.925752681127267163e-01
-7.843922760373093217e-01
-7.765030179441831937e-01
-7.688092650046736143e-01
-7.611879272669570540e-01
-7.535436563463798754e-01
-7.458466588734236069e-01
-7.381399054171121632e-01
-7.305131140614584684e-01
-7.230551140404600785e-01
-7.158054297203444438e-01
-7.087261853347277540e-01
-7.017066762822677939e-01
-6.945990146987874869e-01
-6.872700621069351978e-01
-6.796480105605779976e-01
-6.717443381898416943e-01
-6.636424003040134467e-01
-6.554580651127064339e-01
-6.472895306716597297e-01
-6.391778147042335156e-01
-6.310945984938507447e-01
-6.229622442463854659e-01
-6.146969885902485720e-01
-6.062564274450050750e-01
-5.976706356001024734e-01
-5.890433082943055121e-01
-5.805221093604674421e-01
-5.722504878859199229e-01
-5.643210235476641135e-01
-5.567496186021749782e-01
-5.494808517912411761e-01
-5.424215123142410722e-01
-5.354874345364545318e-01
-5.286432766581193876e-01
-5.219181237681149721e-01
-5.153903282684128007e-01
-5.091482716129972497e-01
-5.032440697963707077e-01
-4.976602725912647740e-01
-4.923040690629432725e-01
-4.870318073161162831e-01
-4.816937718932206569e-01
-4.761806098102967510e-01
-4.704521810863773190e-01
-4.645371598252397982e-01
-4.585041788985494415e-01
-4.524173795351291716e-01
-4.462957724813939042e-01
-4.400940800054354840e-01
-4.337134797315422841e-01
-4.270377987861355695e-01
-4.199797998851350078e-01
-4.125178529646978953e-01
-4.047073038310742832e-01
-3.966615305630710742e-01
-3.885104551432267406e-01
-3.803537302625035199e-01
-3.722279748250291176e-01
-3.641014047020367794e-01
-3.558975795752271076e-01
-3.475376969239214464e-01
-3.389830984662342006e-01
-3.302596779998190901e-01
-3.214536485698208379e-01
-3.126803142332499341e-01
-3.040389364086489299e-01
-2.955726635790724144e-01
-2.872503535051761370e-01
-2.789779003603179985e-01
-2.706343041896526191e-01
-2.621173758374623075e-01
-2.533801049973489206e-01
-2.444428483964419807e-01
-2.353768187524331035e-01
-2.262664755137261674e-01
-2.171672059230845830e-01
-2.080764815577979543e-01
-1.989307875133880243e-01
-1.896296033046747653e-01
-1.800762573165397007e-01
-1.702184113006995625e-01
-1.600711995421605915e-01
-1.497134756706866854e-01
-1.392589963046083068e-01
-1.288148541900717425e-01
-1.184446555565034920e-01
-1.081516815498868300e-01
-9.788861027637776879e-02
-8.758903759100020170e-02
-7.720683434581221416e-02
-6.674619697679984309e-02
-5.626943746619988973e-02
-4.587920292543355705e-02
-3.568276441219535994e-02
-2.575360674278598383e-02
-1.610659802453796169e-02
-6.697136201303727394e-03
2.555591194301202150e-03
1.173127998041509010e-02
2.087317683049386488e-02
2.996920088282678182e-02
3.895889273841113276e-02
4.775724211370265676e-02
5.630293786888352497e-02
6.455335402593675997e-02
7.261417727855054571e-02
8.069642726733333715e-02
8.877122665530155776e-02
9.676967528099661431e-02
1.045885508187195945e-01
1.121428573108948362e-01
1.193983458331714514e-01
1.263853318407819060e-01
1.331819947676297911e-01
1.398767275163479429e-01
1.465252547916111869e-01
1.531214595989563720e-01
1.595945481303176483e-01
1.658338535746342879e-01
1.717306061876956724e-01
1.772187423651595262e-01
1.822973601487580253e-01
1.870254579187542177e-01
1.914916037750800937e-01
1.957719710734058538e-01
1.998950937769850555e-01
2.038286622551341853e-01
2.074940548529957129e-01
2.108022726602977737e-01
2.136957121751910660e-01
2.161777159361760459e-01
2.183171973012318356e-01
2.202264113554294467e-01
2.220214541679530473e-01
2.237823800110319006e-01
2.255298156297015910e-01
2.272276967126380109e-01
2.288104355184621408e-01
2.302223447685481650e-01
2.314520045875025911e-01
2.325466344715521605e-01
2.336002952176448599e-01
2.347210679776576825e-01
2.359913560462371662e-01
2.374382878506258454e-01
2.390267205994166810e-01
2.406775528149866505e-01
2.423032163968661390e-01
2.438449963278557786e-01
2.452962683515659825e-01
2.467020304559148780e-01
2.481354883537157385e-01
2.496623315901074225e-01
2.513084997372692642e-01
2.530455271507048298e-01
2.547997920221893864e-01
2.564815997585294660e-01
2.580215067012209817e-01
2.593982968145679968e-01
2.606467967118043516e-01
2.618425174541847422e-01
2.630700934078585296e-01
2.643893404671501246e-01
2.658135647156000259e-01
2.673092417720883684e-01
2.688168084874558716e-01
2.702831483912616073e-01
2.716913602037041020e-01
2.730746857844236763e-01
2.745084193460435862e-01
2.760831983015847313e-01
2.778711260388116999e-01
2.798991744471008847e-01
2.821410740857537292e-01
2.845308673125074850e-01
2.869919766247534532e-01
2.894690486112796446e-01
2.919487890001456476e-01
2.944609141133511798e-01
2.970590173112590548e-01
2.997898234893363600e-01
3.026642666029680240e-01
3.056429801151979708e-01
3.086425567173363138e-01
3.115600300504697828e-01
3.143052875046586925e-01
3.168278356101400517e-01
3.191268611307198633e-01
3.212407302926451047e-01
3.232208256966493942e-01
3.251012034047793819e-01
3.268771601662429083e-01
3.285017925073982492e-01
3.299018374172389967e-01
3.310058569608734791e-01
3.317726627467220135e-01
3.322079178422448487e-01
3.323620113532730347e-01
3.323102844306661252e-01
3.321240632159528361e-01
3.318446268853920134e-01
3.314707309714713390e-01
3.309643657408172790e-01
3.302716609724488661e-01
3.293495704764173304e-01
3.281868022119461270e-01
3.268102128899773029e-01
3.252742762777198759e-01
3.236384698493427470e-01
3.219424166027635148e-01
3.201893263069658935e-01
3.183444801302246496e-01
3.163489579612873692e-01
3.141423983521973162e-01
3.116850035723106038e-01
3.089696941485586268e-01
3.060198562159440749e-01
3.028744356853390052e-01
2.995674565556929458e-01
2.961111432252792608e-01
2.924899131253394513e-01
2.886675330384249616e-01
2.846039429521382558e-01
2.802741649448981520e-01
2.756810459533299285e-01
2.708565126490828368e-01
2.658511646886609348e-01
2.607170976040733001e-01
2.554916224771728861e-01
2.501888880790721359e-01
2.448026954056406468e-01
2.393187136047041641e-01
2.337301594805318294e-01
2.280495972801621918e-01
2.223113986076600823e-01
2.165636919957744655e-01
2.108533735504208306e-01
2.052108341577015549e-01
1.996411513865756493e-01
1.941255910288761377e-01
1.886326816469768297e-01
1.831339053422592067e-01
1.776170480039217514e-01
1.720913376082638113e-01
1.665821726785971513e-01
1.611178745045998284e-01
1.557144468722481689e-01
1.503652429130066803e-01
1.450403238054118749e-01
1.396960757085450588e-01
1.342911724341155355e-01
1.288021695098628960e-01
1.232321403548708727e-01
1.176087270108181621e-01
1.119724964525702221e-01
1.063606105116693956e-01
1.007927640315137985e-01
9.526531194953148651e-02
8.975595644770285875e-02
8.423683979111483422e-02
7.869032288615204762e-02
7.312063192779255649e-02
6.755635904776230438e-02
6.204270655980614196e-02
5.662668602518333705e-02
5.134138659841953195e-02
4.619571298531192916e-02
4.117358977817545118e-02
3.624260416574448529e-02
3.136814583031170833e-02
2.652694278520240090e-02
2.171435947672336123e-02
1.694266361181743716e-02
1.223139232120018169e-02
7.594264667594104005e-03
3.028403156129085613e-03
-1.489540330088234658e-03
-5.998839520918420980e-03
-1.054382929362570817e-02
-1.516141454880242517e-02
-1.987214537159630312e-02
-2.467831679990890523e-02
-2.956940480631398138e-02
-3.453199609458441899e-02
-3.955956776906424666e-02
-4.465775947303963350e-02
-4.984296230599647576e-02
-5.513511034291707080e-02
-6.054813757003608965e-02
-6.608253024802686337e-02
-7.172338397405521315e-02
-7.744485074759535626e-02
-8.321898121208862187e-02
-8.902504182015458234e-02
-9.485523884015407969e-02
-1.007144507360276525e-01
-1.066142890145371364e-01
-1.125643557023254110e-01
-1.185648117473146190e-01
-1.246037698334208077e-01
-1.306608486428652016e-01
-1.367154448609625150e-01
-1.427561218181401803e-01
-1.487869357461378272e-01
-1.548277841665622323e-01
-1.609084182763308446e-01
-1.670585054693367322e-01
-1.732978642339935427e-01
-1.796309632231319897e-01
-1.860479820120243544e-01
-1.925319397057738413e-01
-1.990687910789056825e-01
-2.056561032478070317e-01
-2.123065175818758810e-01
-2.190444012080162428e-01
-2.258969737252125021e-01
-2.328835383783810498e-01
-2.400072688023846268e-01
-2.472529630902965680e-01
-2.545917219310158686e-01
-2.619906692131013792e-01
-2.694237928573032237e-01
-2.768795801901844933e-01
-2.843624987375106272e-01
-2.918879365151509919e-01
-2.994728893918167101e-01
-3.071263674589458370e-01
-3.148435144862735680e-01
-3.226058222177574653e-01
-3.303872712196487260e-01
-3.381638089144732850e-01
-3.459222656003072549e-01
-3.536651328295254970e-01
-3.614093943427269529e-01
-3.691800345253939408e-01
-3.770009473250053866e-01
-3.848868892137010667e-01
-3.928395368833418333e-01
-4.008489212234117027e-01
-4.088992898124171882e-01
-4.169767162553065232e-01
-4.250752086666788609e-01
-4.331988460887146175e-01
-4.413592102645470527e-01
-4.495693305178797283e-01
-4.578367220010707284e-01
-4.661583505772596281e-01
-4.745194547648513561e-01
-4.828965273346203513e-01
-4.912630984120966993e-01
-4.995959436161745981e-01
-5.078793356194601927e-01
-5.161059104565961508e-01
-5.242741797407746152e-01
-5.323840593018911438e-01
-5.404324782722753628e-01
-5.484109461752275649e-01
-5.563060256121943326e-01
-5.641024147638526998e-01
-5.717873081988277262e-01
-5.793542753547853419e-01
-5.868051974558990969e-01
-5.941496547388429583e-01
-6.014021762229474488e-01
-6.085785326204948831e-01
-6.156924922630734320e-01
-6.227541244015372124e-01
-6.297700168212445604e-01
-6.367449920969945332e-01
-6.436843750943508358e-01
-6.505957634422406821e-01
-6.574895686520956239e-01
-6.643781573894980141e-01
-6.712739760764893093e-01
-6.781873801104517652e-01
-6.851249127935810090e-01
-6.920885323644313525e-01
-6.990759023936676808e-01
-7.060815075338843227e-01
-7.130981528697177829e-01
-7.201183884997911511e-01
-7.271355300349081618e-01
-7.341441391941645467e-01
-7.411400048852812006e-01
-7.481197783935455980e-01
-7.550804606918071205e-01
-7.620189377793895602e-01
-7.689317333143783628e-01
-7.758151017286077922e-01
-7.826655140880000028e-01
-7.894804863547372209e-01
-7.962595752758936385e-01
-8.030052584756810496e-01
-8.097233801743004555e-01
-8.164229196641473729e-01
-8.231150301455526508e-01
-8.298115452215818477e-01
-8.365233660600761567e-01
-8.432592244831913497e-01
-8.500252117506884586e-01
-8.568251879467069232e-01
-8.636618427231844697e-01
-8.705379045705580188e-01
-8.774569160014416003e-01
-8.844231566504636710e-01
-8.914406504852108171e-01
-8.985115964421023227e-01
-9.056348451522425735e-01
-9.128050771163939148e-01
-9.200130927507343959e-01
-9.272471981618554127e-01
-9.344952333535845312e-01
-9.417465286135278113e-01
-9.489931072201118756e-01
-9.562297702825331980e-01
-9.634531690961758432e-01
-9.706603950273919867e-01
-9.778478149344006498e-01
-9.850107628640676349e-01
-9.921443165871859371e-01
-9.992449000645369228e-01
-1.006312073435509769e+00
-1.013349761331016730e+00
-1.020366378333699808e+00
-1.027373747991900732e+00
-1.034385196189107514e+00
-1.041413520942666482e+00
-1.048469567445608375e+00
-1.055561859978918715e+00
-1.062697284332016823e+00
-1.069882371656556863e+00
-1.077124493298651675e+00
-1.084432335186370722e+00
-1.091815346599712688e+00
-1.099282306653353913e+00
-1.106839529371928865e+00
-1.114489382866679534e+00
-1.122229671380060356e+00
-1.130054085535097563e+00
-1.137953519294761628e+00
-1.145917749049053969e+00
-1.153936886050442423e+00
-1.162002165344622195e+00
-1.170105940412861534e+00
-1.178241074826789081e+00
-1.186400129965129890e+00
-1.194574772087998893e+00
-1.202755679366256159e+00
-1.210933001824302080e+00
-1.219097218544409333e+00
-1.227240123307799635e+00
-1.235355674202508469e+00
-1.243440529489442170e+00
-1.251494202971824343e+00
-1.259518852581188675e+00
-1.267518751582753511e+00
-1.275499506068212163e+00
-1.283467108090275088e+00
-1.291426966684868338e+00
-1.299383122067414797e+00
-1.307337871841289800e+00
-1.315291969556627638e+00
-1.323245381211975102e+00
-1.331198348959069966e+00
-1.339152314206296657e+00
-1.347110205554929552e+00
-1.355075768636014200e+00
-1.363051979657056600e+00
-1.371039014458993899e+00
-1.379032549580910594e+00
-1.387023187088157972e+00
-1.394997457452765044e+00
-1.402940259403298251e+00
-1.410837967962692341e+00
-1.418681065162953781e+00
-1.426465220852523474e+00
-1.434190300324820200e+00
-1.441857614846987268e+00
-1.449466519035365053e+00
-1.457011846821446133e+00
-1.464483451340483189e+00
-1.471868311819837016e+00
-1.479154587847133495e+00
-1.486336088657579824e+00
-1.493415294344874633e+00
-1.500403513927474064e+00
-1.507317863775349265e+00
-1.514176074820177575e+00
-1.520991132120847800e+00
-1.527767956621552070e+00
-1.534503611554284053e+00
-1.541191100385246315e+00
-1.547825280605422460e+00
-1.554408408965706423e+00
-1.560952837113592118e+00
-1.567479447557732719e+00
-1.574012163432510603e+00
-1.580570569588708452e+00
-1.587163618287887212e+00
-1.593787112137987183e+00
-1.600426215283461406e+00
-1.607062193983111786e+00
-1.613680771185520779e+00
-1.620278679970750702e+00
-1.626865607583774187e+00
-1.633460544569949047e+00
-1.640083870119047216e+00
-1.646748358462246875e+00
-1.653452877070788585e+00
-1.660181567620162335e+00
-1.666909106513698280e+00
-1.673610117715874201e+00
-1.680269000513483268e+00
-1.686886136831811545e+00
-1.693477836623944022e+00
-1.700069909631982901e+00
-1.706687389713129832e+00
-1.713344580609799994e+00
-1.720039530706179542e+00
-1.726755268490408834e+00
-1.733467353845389303e+00
-1.740154667337989958e+00
-1.746808976635211064e+00
-1.753439281819130890e+00
-1.760069080284796028e+00
-1.766727623727357921e+00
-1.773438741999466828e+00
-1.780211825801560455e+00
-1.787038657103891648e+00
-1.793897323756304729e+00
-1.800761485579386534e+00
-1.807611028491406202e+00
-1.814439590121722734e+00
-1.821255817185798875e+00
-1.828077922797164412e+00
-1.834923970941511939e+00
-1.841802112008142922e+00
-1.848704962266717766e+00
-1.855610484728290599e+00
-1.862488893441263782e+00
-1.869312502748373905e+00
-1.876064205677726360e+00
-1.882740928306490424e+00
-1.889350671768048606e+00
-1.895904617849715423e+00
-1.902407975039867694e+00
-1.908853797488037296e+00
-1.915222669224583729e+00
-1.921488497391903083e+00
-1.927627877182876981e+00
-1.933628825795162154e+00
-1.939494899513273030e+00
-1.945242737985135806e+00
-1.950894052741989571e+00
-1.956465640212779800e+00
-1.961961987535042029e+00
-1.967373981076362410e+00
-1.972684538466158211e+00
-1.977878840748474421e+00
-1.982954639143196029e+00
-1.987927876240656921e+00
-1.992830762937529254e+00
-1.997702710482093025e+00
-2.002577725881609982e+00
-2.007473605579960463e+00
-2.012387688651029016e+00
-2.017301229519389505e+00
-2.022190740574895784e+00
-2.027041534606184303e+00
-2.031857562063390965e+00
-2.036663046475938987e+00
-2.041494849062826411e+00
-2.046388501521620995e+00
-2.051363706557829403e+00
-2.056415521508380806e+00
-2.061515181938358143e+00
-2.066620507269415263e+00
-2.071691746140853496e+00
-2.076706323584768477e+00
-2.081666309559988992e+00
-2.086595434269247651e+00
-2.091526886111678252e+00
-2.096487067248500757e+00
-2.101482252703061882e+00
-2.106493915689710228e+00
-2.111484815504156121e+00
-2.116413347091709696e+00
-2.121250089580754228e+00
-2.125989508476915368e+00
-2.130651802355040925e+00
-2.135274089749398918e+00
-2.139894695428923299e+00
-2.144537239974683374e+00
-2.149201290556415511e+00
-2.153863436578742796e+00
-2.158488104054884005e+00
-2.163043186777556137e+00
-2.167513500305712881e+00
-2.171906064928472269e+00
-2.176244859555561906e+00
-2.180557369233422804e+00
-2.184858912436975054e+00
-2.189141755578271731e+00
-2.193373934100996792e+00
-2.197508408539137648e+00
-2.201498580795277604e+00
-2.205313332614866617e+00
-2.208944922990665471e+00
-2.212406252932479944e+00
-2.215718799882119061e+00
-2.218896805714908105e+00
-2.221935119796316638e+00
-2.224806598741096764e+00
-2.227470738195334476e+00
-2.229890102932185592e+00
-2.232047444268472791e+00
-2.233955818844158170e+00
-2.235656896973860608e+00
-2.237207776780067103e+00
-2.238661767708201467e+00
-2.240051470526382982e+00
-2.241381710442566622e+00
-2.242635701880901777e+00
-2.243791993512384675e+00
-2.244844801544523705e+00
-2.245818517420274052e+00
-2.246769389077454271e+00
-2.247772779251162145e+00
-2.248900728583707931e+00
-2.250199028817509106e+00
-2.251673592718231198e+00
-2.253292218882321674e+00
-2.255001379584187671e+00
-2.256751131388433862e+00
-2.258517536965311212e+00
-2.260312815989727220e+00
-2.262178534809759167e+00
-2.264164412291122641e+00
-2.266301657892834331e+00
-2.268582396193323358e+00
-2.270954437404974602e+00
-2.273334291506593274e+00
-2.275633553475687965e+00
-2.277787928749052782e+00
-2.279776791384990453e+00
-2.281624962615824259e+00
-2.283385833509917084e+00
-2.285112907439780017e+00
-2.286831887282222198e+00
-2.288525334523821009e+00
-2.290136654144817818e+00
-2.291591906051431593e+00
-2.292830220087188398e+00
-2.293829718067504686e+00
-2.294617595260134646e+00
-2.295259683439974996e+00
-2.295833565562141132e+00
-2.296396410344469174e+00
-2.296961067050717009e+00
-2.297490540307276952e+00
-2.297913163907940870e+00
-2.298151932768311312e+00
-2.298155344160235369e+00
-2.297916406124936195e+00
-2.297471542084645435e+00
-2.296879812746094096e+00
-2.296191465401257403e+00
-2.295419580228754697e+00
-2.294527388222120656e+00
-2.293437159475867126e+00
-2.292057258508282569e+00
-2.290316046685862528e+00
-2.288188234728205650e+00
-2.285702421199718337e+00
-2.282926653914445048e+00
-2.279938370314303686e+00
-2.276791878170286942e+00
-2.273497666986482812e+00
-2.270022745262941566e+00
-2.266312038765114778e+00
-2.262321611855341086e+00
-2.258049129786527942e+00
-2.253547942703267637e+00
-2.248918097129819493e+00
-2.244277521546672816e+00
-2.239725297782245939e+00
-2.235312528339585825e+00
-2.231033183960206223e+00
-2.226838760036971454e+00
-2.222670259728418696e+00
-2.218493420911995084e+00
-2.214321560204929096e+00
-2.210215663899724792e+00
-2.206261207848861705e+00
-2.202531434519825027e+00
-2.199052908384985905e+00
-2.195788450373643119e+00
-2.192645267525395347e+00
-2.189505323801278269e+00
-2.186265374636520598e+00
-2.182869804319732321e+00
-2.179322372422267229e+00
-2.175671987682665343e+00
-2.171978835228938198e+00
-2.168275752469636775e+00
-2.164541938090556172e+00
-2.160700847658505896e+00
-2.156643691661554119e+00
-2.152268803048329460e+00
-2.147520108019712826e+00
-2.142408102918768265e+00
-2.137004106081117349e+00
-2.131409978378403292e+00
-2.125716087638623630e+00
-2.119965431546069645e+00
-2.114139196986383862e+00
-2.108169797293620640e+00
-2.101975538821573508e+00
-2.095501660464108795e+00
-2.088749658228484574e+00
-2.081781818809615991e+00
-2.074698614675493769e+00
-2.067598434587615497e+00
-2.060536912658528674e+00
-2.053503466029252600e+00
-2.046425342713078521e+00
-2.039197609487171103e+00
-2.031726392164148187e+00
-2.023966595306454064e+00
-2.015938695189198882e+00
-2.007715315550779867e+00
-1.999389587120726564e+00
-1.991023726877339195e+00
-1.982644861348782594e+00
-1.974043592351798271e+00
-1.965118090092234260e+00
-1.955920286652840900e+00
-1.946526365870753894e+00
-1.937040293406354419e+00
-1.927544242140659669e+00
-1.918073607355235133e+00
-1.908609396392046298e+00
-1.899096835773079750e+00
-1.889480540866044889e+00
-1.879741411237932258e+00
-1.869918919216261965e+00
-1.860108715044413996e+00
-1.850435926669927067e+00
-1.841014977795624397e+00
-1.831912642199965635e+00
-1.823129840573688210e+00
-1.814609820059463585e+00
-1.806269142680446249e+00
-1.798038121925563670e+00
-1.789893194181056302e+00
-1.781867089649752156e+00
-1.774032134480970413e+00
-1.766463567613636432e+00
-1.759198483550948877e+00
-1.752208153242637012e+00
-1.745396047672005180e+00
-1.738623136437611461e+00
-1.731750481049968649e+00
-1.724681708590560802e+00
-1.717387850300438057e+00
-1.709904362608569706e+00
-1.702301858214734898e+00
-1.694643225313867241e+00
-1.686945658094205491e+00
-1.679164133139199766e+00
-1.671203826169408213e+00
-1.662956645474737538e+00
-1.654346682162990412e+00
-1.645365364460298574e+00
-1.636081206566511570e+00
-1.626619642222098427e+00
-1.617120967533412612e+00
-1.607693632942758466e+00
-1.598382102585840681e+00
-1.589162372030644699e+00
-1.579966562633130511e+00
-1.570725712895010950e+00
-1.561412170287572287e+00
-1.552063147694640044e+00
-1.542775003796004851e+00
-1.533670264764827929e+00
-1.524851059129799236e+00
-1.516358538358265173e+00
-1.508155475513841104e+00
-1.500139552427691259e+00
-1.492181936901014749e+00
-1.484175091739757812e+00
-1.476069902095157982e+00
-1.467886785306899089e+00
-1.459696549835008739e+00
-1.451579721624582264e+00
-1.443582231462797516e+00
-1.435686909958344915e+00
-1.427813483506603420e+00
-1.419847561598065688e+00
-1.411686641962652367e+00
-1.403283753736539019e+00
-1.394670197718110849e+00
-1.385947601941526441e+00
-1.377252476677724990e+00
-1.368708112315631276e+00
-1.360384032202974991e+00
-1.352279970815776444e+00
-1.344340845524175876e+00
-1.336495878507848456e+00
-1.328704590688436937e+00
-1.320989339803881446e+00
-1.313439741201702704e+00
-1.306186308316650502e+00
-1.299353910697842673e+00
-1.293014481913502323e+00
-1.287158932261708744e+00
-1.281700239715018785e+00
-1.276506548135671437e+00
-1.271450379282041077e+00
-1.266453200112438671e+00
-1.261506557249928662e+00
-1.256661004471186338e+00
-1.251987861880052844e+00
-1.247530575033091171e+00
-1.243267053738634331e+00
-1.239099843919786226e+00
-1.234879195787343065e+00
-1.230450024022453404e+00
-1.225703414371235533e+00
-1.220611190776787147e+00
-1.215229068044828553e+00
-1.209667136552616151e+00
-1.204040249100373439e+00
-1.198419433719382754e+00
-1.192805004941360991e+00
-1.187132718561130451e+00
-1.181310141784150947e+00
-1.175267393465715404e+00
-1.169000117444001674e+00
-1.162585718637797250e+00
-1.156165214550641140e+00
-1.149897720849926142e+00
-1.143906342385008879e+00
-1.138238039581559002e+00
-1.132854219318546463e+00
-1.127655802349403213e+00
-1.122531868206795291e+00
-1.117410936294584545e+00
-1.111598704999833931e+00
-1.104932074799699127e+00
-1.097435759223792218e+00
-1.089134471801719073e+00
-1.080052926063093999e+00
-1.070215835537521754e+00
-1.059647913754614645e+00
-1.048373874243985204e+00
-1.036418430535237523e+00
-1.023806296157987461e+00
-1.010562184641838668e+00
-9.967108095164041170e-01
-9.822768843112964499e-01
-9.672851225561193145e-01
-9.517602377804890157e-01
-9.357269435140086467e-01
-9.192099532862908484e-01
-9.022339806269497053e-01
-8.848237390655876444e-01
-8.670039421318218587e-01
-8.487993033552541089e-01
-8.302345362654983685e-01
-8.113343543921686107e-01
-7.921234712648660414e-01
-7.726266004132094078e-01
-7.528684553667991386e-01
-7.328737496552500952e-01
-7.126671968081760289e-01
-6.922735103551775904e-01
-6.717174038258747482e-01
-6.510235907498668206e-01
-6.302167846567690024e-01
-6.093216990761953777e-01
-5.883630475377461533e-01
-5.673655435710410755e-01
-5.463539007056805730e-01
-5.253528324712785080e-01
-5.043870523974497422e-01
-4.834812740137947595e-01
-4.626602108499323074e-01
-4.419485764354633139e-01
-4.213710843000018635e-01
-4.009524479731627622e-01
-3.807173809845462165e-01
-3.606905968637713067e-01
-3.408968091404387390e-01
-3.213607313441629310e-01
-3.021070770045579112e-01
-2.831605596512246081e-01
-2.645458928137814913e-01
-2.462877900218302107e-01
-2.284109648049844621e-01
-2.109401306928581077e-01
-1.939000012150529084e-01
-1.773152899011827544e-01
-1.612107102808609804e-01
-1.456109758836901247e-01
-1.305408002392869082e-01
-1.160248968772545075e-01
-1.020879793272060493e-01
-8.875476111875423013e-02
-7.604995578150307300e-02
-6.399827684506770309e-02
-5.262443783905264294e-02
-4.195315229307076954e-02
-3.200913373673343332e-02
-2.281709569964658624e-02
-1.440175171142364652e-02
-6.787815301670885315e-03
-5.551115123125782702e-17
