5.551115123125782702e-17
5.553203557745277526e-03
9.498143234090903470e-03
1.188294024354522201e-02
1.275571580061971022e-02
1.216459111982448084e-02
1.015768741567008894e-02
6.783125902665990657e-03
2.089027795324267193e-03
-3.876485691847205220e-03
-1.106529334433674176e-02
-1.942927394763204613e-02
-2.892030628722696423e-02
-3.949026914860630233e-02
-5.109104131726472514e-02
-6.367450157868989602e-02
-7.719252871836768115e-02
-9.159700152179418853e-02
-1.068397987744528904e-01
-1.228727992618397352e-01
-1.396478817694412899e-01
-1.571169250827432751e-01
-1.752318079872428602e-01
-1.939444092684220189e-01
-2.132066077117782399e-01
-2.329702821027977433e-01
-2.531873112269649728e-01
-2.738095738697789994e-01
-2.947889488167199645e-01
-3.160773148532873278e-01
-3.376265507649654496e-01
-3.593885353372396341e-01
-3.813151473556090076e-01
-4.033582656055535454e-01
-4.254697688725725957e-01
-4.476015359421511297e-01
-4.697054455997734523e-01
-4.917333766309396337e-01
-5.136372078211290937e-01
-5.353688179558413474e-01
-5.568800858205611437e-01
-5.781228902007733428e-01
-5.990491098819770155e-01
-6.196106236496529140e-01
-6.397593102892993322e-01
-6.594470485864016851e-01
-6.786257173264453879e-01
-6.972471952949279572e-01
-7.152633612773316996e-01
-7.326260940591537985e-01
-7.492872724258798911e-01
-7.651987751629958368e-01
-7.803124810559989299e-01
-7.945802688903718103e-01
-8.079540174516106621e-01
-8.203856055252014556e-01
-8.318269118966319375e-01
-8.422298153513964047e-01
-8.515461946749800504e-01
-8.597279286528765052e-01
-8.667268960705735159e-01
-8.724949757135593842e-01
-8.769840463673264086e-01
-8.801459868173622247e-01
-8.819326758491579099e-01
-8.822959922482022099e-01
-8.811878147999852029e-01
-8.785600222899958567e-01
-8.743644935037252486e-01
-8.685531072266612362e-01
-8.610777422442938978e-01
-8.522624585974230005e-01
-8.434481355499726662e-01
-8.345759784357781319e-01
-8.255483322890674325e-01
-8.162836011537839553e-01
-8.067647489105485015e-01
-7.970603045876349935e-01
-7.873086248982532620e-01
-7.776718571779674960e-01
-7.682789040291473359e-01
-7.591812750449472569e-01
-7.503401339729279806e-01
-7.416495551633709438e-01
-7.329856868707508299e-01
-7.242606909564068829e-01
-7.154585597795536378e-01
-7.066378655796602404e-01
-6.979007184448755563e-01
-6.893416200380906300e-01
-6.809984230617902590e-01
-6.728265886987662148e-01
-6.647079119293667349e-01
-6.564902325311534614e-01
-6.480415776369041758e-01
-6.392962084669632228e-01
-6.302736354263211993e-01
-6.210632345528159792e-01
-6.117816481246122207e-01
-6.025215028383066329e-01
-5.933133707892918052e-01
-5.841169776339782960e-01
-5.748450290126906337e-01
-5.654090902668456042e-01
-5.557676231407775447e-01
-5.459554736819333121e-01
-5.360820775643404534e-01
-5.262989443350686303e-01
-5.167499334138999645e-01
-5.075249731322900582e-01
-4.986362529217189810e-01
-4.900262132441291496e-01
-4.816031380258514738e-01
-4.732885781785098334e-01
-4.650560506914222514e-01
-4.569444325881499847e-01
-4.490404521363164925e-01
-4.414379336193889891e-01
-4.341913447113505686e-01
-4.272835730611743710e-01
-4.206217753742613752e-01
-4.140632379748572789e-01
-4.074605384231353433e-01
-4.007072528783545695e-01
-3.937653865193263547e-01
-3.866635864624867747e-01
-3.794676284409651545e-01
-3.722363694779168286e-01
-3.649823880337155213e-01
-3.576543828789643387e-01
-3.501490367266977266e-01
-3.423474102846538747e-01
-3.341604867567254389e-01
-3.255646073488001613e-01
-3.166118049764827802e-01
-3.074106340967052153e-01
-2.980854861741225603e-01
-2.887313359795242174e-01
-2.793826408899744429e-01
-2.700090076048400345e-01
-2.605388729157778749e-01
-2.509006328080801151e-01
-2.410633704641591823e-01
-2.310596246251765407e-01
-2.209803438207540716e-01
-2.109439898707033134e-01
-2.010526883577706814e-01
-1.913537812524517268e-01
-1.818228441073088397e-01
-1.723751982282625828e-01
-1.629010064577070260e-01
-1.533091908775571777e-01
-1.435618811595435751e-01
-1.336852722391304593e-01
-1.237528319782248143e-01
-1.138484748164225180e-01
-1.040256823453262203e-01
-9.428011777621887746e-02
-8.454744276828894678e-02
-7.472731417106118212e-02
-6.472346762199801540e-02
-5.448304518196481205e-02
-4.401871185050376667e-02
-3.340443167141458891e-02
-2.274689034424316747e-02
-1.214474647968022750e-02
-1.652880368449660773e-03
8.733479898990020168e-03
1.906842431616193739e-02
2.942364121934760296e-02
3.984917359248309893e-02
5.034362360879705151e-02
6.084661530379883998e-02
7.125676621657633936e-02
8.146754243492861092e-02
9.140579133683986168e-02
1.010566545490698132e-01
1.104643865490330668e-01
1.197088604029046682e-01
1.288677912053945718e-01
1.379808895389808554e-01
1.470305680181835106e-01
1.559491790770579089e-01
1.646428856023000320e-01
1.730432395042589555e-01
1.810970975047118958e-01
1.889192405280760156e-01
1.967441112210783771e-01
2.045224425733432050e-01
2.121635685509885016e-01
2.195451774475251638e-01
2.265751143877498264e-01
2.332263437036185827e-01
2.395483812582087646e-01
2.456434614233505564e-01
2.516205338731061780e-01
2.575461752925636838e-01
2.634138452487234106e-01
2.691444695225650996e-01
2.746178883618842215e-01
2.797214408773419647e-01
2.843947865593520752e-01
2.886519533582870833e-01
2.925716100602251957e-01
2.962602922543417505e-01
2.998048278333533267e-01
3.032345999914503043e-01
3.065097684993290383e-01
3.095402047427008307e-01
3.122266617774128727e-01
3.145062850353448347e-01
3.163829453715225615e-01
3.179296990601178652e-01
3.192627991799530385e-01
3.204988154142136003e-01
3.217133771624779981e-01
3.229189527487285605e-01
3.240705421784809137e-01
3.250960061008064672e-01
3.259372611480870763e-01
3.265842284787294769e-01
3.270869774908063410e-01
3.275412279667943016e-01
3.280539472747113217e-01
3.287041818839486762e-01
3.295159503571631898e-01
3.304544248221266689e-01
3.314463258370498600e-01
3.324150135640067671e-01
3.333146979771852703e-01
3.341490241645240777e-01
3.349665077782967293e-01
3.358356489415667001e-01
3.368113670112742319e-01
3.379079074698825846e-01
3.390901619666865097e-01
3.402869640835242127e-01
3.414201605455585153e-01
3.424364203539613793e-01
3.433277909609617762e-01
3.441322647478133323e-01
3.449146263026615644e-01
3.457365739490128043e-01
3.466297031439837251e-01
3.475834321546379391e-01
3.485530907948987123e-01
3.494842825548298837e-01
3.503423345871238825e-01
3.511333919798470538e-01
3.519074625182870286e-01
3.527417759260856323e-01
3.537116179087598788e-01
3.548614160800529493e-01
3.561887661908340608e-01
3.576483921840197255e-01
3.591742366239110140e-01
3.607098584484212944e-01
3.622336037915971363e-01
3.637672583959726813e-01
3.653641262773127396e-01
3.670815245685737915e-01
3.689495901618257134e-01
3.709500460358226559e-01
3.730143974754123182e-01
3.750427202541145588e-01
3.769353513497167851e-01
3.786242207859094044e-01
3.800906720273589112e-01
3.813623644352174269e-01
3.824907664807739582e-01
3.835190048997296763e-01
3.844539290473794058e-01
3.852544049555027827e-01
3.858408974350638898e-01
3.861223593986295444e-01
3.860291519180667486e-01
3.855382426595522771e-01
3.846802662388182914e-01
3.835257116915906095e-01
3.821562145081274786e-01
3.806329908136922846e-01
3.789753700357547661e-01
3.771578737717835028e-01
3.751263633388737251e-01
3.728258345916357630e-01
3.702278079258128907e-01
3.673457993692235135e-01
3.642326952544680529e-01
3.609616087303277321e-01
3.575986389719011949e-01
3.541790358432737040e-01
3.506964360482471843e-01
3.471089852649683061e-01
3.433589535520719660e-01
3.393969970282975090e-01
3.352007367355893663e-01
3.307802867670469604e-01
3.261693222130016001e-01
3.214065410887305685e-01
3.165162404703704135e-01
3.114966394147023476e-01
3.063207509933238981e-01
3.009488603411977214e-01
2.953465944768428608e-01
2.895003704152671054e-01
2.834235390500496887e-01
2.771509865029632147e-01
2.707252312749037770e-01
2.641807790950627122e-01
2.575340399365755872e-01
2.507833105820191366e-01
2.439185239290057039e-01
2.369358646722444506e-01
2.298500831665849509e-01
2.226983967211410009e-01
2.155337492841815084e-01
2.084101367384974812e-01
2.013664421078150968e-01
1.944160563689815713e-01
1.875470946443754394e-01
1.807333314263794843e-01
1.739511522212388583e-01
1.671950087831263199e-01
1.604843510432824583e-01
1.538586241312075165e-01
1.473621210997733411e-01
1.410250102333851230e-01
1.348487214322952599e-01
1.288022330947384553e-01
1.228313106972656332e-01
1.168773039719180895e-01
1.108980147134576433e-01
1.048821612492947253e-01
9.885154642175655870e-02
9.285007731289546262e-02
8.692418666097385949e-02
8.110271268991249560e-02
7.538446051533591319e-02
6.973845802278370865e-02
6.411669514691897831e-02
5.847406941609694514e-02
5.278742340960870111e-02
4.706606115936374374e-02
4.134969047652660434e-02
3.569482947681439089e-02
3.015523625812173078e-02
2.476406361963406216e-02
1.952443505746553551e-02
1.441152284325036316e-02
9.384556117052033491e-03
4.403413163082732333e-03
-5.569837003510898828e-04
-5.499911700724398333e-03
-1.040974933252655429e-02
-1.526259921904168232e-02
-2.003982708332203641e-02
-2.473899492744392054e-02
-2.937820518941301751e-02
-3.399283998450773614e-02
-3.862673768631864207e-02
-4.332174361773383914e-02
-4.810965736212191590e-02
-5.300905223325065585e-02
-5.802710749473938279e-02
-6.316456310038146005e-02
-6.842100826499274147e-02
-7.379818280408764752e-02
-7.930039320616913412e-02
-8.493272667753536120e-02
-9.069870003056045016e-02
-9.659891561136008109e-02
-1.026313698792405693e-01
-1.087928560554378699e-01
-1.150801225715549492e-01
-1.214895446821501329e-01
-1.280149947335748606e-01
-1.346448525871835056e-01
-1.413599740579385422e-01
-1.481343856875151910e-01
-1.549394070849237082e-01
-1.617502541047745046e-01
-1.685527287239958205e-01
-1.753471075233455079e-01
-1.821471644657171318e-01
-1.889741614577400974e-01
-1.958478293179436447e-01
-2.027778652493275602e-01
-2.097595538574650587e-01
-2.167756287628080925e-01
-2.238039743382012337e-01
-2.308282586090646404e-01
-2.378471703050058783e-01
-2.448782734344889800e-01
-2.519545423775164661e-01
-2.591145759012401517e-01
-2.663901085137853619e-01
-2.737956377154137644e-01
-2.813242306539256998e-01
-2.889511434131207812e-01
-2.966437665966244475e-01
-3.043738859419001241e-01
-3.121273584783260113e-01
-3.199074167199550955e-01
-3.277304604158290391e-01
-3.356162688561287188e-01
-3.435767886998291054e-01
-3.516081273336352231e-01
-3.596889514008101973e-01
-3.677857924131809897e-01
-3.758629465668082981e-01
-3.838928911187417525e-01
-3.918631187426042106e-01
-3.997769556507441147e-01
-4.076485225456646933e-01
-4.154943715095618106e-01
-4.233255093053009954e-01
-4.311430622069572505e-01
-4.389390340122455991e-01
-4.467013033330124450e-01
-4.544202276953722697e-01
-4.620937150578041663e-01
-4.697285400545289091e-01
-4.773375396145533855e-01
-4.849342336529560704e-01
-4.925275055824718251e-01
-5.001187813109694291e-01
-5.077028100047462633e-01
-5.152713425533415048e-01
-5.228175982383169718e-01
-5.303390744652153321e-01
-5.378371410111737472e-01
-5.453135365885595220e-01
-5.527655410928302704e-01
-5.601824108669553048e-01
-5.675452097929760686e-01
-5.748306265938534221e-01
-5.820174361741816682e-01
-5.890928519966863730e-01
-5.960558304981414812e-01
-6.029155878452923112e-01
-6.096856912554331487e-01
-6.163761700848411351e-01
-6.229871870818896040e-01
-6.295073572975949938e-01
-6.359179164905726100e-01
-6.422013891900792970e-01
-6.483512897374379413e-01
-6.543786731958364244e-01
-6.603124254583675468e-01
-6.661926679919524252e-01
-6.720595390116402834e-01
-6.779416760087727534e-01
-6.838490511577745012e-01
-6.897731756688550986e-01
-6.956947271868110239e-01
-7.015955797053479159e-01
-7.074703092050187436e-01
-7.133323361752615943e-01
-7.192119630769882033e-01
-7.251468396837285058e-01
-7.311685164122200264e-01
-7.372904282303127665e-01
-7.435021748668011465e-01
-7.497725048938915782e-01
-7.560599611255641728e-01
-7.623270976044947966e-01
-7.685527697666488800e-01
-7.747377920810004648e-01
-7.809019238591952128e-01
-7.870735915317454978e-01
-7.932765932887625437e-01
-7.995191373172472193e-01
-8.057895355147703942e-01
-8.120601467061285827e-01
-8.182978768731647978e-01
-8.244770274148384148e-01
-8.305894919154597211e-01
-8.366484922133166080e-01
-8.426846655191513324e-01
-8.487362790147957581e-01
-8.548374805338603277e-01
-8.610090003606261089e-01
-8.672544986285315449e-01
-8.735633947076628658e-01
-8.799185135494360654e-01
-8.863052204279148194e-01
-8.927184659236013786e-01
-8.991652972139018152e-01
-9.056623404451868975e-01
-9.122296786425825310e-01
-9.188837078608638187e-01
-9.256315954808507218e-01
-9.324690297981046427e-01
-9.393815310117520356e-01
-9.463483234112136655e-01
-9.533471172818872574e-01
-9.603582400950162468e-01
-9.673671869338231755e-01
-9.743654356986528597e-01
-9.813499274261777705e-01
-9.883217737760334742e-01
-9.952845955840575742e-01
-1.002242659091652222e+00
-1.009198899207238709e+00
-1.016153085869047290e+00
-1.023100680216993297e+00
-1.030033080892056585e+00
-1.036939741096181367e+00
-1.043811996915139817e+00
-1.050647597372170061e+00
-1.057454265449700115e+00
-1.064250554391440451e+00
-1.071062986226751335e+00
-1.077919816232639771e+00
-1.084843246403117023e+00
-1.091842856576206833e+00
-1.098912933815790582e+00
-1.106035137942777746e+00
-1.113185934722155324e+00
-1.120346225369143855e+00
-1.127509466306611197e+00
-1.134684873466067723e+00
-1.141894046608269875e+00
-1.149161919196985071e+00
-1.156505326824080360e+00
-1.163923685153083643e+00
-1.171395696809461429e+00
-1.178883797077933115e+00
-1.186345027413405528e+00
-1.193744395200913022e+00
-1.201065629819104252e+00
-1.208315110418371807e+00
-1.215517333465332861e+00
-1.222703620849348916e+00
-1.229898495470849173e+00
-1.237109133604790356e+00
-1.244322130294578166e+00
-1.251508920401892544e+00
-1.258637731995706499e+00
-1.265687310056704318e+00
-1.272656917851194169e+00
-1.279568599836717224e+00
-1.286460780309265806e+00
-1.293375720600851819e+00
-1.300345770400555212e+00
-1.307383755383539903e+00
-1.314481097085502981e+00
-1.321614103913040017e+00
-1.328755612274601816e+00
-1.335887112550647515e+00
-1.343006469624273391e+00
-1.350128297080305684e+00
-1.357277119956065148e+00
-1.364476380029226332e+00
-1.371737903069159881e+00
-1.379056056818529941e+00
-1.386408734833237233e+00
-1.393764433916713674e+00
-1.401092267225026333e+00
-1.408370759060491473e+00
-1.415592041616733354e+00
-1.422760205398338362e+00
-1.429885071213877978e+00
-1.436974468089535995e+00
-1.444028484182060090e+00
-1.451038024394933235e+00
-1.457987940208694599e+00
-1.464862958485416922e+00
-1.471653523048523704e+00
-1.478358921278894789e+00
-1.484986504440942934e+00
-1.491547709362455842e+00
-1.498053051719053119e+00
-1.504508623097497333e+00
-1.510915745288826884e+00
-1.517273771233834889e+00
-1.523584398571864673e+00
-1.529855064712440704e+00
-1.536099415748575669e+00
-1.542334291227639431e+00
-1.548574454025892777e+00
-1.554827550830339966e+00
-1.561091879045314990e+00
-1.567358359410041757e+00
-1.573616170771189759e+00
-1.579859685621983090e+00
-1.586093522374446119e+00
-1.592333147155765349e+00
-1.598600314120022903e+00
-1.604914951699271564e+00
-1.611286847579670223e+00
-1.617710836858582635e+00
-1.624167916505117937e+00
-1.630632277901231664e+00
-1.637081672074731653e+00
-1.643506943048009594e+00
-1.649916703500763360e+00
-1.656334992907394277e+00
-1.662792614609732267e+00
-1.669315508364018319e+00
-1.675914846281103987e+00
-1.682582945355730164e+00
-1.689296779909723600e+00
-1.696027784586893850e+00
-1.702754049131165459e+00
-1.709470002635131047e+00
-1.716189684423647055e+00
-1.722942288146211975e+00
-1.729761773415992687e+00
-1.736674684667385060e+00
-1.743690950647306614e+00
-1.750801130886237678e+00
-1.757980909917003620e+00
-1.765200739415493603e+00
-1.772436580207379375e+00
-1.779677479187591338e+00
-1.786927224585592944e+00
-1.794199851225111386e+00
-1.801511225205450817e+00
-1.808870316145969603e+00
-1.816273569940352717e+00
-1.823704227186224713e+00
-1.831136257479797358e+00
-1.838540770979676831e+00
-1.845892070431254028e+00
-1.853171108385032184e+00
-1.860365605664169975e+00
-1.867467695186381338e+00
-1.874470915209226263e+00
-1.881368299068783445e+00
-1.888152340081026281e+00
-1.894816337668639328e+00
-1.901355768223728981e+00
-1.907768347791651609e+00
-1.914052353140583307e+00
-1.920204036770436939e+00
-1.926215879244417506e+00
-1.932077389639981657e+00
-1.937779077184118348e+00
-1.943318522786449343e+00
-1.948706012129992171e+00
-1.953966768927632103e+00
-1.959137840766680627e+00
-1.964259854966359020e+00
-1.969366293517852862e+00
-1.974474500208990069e+00
-1.979582477184256728e+00
-1.984673508261039609e+00
-1.989727462518692480e+00
-1.994734594120006754e+00
-1.999706133937507069e+00
-2.004676784671895362e+00
-2.009697238602004887e+00
-2.014818914036325737e+00
-2.020076576699243454e+00
-2.025475810118054998e+00
-2.030990747719777723e+00
-2.036573569057958721e+00
-2.042172509680848957e+00
-2.047751499348656079e+00
-2.053303604554451045e+00
-2.058852717772525764e+00
-2.064442580607602551e+00
-2.070117389557866616e+00
-2.075901777166692330e+00
-2.081788367800924355e+00
-2.087738136903634967e+00
-2.093693621764767698e+00
-2.099599761352118676e+00
-2.105423972280949574e+00
-2.111167341605091785e+00
-2.116862450517681626e+00
-2.122558835515814479e+00
-2.128302149144162492e+00
-2.134115597425603195e+00
-2.139991130213281689e+00
-2.145893654416494378e+00
-2.151776039688037212e+00
-2.157598218808653545e+00
-2.163342136401003479e+00
-2.169016286800184989e+00
-2.174648207350911022e+00
-2.180268524731099777e+00
-2.185893717711524964e+00
-2.191515140442392262e+00
-2.197098927603545526e+00
-2.202596507647185398e+00
-2.207960769934379730e+00
-2.213160541926345370e+00
-2.218186975888061241e+00
-2.223049276379923000e+00
-2.227762169825672878e+00
-2.232331353939741803e+00
-2.236744117899677864e+00
-2.240969937779781596e+00
-2.244971171255444098e+00
-2.248719169462803702e+00
-2.252208394870665487e+00
-2.255461791496404800e+00
-2.258524483923765036e+00
-2.261448206179625942e+00
-2.264273274118611567e+00
-2.267016347670299581e+00
-2.269669911209573510e+00
-2.272214243484989460e+00
-2.274636891588533327e+00
-2.276950904256500152e+00
-2.279203115940563684e+00
-2.281467761634444091e+00
-2.283827034773900255e+00
-2.286346141228453810e+00
-2.289053268972228494e+00
-2.291933280239995874e+00
-2.294938372346872590e+00
-2.298011712016704067e+00
-2.301114250597472655e+00
-2.304243211219755061e+00
-2.307433951460729382e+00
-2.310743830245563402e+00
-2.314224458303827170e+00
-2.317893955784474880e+00
-2.321721236978240732e+00
-2.325629583235532039e+00
-2.329518761231634816e+00
-2.333297053408168065e+00
-2.336910172874429925e+00
-2.340355095259069707e+00
-2.343673005900988926e+00
-2.346924294474206363e+00
-2.350156136960273479e+00
-2.353376404568727764e+00
-2.356545024649709497e+00
-2.359586545542825764e+00
-2.362418637241547437e+00
-2.364984412771575784e+00
-2.367274765152092009e+00
-2.369331137151200473e+00
-2.371227446068432609e+00
-2.373038746992837567e+00
-2.374809833119246871e+00
-2.376536930801881553e+00
-2.378169975120397517e+00
-2.379634094839810032e+00
-2.380860720005576692e+00
-2.381814697691501781e+00
-2.382505693400034374e+00
-2.382979126882600607e+00
-2.383290897825753873e+00
-2.383477265319510430e+00
-2.383533326322064827e+00
-2.383409703920980505e+00
-2.383029005723751759e+00
-2.382314891692935976e+00
-2.381221043961683659e+00
-2.379747396349689570e+00
-2.377936688388201603e+00
-2.375853188560510976e+00
-2.373553373552534485e+00
-2.371061937688242693e+00
-2.368364112507153951e+00
-2.365417934135098932e+00
-2.362181052040417395e+00
-2.358639964399433797e+00
-2.354828228819766611e+00
-2.350824905926648167e+00
-2.346733222651369299e+00
-2.342648344699568064e+00
-2.338628232782083760e+00
-2.334680446595191583e+00
-2.330770849293183566e+00
-2.326850447037263070e+00
-2.322888364341036738e+00
-2.318895925657213919e+00
-2.314930456666230985e+00
-2.311076258755041302e+00
-2.307410463739858919e+00
-2.303968512566380245e+00
-2.300724649061222760e+00
-2.297596650926500228e+00
-2.294473596721041453e+00
-2.291255302662611459e+00
-2.287886657892180153e+00
-2.284371940911052778e+00
-2.280762663632121878e+00
-2.277123989621284927e+00
-2.273494317247713337e+00
-2.269855970929674172e+00
-2.266130462627223618e+00
-2.262201284310433103e+00
-2.257955164696825889e+00
-2.253324398909632098e+00
-2.248311960728253567e+00
-2.242988172788467072e+00
-2.237459806847299504e+00
-2.231824443297267369e+00
-2.226129523387597064e+00
-2.220353728157079765e+00
-2.214418850023268437e+00
-2.208227182822413592e+00
-2.201708292134060052e+00
-2.194854729889547329e+00
-2.187730788812092708e+00
-2.180449904372255165e+00
-2.173129895661596755e+00
-2.165845015368052184e+00
-2.158595455694932941e+00
-2.151307686068236524e+00
-2.143865785159972948e+00
-2.136160666009390585e+00
-2.128135874546938311e+00
-2.119811167035517752e+00
-2.111271076448312467e+00
-2.102630460879224117e+00
-2.093973572008349215e+00
-2.085345751731142894e+00
-2.076509694031682951e+00
-2.067347983445672721e+00
-2.057914969727244525e+00
-2.048284677848084101e+00
-2.038559771470955351e+00
-2.028818946897916753e+00
-2.019092168121479069e+00
-2.009353056059095533e+00
-1.999538280096793130e+00
-1.989583712722377218e+00
-1.979462316788175968e+00
-1.969207207283393490e+00
-1.958909733222896410e+00
-1.948692963174750048e+00
-1.938671443228887181e+00
-1.928913987118977102e+00
-1.919425043949319676e+00
-1.910152348177948767e+00
-1.901017395136880950e+00
-1.891955540054892415e+00
-1.882948346776922799e+00
-1.874034092211811497e+00
-1.865291642100807668e+00
-1.856804313808746665e+00
-1.848619005838323393e+00
-1.840718093123956178e+00
-1.833016375677077203e+00
-1.825384890804403470e+00
-1.817692065687185776e+00
-1.809845304094191532e+00
-1.801815839524883778e+00
-1.793636690865032524e+00
-1.785374898312881431e+00
-1.777090120349067437e+00
-1.768797511570743053e+00
-1.760451068844240297e+00
-1.751955012430846947e+00
-1.743198860879301648e+00
-1.734101695426250700e+00
-1.724647011619945713e+00
-1.714893301594329289e+00
-1.704955627406776086e+00
-1.694965585884545378e+00
-1.685026145540065245e+00
-1.675180007116134018e+00
-1.665404446414195494e+00
-1.655634418451588319e+00
-1.645803733290232440e+00
-1.635886418591149916e+00
-1.625920250259810684e+00
-1.616001948649466335e+00
-1.606255551165168161e+00
-1.596786919193171617e+00
-1.587643366759305286e+00
-1.578795420342222977e+00
-1.570148528204454053e+00
-1.561579977815767517e+00
-1.552985660953048352e+00
-1.544317178642026445e+00
-1.535593870230645752e+00
-1.526885005046391797e+00
-1.518270132156474883e+00
-1.509794920216768421e+00
-1.501441817726744787e+00
-1.493128631004526863e+00
-1.484736255474265354e+00
-1.476154320360495209e+00
-1.467325719712252008e+00
-1.458271261276189001e+00
-1.449083912375592309e+00
-1.439894898084850938e+00
-1.430825808163007640e+00
-1.421946824960939493e+00
-1.413258615557066111e+00
-1.404705371478349507e+00
-1.396213156466812766e+00
-1.387736798626140633e+00
-1.379294744415639595e+00
-1.370976254033406949e+00
-1.362917010059691458e+00
-1.355252730417542351e+00
-1.348069957292163723e+00
-1.341374626556181671e+00
-1.335091711275319337e+00
-1.329096201129810417e+00
-1.323262429198688528e+00
-1.317510931984552824e+00
-1.311833016634346372e+00
-1.306282666814238436e+00
-1.300939369342825280e+00
-1.295857973668736784e+00
-1.291027443788811402e+00
-1.286356808180111333e+00
-1.281695189951404634e+00
-1.276878302846154778e+00
-1.271782391024846914e+00
-1.266363197540328223e+00
-1.260663669716885815e+00
-1.254787216722226262e+00
-1.248847894362881128e+00
-1.242918735943955966e+00
-1.237000288364057177e+00
-1.231022795243410517e+00
-1.224881092935181215e+00
-1.218487217608184237e+00
-1.211817969643205206e+00
-1.204936609901238631e+00
-1.197978732173640370e+00
-1.191107572538374182e+00
-1.184457110694330684e+00
-1.178086677929300663e+00
-1.171966064435941535e+00
-1.165997260660879720e+00
-1.160063411914574294e+00
-1.154083944908287807e+00
-1.147435606144262099e+00
-1.139973766337311512e+00
-1.131721733941716712e+00
-1.122702817411753484e+00
-1.112940325201705161e+00
-1.102457565765845748e+00
-1.091277847558457248e+00
-1.079424479033821216e+00
-1.066920768646210549e+00
-1.053790024849911244e+00
-1.040055556099195755e+00
-1.025740670848346303e+00
-1.010868677551644890e+00
-9.954628846633646333e-01
-9.795466006377909762e-01
-9.631431339291963711e-01
-9.462757929918628186e-01
-9.289678862800736514e-01
-9.112427222481002120e-01
-8.931236093502294970e-01
-8.746338560407324048e-01
-8.557967707738920460e-01
-8.366356620039918646e-01
-8.171738381853024258e-01
-7.974346077721113923e-01
-7.774412792186889964e-01
-7.572171609793187930e-01
-7.367855615082845588e-01
-7.161697892598559712e-01
-6.953931526883215808e-01
-6.744789602479510648e-01
-6.534505203930280892e-01
-6.323311415778365419e-01
-6.111441322566458778e-01
-5.899128008837447590e-01
-5.686604559134030845e-01
-5.474104057999042983e-01
-5.261859589975322882e-01
-5.050104239605569534e-01
-4.839071091432661786e-01
-4.628993229999300296e-01
-4.420103739848325053e-01
-4.212635705522570495e-01
-4.006822211564734504e-01
-3.802896342517702033e-01
-3.601091182924169853e-01
-3.401639817326976845e-01
-3.204775330268955780e-01
-3.010730806292811201e-01
-2.819739329941418626e-01
-2.632033985757485928e-01
-2.447847858283844213e-01
-2.267414032063327090e-01
-2.090965591638641596e-01
-1.918735621552621895e-01
-1.750957206348095763e-01
-1.587863430567777456e-01
-1.429687378754532223e-01
-1.276662135451077928e-01
-1.129020785200243043e-01
-9.869964125448482672e-02
-8.508221020276238167e-02
-7.207309381914184243e-02
-5.969560055789649433e-02
-4.797303887330865713e-02
-3.692871721965938075e-02
-2.658594405122320647e-02
-1.696802782228357120e-02
-8.098276987115377024e-03
-1.387778780781445676e-17
