9.518974112677916821e+00
9.500417085580936671e+00
9.481860007539797408e+00
9.463302828454706273e+00
9.444745499144616474e+00
9.426187971321631665e+00
9.407630197590876264e+00
9.389072131450477698e+00
9.370513727291575279e+00
9.351954940398321980e+00
9.333395726947877336e+00
9.314836044010412763e+00
9.296275771568598856e+00
9.277714771950842376e+00
9.259153024258250042e+00
9.240590508365862377e+00
9.222027204152295710e+00
9.203463091499749282e+00
9.184898150294003472e+00
9.166332360424414460e+00
9.147765701783926673e+00
9.129198154269053234e+00
9.110629697779895508e+00
9.092060312220134222e+00
9.073489977497025905e+00
9.054918673521415329e+00
9.036346380207714191e+00
9.017773077473931309e+00
8.999198745241644204e+00
8.980623363436006201e+00
8.962046911985767750e+00
8.943469370823240894e+00
8.924890719884331247e+00
8.906310939108520230e+00
8.887730008438861518e+00
8.869147907822004129e+00
8.850564617208164009e+00
8.831980116551143567e+00
8.813394385808324571e+00
8.794807404940666373e+00
8.776219153912714788e+00
8.757629612692586107e+00
8.739038761251986642e+00
8.720446579566194956e+00
8.701853047614074299e+00
8.683258145378065507e+00
8.664661852844192325e+00
8.646064150002057858e+00
8.627465016844841017e+00
8.608864433369308955e+00
8.590262379575799301e+00
8.571658835468237925e+00
8.553053781054128279e+00
8.534447196344551401e+00
8.515839061354171236e+00
8.497229356101231090e+00
8.478618060607555407e+00
8.460005154898546209e+00
8.441390619003186657e+00
8.422774432954041046e+00
8.404156576787253030e+00
8.385537030542547399e+00
8.366915774263228300e+00
8.348292787996179243e+00
8.329668051791864869e+00
8.311041545704330957e+00
8.292413249791199092e+00
8.273783144113675547e+00
8.255151208736544177e+00
8.236517423728171750e+00
8.217881769160502614e+00
8.199244225109060480e+00
8.180604771652953744e+00
8.161963388874864833e+00
8.143320056861060863e+00
8.124674755701386530e+00
8.106027465489267669e+00
8.087378166321711248e+00
8.068726838299301818e+00
8.050073461526206842e+00
8.031418016110173141e+00
8.012760482162523346e+00
7.994100839798167435e+00
7.975439069135591197e+00
7.956775150296861554e+00
7.938109063407625676e+00
7.919440788597107428e+00
7.900770305998118026e+00
7.882097595747042718e+00
7.863422637983848773e+00
7.844745412852083710e+00
7.826065900498876182e+00
7.807384081074931537e+00
7.788699934734539809e+00
7.770013441635568618e+00
7.751324581939464942e+00
7.732633335811257780e+00
7.713939683419553717e+00
7.695243604936544024e+00
7.676545080537996668e+00
7.657844090403258086e+00
7.639140614715257627e+00
7.620434633660504886e+00
7.601726127429089708e+00
7.583015076214681294e+00
7.564301460214525541e+00
7.545585259629454811e+00
7.526866454663879047e+00
7.508145025525785776e+00
7.489420952426746325e+00
7.470694215581909603e+00
7.451964795183434020e+00
7.433232455712372122e+00
7.414496989335336963e+00
7.395758403548565951e+00
7.377016705832282639e+00
7.358271903650690504e+00
7.339524004451972061e+00
7.320773015668298633e+00
7.302018944715813475e+00
7.283261798994647762e+00
7.264501585888913482e+00
7.245738312766700773e+00
7.226971986980085916e+00
7.208202615865123342e+00
7.189430206741848295e+00
7.170654766914283940e+00
7.151876303670424484e+00
7.133094824282254720e+00
7.114310336005738478e+00
7.095522846080816848e+00
7.076732361731418841e+00
7.057938890165449841e+00
7.039142438574799598e+00
7.020343014135340454e+00
7.001540624006920233e+00
6.982735275333376457e+00
6.963926975242521245e+00
6.945115730846152857e+00
6.926301549240049482e+00
6.907484437503968344e+00
6.888664402701651035e+00
6.869841451880823513e+00
6.851015592073185445e+00
6.832186830294424418e+00
6.813355173544207055e+00
6.794520628806180795e+00
6.775683203047977443e+00
6.756842903221207841e+00
6.737999736261464534e+00
6.719153709088322657e+00
6.700304828605336382e+00
6.681453101700045139e+00
6.662598535243969167e+00
6.643741136092605970e+00
6.624880911085437418e+00
6.606017867045929748e+00
6.587152010781527345e+00
6.568283349083655409e+00
6.549411888727722619e+00
6.530537636473117580e+00
6.511660599063213262e+00
6.492780783225360786e+00
6.473898195670894751e+00
6.455012843095130570e+00
6.436124732177363583e+00
6.417233869580874384e+00
6.398340261952924379e+00
6.379443915924751352e+00
6.360544838111581889e+00
6.341643035112616289e+00
6.322738513511043656e+00
6.303831279874033022e+00
6.284921340752729790e+00
6.266008702682267284e+00
6.247093372181755200e+00
6.228175355754287601e+00
6.209254659886942029e+00
6.190331291050772400e+00
6.171405255700817882e+00
6.152476560276097572e+00
6.133545211199611380e+00
6.114611214878344470e+00
6.095674577703260155e+00
6.076735306049302565e+00
6.057793406275400194e+00
6.038848884724459687e+00
6.019901747723373830e+00
6.000952001583013562e+00
5.981999652598229744e+00
5.963044707047858495e+00
5.944087171194716746e+00
5.925127051285600466e+00
5.906164353551290880e+00
5.887199084206545585e+00
5.868231249450108322e+00
5.849260855464703646e+00
5.830287908417035148e+00
5.811312414457789899e+00
5.792334379721635784e+00
5.773353810327222391e+00
5.754370712377180119e+00
5.735385091958124626e+00
5.716396955140647052e+00
5.697406307979323792e+00
5.678413156512710280e+00
5.659417506763348094e+00
5.640419364737757846e+00
5.621418736426437412e+00
5.602415627803871701e+00
5.583410044828525542e+00
5.564401993442845473e+00
5.545391479573259730e+00
5.526378509130174699e+00
5.507363088007982022e+00
5.488345222085055930e+00
5.469324917223747917e+00
5.450302179270393843e+00
5.431277014055312158e+00
5.412249427392795909e+00
5.393219425081128726e+00
5.374187012902572391e+00
5.355152196623367722e+00
5.336114981993739015e+00
5.317075374747891381e+00
5.298033380604012521e+00
5.278989005264272727e+00
5.259942254414820439e+00
5.240893133725787578e+00
5.221841648851285989e+00
5.202787805429411883e+00
5.183731609082242286e+00
5.164673065415833264e+00
5.145612180020224358e+00
5.126548958469436812e+00
5.107483406321470909e+00
5.088415529118313074e+00
5.069345332385926994e+00
5.050272821634259834e+00
5.031198002357238686e+00
5.012120880032773229e+00
4.993041460122755737e+00
4.973959748073060183e+00
4.954875749313537803e+00
4.935789469258024198e+00
4.916700913304339338e+00
4.897610086834280452e+00
4.878516995213629137e+00
4.859421643792143364e+00
4.840324037903569021e+00
4.821224182865631036e+00
4.802122083980035150e+00
4.783017746532468806e+00
4.763911175792602037e+00
4.744802377014083916e+00
4.725691355434546992e+00
4.706578116275607293e+00
4.687462664742857221e+00
4.668345006025874433e+00
4.649225145298217399e+00
4.630103087717425403e+00
4.610978838425021209e+00
4.591852402546504841e+00
4.572723785191362467e+00
4.553592991453060179e+00
4.534460026409042221e+00
4.515324895120741644e+00
4.496187602633566094e+00
4.477048153976905809e+00
4.457906554164138946e+00
4.438762808192614706e+00
4.419616921043671987e+00
4.400468897682630498e+00
4.381318743058784548e+00
4.362166462105419917e+00
4.343012059739795205e+00
4.323855540863156044e+00
4.304696901965877842e+00
4.285536041748926550e+00
4.266372933586138672e+00
4.247207583162152744e+00
4.228039996198757144e+00
4.208870178454888311e+00
4.189698135726635186e+00
4.170523873847232110e+00
4.151347398687063261e+00
4.132168716153665322e+00
4.112987832191719484e+00
4.093804752783061218e+00
4.074619483946670506e+00
4.055432031738679832e+00
4.036242402252369743e+00
4.017050601618168848e+00
3.997856636003659148e+00
3.978660511613567152e+00
3.959462234689770099e+00
3.940261811511296841e+00
3.921059248394321628e+00
3.901854551692172102e+00
3.882647727795322190e+00
3.863438783131393883e+00
3.844227724165163451e+00
3.825014557398551673e+00
3.805799289370631389e+00
3.786581926657622166e+00
3.767362475872896965e+00
3.748140943666973257e+00
3.728917336727519238e+00
3.709691661779355609e+00
3.690463925584447136e+00
3.671234134941912863e+00
3.652002296688016791e+00
3.632768417696174534e+00
3.613532504876951545e+00
3.594294565178059120e+00
3.575054605584363276e+00
3.555812633117874544e+00
3.536568654837753733e+00
3.517322677840313272e+00
3.498074709259010984e+00
3.478824756264458529e+00
3.459572826064412965e+00
3.440318925903781633e+00
3.421063063064623044e+00
3.401805244866141997e+00
3.382545478664695793e+00
3.363283771853788018e+00
3.344020131864071210e+00
3.324754566163352187e+00
3.305487082256580500e+00
3.286217687685859534e+00
3.266946390030440739e+00
3.247673196906723181e+00
3.228398115968257542e+00
3.209121154905741236e+00
3.189842321447024620e+00
3.170561623357104342e+00
3.151279068438125108e+00
3.131994664529385464e+00
3.112708419507328905e+00
3.093420341285551434e+00
3.074130437814794448e+00
3.054838717082953625e+00
3.035545187115070043e+00
3.016249855973334171e+00
2.996952731757088539e+00
2.977653822602820632e+00
2.958353136684173101e+00
2.939050682211932664e+00
2.919746467434035875e+00
2.900440500635572683e+00
2.881132790138776656e+00
2.861823344303035199e+00
2.842512171524882891e+00
2.823199280238002373e+00
2.803884678913228790e+00
2.784568376058543571e+00
2.765250380219079762e+00
2.745930699977118028e+00
2.726609343952087539e+00
2.707286320800569968e+00
2.687961639216291942e+00
2.668635307930134370e+00
2.649307335710123112e+00
2.629977731361434312e+00
2.610646503726395284e+00
2.591313661684480074e+00
2.571979214152314785e+00
2.552643170083670476e+00
2.533305538469473372e+00
2.513966328337794209e+00
2.494625548753853561e+00
2.475283208820024061e+00
2.455939317675823297e+00
2.436593884497923579e+00
2.417246918500142172e+00
2.397898428933445292e+00
2.378548425085952989e+00
2.359196916282928935e+00
2.339843911886791084e+00
2.320489421297103227e+00
2.301133453950578112e+00
2.281776019321081872e+00
2.262417126919624266e+00
2.243056786294369775e+00
2.223695007030628723e+00
2.204331798750860827e+00
2.184967171114676532e+00
2.165601133818833457e+00
2.146233696597242613e+00
2.126864869220959520e+00
2.107494661498190425e+00
2.088123083274292302e+00
2.068750144431769744e+00
2.049375854890278958e+00
2.030000224606621995e+00
2.010623263574751629e+00
1.991244981825772031e+00
1.971865389427932547e+00
1.952484496486636356e+00
1.933102313144432038e+00
1.913718849581018455e+00
1.894334116013245861e+00
1.874948122695110353e+00
1.855560879917760975e+00
1.836172398009491946e+00
1.816782687335750879e+00
1.797391758299132114e+00
1.777999621339378722e+00
1.758606286933385832e+00
1.739211765595194414e+00
1.719816067875998167e+00
1.700419204364137737e+00
1.681021185685101837e+00
1.661622022501532792e+00
1.642221725513217656e+00
1.622820305457096435e+00
1.603417773107255861e+00
1.584014139274931177e+00
1.564609414808511234e+00
1.545203610593528509e+00
1.525796737552670201e+00
1.506388806645768907e+00
1.486979828869806619e+00
1.467569815258917609e+00
1.448158776884381549e+00
1.428746724854631722e+00
1.409333670315246589e+00
1.389919624448954893e+00
1.370504598475637437e+00
1.351088603652319531e+00
1.331671651273180990e+00
1.312253752669545914e+00
1.292834919209891797e+00
1.273415162299843084e+00
1.253994493382172504e+00
1.234572923936805955e+00
1.215150465480813846e+00
1.195727129568420422e+00
1.176302927790995767e+00
1.156877871777059141e+00
1.137451973192282528e+00
1.118025243739483532e+00
1.098597695158631371e+00
1.079169339226843327e+00
1.059740187758384966e+00
1.040310252604674801e+00
1.020879545654275411e+00
1.001448078832903654e+00
9.820158641034228975e-01
9.625829134658445696e-01
9.431492389573334911e-01
9.237148526521989922e-01
9.042797666619041275e-01
8.848439931350582377e-01
8.654075442574192811e-01
8.459704322518983854e-01
8.265326693785511880e-01
8.070942679345871618e-01
7.876552402543615106e-01
7.682155987093790550e-01
7.487753557082967859e-01
7.293345236969168699e-01
7.098931151581950871e-01
6.904511426122328377e-01
6.710086186162813604e-01
6.515655557647437313e-01
6.321219666891686462e-01
6.126778640582581925e-01
5.932332605778588563e-01
5.737881689909715144e-01
5.543426020777423302e-01
5.348965726554673061e-01
5.154500935785946147e-01
4.960031777387174934e-01
4.765558380645827929e-01
4.571080875220832618e-01
4.376599391142608764e-01
4.182114058813103941e-01
3.987625009005711929e-01
3.793132372865364865e-01
3.598636281908452195e-01
3.404136868022858420e-01
3.209634263467993076e-01
3.015128600874712461e-01
2.820620013245412894e-01
2.626108633953947447e-01
2.431594596745662862e-01
2.237078035737430082e-01
2.042559085417571252e-01
1.848037880645942987e-01
1.653514556653862821e-01
1.458989249044141123e-01
1.264462093791110797e-01
1.069933227240558032e-01
8.754027861098011287e-02
6.808709074876108380e-02
4.863377288342918964e-02
2.918033879816096104e-02
9.726802313282186321e-03
-9.726822713729824793e-03
-2.918052238824870442e-02
-4.863428277850079945e-02
-6.808808991556215828e-02
-8.754192979335963243e-02
-1.069957883686729755e-01
-1.264496515611261140e-01
-1.459035052532001997e-01
-1.653573352902250881e-01
-1.848111274803812265e-01
-2.042648675947020542e-01
-2.237185413670652323e-01
-2.431721344942056884e-01
-2.626256326357068738e-01
-2.820790214140029284e-01
-3.015322864143810122e-01
-3.209854131849725345e-01
-3.404383872367660047e-01
-3.598911940435986501e-01
-3.793438190421583034e-01
-3.987962476319858451e-01
-4.182484651754662663e-01
-4.377004569978419912e-01
-4.571522083872037179e-01
-4.766037045944931383e-01
-4.960549308335047702e-01
-5.155058722808771865e-01
-5.349565140761065596e-01
-5.544068413215376134e-01
-5.738568390823652887e-01
-5.933064923866377960e-01
-6.127557862252479559e-01
-6.322047055519451897e-01
-6.516532352833277475e-01
-6.711013602988447069e-01
-6.905490654407979711e-01
-7.099963355143334987e-01
-7.294431552874549585e-01
-7.488895094910139605e-01
-7.683353828187137191e-01
-7.877807599271092753e-01
-8.072256254356007243e-01
-8.266699639264452060e-01
-8.461137599447481339e-01
-8.655569979984663043e-01
-8.849996625584086729e-01
-9.044417380582288057e-01
-9.238832790464458489e-01
-9.433245111840787844e-01
-9.627654363347790678e-01
-9.822060357887031357e-01
-1.001646290913889237e+00
-1.021086183156249438e+00
-1.040525694039571736e+00
-1.059964805165521717e+00
-1.079403498213634460e+00
-1.098841754941326965e+00
-1.118279557183890383e+00
-1.137716886854490905e+00
-1.157153725944173095e+00
-1.176590056521851002e+00
-1.196025860734320156e+00
-1.215461120806250017e+00
-1.234895819040186193e+00
-1.254329937816551999e+00
-1.273763459593639347e+00
-1.293196366907623185e+00
-1.312628642372552168e+00
-1.332060268680349546e+00
-1.351491228600817829e+00
-1.370921504981627903e+00
-1.390351080748333246e+00
-1.409779938904360819e+00
-1.429208062531013734e+00
-1.448635434787471921e+00
-1.468062038910785905e+00
-1.487487858215887693e+00
-1.506912876095582776e+00
-1.526337076020552797e+00
-1.545760441539357322e+00
-1.565182956278424742e+00
-1.584604603942065815e+00
-1.604025368312465227e+00
-1.623445233249683373e+00
-1.642864182691657904e+00
-1.662282200654196629e+00
-1.681699271230988835e+00
-1.701115378593597960e+00
-1.720530506991462483e+00
-1.739944640751899918e+00
-1.759357764280095937e+00
-1.778769862059118800e+00
-1.798180918649910920e+00
-1.817590918691289303e+00
-1.836999846899949995e+00
-1.856407688070457862e+00
-1.875814427075259694e+00
-1.895220048864676210e+00
-1.914624538466903836e+00
-1.934027880988017145e+00
-1.953430061611959312e+00
-1.972831065600556322e+00
-1.992230878293507645e+00
-2.011629485108388238e+00
-2.031026871540651424e+00
-2.050423023163618907e+00
-2.069817925628496091e+00
-2.089211564664360310e+00
-2.108603926078167934e+00
-2.127994995754744156e+00
-2.147384759656796316e+00
-2.166773203824906346e+00
-2.186160314377529890e+00
-2.205546077511002956e+00
-2.224930479499528602e+00
-2.244313506695193361e+00
-2.263695145527957475e+00
-2.283075382505655782e+00
-2.302454204214001710e+00
-2.321831597316579288e+00
-2.341207548554852469e+00
-2.360582044748159802e+00
-2.379955072793715765e+00
-2.399326619666612981e+00
-2.418696672419812010e+00
-2.438065218184157779e+00
-2.457432244168366253e+00
-2.476797737659031551e+00
-2.496161686020624604e+00
-2.515524076695484723e+00
-2.534884897203835141e+00
-2.554244135143771466e+00
-2.573601778191266121e+00
-2.592957814100167457e+00
-2.612312230702195759e+00
-2.631665015906952121e+00
-2.651016157701910902e+00
-2.670365644152421947e+00
-2.689713463401715021e+00
-2.709059603670886496e+00
-2.728404053258917106e+00
-2.747746800542660406e+00
-2.767087833976844991e+00
-2.786427142094078935e+00
-2.805764713504837804e+00
-2.825100536897480641e+00
-2.844434601038239308e+00
-2.863766894771222038e+00
-2.883097407018415215e+00
-2.902426126779673154e+00
-2.921753043132733652e+00
-2.941078145233207763e+00
-2.960401422314582032e+00
-2.979722863688220258e+00
-2.999042458743358175e+00
-3.018360196947110108e+00
-3.037676067844466754e+00
-3.056990061058292962e+00
-3.076302166289332618e+00
-3.095612373316197985e+00
-3.114920671995384360e+00
-3.134227052261258972e+00
-3.153531504126067198e+00
-3.172834017679931229e+00
-3.192134583090841193e+00
-3.211433190604671584e+00
-3.230729830545169268e+00
-3.250024493313957930e+00
-3.269317169390536737e+00
-3.288607849332276789e+00
-3.307896523774430886e+00
-3.327183183430123758e+00
-3.346467819090357843e+00
-3.365750421624011945e+00
-3.385030981977835918e+00
-3.404309491176459535e+00
-3.423585940322388499e+00
-3.442860320596005330e+00
-3.462132623255560926e+00
-3.481402839637189661e+00
-3.500670961154899175e+00
-3.519936979300573476e+00
-3.539200885643972949e+00
-3.558462671832728130e+00
-3.577722329592352146e+00
-3.596979850726231387e+00
-3.616235227115628170e+00
-3.635488450719681630e+00
-3.654739513575401499e+00
-3.673988407797679656e+00
-3.693235125579280353e+00
-3.712479659190844661e+00
-3.731722000980891796e+00
-3.750962143375808910e+00
-3.770200078879867078e+00
-3.789435800075209304e+00
-3.808669299621855853e+00
-3.827900570257703805e+00
-3.847129604798519953e+00
-3.866356396137952789e+00
-3.885580937247525846e+00
-3.904803221176636363e+00
-3.924023241052561062e+00
-3.943240990080445485e+00
-3.962456461543316877e+00
-3.981669648802077521e+00
-4.000880545295503410e+00
-4.020089144540248682e+00
-4.039295440130839410e+00
-4.058499425739681143e+00
-4.077701095117053143e+00
-4.096900442091111927e+00
-4.116097460567892163e+00
-4.135292144531294234e+00
-4.154484488043105550e+00
-4.173674485242983678e+00
-4.192862130348464333e+00
-4.212047417654958714e+00
-4.231230341535747286e+00
-4.250410896441996655e+00
-4.269589076902741809e+00
-4.288764877524898544e+00
-4.307938292993256368e+00
-4.327109318070474941e+00
-4.346277947597098290e+00
-4.365444176491541484e+00
-4.384607999750097740e+00
-4.403769412446935760e+00
-4.422928409734095290e+00
-4.442084986841497773e+00
-4.461239139076937477e+00
-4.480390861826085036e+00
-4.499540150552489237e+00
-4.518687000797569020e+00
-4.537831408180623249e+00
-4.556973368398825386e+00
-4.576112877227227926e+00
-4.595249930518750858e+00
-4.614384524204197646e+00
-4.633516654292244574e+00
-4.652646316869444298e+00
-4.671773508100227623e+00
-4.690898224226892843e+00
-4.710020461569623507e+00
-4.729140216526473317e+00
-4.748257485573374126e+00
-4.767372265264135045e+00
-4.786484552230433565e+00
-4.805594343181831540e+00
-4.824701634905762759e+00
-4.843806424267535604e+00
-4.862908708210339270e+00
-4.882008483755230444e+00
-4.901105748001147511e+00
-4.920200498124905231e+00
-4.939292731381190293e+00
-4.958382445102570202e+00
-4.977469636699480837e+00
-4.996554303660239782e+00
-5.015636443551038326e+00
-5.034716054015943243e+00
-5.053793132776902119e+00
-5.072867677633727368e+00
-5.091939686464115766e+00
-5.111009157223638688e+00
-5.130076087945741214e+00
-5.149140476741746575e+00
-5.168202321800850818e+00
-5.187261621390127253e+00
-5.206318373854523784e+00
-5.225372577616868242e+00
-5.244424231177861273e+00
-5.263473333116074571e+00
-5.282519882087964191e+00
-5.301563876827855459e+00
-5.320605316147954511e+00
-5.339644198938340303e+00
-5.358680524166964609e+00
-5.377714290879660908e+00
-5.396745498200134605e+00
-5.415774145329969258e+00
-5.434800231548623017e+00
-5.453823756213426854e+00
-5.472844718759592553e+00
-5.491863118700204716e+00
-5.510878955626223430e+00
-5.529892229206489596e+00
-5.548902939187709826e+00
-5.567911085394474213e+00
-5.586916667729249220e+00
-5.605919686172370575e+00
-5.624920140782059264e+00
-5.643918031694401982e+00
-5.662913359123365353e+00
-5.681906123360794147e+00
-5.700896324776405066e+00
-5.719883963817797401e+00
-5.738869041010434380e+00
-5.757851556957663597e+00
-5.776831512340708130e+00
-5.795808907918663877e+00
-5.814783744528505771e+00
-5.833756023085078901e+00
-5.852725744581110945e+00
-5.871692910087198847e+00
-5.890657520751823029e+00
-5.909619577801331403e+00
-5.928579082539950917e+00
-5.947536036349787558e+00
-5.966490440690817465e+00
-5.985442297100899367e+00
-6.004391607195759484e+00
-6.023338372669004848e+00
-6.042282595292117975e+00
-6.061224276914455977e+00
-6.080163419463255003e+00
-6.099100024943619580e+00
-6.118034095438536824e+00
-6.136965633108867557e+00
-6.155894640193348089e+00
-6.174821119008590209e+00
-6.193745071949082082e+00
-6.212666501487186466e+00
-6.231585410173142492e+00
-6.250501800635066552e+00
-6.269415675578950520e+00
-6.288327037788657314e+00
-6.307235890125931554e+00
-6.326142235530390678e+00
-6.345046077019529385e+00
-6.363947417688718744e+00
-6.382846260711199093e+00
-6.401742609338095136e+00
-6.420636466898401729e+00
-6.439527836798993654e+00
-6.458416722524620290e+00
-6.477303127637901170e+00
-6.496187055779338415e+00
-6.515068510667307855e+00
-6.533947496098059915e+00
-6.552824015945724057e+00
-6.571698074162299896e+00
-6.590569674777666087e+00
-6.609438821899578542e+00
-6.628305519713666882e+00
-6.647169772483438877e+00
-6.666031584550271560e+00
-6.684890960333423671e+00
-6.703747904330030316e+00
-6.722602421115097648e+00
-6.741454515341514409e+00
-6.760304191740035051e+00
-6.779151455119298397e+00
-6.797996310365816974e+00
-6.816838762443977018e+00
-6.835678816396042912e+00
-6.854516477342151859e+00
-6.873351750480319211e+00
-6.892184641086435803e+00
-6.911015154514267955e+00
-6.929843296195459246e+00
-6.948669071639522521e+00
-6.967492486433854992e+00
-6.986313546243724915e+00
-7.005132256812279579e+00
-7.023948623960535542e+00
-7.042762653587390176e+00
-7.061574351669618110e+00
-7.080383724261864131e+00
-7.099190777496656501e+00
-7.117995517584390086e+00
-7.136797950813339675e+00
-7.155598083549659982e+00
-7.174395922237375878e+00
-7.193191473398390379e+00
-7.211984743632479322e+00
-7.230775739617298470e+00
-7.249564468108376403e+00
-7.268350935939120738e+00
-7.287135150020811913e+00
-7.305917117342604072e+00
-7.324696844971532173e+00
-7.343474340052503102e+00
-7.362249609808303674e+00
-7.381022661539593521e+00
-7.399793502624904207e+00
-7.418562140520649884e+00
-7.437328582761117524e+00
-7.456092836958470471e+00
-7.474854910802748442e+00
-7.493614812061861308e+00
-7.512372548581603304e+00
-7.531128128285638823e+00
-7.549881559175507739e+00
-7.568632849330632517e+00
-7.587382006908301335e+00
-7.606129040143683184e+00
-7.624873957349825204e+00
-7.643616766917645577e+00
-7.662357477315943299e+00
-7.681096097091386632e+00
-7.699832634868523762e+00
-7.718567099349780136e+00
-7.737299499315452245e+00
-7.756029843623718278e+00
-7.774758141210625695e+00
-7.793484401090100100e+00
-7.812208632353946136e+00
-7.830930844171841265e+00
-7.849651045791338433e+00
-7.868369246537866069e+00
-7.887085455814728974e+00
-7.905799683103109210e+00
-7.924511937962062547e+00
-7.943222230028523789e+00
-7.961930569017296122e+00
-7.980636964721067095e+00
-7.999341427010393524e+00
-8.018043965833713926e+00
-8.036744591217336975e+00
-8.055443313265449490e+00
-8.074140142160112887e+00
-8.092835088161267620e+00
-8.111528161606727849e+00
-8.130219372912183218e+00
-8.148908732571195301e+00
-8.167596251155210041e+00
-8.186281939313541756e+00
-8.204965807773383801e+00
-8.223647867339806794e+00
-8.242328128895751505e+00
-8.261006603402039516e+00
-8.279683301897364345e+00
-8.298358235498302093e+00
-8.317031415399297245e+00
-8.335702852872671542e+00
-8.354372559268623988e+00
-8.373040546015229069e+00
-8.391706824618440308e+00
-8.410371406662079607e+00
-8.429034303807849682e+00
-8.447695527795328729e+00
-8.466355090441968656e+00
-8.485013003643100404e+00
-8.503669279371926848e+00
-8.522323929679529897e+00
-8.540976966694863393e+00
-8.559628402624760213e+00
-8.578278249753928719e+00
-8.596926520444950981e+00
-8.615573227138286327e+00
-8.634218382352271348e+00
-8.652861998683114564e+00
-8.671504088804907084e+00
-8.690144665469601293e+00
-8.708783741507044596e+00
-8.727421329824945673e+00
-8.746057443408895793e+00
-8.764692095322359933e+00
-8.783325298706676776e+00
-8.801957066781065819e+00
-8.820587412842616715e+00
-8.839216350266299926e+00
-8.857843892504959626e+00
-8.876470053089310142e+00
-8.895094845627953717e+00
-8.913718283807357423e+00
-8.932340381391867368e+00
-8.950961152223712247e+00
-8.969580610222982031e+00
-8.988198769387654607e+00
-9.006815643793579795e+00
-9.025431247594482898e+00
-9.044045595021968253e+00
-9.062658700385508581e+00
-9.081270578072455635e+00
-9.099881242548041982e+00
-9.118490708355370344e+00
-9.137098990115420705e+00
-9.155706102527050305e+00
-9.174312060366984767e+00
-9.192916878489837629e+00
-9.211520571828090809e+00
-9.230123155392105261e+00
-9.248724644270108541e+00
-9.267325053628216125e+00
-9.285924398710410088e+00
-9.304522694838556873e+00
-9.323119957412393077e+00
-9.341716201909529005e+00
-9.360311443885455773e+00
-9.378905698973534655e+00
-9.397498982885013064e+00
-9.416091311409001463e+00
-9.434682700412494682e+00
-9.453273165840357706e+00
-9.471862723715334553e+00
-9.490451390138050058e+00
-9.509039181286990328e+00
-9.527626113418532938e+00
