8.565197162635485029e-18
-2.370186596965047094e-03
-4.592953625436992440e-03
-6.673040093397993207e-03
-8.615185008832114757e-03
-1.042412737972204205e-02
-1.210460621405053984e-02
-1.366136051980153601e-02
-1.509912930495748047e-02
-1.642265157750215365e-02
-1.763666634541837669e-02
-1.874591261668906439e-02
-1.975512939929786535e-02
-2.066905570122747754e-02
-2.149243053046146282e-02
-2.222999289498274120e-02
-2.288648180277434718e-02
-2.346663626181970733e-02
-2.397519528010171388e-02
-2.441689786560375872e-02
-2.479648302630885204e-02
-2.511868977020009081e-02
-2.538825710526075932e-02
-2.560992403947390250e-02
-2.578842958082275608e-02
-2.592851273729042394e-02
-2.603491251686003774e-02
-2.611236792751477076e-02
-2.616561797723777200e-02
-2.619940167401219044e-02
-2.621845802582118551e-02
-2.622752604064788537e-02
-2.623134472647545984e-02
-2.623465309128703710e-02
-2.624219014306579043e-02
-2.625869488979485494e-02
-2.628890633945739352e-02
-2.633756350003653435e-02
-2.640940537951543682e-02
-2.650917098587726728e-02
-2.664159932710517126e-02
-2.681142941118224918e-02
-2.702340024609173330e-02
-2.728225083981667548e-02
-2.759272020034034267e-02
-2.795954733564583183e-02
-2.838747125371619481e-02
-2.888123096253476796e-02
-2.944556547008448516e-02
-3.008521378434874521e-02
-3.080491491331057916e-02
-3.160940786495294863e-02
-3.250343164725937040e-02
-3.349172526821258405e-02
-3.457902773579619310e-02
-3.577007805799312795e-02
-3.706961524278623576e-02
-3.848237829815924493e-02
-4.001310623209469730e-02
-4.166653805257640453e-02
-4.344741276758719295e-02
-4.536046938510977095e-02
-4.741044691312815140e-02
-4.960208435962454310e-02
-5.194012073258311157e-02
-5.442929503998650970e-02
-5.699644647884285348e-02
-5.938121842354462943e-02
-6.171601764111237648e-02
-6.414936650525968065e-02
-6.678272397925431869e-02
-6.962827397738109714e-02
-7.260513643908218795e-02
-7.557488028663647550e-02
-7.840060685586729139e-02
-8.100425822047624402e-02
-8.339808321160156745e-02
-8.567758612981454802e-02
-8.797976774367512187e-02
-9.042494510443556399e-02
-9.306687565305893362e-02
-9.587181800600075299e-02
-9.873453588371679246e-02
-1.015236190750033463e-01
-1.041364810479668279e-01
-1.065409138286824847e-01
-1.087863497023438264e-01
-1.109810561327099349e-01
-1.132457179023998312e-01
-1.156633056481446431e-01
-1.182460522158061689e-01
-1.209325787199192759e-01
-1.236153315361540606e-01
-1.261860231354074158e-01
-1.285798142114857323e-01
-1.308001854226538696e-01
-1.329150203965175081e-01
-1.350265637598692392e-01
-1.372284878760088311e-01
-1.395680450775610981e-01
-1.420285053658915386e-01
-1.445382283558891146e-01
-1.470016524313543516e-01
-1.493387897313797619e-01
-1.515169125726542609e-01
-1.535619371990660231e-01
-1.555457080263334124e-01
-1.575552419923814396e-01
-1.596570028594747892e-01
-1.618707541833626640e-01
-1.641631459283823535e-01
-1.664628684375331347e-01
-1.686905187357688463e-01
-1.707907187345439615e-01
-1.727535786298229070e-01
-1.746172882634314527e-01
-1.764513967572737263e-01
-1.783280119779052375e-01
-1.802927105964881038e-01
-1.823467262884614082e-01
-1.844472237198904463e-01
-1.865251655884002380e-01
-1.885133546270764127e-01
-1.903733615190226214e-01
-1.921106691179428339e-01
-1.937721488982381002e-01
-1.954270071497167804e-01
-1.971388457837598973e-01
-1.989399566587537749e-01
-2.008180796917111155e-01
-2.027209620399914869e-01
-2.045770120979424067e-01
-2.063239508239207431e-01
-2.079341069609928483e-01
-2.094261806362407996e-01
-2.108585271309565412e-01
-2.123062944482155268e-01
-2.138312549187937894e-01
-2.154563108787356795e-01
-2.171550892844598402e-01
-2.188612555588493880e-01
-2.204943544596872362e-01
-2.219921928280897128e-01
-2.233367914740508609e-01
-2.245631162525983937e-01
-2.257464476732565228e-01
-2.269728268435371454e-01
-2.283041002148863963e-01
-2.297517166449279669e-01
-2.312703507467886721e-01
-2.327746798372592463e-01
-2.341731848890994394e-01
-2.354056042034531337e-01
-2.364687002333775712e-01
-2.374193040334175997e-01
-2.383526393675499955e-01
-2.393641156318701002e-01
-2.405099150584929790e-01
-2.417826971301901828e-01
-2.431129657437028080e-01
-2.443962738117174960e-01
-2.455356613759668294e-01
-2.464820415413990773e-01
-2.472556307241150497e-01
-2.479390087876000570e-01
-2.486440337472543005e-01
-2.494658497385063567e-01
-2.504429568357875446e-01
-2.515402001506555352e-01
-2.526622749269489265e-01
-2.536926707364200451e-01
-2.545421270290276761e-01
-2.551863827014008712e-01
-2.556771702161592663e-01
-2.561214204623229462e-01
-2.566369864769974529e-01
-2.573032399249721158e-01
-2.581273323441962697e-01
-2.590405513119840575e-01
-2.599267189878202156e-01
-2.606707347947397890e-01
-2.612077632506272229e-01
-2.615491543257997265e-01
-2.617844029823291341e-01
-2.620240139239140564e-01
-2.624138499278575454e-01
-2.628655353325621280e-01
-2.630945128261596433e-01
-2.632222561118916504e-01
-2.633694802541138302e-01
-2.636491622273645086e-01
-2.641014749125434324e-01
-2.646821905788684925e-01
-2.652803202542970418e-01
-2.657681820240530013e-01
-2.660576075795820783e-01
-2.661389376745217361e-01
-2.660852551388351861e-01
-2.660202540366350954e-01
-2.660639240808161943e-01
-2.662799631544690016e-01
-2.666479571885748134e-01
-2.670724131248411459e-01
-2.674245619807401053e-01
-2.675985616189267002e-01
-2.675575456517716444e-01
-2.673495236518571017e-01
-2.670863734852911286e-01
-2.668952512500739616e-01
-2.668636514919898728e-01
-2.670019636462425683e-01
-2.672395988732128580e-01
-2.674560396923116867e-01
-2.675330764365491110e-01
-2.674055081684145740e-01
-2.670885172030441068e-01
-2.666702425936188781e-01
-2.662732042035342861e-01
-2.660015667638706005e-01
-2.658970703330889584e-01
-2.659223726970899038e-01
-2.659784593901340921e-01
-2.659480496833301899e-01
-2.657459377221097485e-01
-2.653546120685886800e-01
-2.648302429935735502e-01
-2.642771298928457413e-01
-2.638022418197029650e-01
-2.634697375518806339e-01
-2.632748888631128992e-01
-2.631480572389945372e-01
-2.629862295830745489e-01
-2.626978643012355952e-01
-2.622415273774885702e-01
-2.616420133570820372e-01
-2.609777518759618387e-01
-2.603457645515447338e-01
-2.598198436495446906e-01
-2.594200321134805809e-01
-2.591060653751380838e-01
-2.587967531430088175e-01
-2.584061106010742126e-01
-2.578802016412688469e-01
-2.572189249909050957e-01
-2.564739963396740485e-01
-2.557249016095103911e-01
-2.550439694975461524e-01
-2.544659441257917654e-01
-2.539748996500770239e-01
-2.535133735762412632e-01
-2.530088532981554783e-01
-2.524054847749268027e-01
-2.516871531209363688e-01
-2.508824355743979884e-01
-2.500501638899595425e-01
-2.492527466070622033e-01
-2.485293404765193670e-01
-2.478804419312181095e-01
-2.472699605157781533e-01
-2.466429533051063550e-01
-2.459504970339679297e-01
-2.451705169160773301e-01
-2.443157390209017565e-01
-2.434260231689713283e-01
-2.425493146510249720e-01
-2.417202163538542392e-01
-2.409457422691222428e-01
-2.402041249734223616e-01
-2.394564500144796271e-01
-2.386652046234639113e-01
-2.378110676235468679e-01
-2.369005088066174491e-01
-2.359612962968440919e-01
-2.350286096658010804e-01
-2.341285588678966856e-01
-2.332667446024828395e-01
-2.324268349870013406e-01
-2.315793331327894444e-01
-2.306960359616218592e-01
-2.297632673587226559e-01
-2.287878150902345198e-01
-2.277930982500927515e-01
-2.268076932096775855e-01
-2.258518038911018211e-01
-2.249280315970634270e-01
-2.240206146696026579e-01
-2.231032626046749179e-01
-2.221517219700563928e-01
-2.211551195854379315e-01
-2.201208490633085046e-01
-2.190708835267516086e-01
-2.180314157537700803e-01
-2.170207756808818778e-01
-2.160412457817063592e-01
-2.150784548770383053e-01
-2.141084430564717811e-01
-2.131089461162836152e-01
-2.120695856836163351e-01
-2.109962926505151160e-01
-2.099080811052563000e-01
-2.088278847350836798e-01
-2.077718816002582236e-01
-2.067423235259774339e-01
-2.057271218249542843e-01
-2.047061918092890065e-01
-2.036613743530917009e-01
-2.025851275977973709e-01
-2.014838585434270135e-01
-2.003743998401682491e-01
-1.992754517460153807e-01
-1.981982213585858354e-01
-1.971408613413865307e-01
-1.960894518292858046e-01
-1.950250743784072704e-01
-1.939335399185013742e-01
-1.928129787434498255e-01
-1.916754552541392043e-01
-1.905416041014857398e-01
-1.894306725806847724e-01
-1.883506857250756283e-01
-1.872935805888715499e-01
-1.862379600534296020e-01
-1.851585646942832120e-01
-1.840382919073487999e-01
-1.828771614759018282e-01
-1.816937757147870092e-01
-1.805181182171777532e-01
-1.793785289821147599e-01
-1.782885518562221105e-01
-1.772397089441963836e-01
-1.762038491591446931e-01
-1.751445393221289504e-01
-1.740328289357031266e-01
-1.728605384867311912e-01
-1.716450330285754777e-01
-1.704229846881684107e-01
-1.692354052759809102e-01
-1.681101567707835032e-01
-1.670494692073474230e-01
-1.660280538907761283e-01
-1.650029648337847932e-01
-1.639313074656761349e-01
-1.627884106629121919e-01
-1.615787077776122405e-01
-1.603345352300150906e-01
-1.591031314701562560e-01
-1.579271551493872661e-01
-1.568268699049980286e-01
-1.557915251162926840e-01
-1.547836350208449396e-01
-1.537544332044682160e-01
-1.526640571114473433e-01
-1.514980072018174972e-01
-1.502730128990134861e-01
-1.490299205464029053e-01
-1.478166713252745956e-01
-1.466685507547711154e-01
-1.455939490354722088e-01
-1.445714570934135412e-01
-1.435593030283696947e-01
-1.425129694808447145e-01
-1.414035057532521400e-01
-1.402289264219103715e-01
-1.390141562926986984e-01
-1.377998779192076972e-01
-1.366252635841467278e-01
-1.355119787536510356e-01
-1.344560685817703660e-01
-1.334308072000246204e-01
-1.323988728057726993e-01
-1.313283541986243197e-01
-1.302056973460350431e-01
-1.290402796100344751e-01
-1.278591004540239051e-01
-1.266943482798184584e-01
-1.255695047959350386e-01
-1.244899959161677450e-01
-1.234421476852692601e-01
-1.224004339920008178e-01
-1.213394075055474752e-01
-1.202448432467149581e-01
-1.191192401091486358e-01
-1.179795480043013683e-01
-1.168485382365951758e-01
-1.157440127019428167e-01
-1.146708443135315975e-01
-1.136193651175482489e-01
-1.125706042737665835e-01
-1.115057247827909992e-01
-1.104151457422132415e-01
-1.093030822122743051e-01
-1.081854307190794617e-01
-1.070820549448101427e-01
-1.060071347818885290e-01
-1.049621241869442417e-01
-1.039346531330380408e-01
-1.029039672722252691e-01
-1.018504771447588109e-01
-1.007650628136403936e-01
-9.965382655204464701e-02
-9.853599304937406267e-02
-9.743573095341728774e-02
-9.637143497189479269e-02
-9.534722370992701479e-02
-9.435051408428013486e-02
-9.335690816565349326e-02
-9.234041659624674103e-02
-9.128465948324415713e-02
-9.019018513447751850e-02
-8.907466488398534110e-02
-8.796576575941135456e-02
-8.688966041987275513e-02
-8.586003729089294878e-02
-8.487228014069095328e-02
-8.390529065919220819e-02
-8.293018623423478730e-02
-8.192220591934579188e-02
-8.087082962822583765e-02
-7.978391199547901769e-02
-7.868418987891891148e-02
-7.759973554679240604e-02
-7.655242612414578374e-02
-7.554924413897051716e-02
-7.457993165842180527e-02
-7.362177965384072986e-02
-7.264933797571136720e-02
-7.164485179324167619e-02
-7.060507434591659082e-02
-6.954178446678785375e-02
-6.847608303339346170e-02
-6.742915392055406909e-02
-6.641354342675671873e-02
-6.542859990566406159e-02
-6.446175960068317723e-02
-6.349477952366185118e-02
-6.251194542374566288e-02
-6.150658920317905731e-02
-6.048318429849956074e-02
-5.945437137638240332e-02
-5.843454293553409368e-02
-5.743307145404844688e-02
-5.645028469740519944e-02
-5.547791465436784086e-02
-5.450362824579747106e-02
-5.351736696719582714e-02
-5.251642804833285549e-02
-5.150685585740381184e-02
-5.050047231130115610e-02
-4.950894505607561502e-02
-4.853771733930573040e-02
-4.758274639614804014e-02
-4.663174038892071299e-02
-4.566951469009997849e-02
-4.468513317317814731e-02
-4.367756805404404002e-02
-4.265714611467603251e-02
-4.164184565464927601e-02
-4.064980147192553267e-02
-3.969115572634519806e-02
-3.876285223601945440e-02
-3.784886203454838893e-02
-3.692607840645324713e-02
-3.597366554594720600e-02
-3.498204395833508923e-02
-3.395766346729854612e-02
-3.292132148347075293e-02
-3.190040564032718684e-02
-3.091800092469958530e-02
-2.998323045393176331e-02
-2.908685940306811324e-02
-2.820417108492023067e-02
-2.730422096575603474e-02
-2.636194742370737143e-02
-2.536834937459291409e-02
-2.433459323462838081e-02
-2.328823961472525211e-02
-2.226288133705891029e-02
-2.128513343922961223e-02
-2.036404638586880936e-02
-1.948715682248450959e-02
-1.862485356198700578e-02
-1.774150103983795912e-02
-1.680909669183896366e-02
-1.581819189433159717e-02
-1.478180474013033111e-02
-1.373072327667562709e-02
-1.270191390548286274e-02
-1.172443030880388273e-02
-1.080821783048274004e-02
-9.940130360161471973e-03
-9.088736748653911471e-03
-8.216137399196722646e-03
-7.292320189222173225e-03
-6.306588820825083375e-03
-5.271702698708774504e-03
-4.219129958055677608e-03
-3.187189717474156903e-03
-2.206564120800370409e-03
-1.288668338801154858e-03
-4.212932236183525607e-04
4.268194741755954838e-04
1.294194372649873446e-03
2.212089891134195064e-03
3.192715457977033950e-03
4.224656166239022792e-03
5.277229987319416796e-03
6.312117848443861076e-03
7.297851636784672032e-03
8.221671885085879428e-03
9.094274818931886994e-03
9.945672444180540459e-03
1.081376421472782234e-02
1.172998114753135562e-02
1.270746925697108232e-02
1.373628321126256664e-02
1.478736940407096578e-02
1.582376145341116841e-02
1.681467138084152130e-02
1.774708116409189421e-02
1.863043946501084097e-02
1.949274888916464887e-02
2.036964516368160172e-02
2.129073963686214932e-02
2.226849562716001069e-02
2.329386251777814526e-02
2.434022506103188793e-02
2.537399016212138481e-02
2.636759697281879783e-02
2.730987896754425229e-02
2.820983729510942450e-02
2.909253378379065419e-02
2.998891318896422173e-02
3.092369240462908286e-02
3.190610645361241504e-02
3.292703234865629325e-02
3.396338516779017630e-02
3.498777715240180414e-02
3.597941059927484836e-02
3.693183523182662353e-02
3.785463020171661586e-02
3.876863113242947495e-02
3.969694472849667061e-02
4.065560003059100896e-02
4.164765341001624988e-02
4.266296297596530035e-02
4.368339417708354266e-02
4.469096889955610774e-02
4.567536054286806813e-02
4.663759697231863177e-02
4.758861422670245672e-02
4.854359668596978233e-02
4.951483579374651306e-02
5.050637395986413286e-02
5.151276759515876352e-02
5.252234892199328375e-02
5.352329600296329426e-02
5.450956469463399956e-02
5.548385813487372031e-02
5.645623519522195710e-02
5.743902929116639910e-02
5.844050869732526216e-02
5.946034575873991590e-02
6.048916782459819175e-02
6.151258201619550642e-02
6.251794710350204454e-02
6.350078906509620813e-02
6.446777561522537559e-02
6.543462088270705912e-02
6.641956801330570204e-02
6.743518117775787468e-02
6.848211251075647654e-02
6.954781618501215679e-02
7.061110876834965355e-02
7.165088963232973951e-02
7.265537992214840535e-02
7.362782615269070075e-02
7.458598275779353137e-02
7.555529934218709054e-02
7.655848436032670901e-02
7.760579529891616091e-02
7.869024940685710734e-02
7.978996969311435983e-02
8.087688431359869867e-02
8.192825692628327716e-02
8.293623349101107711e-02
8.391133455177011979e-02
8.487832128845262947e-02
8.586607627745035387e-02
8.689569753676368302e-02
8.797180075408764233e-02
8.908069685423161688e-02
9.019621258382086448e-02
9.129068047585371659e-02
9.234642906082121683e-02
9.336291022013656904e-02
9.435650431352712864e-02
9.535320130395996685e-02
9.637739977610765285e-02
9.744168328434202331e-02
9.854193336085884103e-02
9.965975510147040417e-02
1.007709794932658415e-01
1.018563812874216795e-01
1.029098576307337087e-01
1.039405280086789229e-01
1.049679816117674025e-01
1.060129726932988320e-01
1.070878713804910010e-01
1.081912240396958047e-01
1.093088512335174123e-01
1.104208897378279736e-01
1.115114433582286013e-01
1.125762972185749278e-01
1.136250322920001055e-01
1.146764854557244528e-01
1.157496272155327521e-01
1.168541251352860771e-01
1.179851058669890429e-01
1.191247670768263295e-01
1.202503372704240014e-01
1.213448666031380352e-01
1.224058564382090597e-01
1.234475321673717124e-01
1.244953416925320550e-01
1.255748115986048685e-01
1.266996160480356737e-01
1.278643291314730535e-01
1.290454689018260825e-01
1.302108465510564139e-01
1.313334621986050332e-01
1.324039381210023181e-01
1.334358281777273392e-01
1.344610436445458634e-01
1.355169065801315187e-01
1.366301432184056086e-01
1.378047087775956525e-01
1.390189381197591278e-01
1.402336590402587235e-01
1.414081888739289750e-01
1.425176026119584771e-01
1.435638854825428690e-01
1.445759881010977577e-01
1.455984278828755529e-01
1.466729768206799511e-01
1.478210440959725758e-01
1.490342396277965220e-01
1.502772779166937633e-01
1.515022177378906321e-01
1.526682127300376945e-01
1.537585334413412996e-01
1.547876794526588662e-01
1.557955134615447990e-01
1.568308020819942084e-01
1.579310311858336535e-01
1.591069514388381845e-01
1.603382991222599696e-01
1.615824153592688439e-01
1.627920614269210420e-01
1.639349007106195577e-01
1.650064999455599646e-01
1.660315305936577168e-01
1.670528876995657497e-01
1.681135177146822757e-01
1.692387096229703292e-01
1.704262333742122826e-01
1.716482266103004917e-01
1.728636769517724325e-01
1.740359117572015391e-01
1.751475656929742941e-01
1.762068182787651371e-01
1.772426204279299866e-01
1.782914059307561805e-01
1.793813265208981933e-01
1.805208605412035039e-01
1.816964643487578857e-01
1.828797977683248588e-01
1.840408767216686892e-01
1.851610982608620781e-01
1.862404420086719581e-01
1.872960103891356531e-01
1.883530630307662379e-01
1.894329974905952785e-01
1.905438771897596806e-01
1.916776774364667701e-01
1.928151510587639839e-01
1.939356633699190480e-01
1.950271498544046134e-01
1.960914801383871753e-01
1.971428432503012362e-01
1.982001576927134856e-01
1.992773433747017930e-01
2.003762475698330214e-01
2.014856629663884513e-01
2.025868889706986253e-01
2.036630926223184646e-01
2.047078667205011748e-01
2.057287531250847346e-01
2.067439112615137020e-01
2.077734264476642501e-01
2.088293880545713799e-01
2.099095448240693162e-01
2.109977189599261393e-01
2.120709765427749860e-01
2.131103027426444474e-01
2.141097656697271423e-01
2.150797428140039935e-01
2.160424978796059436e-01
2.170219908825815058e-01
2.180325935854826591e-01
2.190720243555562829e-01
2.201219541293333026e-01
2.211561907853530906e-01
2.221527614453135957e-01
2.231042723753692558e-01
2.240215963554750278e-01
2.249289862596862699e-01
2.258527319824804869e-01
2.268085946772071537e-01
2.277939727590267971e-01
2.287886622276524839e-01
2.297640868290253546e-01
2.306968276954385888e-01
2.315800973693742104e-01
2.324275723392217330e-01
2.332674560746377523e-01
2.341292459167209072e-01
2.350292741601517077e-01
2.359619403366205737e-01
2.369011344316110379e-01
2.378116764497541502e-01
2.386657975546373489e-01
2.394570271559864905e-01
2.402046857477546093e-01
2.409462857900331878e-01
2.417207418376482175e-01
2.425498219092412089e-01
2.434265129302944919e-01
2.443162129335208488e-01
2.451709773506832168e-01
2.459509466784000065e-01
2.466433946677416000e-01
2.472703955247590457e-01
2.478808717428388764e-01
2.485297655232396041e-01
2.492531668281305346e-01
2.500505790352339219e-01
2.508828455195128981e-01
2.516875581210171187e-01
2.524058856354789993e-01
2.530092513802989496e-01
2.535137707374258143e-01
2.539752981418468281e-01
2.544663463878278353e-01
2.550443779583622672e-01
2.557253184990748718e-01
2.564744234058787264e-01
2.572193633731624796e-01
2.578806519713725542e-01
2.584065731687689715e-01
2.587972281586514711e-01
2.591065532804140426e-01
2.594205338782841208e-01
2.598203608516140850e-01
2.603462993502617673e-01
2.609783067527348677e-01
2.616425907947315110e-01
2.622421295721224510e-01
2.626984929564460391e-01
2.629868858866729053e-01
2.631487420511900988e-01
2.632756030217456300e-01
2.634704821011896181e-01
2.638030180310139694e-01
2.642779392214701373e-01
2.648310869696937075e-01
2.653554921016382240e-01
2.657468550620842307e-01
2.659490054952406424e-01
2.659794548708070971e-01
2.659234091674254064e-01
2.658981493551840769e-01
2.660026900460421562e-01
2.662743733777197530e-01
2.666714590539229768e-01
2.670897819897398717e-01
2.674068218676425857e-01
2.675344392755317768e-01
2.674574518104331777e-01
2.672410606371065644e-01
2.670034759388031365e-01
2.668652157515536971e-01
2.668968692520340413e-01
2.670880469753243447e-01
2.673512539341400540e-01
2.675593332844778960e-01
2.676004064912725355e-01
2.674264636709726140e-01
2.670743713192018642e-01
2.666499720960279207e-01
2.662820356452780812e-01
2.660660555519558934e-01
2.660224460803544133e-01
2.660875090466669479e-01
2.661412539930441690e-01
2.660599860232785718e-01
2.657706216929807130e-01
2.652828199540981924e-01
2.646847492997871920e-01
2.641040923178618050e-01
2.636518388035920535e-01
2.633722170784319472e-01
2.632250543482254623e-01
2.630973732787146302e-01
2.628684581058712832e-01
2.624168345638603350e-01
2.620270593330955577e-01
2.617875075134239449e-01
2.615523163313473454e-01
2.612109816655942551e-01
2.606740094044940337e-01
2.599300503093237014e-01
2.590439401459045388e-01
2.581307791729495760e-01
2.573067445909235640e-01
2.566405482405060834e-01
2.561250382672438097e-01
2.556808431451801367e-01
2.551901104498827122e-01
2.545459100604504643e-01
2.536965100805727569e-01
2.526661716187491580e-01
2.515441546456135824e-01
2.504469686759379643e-01
2.494699174489891091e-01
2.486481552801969030e-01
2.479431821884727771e-01
2.472598549207171981e-01
2.464863167433501978e-01
2.455399890384024064e-01
2.444006562667506988e-01
2.431174054351700753e-01
2.417871958041406533e-01
2.405144732200573399e-01
2.393687323956402713e-01
2.383573127705174155e-01
2.374240317281130219e-01
2.364734802272456526e-01
2.354104354790651499e-01
2.341780676819272267e-01
2.327796155249285959e-01
2.312753413197116692e-01
2.297567641072544853e-01
2.283092061654848903e-01
2.269779922445305242e-01
2.257516727784557309e-01
2.245684007785992975e-01
2.233421347731097129e-01
2.219975940709260631e-01
2.204998127377436057e-01
2.188667699974843894e-01
2.171606591970668132e-01
2.154619358549882957e-01
2.138369350057647555e-01
2.123120303192318481e-01
2.108643200997554756e-01
2.094320325021936102e-01
2.079400196990237870e-01
2.063299261068889390e-01
2.045830507897030970e-01
2.027270638703539130e-01
2.008242432358731677e-01
1.989461796003886285e-01
1.971451254559519473e-01
1.954333412335957920e-01
1.937785359937526652e-01
1.921171092324818197e-01
1.903798560354171832e-01
1.885199059596784632e-01
1.865317765176832676e-01
1.844538966706671390e-01
1.823534626316700435e-01
1.802995102755243495e-01
1.783348734911433531e-01
1.764583174684583311e-01
1.746242649658132640e-01
1.727606082301547941e-01
1.707977988138995318e-01
1.686976479409773300e-01
1.664700466653740163e-01
1.641703741493746038e-01
1.618780340270421780e-01
1.596643360917482934e-01
1.575626299323443225e-01
1.555531510197754042e-01
1.535694343550446928e-01
1.515244617729863685e-01
1.493463879440689590e-01
1.470092962177894647e-01
1.445459144852424826e-01
1.420362313177854219e-01
1.395758093725301963e-01
1.372362901948637748e-01
1.350344046546424759e-01
1.329229008584678629e-01
1.308081063476593253e-01
1.285877758541822125e-01
1.261940247887241573e-01
1.236233715169804542e-01
1.209406545680501710e-01
1.182541611002519699e-01
1.156714447534493984e-01
1.132538847432434381e-01
1.109892486651149202e-01
1.087945663543293667e-01
1.065491534996472894e-01
1.041447430349497494e-01
1.015319030594074579e-01
9.874284186240941952e-02
9.588014615605387758e-02
9.307522604201691474e-02
9.043331727060051339e-02
8.798816044353494070e-02
8.568599728110119773e-02
8.340650999320832482e-02
8.101269752412709746e-02
7.840905582617989367e-02
7.558333684252982465e-02
7.261359964040531301e-02
6.963674414468093432e-02
6.679120237237118340e-02
6.415785471037979693e-02
6.172451672850250148e-02
5.938972828346875815e-02
5.700496557757225857e-02
5.443782070533644685e-02
5.194864350712619094e-02
4.961059328837220950e-02
4.741893137187508378e-02
4.536891908043393096e-02
4.345581773684983884e-02
4.167488866392204255e-02
4.002139318445112337e-02
3.849059262123752378e-02
3.707774829708066627e-02
3.577812153478134027e-02
3.458697365713905847e-02
3.349956598695424254e-02
3.251115984702724476e-02
3.161701656015773743e-02
3.081239744914623935e-02
3.009256383679251301e-02
2.945277704589687601e-02
2.888829839925956267e-02
2.839438921968043955e-02
2.796631082995986242e-02
2.759932455289774295e-02
2.728869171129432933e-02
2.702967362794977263e-02
2.681753162566409207e-02
2.664752702723750116e-02
2.651492115547005382e-02
2.641497533316190111e-02
2.634295088311318714e-02
2.629410912812400400e-02
2.626371139099448193e-02
2.624701899452474771e-02
2.623929326151492117e-02
2.623579551476512214e-02
2.623178707707547741e-02
2.622252927124610680e-02
2.620328342007713016e-02
2.616931084636867424e-02
2.611587287292086584e-02
2.603823082253381091e-02
2.593164601800767438e-02
2.579137978214250670e-02
2.561269343773847629e-02
2.539084830759574807e-02
2.512110571451433780e-02
2.479872698129450409e-02
2.441897343073621066e-02
2.397710638563964325e-02
2.346838716880507089e-02
2.288807710303235668e-02
2.223143751112173147e-02
2.149372971587351633e-02
2.067021504008748067e-02
1.975615480656411557e-02
1.874681033810315228e-02
1.763744295750491187e-02
1.642331398756975008e-02
1.509968475109729757e-02
1.366181657088823970e-02
1.210497076974206832e-02
1.042440867045921898e-02
8.615391595840210526e-03
6.673180868684389089e-03
4.593037811792703706e-03
2.370223747964396444e-03
0.000000000000000000e+00
