5.551115123125782702e-17
1.695261250866464528e-03
2.017345035689403938e-03
1.007448124049822478e-03
-1.293232714471589592e-03
-4.843500710293726329e-03
-9.602159093834427075e-03
-1.552801109551475017e-02
-2.257985994575094357e-02
-3.071650887496543345e-02
-3.989676111357536720e-02
-5.007941989199733018e-02
-6.122328844065538095e-02
-7.328716998996299969e-02
-8.622986777034458150e-02
-1.000101850122167291e-01
-1.145869249459948724e-01
-1.299188908021045030e-01
-1.459648858109580394e-01
-1.626837132029813338e-01
-1.800341762085898023e-01
-1.979750780581985281e-01
-2.164652219822344736e-01
-2.354634112111083089e-01
-2.549284489752473015e-01
-2.748191385050667290e-01
-2.950942830309803977e-01
-3.157126857834168798e-01
-3.366331499927854298e-01
-3.578144788895148976e-01
-3.792154757040191448e-01
-4.007949436667125886e-01
-4.225116860080236347e-01
-4.443245059583617040e-01
-4.661922067481555909e-01
-4.880735916078193237e-01
-5.099274637677667643e-01
-5.317126264584270956e-01
-5.533878829102092389e-01
-5.749120363535418221e-01
-5.962438900188391511e-01
-6.173422471365153097e-01
-6.381659109369988148e-01
-6.586736846506995313e-01
-6.788243715080451990e-01
-6.985767747394504568e-01
-7.178896975753300547e-01
-7.367219432461111772e-01
-7.550323149822050217e-01
-7.727796160140382176e-01
-7.899226495720257368e-01
-8.064202188865827736e-01
-8.222311271881360684e-01
-8.373141777070973735e-01
-8.516281736738922081e-01
-8.651319183189363216e-01
-8.777842148726460181e-01
-8.895438665654454846e-01
-9.003696766277489161e-01
-9.102204482899796112e-01
-9.190549847825546514e-01
-9.268320893358908963e-01
-9.335105651804109783e-01
-9.390492155465310908e-01
-9.434068436646723121e-01
-9.465422527652525009e-01
-9.484142460786900708e-01
-9.489816268354049900e-01
-9.482031982658163383e-01
-9.460377636003420854e-01
-9.424441260694017553e-01
-9.376989888319564592e-01
-9.329612532156574822e-01
-9.282475112012027463e-01
-9.235465036580914333e-01
-9.188434096719777511e-01
-9.141444901692743485e-01
-9.094908638397692924e-01
-9.049549646933622293e-01
-9.006207820357489124e-01
-8.965560608966823830e-01
-8.927882027726439240e-01
-8.892941263324032342e-01
-8.860084641251206872e-01
-8.828467160050940121e-01
-8.797336818559234883e-01
-8.766253556482841436e-01
-8.735153902507170054e-01
-8.704239629096048869e-01
-8.673744887862875341e-01
-8.643688867607044468e-01
-8.613727010599817602e-01
-8.583170791188563520e-01
-8.551172929951359469e-01
-8.517003043950190921e-01
-8.480299020169504987e-01
-8.441188921104998411e-01
-8.400232941548466670e-01
-8.358211125609427139e-01
-8.315847472634654292e-01
-8.273586945985846874e-01
-8.231517750238553921e-01
-8.189467566034620560e-01
-8.147226744886604255e-01
-8.104796310881861032e-01
-8.062547728768232336e-01
-8.021219411163345026e-01
-7.981745391976216020e-01
-7.944984171104040316e-01
-7.911459223273547003e-01
-7.881218483946735853e-01
-7.853869591932465255e-01
-7.828773023585395840e-01
-7.805308635261793970e-01
-7.783100958809653358e-01
-7.762107782448479654e-01
-7.742536815755451940e-01
-7.724630373666520056e-01
-7.708415642693857706e-01
-7.693533478489373856e-01
-7.679225236625569773e-01
-7.664489307299773291e-01
-7.648346021890330970e-01
-7.630102806889702549e-01
-7.609511014809759999e-01
-7.586751914348818238e-01
-7.562262034734915650e-01
-7.536476154475084677e-01
-7.509600471618468331e-01
-7.481514239446445114e-01
-7.451841619335829447e-01
-7.420160739562693397e-01
-7.386256808961122466e-01
-7.350306338743550771e-01
-7.312908480673252498e-01
-7.274944864252665955e-01
-7.237322816581626128e-01
-7.200706829792984376e-01
-7.165348178702053428e-01
-7.131080566942163967e-01
-7.097478711936712203e-01
-7.064107380842248318e-01
-7.030750395495120042e-01
-6.997518852238749920e-01
-6.964791005095285481e-01
-6.933009927752820101e-01
-6.902427487245811344e-01
-6.872907381661128579e-01
-6.843875559539513986e-01
-6.814443704552750614e-01
-6.783657519175696482e-01
-6.750767955570049494e-01
-6.715413983156675037e-01
-6.677643651520011048e-01
-6.637769734800719190e-01
-6.596127144181105351e-01
-6.552840977680325363e-01
-6.507708710811469510e-01
-6.460249920234637511e-01
-6.409903701001447018e-01
-6.356289146642596366e-01
-6.299415859637387261e-01
-6.239751789512106850e-01
-6.178116109501193831e-01
-6.115439386295627999e-01
-6.052489913233134455e-01
-5.989679384150931041e-01
-5.927026842678689844e-01
-5.864291685450351288e-01
-5.801213723967001412e-01
-5.737752153575484959e-01
-5.674215832178253205e-01
-5.611224700231380869e-01
-5.549515726115310521e-01
-5.489674789284625378e-01
-5.431909075541846432e-01
-5.375958503196882621e-01
-5.321186161207868137e-01
-5.266811687642645179e-01
-5.212190816582226160e-01
-5.157024087178191385e-01
-5.101410592258468490e-01
-5.045720655785678188e-01
-4.990368980804169019e-01
-4.935515159591470358e-01
-4.881058502418819667e-01
-4.826167192815513651e-01
-4.769575007775733733e-01
-4.711147981638077464e-01
-4.651172142537614573e-01
-4.590341526184531507e-01
-4.529459509152434782e-01
-4.469159981081681776e-01
-4.409702817443250100e-01
-4.350952664996129982e-01
-4.292537952540996238e-01
-4.234121674842404315e-01
-4.175663634000582602e-01
-4.117558898684377522e-01
-4.060589775926605194e-01
-4.005708286943282515e-01
-3.953738198700171846e-01
-3.905119615143884393e-01
-3.859800849942343626e-01
-3.817319826257533633e-01
-3.777037353662782149e-01
-3.738421294590205668e-01
-3.701260629213438680e-01
-3.665719880067616065e-01
-3.632213534719070380e-01
-3.601157300556007690e-01
-3.572705657126845069e-01
-3.546590419252717563e-01
-3.522131256439263725e-01
-3.498415719327502837e-01
-3.474574600698663862e-01
-3.450038927168621594e-01
-3.424673926462385443e-01
-3.398738524139289230e-01
-3.372693187657637148e-01
-3.346942340241462754e-01
-3.321623258169811299e-01
-3.296531121509585494e-01
-3.271209848732751779e-01
-3.245166617214423899e-01
-3.218115298273912517e-01
-3.190142622649959625e-01
-3.161725022259717077e-01
-3.133588545107130474e-01
-3.106471046203345687e-01
-3.080886490954640733e-01
-3.056988617331392044e-01
-3.034586674718189325e-01
-3.013299840802107776e-01
-2.992777912714146282e-01
-2.972889198875729999e-01
-2.953793153732922061e-01
-2.935867315908523012e-01
-2.919522521498228995e-01
-2.904988996677532187e-01
-2.892167854502697422e-01
-2.880613215151088813e-01
-2.869652880442122855e-01
-2.858595427350647533e-01
-2.846934910529711482e-01
-2.834466790165163230e-01
-2.821268765966766234e-01
-2.807560035490321293e-01
-2.793505789943405704e-01
-2.779057216672211617e-01
-2.763900776256235092e-01
-2.747541349809498601e-01
-2.729483696328752207e-01
-2.709432548617902725e-01
-2.687422742253645080e-01
-2.663820957046804105e-01
-2.639196702418024065e-01
-2.614117489918432735e-01
-2.588956459458749415e-01
-2.563795270396002079e-01
-2.538463240398252108e-01
-2.512693718047165348e-01
-2.486326684567747858e-01
-2.459465476477201984e-01
-2.432514771780206753e-01
-2.406078499088138978e-01
-2.380757860885182597e-01
-2.356934441233972943e-01
-2.334631698032814118e-01
-2.313515880974080785e-01
-2.293038166246142984e-01
-2.272658947933519913e-01
-2.252059209618391955e-01
-2.231248938218156619e-01
-2.210526396674618588e-01
-2.190306224160609994e-01
-2.170891262518176434e-01
-2.152288121424120182e-01
-2.134148669798723863e-01
-2.115866342032310943e-01
-2.096790033096509465e-01
-2.076467620013245918e-01
-2.054817557780556636e-01
-2.032156558784879163e-01
-2.009071684077918252e-01
-1.986190668180800867e-01
-1.963947090554293284e-01
-1.942438899880676029e-01
-1.921438868910378683e-01
-1.900550696797641548e-01
-1.879442429599405273e-01
-1.858055897219482167e-01
-1.836701259528809027e-01
-1.815994961942588304e-01
-1.796666026813816264e-01
-1.779311378775303154e-01
-1.764202120382531991e-01
-1.751220449422076775e-01
-1.739951112094750840e-01
-1.729885916279885749e-01
-1.720652704824613966e-01
-1.712171249205415857e-01
-1.704671237752417023e-01
-1.698567554170637706e-01
-1.694249499979588458e-01
-1.691877151901164944e-01
-1.691274227439577560e-01
-1.691964554871780158e-01
-1.693336877709415433e-01
-1.694867400817176017e-01
-1.696305035088119528e-01
-1.697741002051345871e-01
-1.699535187923978397e-01
-1.702133962310746207e-01
-1.705860838201346819e-01
-1.710772374294853293e-01
-1.716642321696823514e-01
-1.723080280297005773e-01
-1.729731795696870800e-01
-1.736470695629675209e-01
-1.743497311751252554e-01
-1.751296904295892298e-01
-1.760473518456822095e-01
-1.771529211908566270e-01
-1.784683219553911682e-01
-1.799809240718803216e-01
-1.816518405770799205e-01
-1.834352250318176669e-01
-1.853001661175498194e-01
-1.872455485036896294e-01
-1.893011991137363292e-01
-1.915145318171675437e-01
-1.939282482505540472e-01
-1.965586576978967936e-01
-1.993840967218954430e-01
-2.023487532341873008e-01
-2.053806857240584316e-01
-2.084167429341043931e-01
-2.114240378406133103e-01
-2.144089470663926300e-01
-2.174097812028584209e-01
-2.204761372386210283e-01
-2.236436070737200521e-01
-2.269145608341432974e-01
-2.302532541077171591e-01
-2.335975346444849055e-01
-2.368824293190610053e-01
-2.400658351034085092e-01
-2.431455637848823903e-01
-2.461605258204990210e-01
-2.491754110196079397e-01
-2.522550898709577938e-01
-2.554392515137979269e-01
-2.587276667510367001e-01
-2.620820032676455247e-01
-2.654432274271227854e-01
-2.687571864932692955e-01
-2.719976471099129767e-01
-2.751772351978315490e-01
-2.783418519602465224e-01
-2.815510551495806757e-01
-2.848526989739417759e-01
-2.882624112106245695e-01
-2.917563444041132437e-01
-2.952800211040010891e-01
-2.987693762712648193e-01
-3.021751181710622403e-01
-3.054803402090479070e-01
-3.087043481413269119e-01
-3.118915736178310416e-01
-3.150906952828791407e-01
-3.183330531394144014e-01
-3.216194999566626689e-01
-3.249210033352815108e-01
-3.281923468824271550e-01
-3.313927501571935497e-01
-3.345044494309626915e-01
-3.375413752581950533e-01
-3.405444707513890501e-01
-3.435659695635668864e-01
-3.466496000584458059e-01
-3.498152370391406363e-01
-3.530543868535024332e-01
-3.563380578523426268e-01
-3.596331631674424822e-01
-3.629199791222401661e-01
-3.662028863128211076e-01
-3.695097222291515715e-01
-3.728801731876902337e-01
-3.763484756614416948e-01
-3.799281706732337560e-01
-3.836057015096847045e-01
-3.873457007959145160e-01
-3.911056224598591369e-01
-3.948532723379835629e-01
-3.985795379653948034e-01
-4.023007552045204105e-01
-4.060497307102387543e-01
-4.098594527841550317e-01
-4.137467696849161936e-01
-4.177033683838281553e-01
-4.216982136293840888e-01
-4.256905833479273094e-01
-4.296481445029325386e-01
-4.335622117230811812e-01
-4.374534498809345417e-01
-4.413653520033216093e-01
-4.453480977177634026e-01
-4.494395922011081845e-01
-4.536517733278048192e-01
-4.579680723819529176e-01
-4.623531487051897315e-01
-4.667707278282438588e-01
-4.712018445142643341e-01
-4.756555759370105774e-01
-4.801675244345855464e-01
-4.847865332214545964e-01
-4.895551634586139400e-01
-4.944921675447576104e-01
-4.995843988527168267e-01
-5.047916318854684947e-01
-5.100623143778560964e-01
-5.153536513888564707e-01
-5.206476039937355527e-01
-5.259561496426050642e-01
-5.313137342092866255e-01
-5.367602872350402121e-01
-5.423221529416336617e-01
-5.479991206770523648e-01
-5.537630831770310458e-01
-5.595688552511033365e-01
-5.653725025292473116e-01
-5.711493638181406318e-01
-5.769041479697355479e-01
-5.826689355370399115e-01
-5.884900890212108049e-01
-5.944097603143679853e-01
-6.004498832446552026e-01
-6.066053414056620241e-01
-6.128489589933038273e-01
-6.191458420320259393e-01
-6.254706069480379105e-01
-6.318198832902778284e-01
-6.382146425844261728e-01
-6.446914079346126591e-01
-6.512862612989798183e-01
-6.580186749099004029e-01
-6.648822083833294538e-01
-6.718460537291772727e-01
-6.788666312350113419e-01
-6.859040465531792696e-01
-6.929361436963726861e-01
-6.999640126846762289e-01
-7.070066556332917918e-01
-7.140873595528579587e-01
-7.212180217446351183e-01
-7.283886039500065968e-01
-7.355666330144211562e-01
-7.427072029352177474e-01
-7.497692291390206654e-01
-7.567308375266194043e-01
-7.635970322936715959e-01
-7.703961070830952496e-01
-7.771662058452409871e-01
-7.839378394471205880e-01
-7.907200643595782008e-01
-7.974965471199335632e-01
-8.042334659225651716e-01
-8.108959683340567492e-01
-8.174660025551754305e-01
-8.239535241405344657e-01
-8.303957656286887756e-01
-8.368443469607926843e-01
-8.433453542409161674e-01
-8.499207476140148154e-01
-8.565591371453082914e-01
-8.632201517038951000e-01
-8.698508841392440516e-01
-8.764076629367925086e-01
-8.828739392202704650e-01
-8.892665195871795047e-01
-8.956271945121914158e-01
-9.020030092761793794e-01
-9.084233766291907042e-01
-9.148837967445377917e-01
-9.213433887746286244e-01
-9.277377590655828676e-01
-9.340022814899848758e-01
-9.400963644085388315e-01
-9.460186764850551100e-01
-9.518069016285048978e-01
-9.575219436780569859e-01
-9.632229786401927951e-01
-9.689436549162242507e-01
-9.746793516491538689e-01
-9.803908788467361468e-01
-9.860231970387560718e-01
-9.915314623757094381e-01
-9.969035829846705221e-01
-1.002169824580863899e+00
-1.007395305981655387e+00
-1.012658276108469035e+00
-1.018022937582203857e+00
-1.023517840548028746e+00
-1.029128574159960063e+00
-1.034807588185598037e+00
-1.040496929186247810e+00
-1.046154399218421016e+00
-1.051772330008943879e+00
-1.057381317035185564e+00
-1.063037541524167073e+00
-1.068799100547988878e+00
-1.074701259417358834e+00
-1.080740893288737681e+00
-1.086876457300489207e+00
-1.093043345818392131e+00
-1.099178174228981897e+00
-1.105241957220792326e+00
-1.111232797444439147e+00
-1.117183219437515085e+00
-1.123143728380026518e+00
-1.129159824793772415e+00
-1.135252229735487450e+00
-1.141408477964662049e+00
-1.147589074745386073e+00
-1.153745230591870508e+00
-1.159840403737365078e+00
-1.165866476669262353e+00
-1.171847879211395105e+00
-1.177832203492414687e+00
-1.183871572362471758e+00
-1.190002796370993599e+00
-1.196234638397339234e+00
-1.202547252250647736e+00
-1.208903519143115002e+00
-1.215266946049079699e+00
-1.221618144121677352e+00
-1.227962751561932464e+00
-1.234327574742447142e+00
-1.240746934724931361e+00
-1.247245440482779966e+00
-1.253824852549645819e+00
-1.260460775547312728e+00
-1.267110520597960033e+00
-1.273728565666912838e+00
-1.280282764227594239e+00
-1.286764230905047546e+00
-1.293186719791035388e+00
-1.299576004705758070e+00
-1.305954199543977401e+00
-1.312326172387196621e+00
-1.318674244519099314e+00
-1.324963661196866926e+00
-1.331156499661572346e+00
-1.337227877282281430e+00
-1.343177243086144834e+00
-1.349029637267125992e+00
-1.354826192116050709e+00
-1.360607893784496758e+00
-1.366399635671426971e+00
-1.372201536418784507e+00
-1.377991367379848064e+00
-1.383737085548516266e+00
-1.389414004876509789e+00
-1.395019021777979873e+00
-1.400575495968090944e+00
-1.406126384131775708e+00
-1.411718317453100946e+00
-1.417383308079665172e+00
-1.423125917771201454e+00
-1.428921494219130617e+00
-1.434726401174344135e+00
-1.440496032938522575e+00
-1.446203008593213157e+00
-1.451847792822072769e+00
-1.457457176312574543e+00
-1.463071215595900254e+00
-1.468724182408017276e+00
-1.474427672666177358e+00
-1.480163154153744554e+00
-1.485887244158347498e+00
-1.491547597623404942e+00
-1.497102758646933429e+00
-1.502537620095021564e+00
-1.507867986233914159e+00
-1.513132348711530906e+00
-1.518374395532524623e+00
-1.523623676611740141e+00
-1.528882589102605216e+00
-1.534125115089842506e+00
-1.539307716510814883e+00
-1.544387619764821640e+00
-1.549340611366491594e+00
-1.554170728853826677e+00
-1.558907767983271020e+00
-1.563593784151615207e+00
-1.568264468055807326e+00
-1.572933412617665727e+00
-1.577585962464244762e+00
-1.582185148195052404e+00
-1.586686981305512223e+00
-1.591058386459505813e+00
-1.595289992633012410e+00
-1.599398335184107900e+00
-1.603416694740668502e+00
-1.607378765654727815e+00
-1.611302448243395524e+00
-1.615180951605845960e+00
-1.618985135351954430e+00
-1.622676041753037701e+00
-1.626222059318030766e+00
-1.629613095799306688e+00
-1.632865437607084358e+00
-1.636015070983968922e+00
-1.639102377881641148e+00
-1.642154983530188073e+00
-1.645176413124915360e+00
-1.648145706635562258e+00
-1.651028316683867958e+00
-1.653793579012982073e+00
-1.656431023723551110e+00
-1.658958154042326161e+00
-1.661415957810820299e+00
-1.663853781806089671e+00
-1.666309953665823906e+00
-1.668796587034439449e+00
-1.671295396782872755e+00
-1.673766705390479892e+00
-1.676168104001737547e+00
-1.678474913034064819e+00
-1.680693577521659599e+00
-1.682861952053410715e+00
-1.685035941274938942e+00
-1.687267857209252320e+00
-1.689585593121883722e+00
-1.691981584079754075e+00
-1.694416540158920848e+00
-1.696836732342141829e+00
-1.699197793490223152e+00
-1.701485063013188137e+00
-1.703721756020364353e+00
-1.705961221335111411e+00
-1.708266206964652589e+00
-1.710683567816227546e+00
-1.713224896071450232e+00
-1.715861217999619992e+00
-1.718534113927614460e+00
-1.721178780037764477e+00
-1.723749524047068160e+00
-1.726237100906289346e+00
-1.728670637656333664e+00
-1.731103291297689584e+00
-1.733587575361919653e+00
-1.736150639579174815e+00
-1.738779837181768428e+00
-1.741424615331333081e+00
-1.744013964644476111e+00
-1.746482203703672020e+00
-1.748792449191810316e+00
-1.750948157692676865e+00
-1.752988167923230423e+00
-1.754967583173179246e+00
-1.756932692003808194e+00
-1.758900498564951009e+00
-1.760851356502725285e+00
-1.762737586001007051e+00
-1.764504198907138832e+00
-1.766112811249660686e+00
-1.767558596804596815e+00
-1.768873202267814859e+00
-1.770112561923778083e+00
-1.771334941014821807e+00
-1.772578587590681876e+00
-1.773848382010593916e+00
-1.775116878746655136e+00
-1.776338880532789322e+00
-1.777472920276105262e+00
-1.778500186850597631e+00
-1.779432699350114166e+00
-1.780307321571138024e+00
-1.781168409024497246e+00
-1.782046798275437549e+00
-1.782944379274734148e+00
-1.783831004207665272e+00
-1.784655084664122704e+00
-1.785363270687029269e+00
-1.785920676763655290e+00
-1.786322919426483802e+00
-1.786594837060713203e+00
-1.786776598987964260e+00
-1.786903441601172204e+00
-1.786988082227995323e+00
-1.787013707564234055e+00
-1.786940816513400199e+00
-1.786725098613406892e+00
-1.786338621003852545e+00
-1.785785050094472748e+00
-1.785102113471280338e+00
-1.784349969076591602e+00
-1.783590241253068420e+00
-1.782864557091507818e+00
-1.782181702606357998e+00
-1.781518869421385265e+00
-1.780836422401334218e+00
-1.780099776458488270e+00
-1.779298843991097501e+00
-1.778456471881233902e+00
-1.777621950273093221e+00
-1.776852067558997827e+00
-1.776187582742524862e+00
-1.775635064046793943e+00
-1.775161875456167548e+00
-1.774706586522086571e+00
-1.774200574205927250e+00
-1.773591836103115327e+00
-1.772861105310014285e+00
-1.772023652837852570e+00
-1.771116252903710997e+00
-1.770175092844272546e+00
-1.769214235862445861e+00
-1.768213976521778363e+00
-1.767124196469353592e+00
-1.765881434449505960e+00
-1.764432555739940067e+00
-1.762755115532739669e+00
-1.760865929445239120e+00
-1.758814367964161018e+00
-1.756663335781770918e+00
-1.754466037250733690e+00
-1.752248284844420079e+00
-1.750003591933220637e+00
-1.747702720501010942e+00
-1.745313139934013602e+00
-1.742819658226652413e+00
-1.740237083323082246e+00
-1.737609332043177801e+00
-1.734995324138430828e+00
-1.732447701327959111e+00
-1.729993448673934786e+00
-1.727624588382198123e+00
-1.725302706459846513e+00
-1.722975097106834275e+00
-1.720595366594559250e+00
-1.718139556754418873e+00
-1.715610970379588540e+00
-1.713031949914605834e+00
-1.710426640519978392e+00
-1.707802734702622782e+00
-1.705140620667919604e+00
-1.702395055357610598e+00
-1.699508922968125280e+00
-1.696433275982158539e+00
-1.693145047341819920e+00
-1.689654806598047232e+00
-1.686001277991062253e+00
-1.682235165693554801e+00
-1.678399519701824882e+00
-1.674515363968529957e+00
-1.670578943616708223e+00
-1.666571756306647778e+00
-1.662478789666151258e+00
-1.658306623696750748e+00
-1.654092957611461800e+00
-1.649902768255808727e+00
-1.645812137876504710e+00
-1.641886260184654223e+00
-1.638160833146321327e+00
-1.634634748514257829e+00
-1.631277188093685160e+00
-1.628045997932776379e+00
-1.624909258794859923e+00
-1.621860492339413540e+00
-1.618920639843717257e+00
-1.616125706836975207e+00
-1.613505317604056355e+00
-1.611061600841554364e+00
-1.608757919305810358e+00
-1.606522900681819799e+00
-1.604268725446335253e+00
-1.601916457556815887e+00
-1.599418041970269266e+00
-1.596765855785951427e+00
-1.593985905083830978e+00
-1.591117716990649633e+00
-1.588189707956233043e+00
-1.585200827058610207e+00
-1.582116660663812624e+00
-1.578881991010987695e+00
-1.575444657927961289e+00
-1.571780553395102142e+00
-1.567908869794601534e+00
-1.563890684845458345e+00
-1.559810957831659906e+00
-1.555751060598667523e+00
-1.551763069959256391e+00
-1.547856386261573736e+00
-1.544002038892749784e+00
-1.540152550679741550e+00
-1.536268613290833418e+00
-1.532340912585038906e+00
-1.528397502490602466e+00
-1.524493312075698714e+00
-1.520686060556030839e+00
-1.517008772922604720e+00
-1.513450693439208683e+00
-1.509954973134306488e+00
-1.506434481342944665e+00
-1.502799426380300618e+00
-1.498985511612672683e+00
-1.494970996200759128e+00
-1.490776167210216219e+00
-1.486444998515843663e+00
-1.482019726649845603e+00
-1.477513165980815391e+00
-1.472909312172213880e+00
-1.468090007941164510e+00
-1.462989347988552513e+00
-1.457625249622085395e+00
-1.452051249895696339e+00
-1.446353552639475071e+00
-1.440619084576019393e+00
-1.434911062366229562e+00
-1.429254814269646401e+00
-1.423641695167644494e+00
-1.418048172120151884e+00
-1.412461474683772478e+00
-1.406900176626463272e+00
-1.401420364427417020e+00
-1.396104275571151243e+00
-1.391035869861856566e+00
-1.386273449326399287e+00
-1.381830751449047101e+00
-1.377674355896699065e+00
-1.373738310288543429e+00
-1.369949582014758471e+00
-1.366253409364365679e+00
-1.362627833629048268e+00
-1.359081506253850158e+00
-1.355636176734968945e+00
-1.352301936332168442e+00
-1.349056450508421712e+00
-1.345837710130545650e+00
-1.342554012151885079e+00
-1.339107452894402694e+00
-1.335421379473755277e+00
-1.331460509450586471e+00
-1.327235534230758685e+00
-1.322790625270103160e+00
-1.318179522754477917e+00
-1.313440683254447849e+00
-1.308582236616769201e+00
-1.303583146045436347e+00
-1.298409853980132311e+00
-1.293040904789897416e+00
-1.287488496939371174e+00
-1.281807154364323020e+00
-1.276085224962185904e+00
-1.270422277194214189e+00
-1.264901521344295343e+00
-1.259568528531411769e+00
-1.254424837478792965e+00
-1.249438682428067438e+00
-1.244567782279920820e+00
-1.239784034201813823e+00
-1.235089248317112087e+00
-1.230515042072276355e+00
-1.226106961343135904e+00
-1.221899815339211548e+00
-1.217895119561162698e+00
-1.214050748448512351e+00
-1.210287739144878305e+00
-1.206511871119290813e+00
-1.202641322441234006e+00
-1.198629107525988280e+00
-1.194471238605784080e+00
-1.190197670371131000e+00
-1.185850478461528912e+00
-1.181459136731573434e+00
-1.177023910569829246e+00
-1.172514777531603825e+00
-1.167886478109668724e+00
-1.163103221083227057e+00
-1.158162273203870773e+00
-1.153106008659226411e+00
-1.148016839441490689e+00
-1.142996712063178100e+00
-1.138139421081006297e+00
-1.133507030820892103e+00
-1.129119903831616645e+00
-1.124963977175263752e+00
-1.121011517498300192e+00
-1.117245812848298270e+00
-1.113678624869018030e+00
-1.110352425587320946e+00
-1.107326097852572522e+00
-1.104650038878459473e+00
-1.102341328317248959e+00
-1.100369731034615217e+00
-1.098660785134711659e+00
-1.097115005509235353e+00
-1.095635411264797909e+00
-1.094152090430918101e+00
-1.092633855965613909e+00
-1.091082646629749409e+00
-1.089513773745570235e+00
-1.087931209922198050e+00
-1.086309231756981131e+00
-1.084588950479825176e+00
-1.082691784437033622e+00
-1.080544526831382690e+00
-1.078105530912006005e+00
-1.075380904513581815e+00
-1.072423750966956524e+00
-1.069316639318742546e+00
-1.066144569065034409e+00
-1.062969685095419337e+00
-1.059818150988005359e+00
-1.056684258570879775e+00
-1.053549374935586869e+00
-1.050406901720336794e+00
-1.047281811463991685e+00
-1.044235665156111992e+00
-1.041354298642704013e+00
-1.038722892369878359e+00
-1.036398669004784390e+00
-1.034392611998305345e+00
-1.032667860293929207e+00
-1.031155405350122178e+00
-1.029780407732525438e+00
-1.028488000274472736e+00
-1.026350405057412818e+00
-1.023146276169562441e+00
-1.018906611464044154e+00
-1.013662408793977621e+00
-1.007444666012487389e+00
-1.000284380972691789e+00
-9.922125515277144814e-01
-9.832601755306780156e-01
-9.734582508347007224e-01
-9.628377752929087041e-01
-9.514297467584187373e-01
-9.392651630843547039e-01
-9.263750221238411520e-01
-9.127903217299938587e-01
-8.985420597559408140e-01
-8.836612340547972400e-01
-8.681788424796877957e-01
-8.521258828837373622e-01
-8.355333531200613839e-01
-8.184322510417880725e-01
-8.008535745020316510e-01
-7.828283213539174445e-01
-7.643874894505717776e-01
-7.455620766451073189e-01
-7.263830807906543896e-01
-7.068814997403261025e-01
-6.870883313472484488e-01
-6.670345734645474201e-01
-6.467512239453355738e-01
-6.262692806427440084e-01
-6.056197414098849485e-01
-5.848336040998844965e-01
-5.639418665658689767e-01
-5.429755266609510578e-01
-5.219655822382611721e-01
-5.009430311509120992e-01
-4.799388712520298306e-01
-4.589841003947406906e-01
-4.381097164321573478e-01
-4.173467172174100126e-01
-3.967261006036116866e-01
-3.762788644438884722e-01
-3.560360065913664718e-01
-3.360285248991584095e-01
-3.162874172203946066e-01
-2.968436814081882313e-01
-2.777283153156649975e-01
-2.589723167959507855e-01
-2.406066837021589577e-01
-2.226624138874192527e-01
-2.051705052048454769e-01
-1.881619555075630945e-01
-1.716677626486974306e-01
-1.557189244813628748e-01
-1.403464388586845857e-01
-1.255813036337877220e-01
-1.114545166597871173e-01
-9.799707578981080303e-02
-8.523997887697434828e-02
-7.321422377440241214e-02
-6.195080833521920960e-02
-5.148073041254136450e-02
-4.183498785949490983e-02
-3.304457852919742700e-02
-2.514050027477288118e-02
-1.815375094934401634e-02
-1.211532840602971839e-02
-7.056230497954008030e-03
-3.007455078236576096e-03
-2.775557561562891351e-17
