-1.110223024625156540e-16
3.117587431793488774e-03
4.770499048541267453e-03
5.002670255975247803e-03
3.858036459827808226e-03
1.380533065831187050e-03
-2.385904520281381669e-03
-7.397340892779099425e-03
-1.360984064592741898e-02
-2.097946837399679645e-02
-2.946228867125347609e-02
-3.901436613196274800e-02
-4.959176535039679784e-02
-6.115055092081839866e-02
-7.364678743750005530e-02
-8.703653949470741003e-02
-1.012758716867044051e-01
-1.163208486077651899e-01
-1.321275348521508686e-01
-1.486519950141359236e-01
-1.658502936879842904e-01
-1.836784954679598902e-01
-2.020926649483383020e-01
-2.210488667233788396e-01
-2.405031653873574427e-01
-2.604116255345380049e-01
-2.807303117591830044e-01
-3.014152886555694910e-01
-3.224226208179557518e-01
-3.437083728406190031e-01
-3.652286093178218618e-01
-3.869393948438271669e-01
-4.087967940129124123e-01
-4.307568714193353854e-01
-4.527756916573735246e-01
-4.748093193212896135e-01
-4.968138190053461023e-01
-5.187452553038208736e-01
-5.405596928109713817e-01
-5.622131961210752316e-01
-5.836618298283948736e-01
-6.048616585271936463e-01
-6.257687468117482110e-01
-6.463391592763172433e-01
-6.665289605151771823e-01
-6.862942151225912557e-01
-7.055909876928231350e-01
-7.243753428201482603e-01
-7.426033450988267504e-01
-7.602310591231338233e-01
-7.772145494873328175e-01
-7.935098807856882930e-01
-8.090731176124749124e-01
-8.238603245619533499e-01
-8.378275662283978242e-01
-8.509309072060726731e-01
-8.631264120892430114e-01
-8.743701454721815036e-01
-8.846181719491510442e-01
-8.938265561144236315e-01
-9.019513625622648245e-01
-9.089486558869404043e-01
-9.147745006827214809e-01
-9.193849615438730583e-01
-9.227361030646645812e-01
-9.247839898393626079e-01
-9.254846864622348068e-01
-9.247942575275488464e-01
-9.226687676295732832e-01
-9.190642813625741203e-01
-9.139368633208198034e-01
-9.075784334087871885e-01
-9.012093399305693975e-01
-8.948271835544674424e-01
-8.883907571931564107e-01
-8.818573329890924128e-01
-8.752201341780536659e-01
-8.685292853835594462e-01
-8.618867136533374662e-01
-8.554167262324868792e-01
-8.492244908040373907e-01
-8.433598932389877456e-01
-8.378020107231124447e-01
-8.324706918606645800e-01
-8.272602358554304036e-01
-8.220808329308599838e-01
-8.168902633638028821e-01
-8.117026779108460488e-01
-8.065712218694665037e-01
-8.015525461139987318e-01
-7.966690607062387741e-01
-7.918857367647224033e-01
-7.871119657590956997e-01
-7.822282079261414500e-01
-7.771265063978267662e-01
-7.717479713684664011e-01
-7.661015959551306098e-01
-7.602567112015110595e-01
-7.543125805563573039e-01
-7.483582808849332801e-01
-7.424400046665173836e-01
-7.365495642311326030e-01
-7.306386492455532178e-01
-7.246522511233475239e-01
-7.185663965568561684e-01
-7.124134669224536642e-01
-7.062837005719169170e-01
-7.003016816141395262e-01
-6.945873344722894860e-01
-6.892175834322415984e-01
-6.842045868980251022e-01
-6.794993629049594919e-01
-6.750188074720959719e-01
-6.706842109840173149e-01
-6.664546048503849907e-01
-6.623406508553182359e-01
-6.583932863879475850e-01
-6.546722813421034237e-01
-6.512085520157588903e-01
-6.479768051468957069e-01
-6.448906986603093472e-01
-6.418230989658857411e-01
-6.386433053339937160e-01
-6.352558780570537467e-01
-6.316250395997924372e-01
-6.277747865013126871e-01
-6.237651981984113636e-01
-6.196555300115947906e-01
-6.154702185825978722e-01
-6.111825544661698695e-01
-6.067230970408871160e-01
-6.020091659613583390e-01
-5.969826294332005734e-01
-5.916395922368313798e-01
-5.860389853164849061e-01
-5.802860277053339955e-01
-5.744972112647622753e-01
-5.687612830229253902e-01
-5.631123496104255555e-01
-5.575260164872600788e-01
-5.519396466085464414e-01
-5.462875811630893974e-01
-5.405358734474314808e-01
-5.347014165298410449e-01
-5.288471357420573282e-01
-5.230552417839435808e-01
-5.173899871154261643e-01
-5.118659113353466461e-01
-5.064352733316450639e-01
-5.010002444296551838e-01
-4.954449478501272708e-01
-4.896740218707279491e-01
-4.836417185004096009e-01
-4.773596798317234491e-01
-4.708806791228024036e-01
-4.642658467985633086e-01
-4.575498556787898630e-01
-4.507192774389471857e-01
-4.437135657532681465e-01
-4.364483576688409361e-01
-4.288511942356291740e-01
-4.208944296792208606e-01
-4.126112801274418596e-01
-4.040881287747841721e-01
-3.954362671567420717e-01
-3.867549160755925364e-01
-3.781009562028138649e-01
-3.694778085498934272e-01
-3.608476473887564651e-01
-3.521611526924184332e-01
-3.433915638667709436e-01
-3.345580516414652372e-01
-3.257281403075026338e-01
-3.169979819801200249e-01
-3.084588117090674708e-01
-3.001638274170855825e-01
-2.921095461688009709e-01
-2.842395095023129703e-01
-2.764687065665391574e-01
-2.687183641405492818e-01
-2.609463673500663217e-01
-2.531609760127607189e-01
-2.454113746714300937e-01
-2.377633061256707037e-01
-2.302587145528681711e-01
-2.229145584225178112e-01
-2.156386128939619673e-01
-2.082641832213169841e-01
-2.007877816540001026e-01
-1.932460378956636360e-01
-1.857155064248541543e-01
-1.782752965180921245e-01
-1.709778112882595347e-01
-1.638301042702137167e-01
-1.567976694315314223e-01
-1.498273008074910151e-01
-1.428792543630559297e-01
-1.359542493451729728e-01
-1.291033306515843582e-01
-1.224160256538330549e-01
-1.159916950363380495e-01
-1.099062568700810427e-01
-1.041884271299841069e-01
-9.881544996791674640e-02
-9.372981785514546138e-02
-8.886939239890484510e-02
-8.419757889660757499e-02
-7.972027102634142437e-02
-7.548212828072575764e-02
-7.154382446929169470e-02
-6.795027120634816731e-02
-6.470385253869974373e-02
-6.175458421647767038e-02
-5.901179405412318446e-02
-5.637259789086063178e-02
-5.375515789689312707e-02
-5.112261901613253390e-02
-4.848764207002089627e-02
-4.589584770989531964e-02
-4.339562765449341691e-02
-4.100769492684229467e-02
-3.870785476412354209e-02
-3.643074443440237620e-02
-3.409317834900276595e-02
-3.162717274161918474e-02
-2.900841403927364309e-02
-2.626775398621401456e-02
-2.348050422403123033e-02
-2.073778955280852765e-02
-1.811192481301380705e-02
-1.563040006600566190e-02
-1.326942809542156800e-02
-1.096961328408908518e-02
-8.666818836302204315e-03
-6.324775658426779607e-03
-3.955193394178703643e-03
-1.616453028304020052e-03
6.088818168980452208e-04
2.648404095229761179e-03
4.471581497421807383e-03
6.105403779989686253e-03
7.627242328818104912e-03
9.137793170749780591e-03
1.072535122148822115e-02
1.243628163864593343e-02
1.426388756676227020e-02
1.616006398823647758e-02
1.806448869057783457e-02
1.993871549668439769e-02
2.179050706975509122e-02
2.367791519734094297e-02
2.569121437747303241e-02
2.792018059736123964e-02
3.042033532634707063e-02
3.319214161702181698e-02
3.618163437972591462e-02
3.930195918728770360e-02
4.246660670287254191e-02
4.562041413103728321e-02
4.875560198744653684e-02
5.190661850171694042e-02
5.512656482141380099e-02
5.845565767950156727e-02
6.189534182268630752e-02
6.539904526759790504e-02
6.888337474716402231e-02
7.225488491874391961e-02
7.544110279308542666e-02
7.841291880757543520e-02
8.118934274323449940e-02
8.382322565299328565e-02
8.637457352202240757e-02
8.888311644087371066e-02
9.135172455314131967e-02
9.374728105310602133e-02
9.601796068785099780e-02
9.811884542982060586e-02
1.000344301725648588e-01
1.017882058615837970e-01
1.034353199092881009e-01
1.050417129692953339e-01
1.066589037387692257e-01
1.083052777052905952e-01
1.099616867325850095e-01
1.115827912650062953e-01
1.131186993401671892e-01
1.145370779135337358e-01
1.158359002052302134e-01
1.170412985131970424e-01
1.181916940346688649e-01
1.193154979106954977e-01
1.204125500514476033e-01
1.214478060318407437e-01
1.223603482784896834e-01
1.230840151548130423e-01
1.235707767518138128e-01
1.238067093933284957e-01
1.238136107440101774e-01
1.236355505708199992e-01
1.233162449350530820e-01
1.228772030528418741e-01
1.223063448872943881e-01
1.215623049318990401e-01
1.205928383334499004e-01
1.193595578563546727e-01
1.178583325648260294e-01
1.161263481640347484e-01
1.142323896449791293e-01
1.122540151223909155e-01
1.102509104553815178e-01
1.082454350734149418e-01
1.062184486433910974e-01
1.041221161516267951e-01
1.019042634398630021e-01
9.953401603492190164e-02
9.701791920619103060e-02
9.439974137189349745e-02
9.174400070082935899e-02
8.911004502057114085e-02
8.652742926524911726e-02
8.398275990710894756e-02
8.142338948133853727e-02
7.877637935074896514e-02
7.597492201095759623e-02
7.298149801429656969e-02
6.979859204563775010e-02
6.646308712022630516e-02
6.302724096588660507e-02
5.953456578638332414e-02
5.600076679593538054e-02
5.240747266645939817e-02
4.871094132700349438e-02
4.486161908797939996e-02
4.082606632957572201e-02
3.660210148145012082e-02
3.222119443553497081e-02
2.773768738853724797e-02
2.320990902981172332e-02
1.868137348631632513e-02
1.416978463161844108e-02
9.667846399734236068e-03
5.154625078486248235e-03
6.117390251102841105e-04
-3.963136994611811230e-03
-8.551396914700960111e-03
-1.311908615187017818e-02
-1.762999409407127460e-02
-2.206001515594707349e-02
-2.640615364864859829e-02
-3.068617246970645890e-02
-3.492927152443420225e-02
-3.916231501584421099e-02
-4.339813892530195588e-02
-4.763142880817682057e-02
-5.184407564581379468e-02
-5.601744244650874033e-02
-6.014565783205015614e-02
-6.424342040593500336e-02
-6.834417844903976913e-02
-7.248891045800411048e-02
-7.671012821149640615e-02
-8.101815832526654271e-02
-8.539607207225252683e-02
-8.980603903882831973e-02
-9.420489258126490961e-02
-9.856249352476051384e-02
-1.028749536970522682e-01
-1.071667025167761383e-01
-1.114800173257142202e-01
-1.158560529096493291e-01
-1.203152649822941678e-01
-1.248457116613636009e-01
-1.294046680631547042e-01
-1.339334855502529453e-01
-1.383800134497509271e-01
-1.427195397988126335e-01
-1.469655683316644923e-01
-1.511657565561968231e-01
-1.553843821449526208e-01
-1.596782831095152067e-01
-1.640759985216695971e-01
-1.685686252299327947e-01
-1.731161639395790430e-01
-1.776667887922200040e-01
-1.821811475199368868e-01
-1.866517025996781987e-01
-1.911091364053786323e-01
-1.956131360984931233e-01
-2.002312630169766350e-01
-2.050144617327923635e-01
-2.099790828080362326e-01
-2.151025659714915217e-01
-2.203342911018099093e-01
-2.256169045813037621e-01
-2.309092812292293517e-01
-2.362018155802845243e-01
-2.415180881021500303e-01
-2.469026765359924047e-01
-2.524005738140113198e-01
-2.580369833203404184e-01
-2.638058736598364873e-01
-2.696718300757043330e-01
-2.755841115598617885e-01
-2.814967867112512234e-01
-2.873864678123101424e-01
-2.932604157701114711e-01
-2.991520287610975881e-01
-3.051060988519061490e-01
-3.111604312445461207e-01
-3.173317198621318225e-01
-3.236114851589447228e-01
-3.299733751205462529e-01
-3.363881846910858897e-01
-3.428397097724138476e-01
-3.493343832378814628e-01
-3.559005192288529629e-01
-3.625776226253955570e-01
-3.694005664795174670e-01
-3.763856195013111083e-01
-3.835244029395476484e-01
-3.907883032199957474e-01
-3.981412415726399145e-01
-4.055550319935480319e-01
-4.130204488945792285e-01
-4.205490587724143303e-01
-4.281649908891130285e-01
-4.358903207258211232e-01
-4.437306398933904550e-01
-4.516674016397432823e-01
-4.596607353864264889e-01
-4.676618534237722002e-01
-4.756299172634517181e-01
-4.835461556177193532e-01
-4.914190776889663659e-01
-4.992783833866579202e-01
-5.071600239064179005e-01
-5.150887389144708228e-01
-5.230656023095643370e-01
-5.310660869729209033e-01
-5.390497299412561061e-01
-5.469775023762916133e-01
-5.548295824438702617e-01
-5.626158791921931357e-01
-5.703745598247526027e-01
-5.781588058287056020e-01
-5.860169915947947006e-01
-5.939743391762013491e-01
-6.020236269158827369e-01
-6.101288722342451676e-01
-6.182405647907579516e-01
-6.263162191970531589e-01
-6.343377626706709904e-01
-6.423185125465893375e-01
-6.502967770623601096e-01
-6.583186378198301325e-01
-6.664169554123648975e-01
-6.745952401390571396e-01
-6.828230788946219043e-01
-6.910451110197626257e-01
-6.992000297001152997e-01
-7.072420132612884380e-01
-7.151560287153033713e-01
-7.229609816750971474e-01
-7.306996479414422652e-01
-7.384196639685958186e-01
-7.461533959667289162e-01
-7.539048304673557910e-01
-7.616486455565010250e-01
-7.693415962017121634e-01
-7.769413597442788033e-01
-7.844250742245538754e-01
-7.918000903757460573e-01
-7.991027530977100612e-01
-8.063859483660242855e-01
-8.137006277564653445e-01
-8.210787475882603825e-01
-8.285242239401757747e-01
-8.360150411007580828e-01
-8.435150630850598574e-01
-8.509902861607067104e-01
-8.584227541511921800e-01
-8.658166679882520755e-01
-8.731946912353110157e-01
-8.805865567791399950e-01
-8.880151021698418079e-01
-8.954856105157841251e-01
-9.029826212686703490e-01
-9.104750448046098343e-01
-9.179269462018923020e-01
-9.253092277236560914e-01
-9.326074453334356473e-01
-9.398230096987991722e-01
-9.469680550716805811e-01
-9.540569535204561635e-01
-9.610986342766510981e-01
-9.680931201248598184e-01
-9.750334739189918665e-01
-9.819117353888956456e-01
-9.887256342024176581e-01
-9.954826770949614101e-01
-1.002199650222454830e+00
-1.008897912212745940e+00
-1.015596944000241253e+00
-1.022309465428316688e+00
-1.029040624469695242e+00
-1.035791698150284601e+00
-1.042566408921964172e+00
-1.049376492016703466e+00
-1.056243302014240770e+00
-1.063194010557884539e+00
-1.070253549017905037e+00
-1.077435682404827455e+00
-1.084737380762391679e+00
-1.092139508894969468e+00
-1.099614184858755728e+00
-1.107136124857558190e+00
-1.114693253223874470e+00
-1.122291810259766098e+00
-1.129953288162539593e+00
-1.137703972023012877e+00
-1.145561195876588556e+00
-1.153522160860130485e+00
-1.161560447170455035e+00
-1.169632357184317462e+00
-1.177691131134943836e+00
-1.185703590712452238e+00
-1.193662423235589465e+00
-1.201588799307069966e+00
-1.209523806354084741e+00
-1.217511769169493219e+00
-1.225582016499006555e+00
-1.233736526383433896e+00
-1.241948693511524260e+00
-1.250174004633445968e+00
-1.258368483230403623e+00
-1.266507445019798617e+00
-1.274596785488024908e+00
-1.282671910232121570e+00
-1.290784402041130319e+00
-1.298981563032414632e+00
-1.307286986714747412e+00
-1.315690025754921999e+00
-1.324148498621144476e+00
-1.332603632996838927e+00
-1.341001258326716128e+00
-1.349310692618482133e+00
-1.357533699126050930e+00
-1.365699945986585950e+00
-1.373850925896494379e+00
-1.382019016009240708e+00
-1.390210338245698285e+00
-1.398398500057564942e+00
-1.406531812219476762e+00
-1.414551034323545231e+00
-1.422410386857190678e+00
-1.430093297457110557e+00
-1.437616586485428893e+00
-1.445021609578065247e+00
-1.452356243722507267e+00
-1.459655293846015889e+00
-1.466927399705258095e+00
-1.474153672244825852e+00
-1.481298309723341644e+00
-1.488326445472867743e+00
-1.495221548061329342e+00
-1.501995029425962969e+00
-1.508684127388841612e+00
-1.515339129495923309e+00
-1.522005466762860193e+00
-1.528708256742262517e+00
-1.535445682006545187e+00
-1.542193709917468736e+00
-1.548919782734170969e+00
-1.555599319776070466e+00
-1.562227799808349360e+00
-1.568823263179537797e+00
-1.575418343730615733e+00
-1.582045535973970907e+00
-1.588722323334233133e+00
-1.595442788402972489e+00
-1.602179417708374132e+00
-1.608894289480470530e+00
-1.615554680776022156e+00
-1.622146172103699158e+00
-1.628677429125509279e+00
-1.635174521290138072e+00
-1.641667286158229100e+00
-1.648173826784296248e+00
-1.654690147337219752e+00
-1.661189751080969668e+00
-1.667633661090244690e+00
-1.673986667831233621e+00
-1.680232708363749383e+00
-1.686382443944720810e+00
-1.692469355320469271e+00
-1.698535645651090276e+00
-1.704613775264697706e+00
-1.710711559758443912e+00
-1.716807466958964579e+00
-1.722858524062409469e+00
-1.728817852242037656e+00
-1.734654585256512505e+00
-1.740367667372106020e+00
-1.745987388423259068e+00
-1.751563571281206322e+00
-1.757144979588745937e+00
-1.762758374648604409e+00
-1.768396039542467157e+00
-1.774017262180183740e+00
-1.779563551474914407e+00
-1.784981611878724950e+00
-1.790244736586756646e+00
-1.795363750428210059e+00
-1.800382798268056916e+00
-1.805361496596014970e+00
-1.810350619998902788e+00
-1.815371221651066902e+00
-1.820405751722733001e+00
-1.825404862092075309e+00
-1.830307173476460658e+00
-1.835063977727921625e+00
-1.839658842143385042e+00
-1.844114200743540932e+00
-1.848482371043236983e+00
-1.852824793839815243e+00
-1.857188039699766868e+00
-1.861586325547499365e+00
-1.865997481224902721e+00
-1.870373706589159912e+00
-1.874662409382299666e+00
-1.878828415561029974e+00
-1.882868506905915673e+00
-1.886812630765516419e+00
-1.890711761451176587e+00
-1.894617900568961844e+00
-1.898564737401006175e+00
-1.902556874721893276e+00
-1.906571640812503743e+00
-1.910572080172749487e+00
-1.914525083793033655e+00
-1.918416720006834719e+00
-1.922258378953098257e+00
-1.926081563710982492e+00
-1.929924149339145023e+00
-1.933814505213373280e+00
-1.937760529332993364e+00
-1.941748177235431250e+00
-1.945749654957981800e+00
-1.949737089897747300e+00
-1.953695136879025851e+00
-1.957626642024717034e+00
-1.961548828011681733e+00
-1.965481943667302334e+00
-1.969435884122321845e+00
-1.973401294999536315e+00
-1.977349628249341462e+00
-1.981242466769905342e+00
-1.985046058561173332e+00
-1.988744409949704695e+00
-1.992344714369966407e+00
-1.995872222688607645e+00
-1.999356449848822548e+00
-2.002814711403895664e+00
-2.006240514790827767e+00
-2.009602500505753842e+00
-2.012855133564436905e+00
-2.015957095754111528e+00
-2.018889643820339419e+00
-2.021666777791477188e+00
-2.024332232436324652e+00
-2.026943809766773796e+00
-2.029551098936657638e+00
-2.032175760929482600e+00
-2.034802837336609382e+00
-2.037387135477386035e+00
-2.039872427731507898e+00
-2.042215682407791277e+00
-2.044406174049927749e+00
-2.046471207132448455e+00
-2.048465630918933300e+00
-2.050449094736242817e+00
-2.052460237093074902e+00
-2.054498484472460973e+00
-2.056521164629356413e+00
-2.058457393780526168e+00
-2.060233258821988489e+00
-2.061798091373971076e+00
-2.063141125423658462e+00
-2.064291792712063422e+00
-2.065303704898978410e+00
-2.066229167803127265e+00
-2.067095009350977008e+00
-2.067889904096165132e+00
-2.068568509022953528e+00
-2.069070621628825712e+00
-2.069347246921336314e+00
-2.069382622389748683e+00
-2.069203037149618840e+00
-2.068868921492599267e+00
-2.068453755011667283e+00
-2.068018826151508449e+00
-2.067594462122555043e+00
-2.067175398302840250e+00
-2.066731770957799252e+00
-2.066230474735242684e+00
-2.065657229766773462e+00
-2.065029528668684833e+00
-2.064394725566328859e+00
-2.063814089028128240e+00
-2.063339809137779479e+00
-2.062995034750286560e+00
-2.062765662812355849e+00
-2.062607417275135635e+00
-2.062465021781492158e+00
-2.062294930328677722e+00
-2.062081522881223705e+00
-2.061839602837753471e+00
-2.061602145294544997e+00
-2.061398870320395371e+00
-2.061235411898065362e+00
-2.061082747596694187e+00
-2.060882140915921035e+00
-2.060564014342534112e+00
-2.060072902819182428e+00
-2.059387715374620065e+00
-2.058528310707727016e+00
-2.057545185572077884e+00
-2.056496412907549587e+00
-2.055421663356822748e+00
-2.054324659199012970e+00
-2.053171963604946804e+00
-2.051909007956533415e+00
-2.050486693918289305e+00
-2.048887061163207068e+00
-2.047136556020973330e+00
-2.045300517125430151e+00
-2.043460467857323160e+00
-2.041683280722997207e+00
-2.039995014712979504e+00
-2.038370543658963641e+00
-2.036743615805585161e+00
-2.035033391952506321e+00
-2.033176448887239030e+00
-2.031150754079888987e+00
-2.028981352185538878e+00
-2.026725167487410939e+00
-2.024441214064974126e+00
-2.022158849839390982e+00
-2.019857769480283061e+00
-2.017468661312433298e+00
-2.014894820952653820e+00
-2.012046150893268326e+00
-2.008871642940078583e+00
-2.005376936628274542e+00
-2.001619704227659113e+00
-1.997684920773612260e+00
-1.993650521105701845e+00
-1.989557960007532600e+00
-1.985400077229843907e+00
-1.981131308621108200e+00
-1.976695777933783038e+00
-1.972061178616773658e+00
-1.967243846445771327e+00
-1.962314105227688676e+00
-1.957379283945594350e+00
-1.952551230704703711e+00
-1.947911688699664134e+00
-1.943489779293519293e+00
-1.939260666235488095e+00
-1.935165474875085723e+00
-1.931143557930687260e+00
-1.927163056438456090e+00
-1.923236582657516180e+00
-1.919415351764925504e+00
-1.915764418325964336e+00
-1.912329853459171947e+00
-1.909112147890778211e+00
-1.906057434001493744e+00
-1.903070482685180309e+00
-1.900044125539891882e+00
-1.896892778502878185e+00
-1.893576081511886500e+00
-1.890103008254671479e+00
-1.886515251589651943e+00
-1.882857600583228486e+00
-1.879148557365859062e+00
-1.875364223410564524e+00
-1.871442608572865041e+00
-1.867306550179562930e+00
-1.862895277087667889e+00
-1.858190839860069943e+00
-1.853227805060390310e+00
-1.848081826992012733e+00
-1.842841831458502000e+00
-1.837577623253880077e+00
-1.832316676697927971e+00
-1.827039804710764104e+00
-1.821697162302329254e+00
-1.816237192899506026e+00
-1.810635508037216068e+00
-1.804910751947811587e+00
-1.799120219983249003e+00
-1.793336894887907373e+00
-1.787617766997954272e+00
-1.781977238842761935e+00
-1.776377349570317454e+00
-1.770739349953148523e+00
-1.764971909464108979e+00
-1.759004087209304013e+00
-1.752808902393127921e+00
-1.746408077207517673e+00
-1.739854764915817142e+00
-1.733206070925491282e+00
-1.726487422213310197e+00
-1.719694072628930481e+00
-1.712666160187104047e+00
-1.705324603842282905e+00
-1.697708234950815687e+00
-1.689888942766536895e+00
-1.681968370390876766e+00
-1.674035748501376375e+00
-1.666141935710556687e+00
-1.658288775834440898e+00
-1.650441802628327403e+00
-1.642559529529928231e+00
-1.634626708661360173e+00
-1.626676734402996427e+00
-1.618793008530334365e+00
-1.611088016896530917e+00
-1.603668444231948431e+00
-1.596600729571266530e+00
-1.589891419272443374e+00
-1.583490485895321598e+00
-1.577316058558469347e+00
-1.571289903403534138e+00
-1.565368405376080352e+00
-1.559555779418728916e+00
-1.553893913169577479e+00
-1.548433335334205907e+00
-1.543198012970824262e+00
-1.538159475636766249e+00
-1.533231920357522871e+00
-1.528291079920557349e+00
-1.523209508936627765e+00
-1.517893883777934327e+00
-1.512308966794478016e+00
-1.506478481034588146e+00
-1.500462913562860434e+00
-1.494324055126299067e+00
-1.488091706344865761e+00
-1.481747016033087672e+00
-1.475229750679260432e+00
-1.468466463372016806e+00
-1.461407452345390823e+00
-1.454056473708970065e+00
-1.446480097255354202e+00
-1.438792200611799910e+00
-1.431119636203591394e+00
-1.423563112316629464e+00
-1.416169381875114874e+00
-1.408926036731131592e+00
-1.401780597092044056e+00
-1.394675254821263088e+00
-1.387581987684372020e+00
-1.380522659634975113e+00
-1.373565213844419874e+00
-1.366797381733664940e+00
-1.360289068761620257e+00
-1.354059566763607725e+00
-1.348063831069006513e+00
-1.342204046715943733e+00
-1.336361992085346673e+00
-1.330438871301144799e+00
-1.324386129641635934e+00
-1.318214629063771293e+00
-1.311978817846167322e+00
-1.305743253303504270e+00
-1.299546346213087622e+00
-1.293377333278502794e+00
-1.287176749401454101e+00
-1.280860513674956902e+00
-1.274357508366347869e+00
-1.267644604022494459e+00
-1.260764022992164834e+00
-1.253815353668446209e+00
-1.246925261580493549e+00
-1.240207405065965718e+00
-1.233729200798121317e+00
-1.227499115691268239e+00
-1.221479344244551291e+00
-1.215617827725839595e+00
-1.209885258075275694e+00
-1.204300575670004259e+00
-1.198933432793833909e+00
-1.193882034047407004e+00
-1.189235450079503487e+00
-1.185036330660996118e+00
-1.181259917315068630e+00
-1.177818433321628389e+00
-1.174589199986256771e+00
-1.171454777435956940e+00
-1.168338359762714829e+00
-1.165219753146290671e+00
-1.162125645762441373e+00
-1.159098950847634146e+00
-1.156161026406936632e+00
-1.153283672821033612e+00
-1.150383636258468290e+00
-1.147342673019957404e+00
-1.144045189550514818e+00
-1.140417800365625789e+00
-1.136454169470598297e+00
-1.132214645957330568e+00
-1.127800855025014259e+00
-1.123316011011972204e+00
-1.118827756188692568e+00
-1.114349156847756817e+00
-1.109845590026247830e+00
-1.105264068220605189e+00
-1.100571846422032873e+00
-1.095787100954482840e+00
-1.090987818293001954e+00
-1.086294370401861942e+00
-1.081832575760367066e+00
-1.077692498803955123e+00
-1.073900190363205054e+00
-1.070414159635331597e+00
-1.067147895035920335e+00
-1.064008694556649814e+00
-1.060936160745824974e+00
-1.057097577227440244e+00
-1.052294887896278563e+00
-1.046556154137496808e+00
-1.039909437336247189e+00
-1.032382798877688357e+00
-1.024004300146972080e+00
-1.014802002529255232e+00
-1.004803967409694909e+00
-9.940382561734418809e-01
-9.825329302056569070e-01
-9.703160508914895344e-01
-9.574156796160975258e-01
-9.438598777646394211e-01
-9.296767067222637682e-01
-9.148942278741327705e-01
-8.995405026053949760e-01
-8.836435923012087024e-01
-8.672315583467326006e-01
-8.503324621271152184e-01
-8.329743650275189815e-01
-8.151853284330911054e-01
-7.969934137289909071e-01
-7.784266823003777036e-01
-7.595131955323987105e-01
-7.402810148102174637e-01
-7.207582015189801794e-01
-7.009728170438468409e-01
-6.809529227699770981e-01
-6.607265800825169455e-01
-6.403218503666312511e-01
-6.197667950074653431e-01
-5.990894753901793157e-01
-5.783179528999333741e-01
-5.574802889218728463e-01
-5.366045448411626007e-01
-5.157187820429486314e-01
-4.948510619123908105e-01
-4.740294458346486772e-01
-4.532819951948686699e-01
-4.326367713782146573e-01
-4.121218357698330226e-01
-3.917652497548836377e-01
-3.715950747185262082e-01
-3.516393720459068950e-01
-3.319262031221895670e-01
-3.124836293325211622e-01
-2.933397120620608867e-01
-2.745225126959683903e-01
-2.560600926193903892e-01
-2.379805132174902249e-01
-2.203118358754153627e-01
-2.030821219783248421e-01
-1.863194329113777581e-01
-1.700518300597215759e-01
-1.543073748085156127e-01
-1.391141285429184360e-01
-1.245001526480782050e-01
-1.104935085091568875e-01
-9.712225751130335039e-02
-8.441446103967603642e-02
-7.239818047943273605e-02
-6.110147721572360691e-02
-5.055241263370839622e-02
-4.077904811853792777e-02
-3.180944505537003364e-02
-2.367166482936119976e-02
-1.639376882566340177e-02
-1.000381842943490196e-02
-4.529875025828272728e-03
-5.551115123125782702e-17
