3.469446951953614189e-18
7.032016110909553551e-03
1.359882460975695394e-02
1.971519452025721417e-02
2.539589486613098163e-02
3.065569467109472562e-02
3.550936295886526067e-02
3.997166875316273543e-02
4.405738107770299644e-02
4.778126895620583847e-02
5.115810141238814890e-02
5.420264746996724531e-02
5.692967615266230491e-02
5.935395648419009712e-02
6.149025748826958404e-02
6.335334818861806938e-02
6.495799760895316910e-02
6.631897477299347754e-02
6.745104870445629841e-02
6.836898842706000401e-02
6.908756296452225887e-02
6.962154134056089405e-02
6.998569257889399042e-02
7.019478570323930966e-02
7.026358973731484936e-02
7.020687370483849610e-02
7.003940662952813645e-02
6.977595753510161536e-02
6.943129544527695818e-02
6.902018938377191271e-02
6.855740837430446266e-02
6.805772144059263340e-02
6.753589760635410333e-02
6.700670589530698107e-02
6.648491533116893115e-02
6.598529493765802056e-02
6.552261373849224690e-02
6.511164075738924695e-02
6.476714501806714319e-02
6.450389554424371119e-02
6.433666135963689303e-02
6.428021148796461692e-02
6.434931495294479720e-02
6.455874077829523716e-02
6.492325798773393442e-02
6.545763560497883105e-02
6.617664265374761934e-02
6.709504815775849118e-02
6.822762114072897233e-02
6.958913062637746283e-02
7.119434563842164110e-02
7.305803520057894962e-02
7.519496833656816315e-02
7.761991407010616906e-02
8.034764142491199190e-02
8.339291942470304642e-02
8.677051709319640038e-02
9.049520345411149469e-02
9.458174753116455058e-02
9.904491834807532813e-02
1.038994849285608119e-01
1.091602162963377365e-01
1.148418814751263201e-01
1.209592494886419234e-01
1.275270893606052225e-01
1.345601701147327300e-01
1.420167833843604954e-01
1.496549884297441180e-01
1.572721392852376721e-01
1.646836268662581204e-01
1.718012293485777775e-01
1.786682705628457601e-01
1.854376611198093605e-01
1.923037729612160629e-01
1.994185855510448580e-01
2.068283926791766592e-01
2.144574627360860408e-01
2.221441271894726011e-01
2.297121574671816546e-01
2.370457957917100900e-01
2.441363714431720455e-01
2.510817416025328819e-01
2.580406242193230559e-01
2.651630185608466195e-01
2.725272139438110752e-01
2.801097827557910702e-01
2.877997624389315168e-01
2.954489877877209403e-01
3.029356285770538615e-01
3.102135347476563387e-01
3.173273557455248972e-01
3.243889294812454804e-01
3.315269608774948362e-01
3.388325102815788470e-01
3.463232272624774954e-01
3.539400360969849890e-01
3.615756019859803216e-01
3.691207505482964057e-01
3.765085359074301641e-01
3.837380799269934362e-01
3.908699475405600365e-01
3.979971038410464734e-01
4.052051065547881969e-01
4.125383880431541250e-01
4.199855356403278672e-01
4.274876813153755117e-01
4.349645545867138474e-01
4.423463734251923407e-01
4.495987411880604800e-01
4.567318393262612686e-01
4.637921782164526885e-01
4.708419211927226122e-01
4.779346988479190594e-01
4.850968880435412300e-01
4.923201691889160792e-01
4.995665132540165754e-01
5.067825039281234067e-01
5.139174145040248387e-01
5.209391138908593399e-01
5.278432500677463501e-01
5.346534663422748412e-01
5.414129168859399543e-01
5.481695916348440223e-01
5.549596439573749596e-01
5.617937532863875871e-01
5.686511863504779551e-01
5.754843757541279192e-01
5.822336437552322330e-01
5.888479374425626967e-01
5.953044658021011681e-01
6.016193884981616558e-01
6.078441079098411137e-01
6.140468584968485910e-01
6.202854219423492577e-01
6.265813710752750065e-01
6.329069376445796147e-01
6.391915035419982738e-01
6.453469864430885217e-01
6.513030367160956846e-01
6.570376860069429004e-01
6.625896425681185864e-01
6.680452097896274477e-01
6.735034003761478649e-01
6.790328218789289938e-01
6.846386999518020433e-01
6.902553617312419121e-01
6.957693524128425455e-01
7.010651087102749424e-01
7.060745040687523844e-01
7.108085870083876712e-01
7.153563218736225249e-01
7.198489191717266644e-01
7.244035765114419378e-01
7.290703821619802794e-01
7.338060390007991041e-01
7.384874125234264230e-01
7.429608919340565665e-01
7.471074648366552440e-01
7.508954843762498665e-01
7.543972848548413657e-01
7.577607713089423713e-01
7.611466761805496528e-01
7.646578240936641180e-01
7.682912887587246553e-01
7.719353254204184278e-01
7.754139511512281313e-01
7.785611068332521922e-01
7.812927030409831941e-01
7.836448143157419555e-01
7.857602762151011389e-01
7.878281738318726468e-01
7.900016466715866770e-01
7.923295897886135641e-01
7.947325183187021747e-01
7.970341106291971567e-01
7.990357080298933212e-01
8.006019253066772867e-01
8.017200509559296862e-01
8.025068011684892699e-01
8.031585673308395679e-01
8.038664491531257728e-01
8.047316027329726174e-01
8.057223014167055331e-01
8.066771615855025113e-01
8.074016839406658042e-01
8.076662227786817194e-01
8.075987048203115970e-01
8.076304801531849487e-01
8.076325541092745919e-01
8.074701753526667414e-01
8.069948599106483433e-01
8.061293431179319402e-01
8.048915138538732528e-01
8.033886532182721307e-01
8.017691226174313845e-01
8.001585188364708223e-01
7.986059183569517161e-01
7.970638057718862912e-01
7.954096402643551222e-01
7.934992742515559749e-01
7.912288203466357750e-01
7.885783275667168635e-01
7.856188880220695836e-01
7.824807944787078862e-01
7.792970879534595330e-01
7.761470847670219886e-01
7.730239829846351496e-01
7.698398476048171624e-01
7.664650179152457943e-01
7.627843569845482730e-01
7.587459836290302295e-01
7.543819156331682541e-01
7.497925995762723117e-01
7.451028935372784323e-01
7.404089969763372192e-01
7.357391098143798436e-01
7.310440917963687557e-01
7.262211554738372543e-01
7.211595103072487856e-01
7.157879112139401423e-01
7.101039196836929079e-01
7.041731381682562185e-01
6.980998013465170571e-01
6.919821700437649437e-01
6.858720998153586823e-01
6.797556667404537345e-01
6.735622061594523924e-01
6.671968613210674803e-01
6.605820399835298229e-01
6.536900252631691055e-01
6.465534256901890320e-01
6.392500042995861165e-01
6.318693347773532976e-01
6.244759770136621979e-01
6.170846411446206936e-01
6.096570991392146199e-01
6.021211128025550918e-01
5.944025212372546774e-01
5.864566406328466375e-01
5.782861290322243164e-01
5.699387161925459910e-01
5.614867904855720404e-01
5.529981024063784778e-01
5.445099009699314596e-01
5.360166879051406763e-01
5.274756686040145137e-01
5.188266428042868084e-01
5.100175547527378006e-01
5.010252949480809015e-01
4.918639562045998836e-01
4.825782228575202226e-01
4.732255252740957818e-01
4.638546416395014083e-01
4.544891297893689508e-01
4.451214128147621407e-01
4.357188192503339552e-01
4.262383166178292937e-01
4.166437976921257835e-01
4.069194647062284176e-01
3.970749232279079388e-01
3.871409851235282362e-01
3.771585158656475811e-01
3.671647873333206968e-01
3.571821530003218004e-01
3.472125826973202489e-01
3.372393272567432154e-01
3.272345854279860577e-01
3.171702696112238540e-01
3.070282497777463426e-01
2.968068711740085019e-01
2.865218708460136599e-01
2.762016148350863731e-01
2.658783352214733608e-01
2.555782634907911577e-01
2.453138968905920758e-01
2.350809718511345237e-01
2.248611976368633525e-01
2.146298681557307075e-01
2.043657441924178197e-01
1.940596988394922839e-01
1.837189525412911417e-01
1.733652639532295980e-01
1.630276828186219273e-01
1.527325820045490889e-01
1.424948135739788346e-01
1.323134638047425704e-01
1.221738882766836565e-01
1.120551685702587119e-01
1.019398907055723003e-01
9.182216956252063633e-02
8.171058459117183648e-02
7.162487394809664842e-02
6.158795099934415151e-02
5.161684647853401198e-02
4.171663111471819035e-02
3.188001001156322289e-02
2.209268261668762348e-02
1.234189340791780852e-02
2.624087953899546365e-03
-7.052031352270021584e-03
-1.666861657331251620e-02
-2.620657484399077294e-02
-3.565449831359514266e-02
-4.501419775299550508e-02
-5.429985533163146638e-02
-6.353076893403317160e-02
-7.272080181703043100e-02
-8.186948203371319233e-02
-9.095926509258610293e-02
-9.996085807126142697e-02
-1.088448051022166269e-01
-1.175944157684982588e-01
-1.262140830735992703e-01
-1.347287179891606124e-01
-1.431737890044944839e-01
-1.515797105738903028e-01
-1.599571605260590723e-01
-1.682899515963972581e-01
-1.765391525108515047e-01
-1.846574040325651145e-01
-1.926078263410517522e-01
-2.003795945274702284e-01
-2.079932975730954814e-01
-2.154932846431933946e-01
-2.229296777156038467e-01
-2.303372633371704725e-01
-2.377200664036283051e-01
-2.450482672198830980e-01
-2.522690801090020085e-01
-2.593273627537229231e-01
-2.661875536957349353e-01
-2.728478388905142826e-01
-2.793406018857608197e-01
-2.857189119503264485e-01
-2.920346183540636353e-01
-2.983171069400366582e-01
-3.045614565430095344e-01
-3.107307536728964870e-01
-3.167713874773486760e-01
-3.226347789878100669e-01
-3.282964555973445497e-01
-3.337646964845464859e-01
-3.390755229969619200e-01
-3.442765942058095829e-01
-3.494071129599841119e-01
-3.544822557052993428e-01
-3.594883883862643459e-01
-3.643905056016930599e-01
-3.691480911383915320e-01
-3.737322071522238831e-01
-3.781364702096526309e-01
-3.823776026845632225e-01
-3.864860227394760206e-01
-3.904912762113046387e-01
-3.944091019548675581e-01
-3.982357949162710353e-01
-4.019519163355372293e-01
-4.055330263762081944e-01
-4.089619958452170301e-01
-4.122369736227771697e-01
-4.153713819458237921e-01
-4.183862425915664263e-01
-4.212988312353810882e-01
-4.241133804463830814e-01
-4.268185138462368133e-01
-4.293927947879401241e-01
-4.318157877273409162e-01
-4.340792554582218465e-01
-4.361928834105559538e-01
-4.381813883352187466e-01
-4.400739211435564235e-01
-4.418904375709079568e-01
-4.436314058575999697e-01
-4.452759624389099335e-01
-4.467899257868343521e-01
-4.481405719826813683e-01
-4.493118028912142514e-01
-4.503128411451289281e-01
-4.511761842209683904e-01
-4.519451733980009434e-01
-4.526561718180641680e-01
-4.533229285643415873e-01
-4.539300271708314183e-01
-4.544385856736709028e-01
-4.548021508858700046e-01
-4.549862705572222943e-01
-4.549834971790396310e-01
-4.548173689243957818e-01
-4.545335053166396078e-01
-4.541814032367487708e-01
-4.537944900950778848e-01
-4.533767772577400046e-01
-4.529017006893429897e-01
-4.523235885410066270e-01
-4.515969016650676071e-01
-4.506951792826731085e-01
-4.496218349335363573e-01
-4.484084651530600985e-01
-4.471016248942686899e-01
-4.457438226960230843e-01
-4.443567730392535275e-01
-4.429337930979213578e-01
-4.414442074659321036e-01
-4.398474932371029267e-01
-4.381108755966017787e-01
-4.362228585660502533e-01
-4.341971843746882387e-01
-4.320660003727850307e-01
-4.298656604346573484e-01
-4.276215861164630039e-01
-4.253387246133915611e-01
-4.230014172418535279e-01
-4.205822147078489004e-01
-4.180552753805568678e-01
-4.154081833478849295e-01
-4.126470138565689894e-01
-4.097927273367605316e-01
-4.068709606000879830e-01
-4.039001974280204688e-01
-4.008838588751496568e-01
-3.978098678795629062e-01
-3.946576760919992544e-01
-3.914092497277992799e-01
-3.880586993488625014e-01
-3.846159276669119387e-01
-3.811025182907107345e-01
-3.775417705805499957e-01
-3.739475917427527718e-01
-3.703175799034308380e-01
-3.666337622627497406e-01
-3.628709189721001094e-01
-3.590088421692424481e-01
-3.550429017320296810e-01
-3.509878736497861196e-01
-3.468729233751838281e-01
-3.427296272206059591e-01
-3.385781811810175679e-01
-3.344179867147310525e-01
-3.302270830730116291e-01
-3.259711055554614378e-01
-3.216182209676340942e-01
-3.171536906350397311e-01
-3.125876294571665048e-01
-3.079522810615422657e-01
-3.032895841311615270e-01
-2.986340589253142497e-01
-2.939982338772379467e-01
-2.893669568710261486e-01
-2.847032995784831710e-01
-2.799638659307291944e-01
-2.751172481474359333e-01
-2.701578942542831596e-01
-2.651094258761056977e-01
-2.600158073656811952e-01
-2.549238654992572739e-01
-2.498643435193063644e-01
-2.448393805984044880e-01
-2.398217076057911068e-01
-2.347660063608596470e-01
-2.296278108245190519e-01
-2.243821557289021884e-01
-2.190342448333643388e-01
-2.136177073442631080e-01
-2.081811596350262583e-01
-2.027686380533222643e-01
-1.974019946743406084e-01
-1.920725048980571892e-01
-1.867450850032661147e-01
-1.813732760678411493e-01
-1.759187136420572173e-01
-1.703670174050591901e-01
-1.647336078842505658e-01
-1.590571962510000659e-01
-1.533838357520908302e-01
-1.477482797093898348e-01
-1.421603815574455643e-01
-1.366020437052987424e-01
-1.310357457638101075e-01
-1.254208607761450045e-01
-1.197308142427879613e-01
-1.139639409372105311e-01
-1.081436885020649469e-01
-1.023083713453098315e-01
-9.649504604116840301e-02
-9.072442904387414964e-02
-8.499316038124039852e-02
-7.927645680237185855e-02
-7.353972601335641290e-02
-6.775394853691120434e-02
-6.190817220139036015e-02
-5.601386856114078105e-02
-5.009951252109386133e-02
-4.419798271762002267e-02
-3.833242409513019228e-02
-3.250674928681288045e-02
-2.670481045249675431e-02
-2.089842240541511798e-02
-1.506054935778766007e-02
-9.177756705303383861e-03
-3.256421398265385743e-03
2.679996466369401892e-03
8.601344199246324651e-03
1.448416199177895644e-02
2.032207330886320884e-02
2.612851308394256028e-02
3.193051708738973982e-02
3.775627004418053573e-02
4.362191914854331859e-02
4.952355117344491020e-02
5.543802090929209753e-02
6.133244982254916489e-02
6.717836357466272501e-02
7.296429150821170939e-02
7.870118665399845892e-02
8.441806908964467893e-02
9.014953123168549520e-02
9.592035602457105181e-02
1.017339028060033623e-01
1.075694544446395007e-01
1.133899538841986881e-01
1.191570865917283284e-01
1.248474051682332275e-01
1.304625753144162403e-01
1.360291720543533034e-01
1.415878227715482163e-01
1.471760481256914610e-01
1.528119457179316076e-01
1.584856621469207805e-01
1.641624441971704096e-01
1.697962387611674229e-01
1.753483348648094409e-01
1.808033121788160946e-01
1.861755511447133749e-01
1.915034162697312747e-01
1.968333664314280695e-01
2.022004852428984367e-01
2.076134972697748493e-01
2.130505504985890641e-01
2.184676088133495897e-01
2.238160561934207371e-01
2.290622638367962316e-01
2.342010283911805657e-01
2.392573154710189998e-01
2.442755913981734528e-01
2.493011745601358964e-01
2.543613343140730398e-01
2.594539316524929751e-01
2.645482234212837569e-01
2.695973828082236512e-01
2.745574452846185065e-01
2.794047890892100705e-01
2.841449662506668195e-01
2.888093849012557390e-01
2.934414417931057173e-01
2.980780661497006157e-01
3.027344109687097329e-01
3.073979484876859236e-01
3.120341586036949333e-01
3.166011024462819234e-01
3.210665359814209863e-01
3.254203439453177138e-01
3.296772649223071450e-01
3.338691325402911581e-01
3.380303124181246455e-01
3.421827663563100086e-01
3.463270938158133361e-01
3.504430993783488324e-01
3.544992067498652921e-01
3.584662501086074426e-01
3.623294530000695790e-01
3.660934455542451671e-01
3.697784362737405184e-01
3.734096462531706351e-01
3.770050497281433599e-01
3.805670498074014696e-01
3.840817398981407615e-01
3.875258203674993296e-01
3.908777067121914084e-01
3.941274952782422014e-01
3.972810750687800763e-01
4.003564803639918512e-01
4.033742610633713199e-01
4.063464964921007505e-01
4.092697677892859764e-01
4.121255925985489177e-01
4.148883343042319427e-01
4.175370315080944028e-01
4.200656073505394383e-01
4.224864763120712019e-01
4.248254795739809797e-01
4.271100673639484091e-01
4.293559004629228237e-01
4.315580342694111948e-01
4.336910493484028573e-01
4.357185927375168966e-01
4.376085166113539149e-01
4.393470772161550131e-01
4.409457688048158963e-01
4.424373651224816628e-01
4.438623894029525285e-01
4.452515187427413812e-01
4.466114383785582675e-01
4.479204361420747738e-01
4.491360047403171185e-01
4.502115889751565625e-01
4.511155907679964550e-01
4.518445944877430565e-01
4.524250593243532292e-01
4.529025241372401922e-01
4.533226621120486355e-01
4.537120398812836131e-01
4.540666489680063589e-01
4.543530640115425734e-01
4.545217885440521743e-01
4.545272016502550638e-01
4.543457625858558502e-01
4.539849162978047414e-01
4.534791136468367956e-01
4.528748082666936292e-01
4.522108842496270764e-01
4.515027611033366473e-01
4.507366924082086834e-01
4.498763163400767429e-01
4.488782910479477417e-01
4.477101168330743786e-01
4.463625683106132169e-01
4.448517414851825835e-01
4.432103596142842883e-01
4.414726053203720801e-01
4.396593446044984588e-01
4.377701117866384384e-01
4.357849528071944256e-01
4.336747167841287776e-01
4.314146854625580119e-01
4.289951709965144633e-01
4.264244083471855351e-01
4.237228320259898151e-01
4.209118791900343104e-01
4.180029279262482689e-01
4.149917476940916949e-01
4.118610642013895151e-01
4.085898556795790615e-01
4.051646984111740846e-01
4.015874411397766242e-01
3.978752107497321444e-01
3.940524458863184920e-01
3.901385856562579191e-01
3.861373367762957476e-01
3.820329625448769528e-01
3.777959187878048297e-01
3.733957875871289356e-01
3.688158451036640528e-01
3.640624720909982903e-01
3.591646034802997711e-01
3.541627532963158576e-01
3.490919262123826083e-01
3.439657570848356216e-01
3.387690711536332500e-01
3.334626673361634763e-01
3.279988874658782416e-01
3.223417096871442622e-01
3.164828530957131125e-01
3.104467879557122889e-01
3.042820909313987410e-01
2.980423712528566527e-01
2.917645417902737237e-01
2.854535238116119866e-01
2.790799317786715195e-01
2.725919164575326126e-01
2.659364080650484796e-01
2.590810220382674389e-01
2.520275712310517391e-01
2.448116160699953248e-01
2.374882981735130794e-01
2.301104027811178565e-01
2.227077490283747574e-01
2.152763110115993028e-01
2.077813006480977998e-01
2.001725941264642650e-01
1.924058404875156614e-01
1.844604494588682198e-01
1.763472453071093515e-01
1.681031077699580711e-01
1.597753961678031742e-01
1.514030414969362859e-01
1.430022300089838772e-01
1.345622820575494982e-01
1.260527809102760521e-01
1.174382558613736027e-01
1.086937943366868969e-01
9.981500253005710921e-02
9.081857073430824046e-02
8.173395466202255932e-02
7.259044651756399458e-02
6.340558904048555766e-02
5.417985151883164541e-02
4.489936780336992866e-02
3.554483777335265549e-02
2.610207827738875164e-02
1.656927888872117630e-02
6.957848668904388460e-03
-2.713118736934910704e-03
-1.242577603376290515e-02
-2.217142343358310952e-02
-3.195361966351671634e-02
-4.178512505052262016e-02
-5.168024410306409910e-02
-6.164627368081237319e-02
-7.167814261142679833e-02
-8.175881794754519261e-02
-9.186538373871183660e-02
-1.019781005750030889e-01
-1.120883902059032350e-01
-1.222021416763272028e-01
-1.323367745983274890e-01
-1.425132130260128860e-01
-1.527461052260162822e-01
-1.630363660231396450e-01
-1.733691419212375073e-01
-1.837180573721778343e-01
-1.940540605356843862e-01
-2.043553928042019241e-01
-2.146148365192072915e-01
-2.248415235214268615e-01
-2.350566984835882056e-01
-2.452850717614847298e-01
-2.555449357949823308e-01
-2.658405530880835199e-01
-2.761594236607615160e-01
-2.864753135098677128e-01
-2.967559899366059573e-01
-3.069730891492270519e-01
-3.171108788852256000e-01
-3.271710198660278124e-01
-3.371716471775435542e-01
-3.471408511090628979e-01
-3.571064324338448781e-01
-3.670851372295179660e-01
-3.770749917465899825e-01
-3.870536396531376599e-01
-3.969838088052081715e-01
-4.068246365172106249e-01
-4.165453161838841289e-01
-4.261362482420585907e-01
-4.356132353245852906e-01
-4.450123871588662627e-01
-4.543767359049976640e-01
-4.637389505407564783e-01
-4.731066046400078662e-01
-4.824561376625666753e-01
-4.917387704398763493e-01
-5.008970737467876022e-01
-5.098863661295908178e-01
-5.186925586445984004e-01
-5.273387645369127519e-01
-5.358770422274197198e-01
-5.443675930954595676e-01
-5.528532112374002772e-01
-5.613393934165237242e-01
-5.697888888743574132e-01
-5.781339458631385986e-01
-5.863021758746969070e-01
-5.942458502496432704e-01
-6.019623129702001973e-01
-6.094962502122490688e-01
-6.169218248574597219e-01
-6.243112760279770912e-01
-6.317028313577824905e-01
-6.390817792687674137e-01
-6.463835579676825427e-01
-6.535185923906537964e-01
-6.604091195055463714e-01
-6.670225324960948887e-01
-6.733865512691635802e-01
-6.795787713322407608e-01
-6.856940515798822799e-01
-6.918030567256794328e-01
-6.979197083343391395e-01
-7.039921468014531669e-01
-7.099221071559737029e-01
-7.156053522057796989e-01
-7.209762797415101288e-01
-7.260373313138458462e-01
-7.308597568857729820e-01
-7.355543517648738261e-01
-7.402239061508826268e-01
-7.449175598406534426e-01
-7.496071091336377057e-01
-7.541963489395140385e-01
-7.585604158738883385e-01
-7.625988604040948582e-01
-7.662796652893988369e-01
-7.696547154413402314e-01
-7.728391529392497628e-01
-7.759626427606527432e-01
-7.791131212554891494e-01
-7.822973879574455225e-01
-7.854361212640073031e-01
-7.883962741225356563e-01
-7.910475492442448076e-01
-7.933188532029217255e-01
-7.952301391877539816e-01
-7.968852990604869957e-01
-7.984284848788200106e-01
-7.999822397716611633e-01
-8.015940780007416722e-01
-8.032149186229258220e-01
-8.047191586802999730e-01
-8.059584310675972363e-01
-8.068254513909326464e-01
-8.073023308248733487e-01
-8.074663369756316378e-01
-8.074659579033091061e-01
-8.074359481659704185e-01
-8.075053030414807154e-01
-8.072426713005498300e-01
-8.065201244430681982e-01
-8.055673043828343038e-01
-8.045787052138089201e-01
-8.037157056116112086e-01
-8.030100289818735693e-01
-8.023605183978206323e-01
-8.015760754820452361e-01
-8.004603113644213064e-01
-7.988965121790980728e-01
-7.968973903182521301e-01
-7.945983297422649638e-01
-7.921979858635740390e-01
-7.898726757576852719e-01
-7.877018797305399556e-01
-7.856366994016248384e-01
-7.835239939261444686e-01
-7.811746788876485770e-01
-7.784459208030511945e-01
-7.753016473827172295e-01
-7.718259489789672800e-01
-7.681848835215555615e-01
-7.645544303678800668e-01
-7.610463291605262803e-01
-7.576635007926606491e-01
-7.543031164915247055e-01
-7.508044421492613418e-01
-7.470195738654216155e-01
-7.428761804792927137e-01
-7.384059123971219440e-01
-7.337277841341410811e-01
-7.289954057295858769e-01
-7.243319074867744511e-01
-7.197805798817775713e-01
-7.152913272584424664e-01
-7.107469460641623327e-01
-7.060162232840517804e-01
-7.010101960370070939e-01
-6.957178203444268627e-01
-6.902072281587480207e-01
-6.845939863660683855e-01
-6.789915495921964306e-01
-6.734655861747694816e-01
-6.680108627508803965e-01
-6.625587634076667287e-01
-6.570102692115805665e-01
-6.512790746587290291e-01
-6.453264737629376135e-01
-6.391744400927903413e-01
-6.328933287621573145e-01
-6.265712248878458901e-01
-6.202787448764366385e-01
-6.140436509071836024e-01
-6.078443616065510868e-01
-6.016230874250652061e-01
-5.953115896834360043e-01
-5.888584667856084920e-01
-5.822475642698300424e-01
-5.755016802271544218e-01
-5.686718730862799775e-01
-5.618178215845351930e-01
-5.549870884710789154e-01
-5.482003979927710935e-01
-5.414470602840328883e-01
-5.346909139206976747e-01
-5.278839662673484590e-01
-5.209830665757745338e-01
-5.139645795273269924e-01
-5.068328662824677089e-01
-4.996200643029265476e-01
-4.923769009802481111e-01
-4.851567870188212561e-01
-4.779977413078049242e-01
-4.709080722180191692e-01
-4.638613945206917499e-01
-4.568040748732304923e-01
-4.496739533914551612e-01
-4.424245276011011252e-01
-4.350456250228850741e-01
-4.275716485521285359e-01
-4.200723812868478180e-01
-4.126280890067603457e-01
-4.052976310542472094e-01
-3.980924106245700145e-01
-3.909679884770073111e-01
-3.838388047855935681e-01
-3.766118974097686922e-01
-3.692267077831511979e-01
-3.616841209248300992e-01
-3.540510870536363597e-01
-3.464367805629537389e-01
-3.389485318635465649e-01
-3.316454095072146613e-01
-3.245097566945439604e-01
-3.174505083724862842e-01
-3.103389590785048946e-01
-3.030632745005077400e-01
-2.955788112564908809e-01
-2.879317252009583328e-01
-2.802438494723834550e-01
-2.726633478883887518e-01
-2.653011775482214119e-01
-2.581807585471066480e-01
-2.512237948065455528e-01
-2.442802835046887777e-01
-2.371915076820417800e-01
-2.298596152835279682e-01
-2.222932841147191863e-01
-2.146082781467150147e-01
-2.069808286898558447e-01
-1.995726023541301575e-01
-1.924593244770815281e-01
-1.855946929316902305e-01
-1.788267208459433932e-01
-1.719610323782010397e-01
-1.648447180360943509e-01
-1.574344596435607591e-01
-1.498184869435808253e-01
-1.421814161261955312e-01
-1.347258965357274463e-01
-1.276937244473308752e-01
-1.211265735701604757e-01
-1.150096801947362163e-01
-1.093282806115741246e-01
-1.040676111111955709e-01
-9.921290798411697143e-02
-9.474940752085826701e-02
-9.066234601193914888e-02
-8.693695974787654657e-02
-8.355848501919088678e-02
-8.051215811639941822e-02
-7.778321533002172106e-02
-7.535689295057707016e-02
-7.321842726858318606e-02
-7.135305457455971834e-02
-6.974601115902466508e-02
-6.838253331249724565e-02
-6.724785732549640183e-02
-6.632721948854042315e-02
-6.560585609214854286e-02
-6.506900342683911986e-02
-6.470189778313119311e-02
-6.448977545154348234e-02
-6.441787272259472119e-02
-6.447142588680368491e-02
-6.463567123468917652e-02
-6.489584505676995740e-02
-6.523718364356473343e-02
-6.564492328559241863e-02
-6.610430027337159398e-02
-6.660055089742124290e-02
-6.711891144826001576e-02
-6.764461821640659067e-02
-6.816290749237996494e-02
-6.865901556669865013e-02
-6.911817872988169908e-02
-6.952563327244769276e-02
-6.986661548491540641e-02
-7.012636165780369857e-02
-7.029010808163127511e-02
-7.034309104691693904e-02
-7.027054684417942398e-02
-7.005771176393758848e-02
-6.968982209671006900e-02
-6.915211413301586285e-02
-6.842982416337339835e-02
-6.750818847830164504e-02
-6.637244336831955860e-02
-6.500782512394548407e-02
-6.339957003569834937e-02
-6.153291439409742936e-02
-5.939309448966063887e-02
-5.696534661290769685e-02
-5.423490705435628223e-02
-5.118701210452573924e-02
-4.780689805393548153e-02
-4.407980119310291045e-02
-3.999095781254841109e-02
-3.552560420278889908e-02
-3.066897665434409337e-02
-2.540631145773392108e-02
-1.972284490347483987e-02
-1.360381328208809526e-02
-7.034452884089770208e-03
0.000000000000000000e+00
