3.848763802880378115e+00
3.841231271154052163e+00
3.833698744223522858e+00
3.826166226806192228e+00
3.818633723531232427e+00
3.811101238910665767e+00
3.803568777339190188e+00
3.796036343094183252e+00
3.788503940335702591e+00
3.780971573106481465e+00
3.773439245331934977e+00
3.765906960820154303e+00
3.758374740424973659e+00
3.750842610417282508e+00
3.743310572203848441e+00
3.735778626859100449e+00
3.728246775291368387e+00
3.720715018242887862e+00
3.713183356289798454e+00
3.705651789842144161e+00
3.698120319143872070e+00
3.690588944272834571e+00
3.683057665140787584e+00
3.675526481493391451e+00
3.667995392910210484e+00
3.660464398804713415e+00
3.652933498424272507e+00
3.645402690850166216e+00
3.637871974997573421e+00
3.630341349615580970e+00
3.622810813287177023e+00
3.615280364429255933e+00
3.607750001292615583e+00
3.600219721961956942e+00
3.592689524355886288e+00
3.585159406226913870e+00
3.577629365161453912e+00
3.570099398579825056e+00
3.562569503736249477e+00
3.555039677718855096e+00
3.547509917449671146e+00
3.539980219684633944e+00
3.532450581013582003e+00
3.524920997860259586e+00
3.517391466482313600e+00
3.509861982971295369e+00
3.502332543252661523e+00
3.494803143085771779e+00
3.487273778063890273e+00
3.479744443614185112e+00
3.472215134997729713e+00
3.464685847309499689e+00
3.457156575478375959e+00
3.449627314267143863e+00
3.442098058272492267e+00
3.434568801925014903e+00
3.427039539489208142e+00
3.419510265063474996e+00
3.411980972580119786e+00
3.404451655805353472e+00
3.396922308339290097e+00
3.389392923615946351e+00
3.381863494903246448e+00
3.374334015303016354e+00
3.366804477750986013e+00
3.359274875016791118e+00
3.351745199703970002e+00
3.344215444249966751e+00
3.336685600926126760e+00
3.329155661837704283e+00
3.321625618923853107e+00
3.314095463957632326e+00
3.306565188546007672e+00
3.299034784129845743e+00
3.291504241983920220e+00
3.283973553216906538e+00
3.276442708771384993e+00
3.268911699423841188e+00
3.261380515784662926e+00
3.253849148298144200e+00
3.246317587242481650e+00
3.238785822729776775e+00
3.231253844706035494e+00
3.223721642951165922e+00
3.216189207078983703e+00
3.208656526537205789e+00
3.201123590607454439e+00
3.193590388405256331e+00
3.186056908880041227e+00
3.178523140815144199e+00
3.170989072827803845e+00
3.163454693369162740e+00
3.155919990724267876e+00
3.148384953012071552e+00
3.140849568185427820e+00
3.133313824031097372e+00
3.125777708169743097e+00
3.118241208055932301e+00
3.110704310978138487e+00
3.103167004058736467e+00
3.095629274254007246e+00
3.088091108354135361e+00
3.080552492983207991e+00
3.073013414599220283e+00
3.065473859494067366e+00
3.057933813793551003e+00
3.050393263457376491e+00
3.042852194279152656e+00
3.035310591886394072e+00
3.027768441740517513e+00
3.020225729136844617e+00
3.012682439206523455e+00
3.005138573599273943e+00
2.997594136143935106e+00
2.990049116204564150e+00
2.982503503226227703e+00
2.974957286735004480e+00
2.967410456337985281e+00
2.959863001723271658e+00
2.952314912659977253e+00
2.944766178998224682e+00
2.937216790669150424e+00
2.929666737684901268e+00
2.922116010138635644e+00
2.914564598204523183e+00
2.907012492137743820e+00
2.899459682274491357e+00
2.891906159031967682e+00
2.884351912908388549e+00
2.876796934482980461e+00
2.869241214415979346e+00
2.861684743448636326e+00
2.854127512403209721e+00
2.846569512182972161e+00
2.839010733772206141e+00
2.831451168236204907e+00
2.823890806721275570e+00
2.816329640454732886e+00
2.808767660744907690e+00
2.801204858981137580e+00
2.793641226633772678e+00
2.786076755254176973e+00
2.778511436474722984e+00
2.770945262008796206e+00
2.763378223650791554e+00
2.755810313276117363e+00
2.748241522841191831e+00
2.740671844383445244e+00
2.733101270021319529e+00
2.725529791954266479e+00
2.717957402462750860e+00
2.710384093908247749e+00
2.702809858733244308e+00
2.695234689461238453e+00
2.687658578696738854e+00
2.680081519125266709e+00
2.672503503513353973e+00
2.664924524708544684e+00
2.657344575639393192e+00
2.649763649315465042e+00
2.642181738827337867e+00
2.634598837346599609e+00
2.627014938125852073e+00
2.619430034498705151e+00
2.611844119879782156e+00
2.604257187764716264e+00
2.596669231730153182e+00
2.589080245433750704e+00
2.581490222614175156e+00
2.573899157091106726e+00
2.566307042765235469e+00
2.558713873618263079e+00
2.551119643712904672e+00
2.543524347192883006e+00
2.535927978282935147e+00
2.528330531288806693e+00
2.520732000597257993e+00
2.513132380676058819e+00
2.505531666073989250e+00
2.497929851420843228e+00
2.490326931427423229e+00
2.482722900885545592e+00
2.475117754668036518e+00
2.467511487728734298e+00
2.459904095102487531e+00
2.452295571905156901e+00
2.444685913333614291e+00
2.437075114665742781e+00
2.429463171260437981e+00
2.421850078557604036e+00
2.414235832078159394e+00
2.406620427424031483e+00
2.399003860278161149e+00
2.391386126404499990e+00
2.383767221648008583e+00
2.376147141934662255e+00
2.368525883271445753e+00
2.360903441746355913e+00
2.353279813528399877e+00
2.345654994867596876e+00
2.338028982094978225e+00
2.330401771622584661e+00
2.322773359943469451e+00
2.315143743631697948e+00
2.307512919342344482e+00
2.299880883811497245e+00
2.292247633856254296e+00
2.284613166374726223e+00
2.276977478346033035e+00
2.269340566830306827e+00
2.261702428968692224e+00
2.254063061983344163e+00
2.246422463177429218e+00
2.238780629935124278e+00
2.231137559721619201e+00
2.223493238576579767e+00
2.215847640239243965e+00
2.208200762136598883e+00
2.200552602505493560e+00
2.192903159620740894e+00
2.185252431795116301e+00
2.177600417379354614e+00
2.169947114762154516e+00
2.162292522370174996e+00
2.154636638668037563e+00
2.146979462158324470e+00
2.139320991381582715e+00
2.131661224916317821e+00
2.124000161378997387e+00
2.116337799424051980e+00
2.108674137743873800e+00
2.101009175068817125e+00
2.093342910167196536e+00
2.085675341845289577e+00
2.078006468947334984e+00
2.070336290355533571e+00
2.062664804990048228e+00
2.054992011809003039e+00
2.047317909808484160e+00
2.039642498022538941e+00
2.031965775523176809e+00
2.024287741420370157e+00
2.016608394862051679e+00
2.008927735034116147e+00
2.001245761160419523e+00
1.993562472502780736e+00
1.985877868360980569e+00
1.978191948072760331e+00
1.970504711013823407e+00
1.962816156597836148e+00
1.955126284276424764e+00
1.947435093539179096e+00
1.939742583913649510e+00
1.932048754965348225e+00
1.924353606297750430e+00
1.916657137552291168e+00
1.908959348408369117e+00
1.901260238583343476e+00
1.893559807832534858e+00
1.885858055949227730e+00
1.878154982764665970e+00
1.870450588148057092e+00
1.862744872006568908e+00
1.855037834285331089e+00
1.847329474967436491e+00
1.839619794073938275e+00
1.831908791663852343e+00
1.824196467834155788e+00
1.816482822719787116e+00
1.808767856493647797e+00
1.801051569366599603e+00
1.793333961587467718e+00
1.785615033443037625e+00
1.777894785258056887e+00
1.770173217395236032e+00
1.762450330255245223e+00
1.754726124276718702e+00
1.747000599936250120e+00
1.739273757748397431e+00
1.731545598265678443e+00
1.723816122078573043e+00
1.716085329815523863e+00
1.708353222142933614e+00
1.700619799765168638e+00
1.692885063424556025e+00
1.685149013901384274e+00
1.677411652013904853e+00
1.669672978618329529e+00
1.661932994608833480e+00
1.654191700917552188e+00
1.646449098514583209e+00
1.638705188407986846e+00
1.630959971643783923e+00
1.623213449305958012e+00
1.615465622516453648e+00
1.607716492435177003e+00
1.599966060259997658e+00
1.592214327226744830e+00
1.584461294609210924e+00
1.576706963719149979e+00
1.568951335906276334e+00
1.561194412558268407e+00
1.553436195100764250e+00
1.545676684997365324e+00
1.537915883749633617e+00
1.530153792897094522e+00
1.522390414017233073e+00
1.514625748725496601e+00
1.506859798675296291e+00
1.499092565558001855e+00
1.491324051102947745e+00
1.483554257077428495e+00
1.475783185286700050e+00
1.468010837573981764e+00
1.460237215820452850e+00
1.452462321945256374e+00
1.444686157905495483e+00
1.436908725696234956e+00
1.429130027350503651e+00
1.421350064939288949e+00
1.413568840571542751e+00
1.405786356394177039e+00
1.398002614592065873e+00
1.390217617388046278e+00
1.382431367042915138e+00
1.374643865855432523e+00
1.366855116162319694e+00
1.359065120338259547e+00
1.351273880795897497e+00
1.343481399985839264e+00
1.335687680396654864e+00
1.327892724554873061e+00
1.320096535024985807e+00
1.312299114409447798e+00
1.304500465348673588e+00
1.296700590521041141e+00
1.288899492642889166e+00
1.281097174468518229e+00
1.273293638790191418e+00
1.265488888438131898e+00
1.257682926280527136e+00
1.249875755223524010e+00
1.242067378211232809e+00
1.234257798225724567e+00
1.226447018287031954e+00
1.218635041453150825e+00
1.210821870820036672e+00
1.203007509521609064e+00
1.195191960729747649e+00
1.187375227654294152e+00
1.179557313543053043e+00
1.171738221681788650e+00
1.163917955394229375e+00
1.156096518042063703e+00
1.148273913024942194e+00
1.140450143780477932e+00
1.132625213784244744e+00
1.124799126549779205e+00
1.116971885628578853e+00
1.109143494610102865e+00
1.101313957121773601e+00
1.093483276828973061e+00
1.085651457435047318e+00
1.077818502681302304e+00
1.069984416347006029e+00
1.062149202249389690e+00
1.054312864243644565e+00
1.046475406222924898e+00
1.038636832118345454e+00
1.030797145898984413e+00
1.022956351571880473e+00
1.015114453182033527e+00
1.007271454812407319e+00
9.994273605839253394e-01
9.915821746554742688e-01
9.837359012239017542e-01
9.758885445240169654e-01
9.680401088285920386e-01
9.601905984483591894e-01
9.523400177320144877e-01
9.444883710662137499e-01
9.366356628755752034e-01
9.287818976226800416e-01
9.209270798080690934e-01
9.130712139702470420e-01
9.052143046856789832e-01
8.973563565687917576e-01
8.894973742719751719e-01
8.816373624855793345e-01
8.737763259379174308e-01
8.659142693952633918e-01
8.580511976618528935e-01
8.501871155798848001e-01
8.423220280295176110e-01
8.344559399288736801e-01
8.265888562340357737e-01
8.187207819390482921e-01
8.108517220759187127e-01
8.029816817146148145e-01
7.951106659630673423e-01
7.872386799671681201e-01
7.793657289107703834e-01
7.714918180156904448e-01
7.636169525417045856e-01
7.557411377865529412e-01
7.478643790859352825e-01
7.399866818135150126e-01
7.321080513809160584e-01
7.242284932377240914e-01
7.163480128714878603e-01
7.084666158077160825e-01
7.005843076098808853e-01
6.927010938794151418e-01
6.848169802557132479e-01
6.769319724161327878e-01
6.690460760759912029e-01
6.611592969885697890e-01
6.532716409451100326e-01
6.453831137748150537e-01
6.374937213448512718e-01
6.296034695603452969e-01
6.217123643643868158e-01
6.138204117380261504e-01
6.059276177002757002e-01
5.980339883081103869e-01
5.901395296564654336e-01
5.822442478782398068e-01
5.743481491442924414e-01
5.664512396634443503e-01
5.585535256824796235e-01
5.506550134861423196e-01
5.427557093971397961e-01
5.348556197761399345e-01
5.269547510217734709e-01
5.190531095706322207e-01
5.111507018972692995e-01
5.032475345142011225e-01
4.953436139719041842e-01
4.874389468588183894e-01
4.795335398013439443e-01
4.716273994638431333e-01
4.637205325486410956e-01
4.558129457960230502e-01
4.479046459842376260e-01
4.399956393682252775e-01
4.320859060545003683e-01
4.241754362842936610e-01
4.162642342405601381e-01
4.083523040936591908e-01
4.004396500013522875e-01
3.925262761088030850e-01
3.846121865485796487e-01
3.766973854406511224e-01
3.687818768923912804e-01
3.608656649985753084e-01
3.529487538413810244e-01
3.450311474903906550e-01
3.371128500025875052e-01
3.291938654223591776e-01
3.212741977814949079e-01
3.133538510991868975e-01
3.054328293820312012e-01
2.975111366240252853e-01
2.895887768065709134e-01
2.816657538984713716e-01
2.737420718559328003e-01
2.658177346225655269e-01
2.578927461293809009e-01
2.499671102947948198e-01
2.420408310246242867e-01
2.341139122120907967e-01
2.261863577378174506e-01
2.182581714698300923e-01
2.103293572635586695e-01
2.023999189618343464e-01
1.944698603948926685e-01
1.865391853803707312e-01
1.786078977233085396e-01
1.706760012161501472e-01
1.627434996387406851e-01
1.548103967583298879e-01
1.468766963295689010e-01
1.389424020945118077e-01
1.310075177826166559e-01
1.230720471107427799e-01
1.151359937831538949e-01
1.071993614915152937e-01
9.926215391489505435e-02
9.132437471976545540e-02
8.338602755999974248e-02
7.544711607687579202e-02
6.750764389907294716e-02
5.956761464267341932e-02
5.162703191116348178e-02
4.368589929543052058e-02
3.574422037376645545e-02
2.780199871186432581e-02
1.985923786282166315e-02
1.191594136713755581e-02
3.972112752713863326e-03
-3.972244465143798253e-03
-1.191712678372705558e-02
-1.986253071292558292e-02
-2.780845277522578374e-02
-3.575488950571124869e-02
-4.370183745206365766e-02
-5.164929317455921320e-02
-5.959725324607392793e-02
-6.754571425208014124e-02
-7.549467279064739356e-02
-8.344412547244325906e-02
-9.139406892072984845e-02
-9.934449977136916576e-02
-1.072954146728194169e-01
-1.152468102861360644e-01
-1.231986832849726043e-01
-1.311510303555770696e-01
-1.391038481967973861e-01
-1.470571335200776819e-01
-1.550108830494593415e-01
-1.629650935215817831e-01
-1.709197616856789892e-01
-1.788748843035848080e-01
-1.868304581497292338e-01
-1.947864800111396011e-01
-2.027429466874412778e-01
-2.106998549908541130e-01
-2.186572017461978767e-01
-2.266149837908885412e-01
-2.345731979749393903e-01
-2.425318411609616309e-01
-2.504909102241610341e-01
-2.584504020523433754e-01
-2.664103135459104932e-01
-2.743706416178615104e-01
-2.823313831937936946e-01
-2.902925352118986835e-01
-2.982540946229680356e-01
-3.062160583903897892e-01
-3.141784234901489059e-01
-3.221411869108283810e-01
-3.301043456536060239e-01
-3.380678967322592321e-01
-3.460318371731618825e-01
-3.539961640152847755e-01
-3.619608743101970783e-01
-3.699259651220624390e-01
-3.778914335276440939e-01
-3.858572766163018697e-01
-3.938234914899935157e-01
-4.017900752632712624e-01
-4.097570250632873723e-01
-4.177243380297902542e-01
-4.256920113151254625e-01
-4.336600420842369186e-01
-4.416284275146624694e-01
-4.495971647965406603e-01
-4.575662511326055171e-01
-4.655356837381885438e-01
-4.735054598412197224e-01
-4.814755766822228500e-01
-4.894460315143220885e-01
-4.974168216032377465e-01
-5.053879442272871669e-01
-5.133593966773860595e-01
-5.213311762570442820e-01
-5.293032802823719463e-01
-5.372757060820751995e-01
-5.452484509974573346e-01
-5.532215123824201219e-01
-5.611948876034591471e-01
-5.691685740396705828e-01
-5.771425690827463040e-01
-5.851168701369758862e-01
-5.930914746192464948e-01
-6.010663799590401091e-01
-6.090415835984386295e-01
-6.170170829921197697e-01
-6.249928756073591662e-01
-6.329689589240299341e-01
-6.409453304345997804e-01
-6.489219876441366663e-01
-6.568989280703043665e-01
-6.648761492433642450e-01
-6.728536487061752558e-01
-6.808314240141913887e-01
-6.888094727354661106e-01
-6.967877924506491460e-01
-7.047663807529880309e-01
-7.127452352483276687e-01
-7.207243535551077773e-01
-7.287037333043677734e-01
-7.366833721397436641e-01
-7.446632677174680470e-01
-7.526434177063726638e-01
-7.606238197878826268e-01
-7.686044716560234136e-01
-7.765853710174168700e-01
-7.845665155912819877e-01
-7.925479031094355697e-01
-8.005295313162893445e-01
-8.085113979688546282e-01
-8.164935008367389946e-01
-8.244758377021472739e-01
-8.324584063598825523e-01
-8.404412046173419526e-01
-8.484242302945231851e-01
-8.564074812240196621e-01
-8.643909552510229410e-01
-8.723746502333191710e-01
-8.803585640412946445e-01
-8.883426945579314671e-01
-8.963270396788091121e-01
-9.043115973121054196e-01
-9.122963653785920446e-01
-9.202813418116413402e-01
-9.282665245572214729e-01
-9.362519115738978659e-01
-9.442375008328338648e-01
-9.522232903177876295e-01
-9.602092780251167969e-01
-9.681954619637760384e-01
-9.761818401553161717e-01
-9.841684106338870475e-01
-9.921551714462322202e-01
-1.000142120651695832e+00
-1.008129256322217726e+00
-1.016116576542335226e+00
-1.024104079409183798e+00
-1.032091763032493059e+00
-1.040079625534592989e+00
-1.048067665050409492e+00
-1.056055879727465729e+00
-1.064044267725883008e+00
-1.072032827218377227e+00
-1.080021556390263759e+00
-1.088010453439454572e+00
-1.095999516576459110e+00
-1.103988744024384072e+00
-1.111978134018931641e+00
-1.119967684808403252e+00
-1.127957394653696488e+00
-1.135947261828306631e+00
-1.143937284618326888e+00
-1.151927461322444390e+00
-1.159917790251947078e+00
-1.167908269730718596e+00
-1.175898898095240064e+00
-1.183889673694590305e+00
-1.191880594890442957e+00
-1.199871660057071354e+00
-1.207862867581345201e+00
-1.215854215862731236e+00
-1.223845703313295008e+00
-1.231837328357695327e+00
-1.239829089433191811e+00
-1.247820984989640003e+00
-1.255813013489492702e+00
-1.263805173407800631e+00
-1.271797463232209546e+00
-1.279789881462964463e+00
-1.287782426612907205e+00
-1.295775097207475968e+00
-1.303767891784707755e+00
-1.311760808895234165e+00
-1.319753847102286270e+00
-1.327747004981691292e+00
-1.335740281121874151e+00
-1.343733674123857247e+00
-1.351727182601258237e+00
-1.359720805180293590e+00
-1.367714540499777254e+00
-1.375708387211119543e+00
-1.383702343978329363e+00
-1.391696409478009544e+00
-1.399690582399363281e+00
-1.407684861444189695e+00
-1.415679245326886493e+00
-1.423673732774445311e+00
-1.431668322526457926e+00
-1.439663013335112485e+00
-1.447657803965194168e+00
-1.455652693194086078e+00
-1.463647679811766356e+00
-1.471642762620812617e+00
-1.479637940436398624e+00
-1.487633212086295620e+00
-1.495628576410872990e+00
-1.503624032263094046e+00
-1.511619578508522688e+00
-1.519615214025318961e+00
-1.527610937704239724e+00
-1.535606748448640202e+00
-1.543602645174469989e+00
-1.551598626810278381e+00
-1.559594692297211482e+00
-1.567590840589012213e+00
-1.575587070652021859e+00
-1.583583381465175632e+00
-1.591579772020009331e+00
-1.599576241320654235e+00
-1.607572788383839546e+00
-1.615569412238891944e+00
-1.623566111927733591e+00
-1.631562886504885457e+00
-1.639559735037464883e+00
-1.647556656605187353e+00
-1.655553650300364943e+00
-1.663550715227905874e+00
-1.671547850505317179e+00
-1.679545055262702258e+00
-1.687542328642762213e+00
-1.695539669800795401e+00
-1.703537077904695218e+00
-1.711534552134955423e+00
-1.719532091684665032e+00
-1.727529695759510764e+00
-1.735527363577777482e+00
-1.743525094370344641e+00
-1.751522887380690952e+00
-1.759520741864891713e+00
-1.767518657091619927e+00
-1.775516632342146517e+00
-1.783514666910336111e+00
-1.791512760102654145e+00
-1.799510911238161759e+00
-1.807509119648517348e+00
-1.815507384677977454e+00
-1.823505705683393652e+00
-1.831504082034216774e+00
-1.839502513112493798e+00
-1.847500998312869180e+00
-1.855499537042585745e+00
-1.863498128721480462e+00
-1.871496772781990003e+00
-1.879495468669147629e+00
-1.887494215840584966e+00
-1.895493013766527124e+00
-1.903491861929800022e+00
-1.911490759825825725e+00
-1.919489706962623332e+00
-1.927488702860809644e+00
-1.935487747053596719e+00
-1.943486839086796314e+00
-1.951485978518815889e+00
-1.959485164920660383e+00
-1.967484397875932656e+00
-1.975483676980831271e+00
-1.983483001844153160e+00
-1.991482372087291841e+00
-1.999481787344238759e+00
-2.007481247261582613e+00
-2.015480751498506695e+00
-2.023480299726795106e+00
-2.031479891630826984e+00
-2.039479526907578943e+00
-2.047479205266626856e+00
-2.055478926430139186e+00
-2.063478690132885873e+00
-2.071478496122232560e+00
-2.079478344158141923e+00
-2.087478234013174561e+00
-2.095478165472485887e+00
-2.103478138333831460e+00
-2.111478152407562536e+00
-2.119478207516627855e+00
-2.127478303496574075e+00
-2.135478440195543115e+00
-2.143478617474275705e+00
-2.151478835206108720e+00
-2.159479093276978290e+00
-2.167479391585415360e+00
-2.175479730042548354e+00
-2.183480108572103617e+00
-2.191480527110405419e+00
-2.199480985606373729e+00
-2.207481484021526885e+00
-2.215482022329978484e+00
-2.223482600518441377e+00
-2.231483218586225448e+00
-2.239483876545235841e+00
-2.247484574419978287e+00
-2.255485312247551555e+00
-2.263486090077654111e+00
-2.271486907972581903e+00
-2.279487766007226579e+00
-2.287488664269079042e+00
-2.295489602858224565e+00
-2.303490581887347233e+00
-2.311491601481729496e+00
-2.319492661779247733e+00
-2.327493762930380239e+00
-2.335494905098196128e+00
-2.343496088458367321e+00
-2.351497313199161443e+00
-2.359498579521440931e+00
-2.367499887638670142e+00
-2.375501237776904251e+00
-2.383502630174800796e+00
-2.391504065083612574e+00
-2.399505542767189414e+00
-2.407507063501980404e+00
-2.415508627577026779e+00
-2.423510235293973025e+00
-2.431511886967056668e+00
-2.439513582923115376e+00
-2.447515323501580742e+00
-2.455517109054483171e+00
-2.463518939946451436e+00
-2.471520816554709565e+00
-2.479522739269080400e+00
-2.487524708491982484e+00
-2.495526724638431837e+00
-2.503528788136042849e+00
-2.511530899425025165e+00
-2.519533058958189020e+00
-2.527535244259823788e+00
-2.535537347165433442e+00
-2.543539357609847951e+00
-2.551541280094396402e+00
-2.559543119083198981e+00
-2.567544879003162084e+00
-2.575546564243986314e+00
-2.583548179158158487e+00
-2.591549728060958735e+00
-2.599551215230455625e+00
-2.607552644907504824e+00
-2.615554021295756204e+00
-2.623555348561646738e+00
-2.631556630834404942e+00
-2.639557872206048206e+00
-2.647559076731382799e+00
-2.655560248428006975e+00
-2.663561391276306978e+00
-2.671562509219461035e+00
-2.679563606163435363e+00
-2.687564685976985501e+00
-2.695565752491659417e+00
-2.703566809501792623e+00
-2.711567860764511728e+00
-2.719568909999733108e+00
-2.727569960890162015e+00
-2.735571017081293910e+00
-2.743572082181414462e+00
-2.751573159761600440e+00
-2.759574253355716600e+00
-2.767575366460417019e+00
-2.775576502535147760e+00
-2.783577665002143320e+00
-2.791578857246427958e+00
-2.799580082615818366e+00
-2.807581344420916558e+00
-2.815582645935117423e+00
-2.823583990394606058e+00
-2.831585380998355106e+00
-2.839586820908130083e+00
-2.847588313248483605e+00
-2.855589861106758498e+00
-2.863591467533090018e+00
-2.871593135540399633e+00
-2.879594868104402572e+00
-2.887596668163599389e+00
-2.895598538619283957e+00
-2.903600482335539468e+00
-2.911602502139238879e+00
-2.919604600820042695e+00
-2.927606781130404290e+00
-2.935609045785565918e+00
-2.943611397463558710e+00
-2.951613838805206225e+00
-2.959616372414118235e+00
-2.967619000856696498e+00
-2.975621726662133426e+00
-2.983624552322408974e+00
-2.991627480292295971e+00
-2.999630512989353459e+00
-3.007633652793932910e+00
-3.015636902049175117e+00
-3.023640263061010192e+00
-3.031643738098160235e+00
-3.039647329392132669e+00
-3.047651039137228679e+00
-3.055654869490538772e+00
-3.063658822571941442e+00
-3.071662900464108947e+00
-3.079667105212497091e+00
-3.087671438825357217e+00
-3.095675903273728657e+00
-3.103680500491439620e+00
-3.111685232375110743e+00
-3.119690100784147546e+00
-3.127695107540751529e+00
-3.135700254429909073e+00
-3.143705543199399433e+00
-3.151710975559792516e+00
-3.159716553184442667e+00
-3.167722277709500212e+00
-3.175728150733901689e+00
-3.183734173819375624e+00
-3.191740348490439416e+00
-3.199746676234399345e+00
-3.207753158501353230e+00
-3.215759796704187323e+00
-3.223766592218579419e+00
-3.231773546382996187e+00
-3.239780660498692733e+00
-3.247787935829717032e+00
-3.255795373602904164e+00
-3.263802975007881635e+00
-3.271810741197064498e+00
-3.279818673285658015e+00
-3.287826772351658100e+00
-3.295835039435850433e+00
-3.303843475541810903e+00
-3.311852081635904721e+00
-3.319860858647285973e+00
-3.327869807467899399e+00
-3.335878928952481282e+00
-3.343888223918555003e+00
-3.351897693146435930e+00
-3.359907337379227865e+00
-3.367917157322824373e+00
-3.375927153645910561e+00
-3.383937326979959082e+00
-3.391947677919235904e+00
-3.399958207020792322e+00
-3.407968914804472504e+00
-3.415979801752910383e+00
-3.423990868311528324e+00
-3.432002114888540678e+00
-3.440013541854948009e+00
-3.448025149544544199e+00
-3.456036938253912005e+00
-3.464048908242424840e+00
-3.472061059732243216e+00
-3.480073392908319185e+00
-3.488085907918396344e+00
-3.496098604873004945e+00
-3.504111483845468555e+00
-3.512124544871896958e+00
-3.520137787951191477e+00
-3.528151213045044532e+00
-3.536164820077936533e+00
-3.544178608937139430e+00
-3.552192579472712719e+00
-3.560206731497506993e+00
-3.568221064787163499e+00
-3.576235579080112359e+00
-3.584250274077575238e+00
-3.592265149443559569e+00
-3.600280204804866546e+00
-3.608295439751086242e+00
-3.616310853834597605e+00
-3.624326446570572013e+00
-3.632342217436965726e+00
-3.640358165874530094e+00
-3.648374291286803128e+00
-3.656390593040114378e+00
-3.664407070463583604e+00
-3.672423722849117222e+00
-3.680440549451414967e+00
-3.688457549487964560e+00
-3.696474722139044822e+00
-3.704492066547723894e+00
-3.712509581819858351e+00
-3.720527267024097640e+00
-3.728545121191877421e+00
-3.736563143317427116e+00
-3.744581332357763692e+00
-3.752599687232692549e+00
-3.760618206824812404e+00
-3.768636889979509075e+00
-3.776655735504960365e+00
-3.784674742172132511e+00
-3.792693908714780626e+00
-3.800713233829452697e+00
-3.808732716175483368e+00
-3.816752354375000156e+00
-3.824772147012918566e+00
-3.832792092636942982e+00
-3.840812189757569772e+00
-3.848832436848084182e+00
-3.856852832344562110e+00
-3.864873374645868331e+00
-3.872894062113657387e+00
-3.880914893072373584e+00
-3.888935865809252768e+00
-3.896956978574318775e+00
-3.904978229580386540e+00
-3.912999617003059871e+00
-3.921021138980732346e+00
-3.929042793614588192e+00
-3.937064578968602291e+00
-3.945086493069537070e+00
-3.953108533906945610e+00
-3.961130699433172531e+00
-3.969152987563349555e+00
-3.977175396175402611e+00
-3.985197923110041174e+00
-3.993220566170768926e+00
