5.551115123125782702e-17
3.945885775682483193e-03
6.376522930040724041e-03
7.337335381664926610e-03
6.873747049146702696e-03
5.031181851077244291e-03
1.855063706048465030e-03
-2.609183467349602322e-03
-8.316135750523735715e-03
-1.522036922488532139e-02
-2.327645997184175572e-02
-3.243898407279938167e-02
-4.266251760917169622e-02
-5.390163666236214013e-02
-6.611091731378469782e-02
-7.924493564484566543e-02
-9.325826773695054805e-02
-1.081054896715141628e-01
-1.237411775299389477e-01
-1.401199073936402473e-01
-1.571962553440234556e-01
-1.749247974624932311e-01
-1.932601098304662646e-01
-2.121567685293432315e-01
-2.315693496405406837e-01
-2.514524292454640153e-01
-2.717605834255166775e-01
-2.924483882621167208e-01
-3.134704198366635719e-01
-3.347812542305753647e-01
-3.563354675252561332e-01
-3.780876358021095784e-01
-3.999923351425541673e-01
-4.220041416279889934e-01
-4.440776313398325792e-01
-4.661673803594885146e-01
-4.882279647683606116e-01
-5.102139606478678369e-01
-5.320799440794085067e-01
-5.537804911444013101e-01
-5.752701779242501701e-01
-5.965035805003591207e-01
-6.174352749541460739e-01
-6.380198373670106227e-01
-6.582118438203705679e-01
-6.779658703956299437e-01
-6.972364931741934502e-01
-7.159782882374778890e-01
-7.341458316668845185e-01
-7.516936995438290303e-01
-7.685764679497169016e-01
-7.847487129659524996e-01
-8.001650106739526258e-01
-8.147799371551185388e-01
-8.285480684908655968e-01
-8.414239807625993883e-01
-8.533622500517257237e-01
-8.643174524396586289e-01
-8.742441640078021381e-01
-8.830969608375691671e-01
-8.908304190103664144e-01
-8.973991146076011338e-01
-9.027576237106846868e-01
-9.068605224010237720e-01
-9.096623867600286406e-01
-9.111177928691072125e-01
-9.111813168096679627e-01
-9.098075346631199212e-01
-9.069510225108723400e-01
-9.025663564343328060e-01
-8.966081125149102382e-01
-8.893779154628016492e-01
-8.821339430273363869e-01
-8.748595220301116360e-01
-8.674951187267579966e-01
-8.599824451029511874e-01
-8.523079422845734054e-01
-8.445264162951200415e-01
-8.367541913888839611e-01
-8.291342663671897872e-01
-8.217879862014589865e-01
-8.147735391942664274e-01
-8.080687028622902668e-01
-8.015849526399864144e-01
-7.952067433121808859e-01
-7.888391578176322527e-01
-7.824437226643939924e-01
-7.760474263903645031e-01
-7.697215689918734949e-01
-7.635400432705401474e-01
-7.575354876366161561e-01
-7.516726266055454575e-01
-7.458506938848628032e-01
-7.399343707824336258e-01
-7.338004831222399993e-01
-7.273809800962323102e-01
-7.206843186535537571e-01
-7.137865959143442351e-01
-7.067966177965436803e-01
-6.998100742536880192e-01
-6.928724426890180421e-01
-6.859662994018029814e-01
-6.790281124201092977e-01
-6.719868757887428323e-01
-6.648075613295885145e-01
-6.575203097902700966e-01
-6.502224027775975745e-01
-6.430517016727249624e-01
-6.361424187788883300e-01
-6.295816015465516280e-01
-6.233843940540656492e-01
-6.174980695390205332e-01
-6.118325543101583719e-01
-6.063039540909558323e-01
-6.008721954662281650e-01
-5.955565956915843673e-01
-5.904227977013939421e-01
-5.855468907159796510e-01
-5.809723773587613938e-01
-5.766787566500453099e-01
-5.725755630535362961e-01
-5.685248605737263095e-01
-5.643830795040701842e-01
-5.600448684565499935e-01
-5.554708124179195128e-01
-5.506877731317633140e-01
-5.457622687870125056e-01
-5.407587516350862433e-01
-5.357009896991400399e-01
-5.305533238313746569e-01
-5.252299878309946157e-01
-5.196285600909200664e-01
-5.136732334832810887e-01
-5.073493341877417517e-01
-5.007141729701608535e-01
-4.938793268519184321e-01
-4.869715313509545562e-01
-4.800883726401235507e-01
-4.732671001307562908e-01
-4.664792519351067535e-01
-4.596528121388647192e-01
-4.527119730754626259e-01
-4.456171935025824427e-01
-4.383882390009448127e-01
-4.311002389157827519e-01
-4.238543396785442452e-01
-4.167353687388121730e-01
-4.097744605354166625e-01
-4.029325114470176383e-01
-3.961115405593148564e-01
-3.891892819830363170e-01
-3.820625731971188377e-01
-3.746815488890526957e-01
-3.670607025573927595e-01
-3.592627757123325605e-01
-3.513629468059151773e-01
-3.434090262843492170e-01
-3.353948763886816509e-01
-3.272584804665039648e-01
-3.189055012311018400e-01
-3.102483099709657521e-01
-3.012439365892570775e-01
-2.919149166968397768e-01
-2.823443205202705863e-01
-2.726471797779587702e-01
-2.629304233530816437e-01
-2.532581149141327481e-01
-2.436363198700306487e-01
-2.340234269886700413e-01
-2.243608755335078087e-01
-2.146106168744939813e-01
-2.047829154726193979e-01
-1.949424268898580226e-01
-1.851899111581106483e-01
-1.756273912762980893e-01
-1.663215920891908950e-01
-1.572811441412231004e-01
-1.484570969895657178e-01
-1.397663329888959582e-01
-1.311278247903525651e-01
-1.224962415084149409e-01
-1.138792087812584009e-01
-1.053299672131342846e-01
-9.692363574151215133e-02
-8.871293762515351788e-02
-8.072895969728356713e-02
-7.287519178423212951e-02
-6.496515626122537079e-02
-5.700875728625447170e-02
-4.905456151251148811e-02
-4.118794785772350586e-02
-3.348787374069863571e-02
-2.599699965051134251e-02
-1.870563939046234608e-02
-1.156123470451816265e-02
-4.497257204801049547e-03
2.530681578526454076e-03
9.517686140793350097e-03
1.640338922613325534e-02
2.308964860318316742e-02
2.947462461242494544e-02
3.548862905659735251e-02
4.111641005877243737e-02
4.639647457409182274e-02
5.139805406290919032e-02
5.618603034509287580e-02
6.078933809334454569e-02
6.518679545478836546e-02
6.931666791527464622e-02
7.310587658020378798e-02
7.650613079755626267e-02
7.952113845326479191e-02
8.221286133182199862e-02
8.468383168609647238e-02
8.704290029292451047e-02
8.936896370458648209e-02
9.168810721734216296e-02
9.397380461843787836e-02
9.616984258169970767e-02
9.822578979540336208e-02
1.001293840351109576e-01
1.019215364372416388e-01
1.036871604815010617e-01
1.055254975850350857e-01
1.075125233548140519e-01
1.096715370818912433e-01
1.119646345982677482e-01
1.143088919216557475e-01
1.166105403895069670e-01
1.188027209478606516e-01
1.208708569357447166e-01
1.228549676975914662e-01
1.248281563224094559e-01
1.268607030738017338e-01
1.289853591421963874e-01
1.311789313758950359e-01
1.333682961278848667e-01
1.354585509354002126e-01
1.373715512676863260e-01
1.390786222307926479e-01
1.406136805687791258e-01
1.420612699887295050e-01
1.435245803609942195e-01
1.450869088042634480e-01
1.467826872633055946e-01
1.485900507026964856e-01
1.504477424700010890e-01
1.522888559527418306e-01
1.540768495249100478e-01
1.558283972842590126e-01
1.576132803541233363e-01
1.595312692504893826e-01
1.616756637603511404e-01
1.640986665213087503e-01
1.667928571312691233e-01
1.696961559515798856e-01
1.727177863178366302e-01
1.757740480207481970e-01
1.788188461073570990e-01
1.818564360661449331e-01
1.849315621136130017e-01
1.881017514479406683e-01
1.914039271906285700e-01
1.948296541682445482e-01
1.983194317093164571e-01
2.017782538064588627e-01
2.051057018447199898e-01
2.082278990834074139e-01
2.111181680760531587e-01
2.137982783137721554e-01
2.163205084829084857e-01
2.187387839952927848e-01
2.210814885206600910e-01
2.233373990774176754e-01
2.254602459254455016e-01
2.273892856333797341e-01
2.290765013691577479e-01
2.305084647357787397e-01
2.317135105175848753e-01
2.327514136213995610e-01
2.336903178070521836e-01
2.345809929145906692e-01
2.354393614437390037e-01
2.362443753908276545e-01
2.369515164648309247e-01
2.375154398928341071e-01
2.379114971838155179e-01
2.381466321952971921e-01
2.382550282112020634e-01
2.382807009320437319e-01
2.382549766630998600e-01
2.381789888963237733e-01
2.380190287197387899e-01
2.377168634874237962e-01
2.372105598202364218e-01
2.364567744320510423e-01
2.354448878229501441e-01
2.341969857639372987e-01
2.327539136345879167e-01
2.311537069836420710e-01
2.294120070143582657e-01
2.275131796276360918e-01
2.254161755189579286e-01
2.230727363047640410e-01
2.204501528142079336e-01
2.175487437006329017e-01
2.144064156921156594e-01
2.110881443377442546e-01
2.076646268193611811e-01
2.041889587442757281e-01
2.006810155539189844e-01
1.971259458700210243e-01
1.934871829855120129e-01
1.897282545868266834e-01
1.858340194042114868e-01
1.818222838679303954e-01
1.777408909871701637e-01
1.736515262075688792e-01
1.696070340196560999e-01
1.656316749809527700e-01
1.617124171045758452e-01
1.578046777412695501e-01
1.538499261664885986e-01
1.497977573862294687e-01
1.456234233229148634e-01
1.413339568328376428e-01
1.369609506977740032e-01
1.325436319693217013e-01
1.281097488027864162e-01
1.236623946109303707e-01
1.191780900041262969e-01
1.146165222342286072e-01
1.099374313823453797e-01
1.051173337471058428e-01
1.001591779858188591e-01
9.509132564084613048e-02
8.995690969708645957e-02
8.479860093227524487e-02
7.964544117190205941e-02
7.450709314501859082e-02
6.937730734377747788e-02
6.424426328250895657e-02
5.910254124952314669e-02
5.396104482684672271e-02
4.884331961520722853e-02
4.378035437778715622e-02
3.879942293800200948e-02
3.391426263918002892e-02
2.912113902552204703e-02
2.440250689779794105e-02
1.973638170610537632e-02
1.510685112658212079e-02
1.051061997621746506e-02
5.956364250378667902e-03
1.457094913316257399e-03
-2.980880866201912269e-03
-7.367039034149890087e-03
-1.172908596953257249e-02
-1.610699481645412948e-02
-2.054069001257645757e-02
-2.505649595159275406e-02
-2.965832380837390286e-02
-3.432776563480913201e-02
-3.903350885343503940e-02
-4.374637670085062408e-02
-4.845364973318481983e-02
-5.316635717543135436e-02
-5.791602222046079995e-02
-6.274178350993511732e-02
-6.767302428500354683e-02
-7.271479972436227512e-02
-7.784246847615118592e-02
-8.300828121418550587e-02
-8.815772608476896144e-02
-9.324928687325097221e-02
-9.826967707105163652e-02
-1.032382908366890895e-01
-1.081989201294126096e-01
-1.132019722290159708e-01
-1.182843456978518726e-01
-1.234551426613767211e-01
-1.286930669485207845e-01
-1.339566115816310243e-01
-1.392029155823458486e-01
-1.444076112856082228e-01
-1.495775579145958711e-01
-1.547512431460136006e-01
-1.599866384739679070e-01
-1.653413655618022893e-01
-1.708530975405013752e-01
-1.765279421887394340e-01
-1.823412431496401476e-01
-1.882501583033810988e-01
-1.942126344364373536e-01
-2.002049646983917186e-01
-2.062308948842029310e-01
-2.123188630395377863e-01
-2.185088772857101957e-01
-2.248347177028163224e-01
-2.313088988809532953e-01
-2.379164939774403575e-01
-2.446201254804528102e-01
-2.513737976867045920e-01
-2.581397029679614041e-01
-2.649011122552507036e-01
-2.716663131263636899e-01
-2.784624313201993218e-01
-2.853221957150745003e-01
-2.922695097822510246e-01
-2.993099482517788124e-01
-3.064299758653051264e-01
-3.136048346862164715e-01
-3.208113356423132889e-01
-3.280398045255109585e-01
-3.352999724390224867e-01
-3.426183468262157805e-01
-3.500283316937951583e-01
-3.575574645564351117e-01
-3.652172879795321236e-01
-3.730001192424581280e-01
-3.808839064018517129e-01
-3.888428184613077487e-01
-3.968587452151863815e-01
-4.049285391815167223e-01
-4.130637522127265093e-01
-4.212829560246299510e-01
-4.296000344529318227e-01
-4.380136621371966132e-01
-4.465027435365115371e-01
-4.550300567906834792e-01
-4.635528093878290568e-01
-4.720357880602721323e-01
-4.804615833439468409e-01
-4.888335382760985448e-01
-4.971701234994789775e-01
-5.054930822735864693e-01
-5.138143829489860703e-01
-5.221276065027958824e-01
-5.304076094146171760e-01
-5.386188601963268763e-01
-5.467291789821335790e-01
-5.547232501121226456e-01
-5.626102323158872487e-01
-5.704221103415076932e-01
-5.782031785708839910e-01
-5.859946875422780144e-01
-5.938207178216918791e-01
-6.016809198322555785e-01
-6.095530294255164794e-01
-6.174041333856046254e-01
-6.252061145864724612e-01
-6.329489998836694831e-01
-6.406467488646450104e-01
-6.483330581653224955e-01
-6.560487685228026944e-01
-6.638258314091886048e-01
-6.716741804830805851e-01
-6.795767153203338129e-01
-6.874944053457566762e-01
-6.953795499148922588e-01
-7.031920591266690446e-01
-7.109124977227101461e-01
-7.185469825153152357e-01
-7.261222667642565076e-01
-7.336731807528552585e-01
-7.412275100683948237e-01
-7.487942663472485494e-01
-7.563598440914414134e-01
-7.638933898492638042e-01
-7.713591138440677453e-01
-7.787306638839009976e-01
-7.860020279371723317e-01
-7.931909139162701683e-01
-8.003335474934671900e-01
-8.074731023214192227e-01
-8.146462611057782022e-01
-8.218728853199188666e-01
-8.291523514057136390e-01
-8.364674314574498393e-01
-8.437937431291444579e-01
-8.511108562453731929e-01
-8.584108029413777263e-01
-8.657010112645642241e-01
-8.730009712792420329e-01
-8.803343096740769980e-01
-8.877194994811969941e-01
-8.951626561053680486e-01
-9.026548115775584469e-01
-9.101742353892591231e-01
-9.176925424760741246e-01
-9.251821710971459556e-01
-9.326226632193148625e-01
-9.400039520198406606e-01
-9.473261417212360813e-01
-9.545965074394625605e-01
-9.618251938905894027e-01
-9.690211857026455045e-01
-9.761896758997899992e-01
-9.833312689411323193e-01
-9.904428374488327691e-01
-9.975195070185880475e-01
-1.004557185770659222e+00
-1.011555146682896034e+00
-1.018518252282059500e+00
-1.025458403674493146e+00
-1.032394748732079037e+00
-1.039352239381544862e+00
-1.046358426916474293e+00
-1.053438934031536434e+00
-1.060612673652923110e+00
-1.067888308571072642e+00
-1.075263374412250172e+00
-1.082726796617941023e+00
-1.090264358276504808e+00
-1.097865441995871549e+00
-1.105528601324116567e+00
-1.113263626130393424e+00
-1.121088852835573801e+00
-1.129024226387852492e+00
-1.137082401675620247e+00
-1.145261232709822830e+00
-1.153540815602675185e+00
-1.161886763283718205e+00
-1.170259076529860609e+00
-1.178623705885875950e+00
-1.186962602370648545e+00
-1.195278339199541406e+00
-1.203591259543749903e+00
-1.211929914926013652e+00
-1.220318235101417237e+00
-1.228764329055246574e+00
-1.237255402715790265e+00
-1.245761058591274173e+00
-1.254244005936469231e+00
-1.262674214420932861e+00
-1.271041021171420704e+00
-1.279358298662141014e+00
-1.287660356994910327e+00
-1.295989838633034852e+00
-1.304382058873787109e+00
-1.312851760962785663e+00
-1.321387440500977117e+00
-1.329955516673682503e+00
-1.338512789321307350e+00
-1.347022337869447695e+00
-1.355466610092139312e+00
-1.363852516205497079e+00
-1.372206489218011471e+00
-1.380561456535298159e+00
-1.388940909198119300e+00
-1.397346444293725565e+00
-1.405753801682636306e+00
-1.414119047395091755e+00
-1.422392506908055632e+00
-1.430534957357078696e+00
-1.438529718695327642e+00
-1.446385963416219278e+00
-1.454132121431966018e+00
-1.461802238248591346e+00
-1.469420932876038588e+00
-1.476993075020021307e+00
-1.484502281849713556e+00
-1.491918670669024838e+00
-1.499212507893785240e+00
-1.506368024858626420e+00
-1.513391688679848635e+00
-1.520311586898661860e+00
-1.527168300446647198e+00
-1.534001145095039709e+00
-1.540835503505833204e+00
-1.547676400923228446e+00
-1.554510762943683400e+00
-1.561317098782756485e+00
-1.568078238286095605e+00
-1.574791537424633514e+00
-1.581472162848816865e+00
-1.588148124889707802e+00
-1.594849324036913929e+00
-1.601595460333768317e+00
-1.608388121531424186e+00
-1.615210521315707748e+00
-1.622035005269585106e+00
-1.628835035285230104e+00
-1.635596385903826055e+00
-1.642322609837258973e+00
-1.649032327895745054e+00
-1.655749497594653619e+00
-1.662490955511800372e+00
-1.669256825971835667e+00
-1.676028240071174569e+00
-1.682773670282428524e+00
-1.689461389346235132e+00
-1.696072757724431002e+00
-1.702610477389069121e+00
-1.709097955273651159e+00
-1.715569688912591317e+00
-1.722056509947314851e+00
-1.728571900413981233e+00
-1.735105358746233062e+00
-1.741625961958930491e+00
-1.748094985590937567e+00
-1.754482506411840337e+00
-1.760781019213429666e+00
-1.767010122984355558e+00
-1.773209918196457124e+00
-1.779425452460360990e+00
-1.785688405150398506e+00
-1.792003560967784459e+00
-1.798345850162165194e+00
-1.804669493059067431e+00
-1.810925795402648308e+00
-1.817082469043068027e+00
-1.823136559610352592e+00
-1.829115526169188266e+00
-1.835065817897434615e+00
-1.841033431768313910e+00
-1.847044280138826711e+00
-1.853092365588258961e+00
-1.859140645630609434e+00
-1.865134332827198316e+00
-1.871021316710344662e+00
-1.876771490409768983e+00
-1.882387216633826466e+00
-1.887900787171589823e+00
-1.893360021754873834e+00
-1.898807945453591550e+00
-1.904264818294560513e+00
-1.909719734215427067e+00
-1.915135021666156678e+00
-1.920461435248369320e+00
-1.925657792232360555e+00
-1.930707045721035131e+00
-1.935622432038428320e+00
-1.940441540973645740e+00
-1.945211162092479240e+00
-1.949969425983201665e+00
-1.954732611633865691e+00
-1.959491769794244220e+00
-1.964220036945472980e+00
-1.968887035600758617e+00
-1.973473962730979636e+00
-1.977982976324994979e+00
-1.982437202620728645e+00
-1.986871848185660427e+00
-1.991320677116761750e+00
-1.995803895797249483e+00
-2.000322573036481089e+00
-2.004861600799214827e+00
-2.009399316595554374e+00
-2.013919009029816909e+00
-2.018416873796003763e+00
-2.022902823717881660e+00
-2.027394003375107445e+00
-2.031904315218869161e+00
-2.036435136915260458e+00
-2.040971827014983475e+00
-2.045487870896510962e+00
-2.049954877266196629e+00
-2.054353785531610299e+00
-2.058681929233585173e+00
-2.062952397313510655e+00
-2.067185667947089023e+00
-2.071397166132812551e+00
-2.075586516219418254e+00
-2.079733782894459537e+00
-2.083805032335668272e+00
-2.087765352788775175e+00
-2.091593907820450848e+00
-2.095294310231010204e+00
-2.098895287900344631e+00
-2.102440646992269624e+00
-2.105972235256007519e+00
-2.109512899027578658e+00
-2.113056788842532008e+00
-2.116571505010997445e+00
-2.120011608043643747e+00
-2.123338076692094845e+00
-2.126535512993277699e+00
-2.129619555853180746e+00
-2.132630904150076834e+00
-2.135617968617728124e+00
-2.138615097339756410e+00
-2.141625425468118404e+00
-2.144615708514380437e+00
-2.147525638248283908e+00
-2.150288109302318951e+00
-2.152852248425399129e+00
-2.155199743137786506e+00
-2.157347715412648803e+00
-2.159336988190165840e+00
-2.161210753468437495e+00
-2.162992750373598838e+00
-2.164674316757254413e+00
-2.166215958285232723e+00
-2.167562918833881191e+00
-2.168668253561296666e+00
-2.169513695884980997e+00
-2.170119519642886186e+00
-2.170539262597340535e+00
-2.170841607579748533e+00
-2.171087156898373838e+00
-2.171309951846082775e+00
-2.171511469810778472e+00
-2.171669382720164965e+00
-2.171756933924000599e+00
-2.171764168487699376e+00
-2.171711447781556004e+00
-2.171649057819085460e+00
-2.171642825458808712e+00
-2.171751841116849491e+00
-2.172007932611688119e+00
-2.172405849564433833e+00
-2.172908478229559570e+00
-2.173464821354921916e+00
-2.174032813309357159e+00
-2.174596838646307706e+00
-2.175172108329140208e+00
-2.175793837156251520e+00
-2.176495960442890176e+00
-2.177288928700417348e+00
-2.178146771624365652e+00
-2.179009756051677016e+00
-2.179802191077039097e+00
-2.180458181481838675e+00
-2.180944379127227606e+00
-2.181269761756682080e+00
-2.181477868355743865e+00
-2.181624477425191611e+00
-2.181750174527030239e+00
-2.181859753997613005e+00
-2.181917713931649239e+00
-2.181862283721926143e+00
-2.181632349155226080e+00
-2.181195798260388674e+00
-2.180566792930249242e+00
-2.179803903815884070e+00
-2.178989099043854072e+00
-2.178195841377998931e+00
-2.177459461801269924e+00
-2.176762352579989290e+00
-2.176040504976212819e+00
-2.175208969330590048e+00
-2.174195715672810447e+00
-2.172969611884430385e+00
-2.171550507650800821e+00
-2.169996859457391292e+00
-2.168375868242808480e+00
-2.166728689780390571e+00
-2.165045644825237758e+00
-2.163262380401666185e+00
-2.161279222721216531e+00
-2.158996166320741317e+00
-2.156349216941873870e+00
-2.153333047565020753e+00
-2.150000523730436264e+00
-2.146439357316680674e+00
-2.142735784861419024e+00
-2.138940655329539364e+00
-2.135052311142814130e+00
-2.131023543092720907e+00
-2.126789668091911611e+00
-2.122305748882928444e+00
-2.117576990536057302e+00
-2.112669127443394856e+00
-2.107694009119210676e+00
-2.102776058663024195e+00
-2.098013377345651964e+00
-2.093449552600751495e+00
-2.089067685637260752e+00
-2.084808724107459099e+00
-2.080605886955860129e+00
-2.076420186936124512e+00
-2.072261685395631048e+00
-2.068187307595626745e+00
-2.064276155053230255e+00
-2.060592984060793054e+00
-2.057155613756627588e+00
-2.053920360557613733e+00
-2.050791906922682983e+00
-2.047653592076239981e+00
-2.044405433861384402e+00
-2.040993965904165375e+00
-2.037421574685589043e+00
-2.033731882791844026e+00
-2.029978028216640862e+00
-2.026187998148140768e+00
-2.022342354278597210e+00
-2.018374214959136381e+00
-2.014191626103550625e+00
-2.009712688666504654e+00
-2.004898232805104819e+00
-1.999767849515835083e+00
-1.994392258822626607e+00
-1.988865200426243263e+00
-1.983266860285727073e+00
-1.977634462257413794e+00
-1.971952441460302685e+00
-1.966166049479132649e+00
-1.960212034523253211e+00
-1.954052620915126104e+00
-1.947697611089042935e+00
-1.941204658051599363e+00
-1.934657336334058675e+00
-1.928130407618518394e+00
-1.921657372398591024e+00
-1.915214526806600759e+00
-1.908728651048981817e+00
-1.902105187358016147e+00
-1.895264946308259812e+00
-1.888173405645398928e+00
-1.880850716384388388e+00
-1.873356551066100106e+00
-1.865761581907148470e+00
-1.858105704686734638e+00
-1.850397817007948920e+00
-1.842456396318777889e+00
-1.834194373726077743e+00
-1.825659539743303084e+00
-1.816928261010820389e+00
-1.808104381425386098e+00
-1.799273326773252135e+00
-1.790476947803668839e+00
-1.781705216761559907e+00
-1.772912817925162088e+00
-1.764052079726207589e+00
-1.755108219391472435e+00
-1.746121223499074393e+00
-1.737184378447074407e+00
-1.728419359348326356e+00
-1.719937869220703686e+00
-1.711805715191538901e+00
-1.704024353888179633e+00
-1.696537635141472711e+00
-1.689260788037178607e+00
-1.682119180841443740e+00
-1.675080136080813187e+00
-1.668164022480520092e+00
-1.661429718405860401e+00
-1.654940582233288771e+00
-1.648725576496038236e+00
-1.642752503259877095e+00
-1.636925372650489763e+00
-1.631107791581232425e+00
-1.625163206655282355e+00
-1.618995576642320966e+00
-1.612573725962805904e+00
-1.605929429258185603e+00
-1.599130352953499479e+00
-1.592239644727740489e+00
-1.585279667878480847e+00
-1.578215656479961426e+00
-1.570966601020339137e+00
-1.563439015371709484e+00
-1.555569346213636184e+00
-1.547356894332087673e+00
-1.538872919988148791e+00
-1.530241591453265881e+00
-1.521600289834023734e+00
-1.513055512377319722e+00
-1.504652502016808890e+00
-1.496370943954840049e+00
-1.488148043073711513e+00
-1.479918695056566591e+00
-1.471655218699134959e+00
-1.463389328297386882e+00
-1.455206620042826859e+00
-1.447215609800631242e+00
-1.439504297443034986e+00
-1.432102682592459875e+00
-1.424967279509656848e+00
-1.417994461462228628e+00
-1.411057302383119660e+00
-1.404050650698934088e+00
-1.396925723364760064e+00
-1.389700004347014239e+00
-1.382438781013378470e+00
-1.375216798453988698e+00
-1.368076967874437111e+00
-1.361004285833266714e+00
-1.353926570209701419e+00
-1.346742083853452066e+00
-1.339362519954388153e+00
-1.331753117609631776e+00
-1.323952751418782325e+00
-1.316065253672422219e+00
-1.308225400658747706e+00
-1.300553735603282579e+00
-1.293119115016571063e+00
-1.285924523052084156e+00
-1.278921709096983106e+00
-1.272047821123280187e+00
-1.265267730197981555e+00
-1.258603263983736786e+00
-1.252136160333376935e+00
-1.245982836174630348e+00
-1.240251255585981482e+00
-1.234998032121710665e+00
-1.230203962558171771e+00
-1.225778485400547346e+00
-1.221591334476969770e+00
-1.217518128584043735e+00
-1.213480736602692733e+00
-1.209465532688767997e+00
-1.205512162595663517e+00
-1.201678124645334078e+00
-1.197994905834499635e+00
-1.194435126292175298e+00
-1.190905511828141750e+00
-1.187269483903137468e+00
-1.183390424307823485e+00
-1.179177686051940066e+00
-1.174616075724502773e+00
-1.169766421679544477e+00
-1.164737046728996805e+00
-1.159638286484123260e+00
-1.154539387506869685e+00
-1.149446036120235881e+00
-1.144307839735125398e+00
-1.139052180939185810e+00
-1.133629477191692603e+00
-1.128049886490149145e+00
-1.122395068593774692e+00
-1.116799246692955272e+00
-1.111406969358389007e+00
-1.106325021620371274e+00
-1.101588560197409805e+00
-1.097155596449856496e+00
-1.092931941575436827e+00
-1.088815783652888225e+00
-1.084742725115916073e+00
-1.079943020423335787e+00
-1.074234343155947791e+00
-1.067643116502858591e+00
-1.060195763653167367e+00
-1.051918707795981511e+00
-1.042838372120400647e+00
-1.032981179815530393e+00
-1.022373554070476587e+00
-1.011041918074337076e+00
-9.990126950162213637e-01
-9.863123080852269631e-01
-9.729671804704603799e-01
-9.590037353610277870e-01
-9.444483959460268085e-01
-9.293275854145670589e-01
-9.136677269557459402e-01
-8.974952437586694032e-01
-8.808365590124448419e-01
-8.637180959061686591e-01
-8.461662776289518018e-01
-8.282075273698898954e-01
-8.098682683180898900e-01
-7.911749236626600679e-01
-7.721539165926953885e-01
-7.528316702973072427e-01
-7.332346079655908122e-01
-7.133891527866543791e-01
-6.933217279496052265e-01
-6.730587566435379809e-01
-6.526266620575655875e-01
-6.320518673807816734e-01
-6.113607958022948541e-01
-5.905798705112128566e-01
-5.697355146966299744e-01
-5.488541515476589305e-01
-5.279622042533941295e-01
-5.070860960029432984e-01
-4.862522499854146640e-01
-4.654870893899027973e-01
-4.448170374055197551e-01
-4.242685172213600531e-01
-4.038679520265319733e-01
-3.836417650101432431e-01
-3.636163793612885442e-01
-3.438182182690799893e-01
-3.242737049226124268e-01
-3.050092625109934730e-01
-2.860513142233309658e-01
-2.674262832487198649e-01
-2.491605927762719497e-01
-2.312806659950827071e-01
-2.138129260942594478e-01
-1.967837962629095661e-01
-1.802196996901286874e-01
-1.641470595650243725e-01
-1.485922990767034602e-01
-1.335818414142624366e-01
-1.191421097668113604e-01
-1.052995273234474116e-01
-9.208051727327713765e-02
-7.951150280540682236e-02
-6.761890710893452006e-02
-5.642915337296863787e-02
-4.596866478660781297e-02
-3.626386453895830142e-02
-2.734117581912501316e-02
-1.922702181620782047e-02
-1.194782571931359005e-02
-5.530010717542610532e-03
-2.775557561562891351e-17
