1.229794497812589427e+00
1.227330495255692266e+00
1.224866492153932063e+00
1.222402488006258947e+00
1.219938482358701393e+00
1.217474474796704342e+00
1.215010464945083024e+00
1.212546452468025171e+00
1.210082437069088135e+00
1.207618418491201551e+00
1.205154396516665782e+00
1.202690370967152145e+00
1.200226341943628539e+00
1.197762309796754909e+00
1.195298274631126034e+00
1.192834236553080407e+00
1.190370195672711739e+00
1.187906152103869850e+00
1.185442105964160886e+00
1.182978057374946657e+00
1.180514006461344856e+00
1.178049953352230172e+00
1.175585898180231625e+00
1.173121841081735672e+00
1.170657782196883767e+00
1.168193721669574137e+00
1.165729659647460448e+00
1.163265596281952474e+00
1.160801531728216318e+00
1.158337466145173078e+00
1.155873399695501291e+00
1.153409332545634269e+00
1.150945264865762097e+00
1.148481196829830076e+00
1.146017128615540503e+00
1.143553060404350674e+00
1.141088992381474210e+00
1.138624924735881283e+00
1.136160857660297063e+00
1.133696791351203714e+00
1.131232726008838618e+00
1.128768661837195264e+00
1.126304599044023469e+00
1.123840537840828713e+00
1.121376478442872804e+00
1.118912421069173213e+00
1.116448365942503074e+00
1.113984313289392514e+00
1.111520263340127102e+00
1.109056216328747846e+00
1.106592172493052972e+00
1.104128132074595037e+00
1.101664095318684478e+00
1.099200062474386286e+00
1.096736033794522003e+00
1.094272009535669055e+00
1.091807989958160752e+00
1.089343975326086733e+00
1.086879965907292300e+00
1.084415961973378861e+00
1.081951963799703487e+00
1.079487971665380242e+00
1.077023985853277743e+00
1.074560006650021826e+00
1.072096034345993543e+00
1.069632069235330496e+00
1.067168111615925508e+00
1.064704161789428394e+00
1.062240220061243967e+00
1.059776286740533813e+00
1.057312362140214956e+00
1.054848446576960752e+00
1.052384540371199995e+00
1.049920643847118695e+00
1.047456757332657418e+00
1.044992881159513720e+00
1.042529015663140157e+00
1.040065161182746722e+00
1.037601318061297739e+00
1.035137486645514970e+00
1.032673667285875174e+00
1.030209860336611216e+00
1.027746066155712956e+00
1.025282285104924584e+00
1.022818517549747730e+00
1.020354763859439018e+00
1.017891024407011846e+00
1.015427299569234831e+00
1.012963589726633362e+00
1.010499895263488490e+00
1.008036216567836707e+00
1.005572554031471277e+00
1.003108908049940906e+00
1.000645279022551071e+00
9.981816673523622452e-01
9.957180734461912319e-01
9.932544977146111620e-01
9.907909405719507179e-01
9.883274024362950216e-01
9.858638837294847468e-01
9.834003848771167844e-01
9.809369063085439100e-01
9.784734484568747837e-01
9.760100117589746160e-01
9.735465966554638362e-01
9.710832035907192017e-01
9.686198330128737988e-01
9.661564853738159320e-01
9.636931611291907895e-01
9.612298607383985560e-01
9.587665846645962997e-01
9.563033333738806263e-01
9.538401005033213531e-01
9.513768797280015566e-01
9.489136711356118692e-01
9.464504748116818744e-01
9.439872908395813278e-01
9.415241193005190468e-01
9.390609602735431327e-01
9.365978138355417482e-01
9.341346800612416734e-01
9.316715590232099720e-01
9.292084507918526581e-01
9.267453554354155854e-01
9.242822730199836689e-01
9.218192036094814412e-01
9.193561472656731626e-01
9.168931040481621553e-01
9.144300740143915807e-01
9.119670572196437730e-01
9.095040537170405726e-01
9.070410635575434366e-01
9.045780867899531064e-01
9.021151234609100511e-01
8.996521736148940240e-01
8.971892372942239513e-01
8.947263145390589312e-01
8.922634053873967908e-01
8.898005098750754183e-01
8.873376280357717638e-01
8.848747599010022835e-01
8.824119055001230505e-01
8.799490648603299769e-01
8.774862380066573708e-01
8.750234249619801563e-01
8.725606257470117644e-01
8.700978403803057981e-01
8.676350688782551446e-01
8.651723112550919748e-01
8.627095675228879657e-01
8.602468376915544113e-01
8.577841217688418896e-01
8.553214197603405955e-01
8.528587316694802301e-01
8.503960574975297781e-01
8.479333972435976197e-01
8.454707509046318625e-01
8.430081184754202317e-01
8.405454999485891809e-01
8.380828953146055582e-01
8.356203045617747183e-01
8.331577276762422990e-01
8.306951646419932223e-01
8.282326154408514718e-01
8.257700800524809814e-01
8.233075584543846359e-01
8.208450506219051590e-01
8.183825565282250025e-01
8.159200761443654581e-01
8.134576094391875456e-01
8.109951563793916796e-01
8.085327169295181138e-01
8.060702910519461639e-01
8.036078787068947626e-01
8.011454798524222376e-01
7.986830944444263114e-01
7.962207224366443237e-01
7.937583637806532311e-01
7.912960184258691632e-01
7.888336863195478665e-01
7.863713674067841497e-01
7.839090616305128822e-01
7.814467689315083287e-01
7.789844892483838157e-01
7.765222225175923976e-01
7.740599686734266349e-01
7.715977276480182612e-01
7.691354993713390709e-01
7.666732837711995874e-01
7.642110807732502842e-01
7.617488903009810297e-01
7.592867122757209764e-01
7.568245466166388935e-01
7.543623932407431676e-01
7.519002520628810249e-01
7.494381229957400858e-01
7.469760059498465887e-01
7.445139008335668329e-01
7.420518075531062907e-01
7.395897260125098294e-01
7.371276561136621552e-01
7.346655977562868145e-01
7.322035508379476365e-01
7.297415152540471794e-01
7.272794908978276185e-01
7.248174776603711900e-01
7.223554754305988590e-01
7.198934840952714298e-01
7.174315035389889905e-01
7.149695336441912463e-01
7.125075742911571863e-01
7.100456253580056387e-01
7.075836867206944936e-01
7.051217582530212580e-01
7.026598398266227230e-01
7.001979313109754077e-01
6.977360325733955593e-01
6.952741434790381536e-01
6.928122638908983388e-01
6.903503936698098808e-01
6.878885326744469397e-01
6.854266807613228485e-01
6.829648377847900020e-01
6.805030035970407454e-01
6.780411780481064854e-01
6.755793609858584681e-01
6.731175517441081446e-01
6.706557480698432938e-01
6.681939498137148270e-01
6.657321570865943894e-01
6.632703699972550826e-01
6.608085886523720198e-01
6.583468131565217707e-01
6.558850436121821392e-01
6.534232801197328300e-01
6.509615227774552260e-01
6.484997716815326108e-01
6.460380269260491692e-01
6.435762886029913199e-01
6.411145568022466046e-01
6.386528316116045767e-01
6.361911131167565792e-01
6.337294014012949672e-01
6.312676965467142187e-01
6.288059986324098238e-01
6.263443077356798394e-01
6.238826239317232236e-01
6.214209472936408352e-01
6.189592778924347671e-01
6.164976157970093462e-01
6.140359610741700225e-01
6.115743137886241465e-01
6.091126740029807474e-01
6.066510417777498665e-01
6.041894171713440009e-01
6.017278002400766601e-01
5.992661910381634760e-01
5.968045896177210929e-01
5.943429960287681668e-01
5.918814103192251430e-01
5.894198325349134793e-01
5.869582627195570890e-01
5.844967009147806758e-01
5.820351471601109550e-01
5.795736014929763202e-01
5.771120639487066217e-01
5.746505345605337212e-01
5.721890133595904926e-01
5.697275003749115996e-01
5.672659956334337172e-01
5.648044991599947551e-01
5.623430109773344121e-01
5.598815311060939548e-01
5.574200595648159950e-01
5.549585963699456004e-01
5.524971415358282956e-01
5.500356950747121720e-01
5.475742569967465556e-01
5.451128273099824506e-01
5.426514060203724288e-01
5.401899931317705184e-01
5.377285886459329811e-01
5.352671925625167582e-01
5.328058048790813572e-01
5.303444255910874094e-01
5.278830546918968913e-01
5.254216921727743461e-01
5.229603380228846632e-01
5.204989922292956317e-01
5.180376547769757201e-01
5.155763256487954083e-01
5.131150048255266327e-01
5.106536922858431193e-01
5.081923880063204946e-01
5.057310919614350642e-01
5.032698041235658115e-01
5.008085244629926214e-01
4.983472529478972790e-01
4.958859895443633037e-01
4.934247342163756156e-01
4.909634869258207579e-01
4.885022476324871188e-01
4.860410162940643208e-01
4.835797928661441647e-01
4.811185773022194079e-01
4.786573695536850415e-01
4.761961695698374020e-01
4.737349772978741158e-01
4.712737926828950985e-01
4.688126156679013889e-01
4.663514461937958711e-01
4.638902841993829962e-01
4.614291296213686722e-01
4.589679823943607628e-01
4.565068424508683664e-01
4.540457097213025928e-01
4.515845841339759525e-01
4.491234656151024129e-01
4.466623540887979527e-01
4.442012494770797848e-01
4.417401516998671340e-01
4.392790606749805149e-01
4.368179763181421205e-01
4.343568985429759333e-01
4.318958272610072813e-01
4.294347623816635040e-01
4.269737038122732864e-01
4.245126514580667698e-01
4.220516052221761627e-01
4.195905650056348524e-01
4.171295307073782932e-01
4.146685022242431740e-01
4.122074794509678064e-01
4.097464622801925693e-01
4.072854506024588539e-01
4.048244443062102293e-01
4.023634432777914438e-01
3.999024474014490904e-01
3.974414565593313853e-01
3.949804706314880010e-01
3.925194894958705105e-01
3.900585130283316659e-01
3.875975411026265083e-01
3.851365735904110910e-01
3.826756103612432014e-01
3.802146512825825275e-01
3.777536962197900472e-01
3.752927450361286388e-01
3.728317975927626371e-01
3.703708537487578889e-01
3.679099133610822525e-01
3.654489762846045986e-01
3.629880423720961424e-01
3.605271114742292227e-01
3.580661834395777454e-01
3.556052581146176839e-01
3.531443353437261345e-01
3.506834149691822056e-01
3.482224968311664060e-01
3.457615807677607567e-01
3.433006666149493458e-01
3.408397542066173846e-01
3.383788433745520963e-01
3.359179339484420490e-01
3.334570257558773787e-01
3.309961186223501772e-01
3.285352123712538264e-01
3.260743068238837195e-01
3.236134017994362067e-01
3.211524971150100938e-01
3.186915925856051990e-01
3.162306880241230189e-01
3.137697832413670618e-01
3.113088780460418481e-01
3.088479722447541875e-01
3.063870656420120131e-01
3.039261580402249363e-01
3.014652492397045247e-01
2.990043390386635802e-01
2.965434272332168053e-01
2.940825136173803589e-01
2.916215979830718563e-01
2.891606801201110355e-01
2.866997598162187577e-01
2.842388368570177848e-01
2.817779110260324460e-01
2.793169821046884160e-01
2.768560506913240182e-01
2.743951182644007170e-01
2.719341848941273510e-01
2.694732506139919104e-01
2.670123154570122614e-01
2.645513794557366460e-01
2.620904426422428490e-01
2.596295050481391420e-01
2.571685667045634505e-01
2.547076276421835206e-01
2.522466878911978072e-01
2.497857474813339473e-01
2.473248064418502312e-01
2.448638648015345198e-01
2.424029225887047445e-01
2.399419798312091290e-01
2.374810365564254400e-01
2.350200927912619309e-01
2.325591485621563148e-01
2.300982038950769304e-01
2.276372588155215759e-01
2.251763133485181756e-01
2.227153675186249460e-01
2.202544213499296188e-01
2.177934748660504960e-01
2.153325280901353944e-01
2.128715810448622014e-01
2.104106337524392079e-01
2.079496862346040809e-01
2.054887385126250854e-01
2.030277906073001126e-01
2.005668425389569853e-01
1.981058943274539574e-01
1.956449459921787704e-01
1.931839975520496799e-01
1.907230490255144850e-01
1.882621004305510826e-01
1.858011517846676897e-01
1.833402031049020942e-01
1.808792544078224318e-01
1.784183057095266034e-01
1.759573570256424691e-01
1.734964083713282368e-01
1.710354597612716021e-01
1.685745112096908860e-01
1.661135627303337026e-01
1.636526143364783192e-01
1.611916660409326019e-01
1.587307178560343202e-01
1.562697697936518137e-01
1.538088218651826600e-01
1.513478740815551726e-01
1.488869264532271530e-01
1.464259789901864173e-01
1.439650317019512404e-01
1.415040845975692740e-01
1.390431376856187673e-01
1.365821909742075124e-01
1.341212444709733720e-01
1.316602981830845287e-01
1.291993521172387360e-01
1.267384062796641508e-01
1.242774606761186118e-01
1.218165153118899308e-01
1.193555701917963369e-01
1.168946253201855190e-01
1.144336807009356666e-01
1.119727363374546231e-01
1.095117922326801635e-01
1.070508483890805218e-01
1.045899048086533778e-01
1.021289614929269396e-01
9.966801844295899993e-02
9.720707565933738026e-02
9.474613314218027771e-02
9.228519089113536300e-02
8.982424890538084905e-02
8.736330718362451953e-02
8.490236572410418681e-02
8.244142452458805281e-02
7.998048358237376532e-02
7.751954289428956979e-02
7.505860245669306041e-02
7.259766226547247070e-02
7.013672231604560492e-02
6.767578260336021279e-02
6.521484312189453070e-02
6.275390386565619927e-02
6.029296482818340130e-02
5.783202600254393200e-02
5.537108738133557362e-02
5.291014895668651186e-02
5.044921072025439907e-02
4.798827266322742285e-02
4.552733477632336934e-02
4.306639704978999089e-02
4.060545947340550577e-02
3.814452203647752948e-02
3.568358472784426833e-02
3.322264753587346464e-02
3.076171044846292071e-02
2.830077345304080061e-02
2.583983653656474200e-02
2.337889968552292128e-02
2.091796288593310640e-02
1.845702612334306977e-02
1.599608938283097678e-02
1.353515264900445950e-02
1.107421590600169217e-02
8.613279137490294918e-03
6.152342326668443044e-03
3.691405456263891719e-03
1.230468508534401624e-03
-1.230468534731997583e-03
-3.691405692217277022e-03
-6.152342983073682235e-03
-8.613280426923320549e-03
-1.107421804385830787e-02
-1.353515585444102498e-02
-1.599609387970303900e-02
-1.845703214114674182e-02
-2.091797066074424505e-02
-2.337890946093766978e-02
-2.583984856463939633e-02
-2.830078799523101304e-02
-3.076172777656490179e-02
-3.322266793296318327e-02
-3.568360848921799111e-02
-3.814454947059171125e-02
-4.060549090281592721e-02
-4.306643281209303342e-02
-4.552737522509516660e-02
-4.798831816896444169e-02
-5.044926167131327105e-02
-5.291020576022323341e-02
-5.537115046424674614e-02
-5.783209581240592728e-02
-6.029304183419291474e-02
-6.275398855957012301e-02
-6.521493601896911907e-02
-6.767588424329235020e-02
-7.013683326391192963e-02
-7.259778311267001127e-02
-7.505873382187898402e-02
-7.751968542432048637e-02
-7.998063795324687753e-02
-8.244159144238036308e-02
-8.490254592591305050e-02
-8.736350143850736549e-02
-8.982445801529491403e-02
-9.228541569187811988e-02
-9.474637450432911445e-02
-9.720733448919008368e-02
-9.966829568347342072e-02
-1.021292581246607545e-01
-1.045902218507045178e-01
-1.070511869000268235e-01
-1.095121533115198803e-01
-1.119731211245460906e-01
-1.144340903789370784e-01
-1.168950611149952717e-01
-1.193560333734928341e-01
-1.218170071956721917e-01
-1.242779826232449925e-01
-1.267389596983936328e-01
-1.291999384637703141e-01
-1.316609189624971810e-01
-1.341219012381666964e-01
-1.365828853348404481e-01
-1.390438712970509250e-01
-1.415048591698002678e-01
-1.439658489985606860e-01
-1.464268408292745405e-01
-1.488878347083535669e-01
-1.513488306826801522e-01
-1.538098286307952312e-01
-1.562708274461130364e-01
-1.587318269450379016e-01
-1.611928271592435180e-01
-1.636538281205023038e-01
-1.661148298606844043e-01
-1.685758324117579421e-01
-1.710368358057892391e-01
-1.734978400749417893e-01
-1.759588452514778412e-01
-1.784198513677573705e-01
-1.808808584562383026e-01
-1.833418665494767619e-01
-1.858028756801260450e-01
-1.882638858809382587e-01
-1.907248971847631536e-01
-1.931859096245484853e-01
-1.956469232333402364e-01
-1.981079380442814231e-01
-2.005689540906140655e-01
-2.030299714056777172e-01
-2.054909900229098807e-01
-2.079520099758463969e-01
-2.104130312981201401e-01
-2.128740540234628498e-01
-2.153350781857039375e-01
-2.177961038187707921e-01
-2.202571309566889457e-01
-2.227181596335812142e-01
-2.251791898836690564e-01
-2.276402217412717421e-01
-2.301012552408064349e-01
-2.325622904167885530e-01
-2.350233273038306592e-01
-2.374843659366440707e-01
-2.399454063500378598e-01
-2.424064485789189927e-01
-2.448674926582927458e-01
-2.473285386232614569e-01
-2.497895865090262735e-01
-2.522506363508860705e-01
-2.547116881842376723e-01
-2.571727420445760748e-01
-2.596337979674934737e-01
-2.620948559886808749e-01
-2.645559161439269835e-01
-2.670169784691186488e-01
-2.694780430002399196e-01
-2.719391097733735996e-01
-2.744001788247003026e-01
-2.768612501904983425e-01
-2.793223239071445652e-01
-2.817834000111127946e-01
-2.842444785389756645e-01
-2.867055595274035085e-01
-2.891666430131645815e-01
-2.916277290331255601e-01
-2.940888176242499319e-01
-2.965499088236002723e-01
-2.990110026683367450e-01
-3.014720991957173801e-01
-3.039331984430985178e-01
-3.063943004479337540e-01
-3.088554052477752720e-01
-3.113165128802730663e-01
-3.137776233831749972e-01
-3.162387367943272909e-01
-3.186998531516733180e-01
-3.211609724932550924e-01
-3.236220948572123834e-01
-3.260832202817829373e-01
-3.285443488053027550e-01
-3.310054804662049266e-01
-3.334666153030214075e-01
-3.359277533543817418e-01
-3.383888946590135061e-01
-3.408500392557424208e-01
-3.433111871834915729e-01
-3.457723384812826373e-01
-3.482334931882349327e-01
-3.506946513435659218e-01
-3.531558129865912110e-01
-3.556169781567234955e-01
-3.580781468934743361e-01
-3.605393192364529376e-01
-3.630004952253665373e-01
-3.654616749000205722e-01
-3.679228583003175124e-01
-3.703840454662587489e-01
-3.728452364379433726e-01
-3.753064312555683957e-01
-3.777676299594290299e-01
-3.802288325899176313e-01
-3.826900391875253660e-01
-3.851512497928410994e-01
-3.876124644465516744e-01
-3.900736831894421885e-01
-3.925349060623947173e-01
-3.949961331063903125e-01
-3.974573643625076147e-01
-3.999185998719233526e-01
-4.023798396759123430e-01
-4.048410838158465475e-01
-4.073023323331968482e-01
-4.097635852695316605e-01
-4.122248426665174881e-01
-4.146861045659190337e-01
-4.171473710095980336e-01
-4.196086420395151451e-01
-4.220699176977287248e-01
-4.245311980263949958e-01
-4.269924830677684358e-01
-4.294537728642007224e-01
-4.319150674581422877e-01
-4.343763668921412635e-01
-4.368376712088439251e-01
-4.392989804509939145e-01
-4.417602946614333503e-01
-4.442216138831023287e-01
-4.466829381590387005e-01
-4.491442675323787381e-01
-4.516056020463555809e-01
-4.540669417443014555e-01
-4.565282866696461772e-01
-4.589896368659174275e-01
-4.614509923767411981e-01
-4.639123532458406807e-01
-4.663737195170376548e-01
-4.688350912342518773e-01
-4.712964684415008043e-01
-4.737578511829002581e-01
-4.762192395026632608e-01
-4.786806334451013667e-01
-4.811420330546241630e-01
-4.836034383757389921e-01
-4.860648494530513952e-01
-4.885262663312642251e-01
-4.909876890551790329e-01
-4.934491176696949588e-01
-4.959105522198092308e-01
-4.983719927506173319e-01
-5.008334393073117230e-01
-5.032948919351839523e-01
-5.057563506796228792e-01
-5.082178155861156732e-01
-5.106792867002475367e-01
-5.131407640677007054e-01
-5.156022477342565580e-01
-5.180637377457938397e-01
-5.205252341482893286e-01
-5.229867369878182792e-01
-5.254482463105528689e-01
-5.279097621627638626e-01
-5.303712845908201690e-01
-5.328328136411882854e-01
-5.352943493604332970e-01
-5.377558917952171003e-01
-5.402174409923002907e-01
-5.426789969985417184e-01
-5.451405598608976000e-01
-5.476021296264227400e-01
-5.500637063422689765e-01
-5.525252900556869573e-01
-5.549868808140248078e-01
-5.574484786647290191e-01
-5.599100836553440041e-01
-5.623716958335114313e-01
-5.648333152469717788e-01
-5.672949419435630025e-01
-5.697565759712214239e-01
-5.722182173779812864e-01
-5.746798662119739776e-01
-5.771415225214296951e-01
-5.796031863546767804e-01
-5.820648577601409412e-01
-5.845265367863456962e-01
-5.869882234819131517e-01
-5.894499178955630025e-01
-5.919116200761133095e-01
-5.943733300724797219e-01
-5.968350479336754777e-01
-5.992967737088125135e-01
-6.017585074471004658e-01
-6.042202491978468926e-01
-6.066819990104576066e-01
-6.091437569344355651e-01
-6.116055230193824244e-01
-6.140672973149978731e-01
-6.165290798710788556e-01
-6.189908707375213481e-01
-6.214526699643181384e-01
-6.239144776015604910e-01
-6.263762936994379249e-01
-6.288381183082374370e-01
-6.312999514783446120e-01
-6.337617932602418458e-01
-6.362236437045108994e-01
-6.386855028618303454e-01
-6.411473707829775659e-01
-6.436092475188276429e-01
-6.460711331203530250e-01
-6.485330276386248594e-01
-6.509949311248119930e-01
-6.534568436301814165e-01
-6.559187652060979312e-01
-6.583806959040241491e-01
-6.608426357755206038e-01
-6.633045848722464166e-01
-6.657665432459578536e-01
-6.682285109485101016e-01
-6.706904880318551587e-01
-6.731524745480435001e-01
-6.756144705492240776e-01
-6.780764760876430985e-01
-6.805384912156453581e-01
-6.830005159856725738e-01
-6.854625504502656064e-01
-6.879245946620624608e-01
-6.903866486737997299e-01
-6.928487125383118173e-01
-6.953107863085302709e-01
-6.977728700374857818e-01
-7.002349637783061853e-01
-7.026970675842177938e-01
-7.051591815085448411e-01
-7.076213056047088168e-01
-7.100834399262301311e-01
-7.125455845267264499e-01
-7.150077394599138048e-01
-7.174699047796064821e-01
-7.199320805397158018e-01
-7.223942667942514495e-01
-7.248564635973215875e-01
-7.273186710031317448e-01
-7.297808890659860381e-01
-7.322431178402855068e-01
-7.347053573805298887e-01
-7.371676077413170658e-01
-7.396298689773421753e-01
-7.420921411433993864e-01
-7.445544242943794577e-01
-7.470167184852721798e-01
-7.494790237711647096e-01
-7.519413402072429031e-01
-7.544036678487896497e-01
-7.568660067511860934e-01
-7.593283569699118551e-01
-7.617907185605440334e-01
-7.642530915787579815e-01
-7.667154760803264191e-01
-7.691778721211207648e-01
-7.716402797571098038e-01
-7.741026990443609090e-01
-7.765651300390391532e-01
-7.790275727974069753e-01
-7.814900273758256244e-01
-7.839524938307537161e-01
-7.864149722187485647e-01
-7.888774625964648513e-01
-7.913399650206548452e-01
-7.938024795481697371e-01
-7.962650062359581948e-01
-7.987275451410666971e-01
-8.011900963206403103e-01
-8.036526598319210235e-01
-8.061152357322495243e-01
-8.085778240790646443e-01
-8.110404249299024704e-01
-8.135030383423980105e-01
-8.159656643742829729e-01
-8.184283030833879868e-01
-8.208909545276413811e-01
-8.233536187650696281e-01
-8.258162958537971221e-01
-8.282789858520452908e-01
-8.307416888181350378e-01
-8.332044048104841893e-01
-8.356671338876090482e-01
-8.381298761081238391e-01
-8.405926315307399310e-01
-8.430554002142678360e-01
-8.455181822176153217e-01
-8.479809775997884103e-01
-8.504437864198911567e-01
-8.529066087371250937e-01
-8.553694446107900085e-01
-8.578322941002839430e-01
-8.602951572651023060e-01
-8.627580341648394269e-01
-8.652209248591862245e-01
-8.676838294079326497e-01
-8.701467478709663528e-01
-8.726096803082725728e-01
-8.750726267799354696e-01
-8.775355873461357925e-01
-8.799985620671534337e-01
-8.824615510033655408e-01
-8.849245542152477384e-01
-8.873875717633734617e-01
-8.898506037084134013e-01
-8.923136501111372798e-01
-8.947767110324120754e-01
-8.972397865332034650e-01
-8.997028766745740480e-01
-9.021659815176850117e-01
-9.046291011237954649e-01
-9.070922355542626603e-01
-9.095553848705417721e-01
-9.120185491341850081e-01
-9.144817284068439411e-01
-9.169449227502670663e-01
-9.194081322263014666e-01
-9.218713568968922578e-01
-9.243345968240814781e-01
-9.267978520700103084e-01
-9.292611226969174076e-01
-9.317244087671393560e-01
-9.341877103431112106e-01
-9.366510274873649511e-01
-9.391143602625313669e-01
-9.415777087313390581e-01
-9.440410729566143244e-01
-9.465044530012820534e-01
-9.489678489283641660e-01
-9.514312605853655347e-01
-9.538946875546755466e-01
-9.563581297687262506e-01
-9.588215871670390245e-01
-9.612850596865104569e-01
-9.637485472614140125e-01
-9.662120498233989219e-01
-9.686755673014907364e-01
-9.711390996220908844e-01
-9.736026467089763381e-01
-9.760662084833011676e-01
-9.785297848635948759e-01
-9.809933757657631759e-01
-9.834569811030881015e-01
-9.859206007862272303e-01
-9.883842347232143499e-01
-9.908478828194600130e-01
-9.933115449777498718e-01
-9.957752210982465657e-01
-9.982389110784878339e-01
-1.000702614813388180e+00
-1.003166332195237986e+00
-1.005630063113703843e+00
-1.008093807455828550e+00
-1.010557565106029898e+00
-1.013021335946103330e+00
-1.015485119855219498e+00
-1.017948916709924934e+00
-1.020412726384143154e+00
-1.022876548749172443e+00
-1.025340383673688294e+00
-1.027804231023741632e+00
-1.030268090662759928e+00
-1.032731962451546748e+00
-1.035195846248280427e+00
-1.037659741908517397e+00
-1.040123649285188634e+00
-1.042587568228602324e+00
-1.045051498586441641e+00
-1.047515440203766524e+00
-1.049979392923012567e+00
-1.052443356583991907e+00
-1.054907331023892336e+00
-1.057371316077278411e+00
-1.059835311576089456e+00
-1.062299317349642225e+00
-1.064763333224628683e+00
-1.067227359025117783e+00
-1.069691394572553023e+00
-1.072155439685755329e+00
-1.074619494180921508e+00
-1.077083557871624020e+00
-1.079547630568811645e+00
-1.082011712080809041e+00
-1.084475802213317186e+00
-1.086939900769412937e+00
-1.089404007549549247e+00
-1.091868122351555614e+00
-1.094332244970636747e+00
-1.096796375199374118e+00
-1.099260512827724856e+00
-1.101724657643022631e+00
-1.104188809429976992e+00
-1.106652967970673140e+00
-1.109117133044572601e+00
-1.111581304428513661e+00
-1.114045481896709600e+00
-1.116509665220750458e+00
-1.118973854169602156e+00
-1.121438048509606489e+00
-1.123902248004481574e+00
-1.126366452415321628e+00
-1.128830661500597632e+00
-1.131294875016154444e+00
-1.133759092715215244e+00
-1.136223314348378199e+00
-1.138687539663618464e+00
-1.141151768406285960e+00
-1.143616000319107373e+00
-1.146080235142186154e+00
-1.148544472613000078e+00
-1.151008712466404793e+00
-1.153472954434631159e+00
-1.155937198247286135e+00
-1.158401443631352556e+00
-1.160865690311189802e+00
-1.163329938008533349e+00
-1.165794186442494995e+00
-1.168258435329560863e+00
-1.170722684383595391e+00
-1.173186933315838010e+00
-1.175651181834904024e+00
-1.178115429646785728e+00
-1.180579676454850402e+00
-1.183043921959842315e+00
-1.185508165859880725e+00
-1.187972407850462320e+00
-1.190436647624459443e+00
-1.192900884872119427e+00
-1.195365119281066812e+00
-1.197829350536302018e+00
-1.200293578320201782e+00
-1.202757802312518054e+00
-1.205222022190379549e+00
-1.207686237628290638e+00
-1.210150448298132675e+00
-1.212614653869161785e+00
-1.215078854008011078e+00
-1.217543048378689541e+00
-1.220007236642581816e+00
-1.222471418458449088e+00
-1.224935593482429308e+00
-1.227399761368034303e+00
-1.229863921766154222e+00
