0.000000000000000000e+00
4.693001622958028508e-03
7.826702453686440464e-03
9.447808532108584872e-03
9.603025898150270578e-03
8.339060591736056557e-03
5.702618652791556497e-03
1.740406121240559373e-03
-3.500870962990238443e-03
-9.974506559978186387e-03
-1.763379462979737175e-02
-2.643202913252038280e-02
-3.632250402822674584e-02
-4.725851327698668558e-02
-5.919335083888016547e-02
-7.208031067398010250e-02
-8.587268674235812305e-02
-1.005237730040953459e-01
-1.159868634192607606e-01
-1.322152519479358190e-01
-1.491622325501922586e-01
-1.667810991861012893e-01
-1.850251458157455287e-01
-2.038476663991922455e-01
-2.232019548965243627e-01
-2.430413052678135899e-01
-2.633190114731296383e-01
-2.839883674725568463e-01
-3.050026672261610394e-01
-3.263152046940266948e-01
-3.478792738362241344e-01
-3.696481686128234023e-01
-3.915751829839093090e-01
-4.136136109095473468e-01
-4.357167463498221038e-01
-4.578378832648037911e-01
-4.799303156145624527e-01
-5.019473373591831766e-01
-5.238422424587310111e-01
-5.455683248732907664e-01
-5.670788785629324869e-01
-5.883271974877267718e-01
-6.092665756077577655e-01
-6.298503068830917373e-01
-6.500316852738122764e-01
-6.697640047399902041e-01
-6.890005592416963420e-01
-7.076946427390136130e-01
-7.257995491920097297e-01
-7.432685725607671712e-01
-7.600550068053569808e-01
-7.761121458858506461e-01
-7.913932837623306460e-01
-8.058517143948648043e-01
-8.194407317435348226e-01
-8.321136297684126326e-01
-8.438237024295704991e-01
-8.545242436870885694e-01
-8.641685475010372208e-01
-8.727099078314957126e-01
-8.801016186385370865e-01
-8.862969738822350507e-01
-8.912492675226670880e-01
-8.949117935199063512e-01
-8.972378458340293239e-01
-8.981807184251103804e-01
-8.976937052532244499e-01
-8.957301002784464616e-01
-8.922431974608524552e-01
-8.871862907605159165e-01
-8.805126741375123300e-01
-8.725336383481911984e-01
-8.645437815166960860e-01
-8.565097650062801771e-01
-8.483545345007491578e-01
-8.400070821230243290e-01
-8.314498393628273476e-01
-8.227428987629448187e-01
-8.140142570323627425e-01
-8.054198467555270247e-01
-7.970900400047475909e-01
-7.890850694070608018e-01
-7.813779976327206445e-01
-7.738721435641662261e-01
-7.664452702153318198e-01
-7.590015860657414182e-01
-7.515094867167694259e-01
-7.440092498426034151e-01
-7.365878577285325246e-01
-7.293322067255051389e-01
-7.222812053402182242e-01
-7.153976719707708654e-01
-7.085724102215250619e-01
-7.016591008511793293e-01
-6.945255490114147223e-01
-6.870999289429026158e-01
-6.793928730218262713e-01
-6.714865836398743459e-01
-6.634961349960418753e-01
-6.555198084637109401e-01
-6.475997341500999704e-01
-6.397094630225266254e-01
-6.317734104299366216e-01
-6.237094143178690819e-01
-6.154757772762302626e-01
-6.071022974947387629e-01
-5.986916825801914532e-01
-5.903903896828927023e-01
-5.823409319102316184e-01
-5.746355066171637826e-01
-5.672901598765091036e-01
-5.602498386737787550e-01
-5.534214997598800867e-01
-5.467205908779023682e-01
-5.401107022498474741e-01
-5.336193194048639565e-01
-5.273230229424146209e-01
-5.213086681652647769e-01
-5.156274014394193195e-01
-5.102614528345401634e-01
-5.051182047781117568e-01
-5.000544279595191544e-01
-4.949207652738569219e-01
-4.896079845037991096e-01
-4.840758430650947131e-01
-4.783528718013163039e-01
-4.725077784748188403e-01
-4.666052112396438800e-01
-4.606651917656052753e-01
-4.546438542938455729e-01
-4.484439524861631998e-01
-4.419507763644909826e-01
-4.350782246709534173e-01
-4.278053967788409406e-01
-4.201880258705072424e-01
-4.123396950685397910e-01
-4.043905200592908811e-01
-3.964404367164668930e-01
-3.885264217371543483e-01
-3.806169997642790404e-01
-3.726358109184326195e-01
-3.645037444830545037e-01
-3.561813694414585618e-01
-3.476933815111587500e-01
-3.391245103179386655e-01
-3.305884810371346738e-01
-3.221830554849379746e-01
-3.139500672166184447e-01
-3.058572561327657646e-01
-2.978095286095803762e-01
-2.896849228990914238e-01
-2.813802264792074070e-01
-2.728473167004768496e-01
-2.641054000511580124e-01
-2.552246184701977838e-01
-2.462885861839212431e-01
-2.373521973800376550e-01
-2.284128470875930461e-01
-2.194073407072516801e-01
-2.102357776634685982e-01
-2.008022634942644713e-01
-1.910552544297903221e-01
-1.810106051504596081e-01
-1.707477998656495022e-01
-1.603811935404396150e-01
-1.500185440650800006e-01
-1.397242800574569344e-01
-1.295026941382515506e-01
-1.193076096871387437e-01
-1.090737650542138448e-01
-9.875599341124255415e-02
-8.835911656640207945e-02
-7.794565763050288754e-02
-6.761809355094723639e-02
-5.748327526939139842e-02
-4.761419435691941621e-02
-3.802529960231822159e-02
-2.867169525697069871e-02
-1.947233058113053208e-02
-1.034716201085202937e-02
-1.252305543646531436e-03
7.801202575658621602e-03
1.675428601957123370e-02
2.552357441371098934e-02
3.404901102697337895e-02
4.228964031384849220e-02
5.034940975745838543e-02
5.843517503683696990e-02
6.652132302608226855e-02
7.454259876821504871e-02
8.239909673947580504e-02
9.000716183853182950e-02
9.733138004592101211e-02
1.043987118559578930e-01
1.112829880235596119e-01
1.180687551495485377e-01
1.248095919942233123e-01
1.314993521841149038e-01
1.380688335024087832e-01
1.444094272495603792e-01
1.504135942548890936e-01
1.560147959219036762e-01
1.612098445651277412e-01
1.660543271061170056e-01
1.706334355133962977e-01
1.750211418846944755e-01
1.792456094310783954e-01
1.832759238717944772e-01
1.870359164320667400e-01
1.904390812027134394e-01
1.934294575300241625e-01
1.960107619373266385e-01
1.982511803872398226e-01
2.002617480702029717e-01
2.021575832187875177e-01
2.040185298265149993e-01
2.058658845071701937e-01
2.076648356876270585e-01
2.093511098764337386e-01
2.108699131954019368e-01
2.122100624223662579e-01
2.134184264008819609e-01
2.145884005955147888e-01
2.158273688660107270e-01
2.172171265637085624e-01
2.187841881045169412e-01
2.204925688814990126e-01
2.222619323889530873e-01
2.240031414738355708e-01
2.256559112849000903e-01
2.272125387709159339e-01
2.287178466193426074e-01
2.302458576705780358e-01
2.318637184709603227e-01
2.335987630990188635e-01
2.354230927058301726e-01
2.372623632222484180e-01
2.390249883904124739e-01
2.406392046921688455e-01
2.420821636347717520e-01
2.433887808762235372e-01
2.446368514067185362e-01
2.459151139510060702e-01
2.472881416725221104e-01
2.487730970539744346e-01
2.503380850161863180e-01
2.519224165366165114e-01
2.534696428697198467e-01
2.549587937300445417e-01
2.564201402493998527e-01
2.579285602657886978e-01
2.595772753260109922e-01
2.614431667121091540e-01
2.635583830974373987e-01
2.659001357376909458e-01
2.684026999375328515e-01
2.709861323281429479e-01
2.735891583924141002e-01
2.761920809603475857e-01
2.788200438657957858e-01
2.815255426898614632e-01
2.843579989450167322e-01
2.873336952007627954e-01
2.904191064246990917e-01
2.935348386996869952e-01
2.965785510833600647e-01
2.994571902219131943e-01
3.021150277188619504e-01
3.045459332705204303e-01
3.067851442248006322e-01
3.088845344985867714e-01
3.108823111070475043e-01
3.127802351813139814e-01
3.145379998945251887e-01
3.160869182568667446e-01
3.173568061511009564e-01
3.183044149163871128e-01
3.189312754770992075e-01
3.192834931857860825e-01
3.194337788197546546e-01
3.194534683889274085e-01
3.193863239756068451e-01
3.192348814600661777e-01
3.189645626902625208e-01
3.185231510173848202e-01
3.178668124660808947e-01
3.169813235811426155e-01
3.158895148515742934e-01
3.146420429326106660e-01
3.132957879308117533e-01
3.118893476073003601e-01
3.104261303651639770e-01
3.088720594819141518e-01
3.071685153180959138e-01
3.052546820305962472e-01
3.030896658893538209e-01
3.006651661567706357e-01
2.980038205981322408e-01
2.951446322472893735e-01
2.921223610797880066e-01
2.889501192073253288e-01
2.856127192234682588e-01
2.820734353174341735e-01
2.782909405004939662e-01
2.742388479570120885e-01
2.699193396312433713e-01
2.653651275842825452e-01
2.606291732485615520e-01
2.557668868698196318e-01
2.508186424054998365e-01
2.458000734266625464e-01
2.407040106986286232e-01
2.355127014654566087e-01
2.302144602929173667e-01
2.248170872581886359e-01
2.193519730906794973e-01
2.138670457991994622e-01
2.084116828357509277e-01
2.030202250035794687e-01
1.977012779149009136e-01
1.924373818194138608e-01
1.871950571055505663e-01
1.819407193672403222e-01
1.766554730850419253e-01
1.713423945884104682e-01
1.660233007837443597e-01
1.607266577658055529e-01
1.554721681041454362e-01
1.502590012042047118e-01
1.450630003077088281e-01
1.398442488869934275e-01
1.345618503224193518e-01
1.291896270435899385e-01
1.237260707317043157e-01
1.181943832432355013e-01
1.126327314288216586e-01
1.070790217051833665e-01
1.015567735525722964e-01
9.606808901759662789e-02
9.059656164253275523e-02
8.511863766118830943e-02
7.961831081976142310e-02
7.409865260415783583e-02
6.858511026700554736e-02
6.311909297807143104e-02
5.774454137599600856e-02
5.249313645395262129e-02
4.737430376282456002e-02
4.237403268949899160e-02
3.746271890317189046e-02
3.260841352627093931e-02
2.778965918765337328e-02
2.300243270571227655e-02
1.825841109474702142e-02
1.357560757924110122e-02
8.965713620775186618e-03
4.423822015540349387e-03
-7.493112163069854618e-05
-4.570343608125517973e-03
-9.105925545547914959e-03
-1.371628987211115890e-02
-1.841846366193334097e-02
-2.321062238843858358e-02
-2.807846575787660559e-02
-3.300614474194728254e-02
-3.798675157047091272e-02
-4.302769836798146091e-02
-4.814866503710786561e-02
-5.337313021566279098e-02
-5.871734726379156111e-02
-6.418174519066911776e-02
-6.974865908581745488e-02
-7.538750337734148599e-02
-8.106522560882550854e-02
-8.675758314272000171e-02
-9.245644643739832358e-02
-9.817008640769782357e-02
-1.039164720935114722e-01
-1.097126469321282050e-01
-1.155649468269103336e-01
-1.214644416818664585e-01
-1.273896932632990753e-01
-1.333157251333933757e-01
-1.392253743823612666e-01
-1.451181162768254984e-01
-1.510124870693378973e-01
-1.569409309339908076e-01
-1.629391085167149200e-01
-1.690340556115008663e-01
-1.752360689029950069e-01
-1.815376204669822691e-01
-1.879196362214100302e-01
-1.943623650781721723e-01
-2.008561469564580093e-01
-2.074074722597695764e-01
-2.140377398161875944e-01
-2.207752094046099844e-01
-2.276435038250204101e-01
-2.346514497727202331e-01
-2.417884737793840055e-01
-2.490274508514046248e-01
-2.563338247020151006e-01
-2.636772669730213514e-01
-2.710411684484748118e-01
-2.784262340915794054e-01
-2.858469470321264305e-01
-2.933226158128738881e-01
-3.008668978041288411e-01
-3.084802183467572068e-01
-3.161481977297352364e-01
-3.238466385317504970e-01
-3.315508966688964221e-01
-3.392456875337336863e-01
-3.469312855612148860e-01
-3.546236487588954600e-01
-3.623485350513304670e-01
-3.701321105952759538e-01
-3.779918869921833346e-01
-3.859315519715552090e-01
-3.939415405275082938e-01
-4.020047822444307029e-01
-4.101049677173034258e-01
-4.182337495070976852e-01
-4.263938708457181148e-01
-4.345970086366708895e-01
-4.428573497504429968e-01
-4.511836586078449285e-01
-4.595731453938179945e-01
-4.680096212943616329e-01
-4.764666160934999395e-01
-4.849141067542801498e-01
-4.933260993953401674e-01
-5.016860725830744050e-01
-5.099882851663273264e-01
-5.182347170909328282e-01
-5.264291934060778555e-01
-5.345713215258297568e-01
-5.426528404131343297e-01
-5.506578944096381933e-01
-5.585670871446882790e-01
-5.663636323017797736e-01
-5.740391120689548599e-01
-5.815965732657103482e-01
-5.890498058829292116e-01
-5.964191771400262354e-01
-6.037257123582073781e-01
-6.109857123533861678e-01
-6.182078718818180274e-01
-6.253937900688070206e-01
-6.325413957276674326e-01
-6.396496978235679531e-01
-6.467228361595140917e-01
-6.537717777770164496e-01
-6.608129994719775802e-01
-6.678646939090383539e-01
-6.749419646193932643e-01
-6.820528021987113387e-01
-6.891962725506060039e-01
-6.963634757984209500e-01
-7.035408092240740263e-01
-7.107142753797291990e-01
-7.178732915425768413e-01
-7.250127466451199432e-01
-7.321327700007829176e-01
-7.392365328793918389e-01
-7.463270849006151675e-01
-7.534045033207034114e-01
-7.604644396992562561e-01
-7.674985874271269548e-01
-7.744968841921282543e-01
-7.814506617882589490e-01
-7.883556578245702884e-01
-7.952138855163746189e-01
-8.020337706623836826e-01
-8.088285529452400313e-01
-8.156135049801364056e-01
-8.224028745377751637e-01
-8.292074979297233694e-01
-8.360337689469996558e-01
-8.428841712505492634e-01
-8.497590545314673838e-01
-8.566589275620135613e-01
-8.635863846413309730e-01
-8.705469251293123101e-01
-8.775483194359225969e-01
-8.845986898051994007e-01
-8.917039358988974040e-01
-8.988653851608632284e-01
-9.060784989747581175e-01
-9.133331261635192488e-01
-9.206152782259641176e-01
-9.279098854678282660e-01
-9.352036579466816990e-01
-9.424871441010080897e-01
-9.497553709672036382e-01
-9.570069595733419199e-01
-9.642421543609325241e-01
-9.714605914789652408e-01
-9.786597151092684133e-01
-9.858345000627291022e-01
-9.929786455918134802e-01
-1.000086849297611380e+00
-1.007157357514666618e+00
-1.014193867800909699e+00
-1.021206075265679303e+00
-1.028208624285866124e+00
-1.035218780023795526e+00
-1.042253567762689404e+00
-1.049327290599282314e+00
-1.056450174084605509e+00
-1.063628467977441039e+00
-1.070865816986595442e+00
-1.078165277540655387e+00
-1.085531155950997473e+00
-1.092969938354743986e+00
-1.100489928535108630e+00
-1.108099676177690007e+00
-1.115805706429838118e+00
-1.123610308716836981e+00
-1.131510133197507262e+00
-1.139496089828283321e+00
-1.147554634072391222e+00
-1.155670087220321163e+00
-1.163827316274924639e+00
-1.172013986310481259e+00
-1.180221732079193897e+00
-1.188445936427427796e+00
-1.196684250892688262e+00
-1.204934410904539899e+00
-1.213192150925170409e+00
-1.221450023328575440e+00
-1.229697649468425524e+00
-1.237923454464166184e+00
-1.246117398809829524e+00
-1.254273809334340406e+00
-1.262393286319075214e+00
-1.270482895275949931e+00
-1.278554397875404591e+00
-1.286620966317883141e+00
-1.294693413246446489e+00
-1.302777223631238046e+00
-1.310871466493536586e+00
-1.318970027556714220e+00
-1.327064747987004356e+00
-1.335149293442097873e+00
-1.343222220074790973e+00
-1.351287926292273900e+00
-1.359354939327833023e+00
-1.367432022653870760e+00
-1.375523508957879670e+00
-1.383625682424415748e+00
-1.391725745794217151e+00
-1.399803980088730526e+00
-1.407838467157448870e+00
-1.415810684013277365e+00
-1.423709847822749452e+00
-1.431534297302732961e+00
-1.439289325923198248e+00
-1.446982306131777474e+00
-1.454617086777195700e+00
-1.462190023447084819e+00
-1.469689415630666351e+00
-1.477098773989477420e+00
-1.484402751609953830e+00
-1.491593397932062359e+00
-1.498674145640019661e+00
-1.505659765057302035e+00
-1.512572120802913478e+00
-1.519433302320715606e+00
-1.526258850151541280e+00
-1.533053851223104225e+00
-1.539813563884129710e+00
-1.546528378193359199e+00
-1.553191070694039944e+00
-1.559803263583341426e+00
-1.566378230536459748e+00
-1.572938648012492502e+00
-1.579509998220417044e+00
-1.586112214604917137e+00
-1.592753014978573134e+00
-1.599425789567941569e+00
-1.606113095285043979e+00
-1.612794478680800170e+00
-1.619455481251343754e+00
-1.626094080183628332e+00
-1.632721784783742081e+00
-1.639358786954553393e+00
-1.646025068916668888e+00
-1.652731150838785412e+00
-1.659472435791605305e+00
-1.666229715257161237e+00
-1.672975872636195627e+00
-1.679686201327425410e+00
-1.686348139045439343e+00
-1.692966338698998152e+00
-1.699560849399089246e+00
-1.706159015394390188e+00
-1.712784344100183764e+00
-1.719446930575883936e+00
-1.726139460780415025e+00
-1.732840549467221436e+00
-1.739524121197620676e+00
-1.746170983568982038e+00
-1.752777758236314432e+00
-1.759359367726036849e+00
-1.765943921892967561e+00
-1.772562015832239268e+00
-1.779234813232808410e+00
-1.785965839837285740e+00
-1.792739897362523260e+00
-1.799529545961859878e+00
-1.806306430113968631e+00
-1.813052680262008387e+00
-1.819767576208931814e+00
-1.826466663481057795e+00
-1.833173719226434351e+00
-1.839908992601171356e+00
-1.846678721037749327e+00
-1.853470374329033055e+00
-1.860255632010929583e+00
-1.866999801787692315e+00
-1.873673646533163373e+00
-1.880262580528069938e+00
-1.886769356204190728e+00
-1.893209191758964183e+00
-1.899599565523092837e+00
-1.905949213058606651e+00
-1.912251200167926157e+00
-1.918483159806255500e+00
-1.924614643640506495e+00
-1.930618413500810426e+00
-1.936480750445416010e+00
-1.942206265762783657e+00
-1.947815093628318728e+00
-1.953333708342126052e+00
-1.958783434926369305e+00
-1.964171763881808808e+00
-1.969490374786185827e+00
-1.974720819481361689e+00
-1.979845404656834784e+00
-1.984858442858735916e+00
-1.989772777787532476e+00
-1.994618483145084831e+00
-1.999434040669013424e+00
-2.004253642089258935e+00
-2.009096055309193218e+00
-2.013959925528146844e+00
-2.018827649512695999e+00
-2.023676229400265036e+00
-2.028490401721216418e+00
-2.033272234110389931e+00
-2.038042810048570797e+00
-2.042835016226025147e+00
-2.047680352977394147e+00
-2.052595400606749720e+00
-2.057573862211099058e+00
-2.062587806598540130e+00
-2.067597816593153226e+00
-2.072567884266591332e+00
-2.077478770676540965e+00
-2.082334118678810242e+00
-2.087156665577576842e+00
-2.091976158113796558e+00
-2.096814189409600182e+00
-2.101672573324125270e+00
-2.106530408952352662e+00
-2.111351262927126715e+00
-2.116097503395740542e+00
-2.120745659769427860e+00
-2.125296152858726639e+00
-2.129773099314954177e+00
-2.134214156818774022e+00
-2.138654696987869475e+00
-2.143113078915226399e+00
-2.147583350244696820e+00
-2.152038467445905212e+00
-2.156442534260784250e+00
-2.160766595772397825e+00
-2.165000940092689952e+00
-2.169158367562685985e+00
-2.173266851476976402e+00
-2.177354712870480213e+00
-2.181434801764292608e+00
-2.185494712984433985e+00
-2.189497495163238217e+00
-2.193392733698668273e+00
-2.197133301125453908e+00
-2.200690507268457718e+00
-2.204061013769011979e+00
-2.207262472395034703e+00
-2.210319861871619551e+00
-2.213248719295357159e+00
-2.216042977910351208e+00
-2.218673217966741440e+00
-2.221096573622771686e+00
-2.223274298488328249e+00
-2.225189430095628751e+00
-2.226856711942960310e+00
-2.228320138376594262e+00
-2.229638841049833786e+00
-2.230867208247300226e+00
-2.232037821552576240e+00
-2.233154749462279209e+00
-2.234200315503802159e+00
-2.235152529443985348e+00
-2.236005517475179616e+00
-2.236783690280291115e+00
-2.237542849400437017e+00
-2.238356982073192114e+00
-2.239295785032550778e+00
-2.240402231991409199e+00
-2.241679803797210102e+00
-2.243095095432848574e+00
-2.244595000702955367e+00
-2.246131313754676118e+00
-2.247682188744853704e+00
-2.249261047969129290e+00
-2.250908796731195149e+00
-2.252672409463702952e+00
-2.254578998663509637e+00
-2.256616710518015712e+00
-2.258731147755848045e+00
-2.260839529930177783e+00
-2.262857190209607960e+00
-2.264725547343110268e+00
-2.266429796128861973e+00
-2.267998715438283241e+00
-2.269486510020544134e+00
-2.270944308812236301e+00
-2.272393507618495345e+00
-2.273812515618761854e+00
-2.275142835094110971e+00
-2.276312120787116200e+00
-2.277264461414702623e+00
-2.277984797345316892e+00
-2.278506693388181681e+00
-2.278899687947181896e+00
-2.279241162063362136e+00
-2.279584392226169598e+00
-2.279936243821409025e+00
-2.280253995568836345e+00
-2.280462691209140580e+00
-2.280485632031795884e+00
-2.280274928514930632e+00
-2.279828916458381372e+00
-2.279188825799270290e+00
-2.278416021857984308e+00
-2.277559604666335336e+00
-2.276628483561349281e+00
-2.275580295027566091e+00
-2.274332401946698390e+00
-2.272790733767688476e+00
-2.270884473151030480e+00
-2.268591940013220398e+00
-2.265946659464128654e+00
-2.263021080291878206e+00
-2.259895035078744119e+00
-2.256622646602723492e+00
-2.253212117331647946e+00
-2.249627317594007803e+00
-2.245810645005187123e+00
-2.241717318670253700e+00
-2.237346135846002948e+00
-2.232753028277050245e+00
-2.228041013373422974e+00
-2.223330259430367661e+00
-2.218720620302677915e+00
-2.214262385239224695e+00
-2.209947582625297002e+00
-2.205725392925208528e+00
-2.201534832576284018e+00
-2.197340352189808499e+00
-2.193154639651929916e+00
-2.189038375950019599e+00
-2.185076660044821484e+00
-2.181342052813534327e+00
-2.177860159850379951e+00
-2.174592793576518801e+00
-2.171446361513621248e+00
-2.168302351704972430e+00
-2.165057260591374266e+00
-2.161655168486173562e+00
-2.158099244218778967e+00
-2.154437484586471996e+00
-2.150729103373569817e+00
-2.147006391348706966e+00
-2.143248913776989895e+00
-2.139381635795563952e+00
-2.135298215761087359e+00
-2.130899747708581593e+00
-2.126132408914684468e+00
-2.121007761015153203e+00
-2.115596791130544663e+00
-2.110000022681334464e+00
-2.104306343366509680e+00
-2.098558108799171151e+00
-2.092737359938158459e+00
-2.086778867034742024e+00
-2.080604090160069752e+00
-2.074161052897694368e+00
-2.067452515810535463e+00
-2.060539873487750473e+00
-2.053520733197240045e+00
-2.046489614946200852e+00
-2.039498661368920107e+00
-2.032535399695758471e+00
-2.025527335672633988e+00
-2.018371563348359210e+00
-2.010976846103912585e+00
-2.003299890855087639e+00
-1.995361011444500621e+00
-1.987230465062475915e+00
-1.978997414575547342e+00
-1.970720206886456438e+00
-1.962422922841391859e+00
-1.953900968498872404e+00
-1.945055261664678348e+00
-1.935937369541448572e+00
-1.926623750587596273e+00
-1.917218418308084260e+00
-1.907803956133869550e+00
-1.898416567783268505e+00
-1.889038485146472546e+00
-1.879616393172301780e+00
-1.870096337726077973e+00
-1.860460362797139222e+00
-1.850748637197373814e+00
-1.841057036908738898e+00
-1.831510547558433011e+00
-1.822223249774859388e+00
-1.813261526032492466e+00
-1.804625930795484390e+00
-1.796259339658601295e+00
-1.788077825390340214e+00
-1.780010957187824427e+00
-1.772034077518213291e+00
-1.764178470931950571e+00
-1.756514771086434168e+00
-1.749116462359813440e+00
-1.742019030987857819e+00
-1.735192454318369215e+00
-1.728539305207831722e+00
-1.721920029320673562e+00
-1.715195437704393200e+00
-1.708269050360789576e+00
-1.701111833112827210e+00
-1.693759189072088889e+00
-1.686281745305420854e+00
-1.678742590188620820e+00
-1.671159434303408187e+00
-1.663488169514177883e+00
-1.655635274589893235e+00
-1.647494229599693050e+00
-1.638990764842070513e+00
-1.630117789992776345e+00
-1.620944964303476343e+00
-1.611598453835374922e+00
-1.602218918968670192e+00
-1.592914944375925179e+00
-1.583731065124378556e+00
-1.574643403355171056e+00
-1.565584276247363960e+00
-1.556484882813596426e+00
-1.547317513025589841e+00
-1.538118922685036694e+00
-1.528984519903607397e+00
-1.520035438052588894e+00
-1.511372168521381232e+00
-1.503034266195494739e+00
-1.494983220444831451e+00
-1.487115902516748855e+00
-1.479303134054201552e+00
-1.471437330536124133e+00
-1.463469386202353117e+00
-1.455419580420433512e+00
-1.447358374504648104e+00
-1.439365858488282690e+00
-1.431487700280936082e+00
-1.423706932610855569e+00
-1.415944135920542246e+00
-1.408086406944712543e+00
-1.400033121144317771e+00
-1.391739187372956765e+00
-1.383237400044147636e+00
-1.374630260773940682e+00
-1.366054547388361406e+00
-1.357633463397828644e+00
-1.349436463491246130e+00
-1.341463549587341264e+00
-1.333660346189880386e+00
-1.325957040935244358e+00
-1.318313968035476957e+00
-1.310753672592182451e+00
-1.303365002714883092e+00
-1.296276727539652063e+00
-1.289611318046003374e+00
-1.283438214219983386e+00
-1.277746317091624562e+00
-1.272447443665398970e+00
-1.267409421539269943e+00
-1.262504931847618916e+00
-1.257655505018291597e+00
-1.252852140883363052e+00
-1.248144025909179389e+00
-1.243600510133768600e+00
-1.239263051893409129e+00
-1.235108283276484809e+00
-1.231038746458195998e+00
-1.226906113235277873e+00
-1.222557797042136185e+00
-1.217887734836962332e+00
-1.212870140632419380e+00
-1.207562090692776424e+00
-1.202073925911915087e+00
-1.196520077814026140e+00
-1.190971252231240562e+00
-1.185428302035172132e+00
-1.179828785649524647e+00
-1.174083178094183166e+00
-1.168124922033956015e+00
-1.161952446223830204e+00
-1.155644570705791629e+00
-1.149342001993389317e+00
-1.143202095839074728e+00
-1.137345553036698709e+00
-1.131817286143936396e+00
-1.126577785098378470e+00
-1.121528403447785260e+00
-1.116559570665721424e+00
-1.111601174697077088e+00
-1.105946531918763354e+00
-1.099429357579437827e+00
-1.092074628616253262e+00
-1.083907321966357085e+00
-1.074952414566903602e+00
-1.065234883355039575e+00
-1.054779705267917755e+00
-1.043611857242690455e+00
-1.031756316216504210e+00
-1.019238059126514884e+00
-1.006082062909867014e+00
-9.923133045037147992e-01
-9.779567608452113259e-01
-9.630374088715016878e-01
-9.475802255197424140e-01
-9.316101877270779319e-01
-9.151522724306618839e-01
-8.982314565676486895e-01
-8.808727170751819990e-01
-8.631010308904195627e-01
-8.449413749505045867e-01
-8.264187261925911576e-01
-8.075580615538346940e-01
-7.883843579713772920e-01
-7.689225923823782560e-01
-7.491977417239789050e-01
-7.292347829333351017e-01
-7.090586929476017097e-01
-6.886944487039197149e-01
-6.681670271394503091e-01
-6.475014051913338120e-01
-6.267225597967258643e-01
-6.058554678927816628e-01
-5.849251064166426373e-01
-5.639564523054685363e-01
-5.429744824964012340e-01
-5.220041739265955938e-01
-5.010705035332070345e-01
-4.801984482533770415e-01
-4.594129850242653079e-01
-4.387390907830134856e-01
-4.182017424667767713e-01
-3.978259170127103062e-01
-3.776365913579558531e-01
-3.576587424396727721e-01
-3.379173471950031593e-01
-3.184373825611018782e-01
-2.992438254751238480e-01
-2.803616528742113312e-01
-2.618158416955231882e-01
-2.436313688762021257e-01
-2.258332113534028129e-01
-2.084463460642796973e-01
-1.914957499459755963e-01
-1.750063999356454292e-01
-1.590032729704430603e-01
-1.435113459875121955e-01
-1.285555959240102797e-01
-1.141609997170812962e-01
-1.003525343038794287e-01
-8.715517662155812528e-02
-7.459390360726232683e-02
-6.269369219814789618e-02
-5.147951933136049596e-02
-4.097636194405358812e-02
-3.120919697337966314e-02
-2.220300135648527184e-02
-1.398275203052488924e-02
-6.573425932645662884e-03
-1.110223024625156540e-16
