0.000000000000000000e+00
2.593400715845164441e-03
3.755166488900617792e-03
3.528250413485754019e-03
1.955605583920432423e-03
-9.198149054754627563e-04
-5.055057960381214612e-03
-1.040717048647871179e-02
-1.693319938944570432e-02
-2.459019157496533312e-02
-3.333519394871613944e-02
-4.312525341637615112e-02
-5.391741688362981094e-02
-6.566873125615260709e-02
-7.833624343962963810e-02
-9.187700033973873748e-02
-1.062480488621565800e-01
-1.214064359125697073e-01
-1.373092083966516441e-01
-1.539134132200895844e-01
-1.711760972885600363e-01
-1.890543075077391055e-01
-2.075050907833150549e-01
-2.264854940209598821e-01
-2.459525641263616280e-01
-2.658633480051968978e-01
-2.861748925631408258e-01
-3.068442447058827849e-01
-3.278284513390935517e-01
-3.490845593684628323e-01
-3.705696156996659552e-01
-3.922406672383781934e-01
-4.140547608902894750e-01
-4.359689435610699104e-01
-4.579402621564098164e-01
-4.799257635819841883e-01
-5.018824947434681327e-01
-5.237675025465520218e-01
-5.455378338969056884e-01
-5.671505357002194492e-01
-5.885626548621680776e-01
-6.097312382884274573e-01
-6.306133328846867947e-01
-6.511659855566174215e-01
-6.713462432099081001e-01
-6.911111527502346030e-01
-7.104177610832729250e-01
-7.292231151147112733e-01
-7.474842617502220898e-01
-7.651582478954932487e-01
-7.822021204562008556e-01
-7.985729263380211274e-01
-8.142277124466419380e-01
-8.291235256877363957e-01
-8.432174129669911533e-01
-8.564664211900828716e-01
-8.688275972626892107e-01
-8.802579880904957133e-01
-8.907146405791771526e-01
-9.001546016344186274e-01
-9.085349181618979086e-01
-9.158126370672934335e-01
-9.219448052562886353e-01
-9.268884696345611740e-01
-9.306006771077928175e-01
-9.330384745816627801e-01
-9.341589089618511643e-01
-9.339190271540384058e-01
-9.322758760639049402e-01
-9.291865025971299819e-01
-9.246079536593941883e-01
-9.188263794021622743e-01
-9.130390998507289524e-01
-9.072512864255231069e-01
-9.014329100074042200e-01
-8.955514422430719268e-01
-8.896049091878059922e-01
-8.836404677705578248e-01
-8.777499838553238787e-01
-8.720440545976763103e-01
-8.666152536583843213e-01
-8.615060842908892624e-01
-8.566951918916375641e-01
-8.521076548561432595e-01
-8.476449633903159198e-01
-8.432219861071015288e-01
-8.387953739718105872e-01
-8.343716623472539062e-01
-8.299921496927047393e-01
-8.257016618262804641e-01
-8.215152727504455576e-01
-8.173979143416534310e-01
-8.132662162725949884e-01
-8.090123310832578740e-01
-8.045400166116976060e-01
-7.997979352268702602e-01
-7.947962590746143752e-01
-7.895997601963435919e-01
-7.843005436197089120e-01
-7.789821703591754964e-01
-7.736904500092922632e-01
-7.684231629678790476e-01
-7.631427166480133639e-01
-7.578058037115819046e-01
-7.523967754090956639e-01
-7.469498246864336721e-01
-7.415498731181711101e-01
-7.363111987268319281e-01
-7.313424025382166960e-01
-7.267121950289073817e-01
-7.224301877846084352e-01
-7.184504703970002737e-01
-7.146960554563543955e-01
-7.110934527166323793e-01
-7.076024376982659181e-01
-7.042282992956521159e-01
-7.010115249936934578e-01
-6.979996844205011985e-01
-6.952139914408688171e-01
-6.926253612185121478e-01
-6.901507414202514568e-01
-6.876718303042475000e-01
-6.850687188780790748e-01
-6.822546112482841263e-01
-6.791973183872443975e-01
-6.759188715278081627e-01
-6.724739248930378110e-01
-6.689166186861758012e-01
-6.652704005994503067e-01
-6.615139021896225824e-01
-6.575889557571261701e-01
-6.534271859725272469e-01
-6.489835446510754391e-01
-6.442621093991588443e-01
-6.393227201257039027e-01
-6.342651978691918879e-01
-6.291974497522364596e-01
-6.242006164096342014e-01
-6.193056429955111630e-01
-6.144907429571373481e-01
-6.097002931336408249e-01
-6.048765779199949399e-01
-5.999903900081652308e-01
-5.950571036583316431e-01
-5.901311868441049269e-01
-5.852814711117753088e-01
-5.805578407751865733e-01
-5.759637655611187235e-01
-5.714466735877991033e-01
-5.669105933851952273e-01
-5.622460245146293500e-01
-5.573646563387493202e-01
-5.522245583821986381e-01
-5.468356013760123924e-01
-5.412433578410829060e-01
-5.354989232734388427e-01
-5.296280543816787034e-01
-5.236132100588148930e-01
-5.173964431780510020e-01
-5.109020581473588951e-01
-5.040693965853016989e-01
-4.968817017795280622e-01
-4.893786237316205545e-01
-4.816468624740466442e-01
-4.737927268712469053e-01
-4.659080377232902581e-01
-4.580435651929147811e-01
-4.502008925053407329e-01
-4.423456663066080985e-01
-4.344360343683985048e-01
-4.264535934092165137e-01
-4.184231492823242693e-01
-4.104124931691852107e-01
-4.025120528503476347e-01
-3.948029708264089721e-01
-3.873271691495565605e-01
-3.800721574581976681e-01
-3.729770874379514378e-01
-3.659575344284197729e-01
-3.589385919446408946e-01
-3.518823272713492156e-01
-3.447984884376144588e-01
-3.377334067979038124e-01
-3.307454941645412982e-01
-3.238679907615070186e-01
-3.171075474732116262e-01
-3.103739207773824615e-01
-3.035132832299875516e-01
-2.965163663733645372e-01
-2.894155100014956239e-01
-2.822845189126321763e-01
-2.752040280847821152e-01
-2.682322397213925402e-01
-2.613848719902004958e-01
-2.546361092893211220e-01
-2.479385947964633519e-01
-2.412538893432617793e-01
-2.345797415216180903e-01
-2.279621072943745497e-01
-2.214864237173357342e-01
-2.152516354503669627e-01
-2.093378971938204547e-01
-2.037815555066573858e-01
-1.985678298181320633e-01
-1.936439658856847212e-01
-1.889468403243681205e-01
-1.844328492221954663e-01
-1.800970541462540708e-01
-1.759733312002919325e-01
-1.721155878150985308e-01
-1.685683745942568312e-01
-1.653398757745988823e-01
-1.623892408482663086e-01
-1.596340129398879093e-01
-1.569747352199103996e-01
-1.543264171511871674e-01
-1.516436133943684927e-01
-1.489286608381015509e-01
-1.462199094034626334e-01
-1.435654151377205312e-01
-1.409937989086528509e-01
-1.384951154913255378e-01
-1.360201663754551371e-01
-1.334986410860754813e-01
-1.308682631194133528e-01
-1.281022913169874156e-01
-1.252233648922173592e-01
-1.222975054799215477e-01
-1.194105915423449293e-01
-1.166371366223704353e-01
-1.140145104122560760e-01
-1.115334021661128217e-01
-1.091482982853141659e-01
-1.068031334449121017e-01
-1.044607652307979473e-01
-1.021233068946510447e-01
-9.983432240462039586e-02
-9.766173053375869217e-02
-9.566861128152059912e-02
-9.388436784152687231e-02
-9.228860572504929416e-02
-9.081471196550626457e-02
-8.937175704446174984e-02
-8.787557356784841955e-02
-8.627600596911144670e-02
-8.456901184367984770e-02
-8.278879662249993832e-02
-8.098369456775475483e-02
-7.918642575088910562e-02
-7.739172134720981311e-02
-7.555112167251261390e-02
-7.358737407318505230e-02
-7.142243786363429436e-02
-6.900730889297283788e-02
-6.634111523978368508e-02
-6.347150698444932460e-02
-6.047629016011971115e-02
-5.743414816982954363e-02
-5.439679513016279500e-02
-5.137412279549083416e-02
-4.833823712621244939e-02
-4.524418480943041138e-02
-4.205810303653479548e-02
-3.878047823298517993e-02
-3.545442282662912559e-02
-3.215537230251640927e-02
-2.896655860044011765e-02
-2.595063114410312011e-02
-2.312933899801969395e-02
-2.047964258623270750e-02
-1.794755824412068435e-02
-1.547350778625969023e-02
-1.301817208248609928e-02
-1.057788341076298586e-02
-8.183302915934106275e-03
-5.882440393270908091e-03
-3.715812715646864880e-03
-1.694816686331099623e-03
2.071619778904591779e-04
2.047018735066720874e-03
3.890932329652447858e-03
5.789154616367235377e-03
7.757370853796336993e-03
9.772463264523016668e-03
1.178420505707591937e-02
1.373751241615876750e-02
1.559538332715245008e-02
1.735248126973986185e-02
1.903352595838576564e-02
2.067738693023820837e-02
2.231408255044716252e-02
2.394503016683855942e-02
2.553547942914663471e-02
2.702271846588718412e-02
2.833673831143495095e-02
2.942456766792793735e-02
3.026783754776379148e-02
3.088603558636472332e-02
3.132409486170818769e-02
3.162974953531097477e-02
3.183054488603885568e-02
3.192057284049062971e-02
3.186281966196968102e-02
3.160625077111657577e-02
3.111032611333634790e-02
3.036631582150250627e-02
2.940602005640754329e-02
2.829379078698220085e-02
2.710486586709996010e-02
2.589890941752324982e-02
2.469977682207561559e-02
2.348997399571910866e-02
2.222208165860771120e-02
2.084223698026082053e-02
1.931567125141673072e-02
1.764343763791764719e-02
1.586320935110881528e-02
1.403378030246407726e-02
1.220979361090192283e-02
1.041735356164013790e-02
8.640809759443956670e-03
6.826312033808294884e-03
4.900714743529678390e-03
2.798024815890368371e-03
4.825165684647682047e-04
-2.040860697341640405e-03
-4.732752369227453092e-03
-7.539308401115826092e-03
-1.041706100740782959e-02
-1.335218749814147572e-02
-1.636614008687685765e-02
-1.950551234710477463e-02
-2.282072025239771304e-02
-2.634271112599263776e-02
-3.006756000345547561e-02
-3.395528555236350388e-02
-3.794309421686328787e-02
-4.196719325458958538e-02
-4.598386384137214539e-02
-4.998106519816884752e-02
-5.397611230274402400e-02
-5.800103540659589524e-02
-6.208245557066821574e-02
-6.622497367753880926e-02
-7.040530458032895345e-02
-7.457953144430984338e-02
-7.870005485288390779e-02
-8.273460803486656912e-02
-8.667891582878040069e-02
-9.055748163899265957e-02
-9.441227826729989281e-02
-9.828445239940779288e-02
-1.021971946022670746e-01
-1.061473194643048207e-01
-1.101091558364191841e-01
-1.140488394943268979e-01
-1.179424572394980053e-01
-1.217897549080171199e-01
-1.256170638840639897e-01
-1.294678697820463575e-01
-1.333849564011349575e-01
-1.373918869864349801e-01
-1.414820316493163033e-01
-1.456201829324307306e-01
-1.497563702642892569e-01
-1.538461312597940167e-01
-1.578685686833639912e-01
-1.618343325179108783e-01
-1.657799132133662423e-01
-1.697505191794551893e-01
-1.737788066424107714e-01
-1.778686695715462618e-01
-1.819912919345867408e-01
-1.860954911589218774e-01
-1.901282876273731326e-01
-1.940571985078775319e-01
-1.978848802312629940e-01
-2.016498402658886691e-01
-2.054127257487074476e-01
-2.092337444739630348e-01
-2.131505256662820369e-01
-2.171655889404920103e-01
-2.212485982071631108e-01
-2.253524014649597174e-01
-2.294360812308711695e-01
-2.334853032378841897e-01
-2.375213909264105028e-01
-2.415952841297592801e-01
-2.457688705681325692e-01
-2.500914464589480968e-01
-2.545810621788177075e-01
-2.592184242776601755e-01
-2.639557402480885995e-01
-2.687366420853823379e-01
-2.735187970042741723e-01
-2.782898398590963884e-01
-2.830702123698869421e-01
-2.879020812706526988e-01
-2.928293503668653597e-01
-2.978774232544592060e-01
-3.030413148730205508e-01
-3.082870318114189767e-01
-3.135654505526374591e-01
-3.188326465118847541e-01
-3.240679960944937710e-01
-3.292824718129285233e-01
-3.345138447197952836e-01
-3.398111234146760085e-01
-3.452150810738431885e-01
-3.507432387548912178e-01
-3.563855817688117988e-01
-3.621125342942473901e-01
-3.678913838197545583e-01
-3.737037443586588292e-01
-3.795563242301631668e-01
-3.854802850319556384e-01
-3.915195058509474135e-01
-3.977129049890655854e-01
-4.040785285626987688e-01
-4.106063027866427295e-01
-4.172625392744491180e-01
-4.240041533524394057e-01
-4.307963339154250448e-01
-4.376259254267285126e-01
-4.445046908897944404e-01
-4.514610807634009682e-01
-4.585241909384561998e-01
-4.657070499787040463e-01
-4.729967185198137303e-01
-4.803557525560756547e-01
-4.877346370700029188e-01
-4.950899840338646163e-01
-5.024007027359856936e-01
-5.096751432002532001e-01
-5.169460596760536708e-01
-5.242554735602544813e-01
-5.316358916940420176e-01
-5.390959602159631769e-01
-5.466167814814911763e-01
-5.541605667580470351e-01
-5.616879764431018662e-01
-5.691766942984898270e-01
-5.766331449962612821e-01
-5.840921062888260185e-01
-5.916040918062641651e-01
-5.992156152971526151e-01
-6.069505543206501486e-01
-6.148004626196459377e-01
-6.227279669999860046e-01
-6.306818799914900575e-01
-6.386176966445709091e-01
-6.465148416946040477e-01
-6.543833652948648494e-01
-6.622572391974101969e-01
-6.701770776733259050e-01
-6.781695951394888233e-01
-6.862325323100131325e-01
-6.943315243961012406e-01
-7.024103920785269572e-01
-7.104107095953033912e-01
-7.182926041237344128e-01
-7.260482124300411400e-01
-7.337022923629120674e-01
-7.412998528569521017e-01
-7.488860696864505506e-01
-7.564869277852459550e-01
-7.640986532305966694e-01
-7.716902479155645089e-01
-7.792179092128566076e-01
-7.866451397901745857e-01
-7.939600231091582527e-01
-8.011823966730897695e-01
-8.083579351449599049e-01
-8.155416638933283835e-01
-8.227777959298734345e-01
-8.300842088330895319e-01
-8.374478128179123626e-01
-8.448324155892237286e-01
-8.521954544841521262e-01
-8.595063471545209000e-01
-8.667587048119924642e-01
-8.739714281891145520e-01
-8.811785271670449227e-01
-8.884122958055961083e-01
-8.956872015403742893e-01
-9.029913949629088110e-01
-9.102893651312237155e-01
-9.175344479291475119e-01
-9.246857260440535242e-01
-9.317221181652882711e-01
-9.386478337579717834e-01
-9.454872127680133964e-01
-9.522715869307691872e-01
-9.590241931145553345e-01
-9.657498576308052307e-01
-9.724339201985016112e-01
-9.790507057838681026e-01
-9.855776163439837756e-01
-9.920084540565008435e-01
-9.983599689973008395e-01
-1.004668661709124722e+00
-1.010979202958335765e+00
-1.017329547282449953e+00
-1.023739274424881440e+00
-1.030206250099728660e+00
-1.036712991907624559e+00
-1.043239794591815262e+00
-1.049778623094218322e+00
-1.056341387960271216e+00
-1.062958667641821675e+00
-1.069669174764134922e+00
-1.076504428737840913e+00
-1.083475358704163005e+00
-1.090566885225990656e+00
-1.097743143411397337e+00
-1.104961392725912761e+00
-1.112188806940967334e+00
-1.119414944401368350e+00
-1.126654426094902073e+00
-1.133938509636035930e+00
-1.141299065070199292e+00
-1.148751847553505678e+00
-1.156286425941067453e+00
-1.163867408034557682e+00
-1.171446814899360644e+00
-1.178982630122167086e+00
-1.186455762283983084e+00
-1.193878154535637393e+00
-1.201288386437167288e+00
-1.208736348847433861e+00
-1.216263226284995502e+00
-1.223885099346053273e+00
-1.231587068016718245e+00
-1.239330430768065261e+00
-1.247069945526601220e+00
-1.254773911067349479e+00
-1.262438541588522201e+00
-1.270090430079384047e+00
-1.277775872783964761e+00
-1.285541363334602893e+00
-1.293413325944484216e+00
-1.301385544719073195e+00
-1.309419578680089735e+00
-1.317458047776802310e+00
-1.325445301800891817e+00
-1.333346902608839590e+00
-1.341159869221158596e+00
-1.348909531181880617e+00
-1.356634463403515234e+00
-1.364365974243036295e+00
-1.372110883284283878e+00
-1.379844909178194579e+00
-1.387519499037578541e+00
-1.395079252408197190e+00
-1.402482630190255097e+00
-1.409717300137525164e+00
-1.416803768581507805e+00
-1.423785912552049338e+00
-1.430712536742108076e+00
-1.437617799328769319e+00
-1.444508724242575148e+00
-1.451364911695627535e+00
-1.458150321861367615e+00
-1.464831878060125048e+00
-1.471396791155862971e+00
-1.477861144379354119e+00
-1.484266086885544400e+00
-1.490663311041490857e+00
-1.497096049476637880e+00
-1.503583683770364665e+00
-1.510116433145381798e+00
-1.516662212252606778e+00
-1.523182512123194332e+00
-1.529650310022107051e+00
-1.536062222282335687e+00
-1.542439702694694770e+00
-1.548818905206853946e+00
-1.555233776179355099e+00
-1.561699870689423397e+00
-1.568206039602705770e+00
-1.574717670406141190e+00
-1.581190101542937487e+00
-1.587586371225586435e+00
-1.593891555377902947e+00
-1.600117431291566028e+00
-1.606295428541699710e+00
-1.612460958407887723e+00
-1.618636016475704320e+00
-1.624817757773739046e+00
-1.630978178646758980e+00
-1.637075196277296474e+00
-1.643070390819272975e+00
-1.648945661259272333e+00
-1.654711379795376747e+00
-1.660402242618079560e+00
-1.666062352484180664e+00
-1.671725817501013456e+00
-1.677401233424620663e+00
-1.683066890247659320e+00
-1.688679015502041469e+00
-1.694189754475924570e+00
-1.699567303902552506e+00
-1.704809533995405468e+00
-1.709945078375390004e+00
-1.715021155086111637e+00
-1.720083068119670600e+00
-1.725154003654346901e+00
-1.730223776406134784e+00
-1.735251525975017639e+00
-1.740181516873372303e+00
-1.744965617511463396e+00
-1.749583099816522935e+00
-1.754049392037134281e+00
-1.758409954377072593e+00
-1.762721691967105819e+00
-1.767029586549683451e+00
-1.771348287858065973e+00
-1.775656384129230325e+00
-1.779905794803216201e+00
-1.784042405680043686e+00
-1.788029357082429271e+00
-1.791863280759629751e+00
-1.795576736787426242e+00
-1.799225879878656453e+00
-1.802868544982354271e+00
-1.806541906849951529e+00
-1.810248981656975786e+00
-1.813959474091611401e+00
-1.817624432698195402e+00
-1.821198416013996235e+00
-1.824659811261231557e+00
-1.828020850749058734e+00
-1.831323319746195555e+00
-1.834622031720313906e+00
-1.837963290912675074e+00
-1.841367532677694818e+00
-1.844823369479827058e+00
-1.848295274720123560e+00
-1.851741273039219982e+00
-1.855132797702648384e+00
-1.858468101021234498e+00
-1.861773550524014720e+00
-1.865092486072705169e+00
-1.868466708406503862e+00
-1.871918789183131926e+00
-1.875442907169517337e+00
-1.879008071087030718e+00
-1.882572096827241914e+00
-1.886099977515525161e+00
-1.889578387715643792e+00
-1.893019829438002066e+00
-1.896454570198622847e+00
-1.899913997858748926e+00
-1.903412909705787470e+00
-1.906938810616277014e+00
-1.910453229577713241e+00
-1.913904742545245785e+00
-1.917248144112706276e+00
-1.920461364138842830e+00
-1.923552569204683982e+00
-1.926554110324321334e+00
-1.929505756882215373e+00
-1.932434462359875482e+00
-1.935339614780273942e+00
-1.938190524302410456e+00
-1.940937675974960364e+00
-1.943533253129225091e+00
-1.945952232629121648e+00
-1.948204838100729530e+00
-1.950334619641944656e+00
-1.952402482304335107e+00
-1.954463053828292995e+00
-1.956543234019077371e+00
-1.958632060160735877e+00
-1.960686364234969226e+00
-1.962650016650836937e+00
-1.964478727879844788e+00
-1.966159887642539683e+00
-1.967718879042215097e+00
-1.969208938631390904e+00
-1.970688587296107741e+00
-1.972195976454063082e+00
-1.973730916105998601e+00
-1.975252236503100001e+00
-1.976691764996836520e+00
-1.977979245031971089e+00
-1.979067923506393267e+00
-1.979950241063397565e+00
-1.980657217300338946e+00
-1.981241983461019762e+00
-1.981754588877891576e+00
-1.982218863968404188e+00
-1.982621199467624606e+00
-1.982916008119097961e+00
-1.983045519522331546e+00
-1.982965463563168607e+00
-1.982665747586922045e+00
-1.982177411238725373e+00
-1.981563012646587962e+00
-1.980894636725324842e+00
-1.980228904971633286e+00
-1.979589512176014310e+00
-1.978964460689854654e+00
-1.978318770931896342e+00
-1.977616779746765197e+00
-1.976844061888783921e+00
-1.976019265211035325e+00
-1.975190607261321896e+00
-1.974418494521199996e+00
-1.973751789383975330e+00
-1.973208030897367182e+00
-1.972766196028645780e+00
-1.972375128130627875e+00
-1.971973942334800167e+00
-1.971515498097721641e+00
-1.970982718622057206e+00
-1.970390717039765871e+00
-1.969773947396070035e+00
-1.969164218921622078e+00
-1.968569485800774288e+00
-1.967963065886086937e+00
-1.967288437630767328e+00
-1.966477949091113508e+00
-1.965477608809855781e+00
-1.964267318977882759e+00
-1.962867719825014845e+00
-1.961330505218146669e+00
-1.959716207569536683e+00
-1.958068945708151709e+00
-1.956399062338723738e+00
-1.954681254066971352e+00
-1.952869113219271924e+00
-1.950919822871628906e+00
-1.948818189786661881e+00
-1.946589272987835573e+00
-1.944293650739609580e+00
-1.942006806458336454e+00
-1.939791017474259416e+00
-1.937671511787546486e+00
-1.935627018532581012e+00
-1.933598831561046838e+00
-1.931514662128993809e+00
-1.929317225138974079e+00
-1.926985418705742026e+00
-1.924539057015610233e+00
-1.922025122311459944e+00
-1.919491444760728083e+00
-1.916959203966351222e+00
-1.914406298708279275e+00
-1.911769108762724656e+00
-1.908962378766022816e+00
-1.905909207464512090e+00
-1.902568740513711276e+00
-1.898950040425469554e+00
-1.895106394805703198e+00
-1.891112623967347250e+00
-1.887035143679698601e+00
-1.882907568888186667e+00
-1.878722220223926209e+00
-1.874441046872150185e+00
-1.870021121704374512e+00
-1.865443570264664341e+00
-1.860733261576078990e+00
-1.855960480450563388e+00
-1.851223465449293393e+00
-1.846618858666771779e+00
-1.842212284276820933e+00
-1.838021235298176403e+00
-1.834017192369566507e+00
-1.830145686517806514e+00
-1.826355378351329328e+00
-1.822623435967365868e+00
-1.818966180536722099e+00
-1.815430403448816232e+00
-1.812069177966321165e+00
-1.808912777421098239e+00
-1.805947474876110626e+00
-1.803111648502578657e+00
-1.800311210169073917e+00
-1.797448088490197993e+00
-1.794449902457394996e+00
-1.791288468099337283e+00
-1.787979602362132825e+00
-1.784564748213724572e+00
-1.781082765778158494e+00
-1.777544442875169661e+00
-1.773921052057450876e+00
-1.770152125327329795e+00
-1.766169200037463138e+00
-1.761925264058467500e+00
-1.757417039444532536e+00
-1.752690230492752521e+00
-1.747825149331044603e+00
-1.742908572731939332e+00
-1.738003639560000924e+00
-1.733130458415909736e+00
-1.728265440502616990e+00
-1.723359275244848110e+00
-1.718365399895968926e+00
-1.713266270837900507e+00
-1.708085703465965777e+00
-1.702881612784641563e+00
-1.697722048102269454e+00
-1.692654769744712295e+00
-1.687683569110799198e+00
-1.682761780228115622e+00
-1.677806121190791533e+00
-1.672725258403360504e+00
-1.667451193683290978e+00
-1.661960154107946730e+00
-1.656274751260426559e+00
-1.650445590722346312e+00
-1.644524051260926711e+00
-1.638529556490481376e+00
-1.632451165698366236e+00
-1.626142669113301187e+00
-1.619528763125471116e+00
-1.612640575451886882e+00
-1.605544520970712208e+00
-1.598338637102859172e+00
-1.591113439731314250e+00
-1.583925752438608781e+00
-1.576786301164300630e+00
-1.569669219123650983e+00
-1.562538103451525551e+00
-1.555377268879592600e+00
-1.548214218548088494e+00
-1.541123148698243295e+00
-1.534207389828510903e+00
-1.527567744139339156e+00
-1.521269791692371864e+00
-1.515323781988829221e+00
-1.509685448784479744e+00
-1.504277222803423797e+00
-1.499020660793118020e+00
-1.493866166521066852e+00
-1.488807342893986974e+00
-1.483874008417417345e+00
-1.479107154323734630e+00
-1.474526964197293344e+00
-1.470108093307617159e+00
-1.465773381240049522e+00
-1.461409332091937019e+00
-1.456897387905103480e+00
-1.452148230039354004e+00
-1.447124992044461100e+00
-1.441845943766532967e+00
-1.436365918078356341e+00
-1.430744775865672391e+00
-1.425016677474444604e+00
-1.419173498175087644e+00
-1.413169566772779273e+00
-1.406945646513954928e+00
-1.400461691008890508e+00
-1.393724006010095051e+00
-1.386794712419517683e+00
-1.379778929583739933e+00
-1.372794586110077653e+00
-1.365937181546722723e+00
-1.359253989591332479e+00
-1.352738174344793043e+00
-1.346344803622055109e+00
-1.340021414984162718e+00
-1.333739616606976597e+00
-1.327513839911796278e+00
-1.321398964915670993e+00
-1.315467710624118158e+00
-1.309777490214280693e+00
-1.304341092772733912e+00
-1.299114055393063794e+00
-1.294004557551639012e+00
-1.288902098925541528e+00
-1.283713213547230447e+00
-1.278389483462986531e+00
-1.272936412800693251e+00
-1.267399917919172614e+00
-1.261836799367769490e+00
-1.256282377850032939e+00
-1.250729628294617868e+00
-1.245129130916664106e+00
-1.239410121843646406e+00
-1.233513744951528324e+00
-1.227424222691774203e+00
-1.221184404725430994e+00
-1.214888714319287466e+00
-1.208656089734239769e+00
-1.202594012281301472e+00
-1.196768481956141272e+00
-1.191192220236931831e+00
-1.185835545664174262e+00
-1.180654630144983841e+00
-1.175624381502755611e+00
-1.170761237738313643e+00
-1.166125540149469009e+00
-1.161801997074037196e+00
-1.157866288464708848e+00
-1.154351977852184019e+00
-1.151231906665412197e+00
-1.148422186255479094e+00
-1.145807349124912111e+00
-1.143276260087675578e+00
-1.140753861484093301e+00
-1.138215684199996858e+00
-1.135679509293884060e+00
-1.133178413592929035e+00
-1.130727455385984959e+00
-1.128299003177333670e+00
-1.125817991415651420e+00
-1.123179787666358731e+00
-1.120283555640244844e+00
-1.117067208429036507e+00
-1.113529213992721756e+00
-1.109728000506613466e+00
-1.105759173234410753e+00
-1.101720144951412461e+00
-1.097677092718469360e+00
-1.093648059281739249e+00
-1.089608973623588106e+00
-1.085519448385649177e+00
-1.081356652707706090e+00
-1.077142037488967530e+00
-1.072948731141582401e+00
-1.068885734061135739e+00
-1.065065052359390974e+00
-1.061565327861960117e+00
-1.058407148955403221e+00
-1.055550351373506945e+00
-1.052914315665537393e+00
-1.050412517518545474e+00
-1.047986571264750699e+00
-1.044767003507898195e+00
-1.040546693209507545e+00
-1.035354763066136830e+00
-1.029220335774340578e+00
-1.022172534030679536e+00
-1.014240480531706234e+00
-1.005453297973980087e+00
-9.958401090540597300e-01
-9.854300364684982494e-01
-9.742522029138568351e-01
-9.623357310866877956e-01
-9.497097436835504336e-01
-9.364033634010049401e-01
-9.224457129356020690e-01
-9.078659149839050091e-01
-8.926930922424648474e-01
-8.769563674078411086e-01
-8.606848631765943169e-01
-8.439077022452752264e-01
-8.266540073104473585e-01
-8.089529010686602462e-01
-7.908335062164744134e-01
-7.723249454504516054e-01
-7.534563414671403558e-01
-7.342568169631057406e-01
-7.147554946348962934e-01
-6.949814971790735374e-01
-6.749639472921988848e-01
-6.547319676708197589e-01
-6.343146810115033452e-01
-6.137412100107962898e-01
-5.930406773652607821e-01
-5.722422057714584565e-01
-5.513749179259367361e-01
-5.304679365252620293e-01
-5.095503842659822036e-01
-4.886513838446587266e-01
-4.678000579578531215e-01
-4.470255293021134224e-01
-4.263569205740052603e-01
-4.058233544700770024e-01
-3.854539536868899496e-01
-3.652778409210057919e-01
-3.453241388689721747e-01
-3.256219702273554506e-01
-3.062004576927033206e-01
-2.870887239615775299e-01
-2.683158917305389912e-01
-2.499110836961364601e-01
-2.319034225549350126e-01
-2.143220310034837373e-01
-1.971960317383436023e-01
-1.805545474560751873e-01
-1.644267008532281082e-01
-1.488416146263632500e-01
-1.338284114720407203e-01
-1.194162140868109401e-01
-1.056341451672371118e-01
-9.251132740987029479e-02
-8.007688351127043025e-02
-6.835993616799711237e-02
-5.738960807660226093e-02
-4.719502193364742693e-02
-3.780530043568522403e-02
-2.924956627927513542e-02
-2.155694216097547855e-02
-1.475655077734008835e-02
-8.877514824928711690e-03
-3.948957000295932884e-03
0.000000000000000000e+00
