5.551115123125782702e-17
-8.032957450283948657e-04
-2.800558071229698222e-03
-5.956066392815049897e-03
-1.023410012399806647e-02
-1.559893867899067414e-02
-2.201486147200346077e-02
-2.944614791725163466e-02
-3.785707742894407757e-02
-4.721192942129713577e-02
-5.747498330852100074e-02
-6.861051850482531578e-02
-8.058281442442775944e-02
-9.335615048153499129e-02
-1.068948060903650021e-01
-1.211630606651274561e-01
-1.361251936200310042e-01
-1.517454843692947752e-01
-1.679882123271241590e-01
-1.848176569077385478e-01
-2.021980975253466761e-01
-2.200938135941568341e-01
-2.384690845283892746e-01
-2.572881897422482078e-01
-2.765154086499539976e-01
-2.961150206657153228e-01
-3.160513052037393633e-01
-3.362885416782477876e-01
-3.567910095034435569e-01
-3.775229880935483950e-01
-3.984487568627698151e-01
-4.195325952253154966e-01
-4.407387825954068861e-01
-4.620315983872472221e-01
-4.833753220150580621e-01
-5.047342328930468636e-01
-5.260726104354213062e-01
-5.473547340564034469e-01
-5.685448831701955807e-01
-5.896073371910196537e-01
-6.105063755330831787e-01
-6.312062776105941131e-01
-6.516713228377736256e-01
-6.718657906288250103e-01
-6.917539603979696583e-01
-7.113001115594153045e-01
-7.304685235273700172e-01
-7.492234757160542991e-01
-7.675292475396726655e-01
-7.853501184124451751e-01
-8.026503677485798960e-01
-8.193942749622855626e-01
-8.355461194677822334e-01
-8.510701806792746460e-01
-8.659307380109821928e-01
-8.800920708771133860e-01
-8.935184586918779592e-01
-9.061741808694938616e-01
-9.180235168241679400e-01
-9.290307459701174775e-01
-9.391601477215525406e-01
-9.483760014926829740e-01
-9.566425866977255055e-01
-9.639241827508886473e-01
-9.701850690663877952e-01
-9.753895250584339038e-01
-9.795018301412379280e-01
-9.824862637290141532e-01
-9.843071052359738671e-01
-9.849286340763299119e-01
-9.843151296642940196e-01
-9.827161275563585097e-01
-9.811768860195373421e-01
-9.797387044102721099e-01
-9.784399014223629232e-01
-9.773135379490165420e-01
-9.763849750206059497e-01
-9.756698755419067615e-01
-9.751731902808432606e-01
-9.748893773267790497e-01
-9.748037095995574219e-01
-9.748941919342717366e-01
-9.751334780826266257e-01
-9.754903009010462700e-01
-9.759302506973512870e-01
-9.764161145048447787e-01
-9.769082554080864567e-01
-9.773655461472945394e-01
-9.777471562947954720e-01
-9.780151174458107111e-01
-9.781372152977236833e-01
-9.780895492399840352e-01
-9.778581512753080629e-01
-9.774393486455847935e-01
-9.768389696139916367e-01
-9.760708556226553867e-01
-9.751553044512581980e-01
-9.741179629958515163e-01
-9.729893655749489723e-01
-9.718049175851952715e-01
-9.706048295105754731e-01
-9.694334439092461286e-01
-9.683375987680931107e-01
-9.673640502637511629e-01
-9.665563762385884772e-01
-9.659520265432758324e-01
-9.655801706761634184e-01
-9.654607235794487874e-01
-9.656045184393333702e-01
-9.660142158071637342e-01
-9.666853504078480874e-01
-9.676069930685126108e-01
-9.687618125769268396e-01
-9.701257158770043576e-01
-9.716675510486337819e-01
-9.733494386302048440e-01
-9.751281147996614385e-01
-9.769573001730003092e-01
-9.787907093555927585e-01
-9.805850598897313253e-01
-9.823024351933767884e-01
-9.839116058967917189e-01
-9.853883103340465022e-01
-9.867148675390078338e-01
-9.878796852742258716e-01
-9.888771533144076198e-01
-9.897081144542767550e-01
-9.903807183004820214e-01
-9.909111610630836342e-01
-9.913237358499457086e-01
-9.916498014908452507e-01
-9.919256548739492363e-01
-9.921896931423507260e-01
-9.924795086953663859e-01
-9.928295608622967894e-01
-9.932698114741591588e-01
-9.938253096708268286e-01
-9.945163386334558986e-01
-9.953585550594149511e-01
-9.963626396229334770e-01
-9.975332935985328220e-01
-9.988678216813432487e-01
-1.000354852382467685e+00
-1.001973822467839614e+00
-1.003695649856372496e+00
-1.005484620327066425e+00
-1.007301086086635822e+00
-1.009104301274065474e+00
-1.010854718146759090e+00
-1.012515339033885908e+00
-1.014052145761694890e+00
-1.015434026104392817e+00
-1.016632809649361091e+00
-1.017623927904381720e+00
-1.018387869375683819e+00
-1.018912160554437785e+00
-1.019193263012351025e+00
-1.019237688668876762e+00
-1.019061846651103442e+00
-1.018690560415088431e+00
-1.018154655846417844e+00
-1.017488322765875308e+00
-1.016726965428935925e+00
-1.015905975690506891e+00
-1.015060409325005075e+00
-1.014225119852125268e+00
-1.013434692229260525e+00
-1.012722616990103575e+00
-1.012119512272708022e+00
-1.011650678651283330e+00
-1.011333650360467962e+00
-1.011176514419854566e+00
-1.011177548196916298e+00
-1.011326270614892220e+00
-1.011605499920700035e+00
-1.011993678345526115e+00
-1.012466703552388436e+00
-1.012998807621417585e+00
-1.013562516868738106e+00
-1.014128192408229268e+00
-1.014663890837687932e+00
-1.015136166477871082e+00
-1.015512076696950761e+00
-1.015761951435967481e+00
-1.015862595977637284e+00
-1.015798747544153668e+00
-1.015566332115679593e+00
-1.015169307654985476e+00
-1.014611247425390328e+00
-1.013900593567015118e+00
-1.013049781285471074e+00
-1.012076059639659409e+00
-1.011002130584448988e+00
-1.009856467106484690e+00
-1.008672603542775548e+00
-1.007487290986403217e+00
-1.006337762788092283e+00
-1.005258743986404468e+00
-1.004279951123114412e+00
-1.003424664308492309e+00
-1.002709559924073845e+00
-1.002145534187819820e+00
-1.001738910049950970e+00
-1.001492340952001570e+00
-1.001404935422466558e+00
-1.001471537941723389e+00
-1.001681541729924518e+00
-1.002017892902589802e+00
-1.002456952033706550e+00
-1.002969601249285247e+00
-1.003523534053674116e+00
-1.004086220228105564e+00
-1.004627784498472121e+00
-1.005123078753391574e+00
-1.005552541119960619e+00
-1.005901894402051244e+00
-1.006161154916237699e+00
-1.006323633410918017e+00
-1.006385531290682422e+00
-1.006346407819058042e+00
-1.006210355840846837e+00
-1.005987357802943238e+00
-1.005694149397998061e+00
-1.005354052608815607e+00
-1.004995595488121340e+00
-1.004650167787610071e+00
-1.004349296132444280e+00
-1.004122230024427243e+00
-1.003994374954567670e+00
-1.003986762860916926e+00
-1.004116357188807651e+00
-1.004396708291622309e+00
-1.004838410973890594e+00
-1.005448985753377045e+00
-1.006232122605281942e+00
-1.007186554436901638e+00
-1.008305031446374622e+00
-1.009573870730678502e+00
-1.010973365813106817e+00
-1.012479045135307176e+00
-1.014063491279230789e+00
-1.015698281050501306e+00
-1.017355630305340819e+00
-1.019009499583186873e+00
-1.020636153478345687e+00
-1.022214364789371110e+00
-1.023725536440915906e+00
-1.025153961416497062e+00
-1.026487292866170797e+00
-1.027717132130105071e+00
-1.028839538251656194e+00
-1.029855261478435313e+00
-1.030769596470005656e+00
-1.031591882081452027e+00
-1.032334776696569367e+00
-1.033013464126526060e+00
-1.033644890104414404e+00
-1.034247031108165737e+00
-1.034838117706217586e+00
-1.035435722487532351e+00
-1.036055693578362913e+00
-1.036711034926545816e+00
-1.037410939759290107e+00
-1.038160211470529726e+00
-1.038959225385364116e+00
-1.039804416037007018e+00
-1.040689087713858374e+00
-1.041604226899931485e+00
-1.042539007724157196e+00
-1.043480836560680025e+00
-1.044415021887953987e+00
-1.045324380801903041e+00
-1.046189196614573769e+00
-1.046987864124861556e+00
-1.047698316293619980e+00
-1.048300007914047205e+00
-1.048775969024720922e+00
-1.049114350682547769e+00
-1.049309019626971429e+00
-1.049359076372521571e+00
-1.049267552890694066e+00
-1.049039839785572248e+00
-1.048682474758209970e+00
-1.048202752619446620e+00
-1.047609254625335051e+00
-1.046912984868539009e+00
-1.046128509807463747e+00
-1.045274448231690023e+00
-1.044372879740095961e+00
-1.043447648848099485e+00
-1.042521974451648958e+00
-1.041616059836760977e+00
-1.040745416758374287e+00
-1.039920358806604161e+00
-1.039146689372521193e+00
-1.038427178497738801e+00
-1.037763162187606225e+00
-1.037155607923155198e+00
-1.036605260229844117e+00
-1.036111895356409018e+00
-1.035673102666590406e+00
-1.035283214541497854e+00
-1.034932948812678610e+00
-1.034610038364307982e+00
-1.034300728113372259e+00
-1.033991683335663270e+00
-1.033671711861913201e+00
-1.033332804482745448e+00
-1.032970291922629791e+00
-1.032582268373573697e+00
-1.032168691296666330e+00
-1.031730631398111830e+00
-1.031269998399276355e+00
-1.030789788363580373e+00
-1.030294618808440532e+00
-1.029791168938186896e+00
-1.029288184997369626e+00
-1.028795919584023055e+00
-1.028325144932774604e+00
-1.027886083748619672e+00
-1.027487638592584185e+00
-1.027137153237024814e+00
-1.026840675957646276e+00
-1.026603441130484518e+00
-1.026430168092487216e+00
-1.026324859240645981e+00
-1.026290035274962209e+00
-1.026325661206601403e+00
-1.026428243125049100e+00
-1.026590593306188959e+00
-1.026802543348599439e+00
-1.027052508571550504e+00
-1.027329428825160207e+00
-1.027624405074292646e+00
-1.027931423567265412e+00
-1.028246899430647954e+00
-1.028568252031551111e+00
-1.028892147785646971e+00
-1.029213226120894831e+00
-1.029523968632361175e+00
-1.029815924145182304e+00
-1.030081934338293870e+00
-1.030318546495329723e+00
-1.030527650054363864e+00
-1.030716610001913836e+00
-1.030896716496436216e+00
-1.031080419011877858e+00
-1.031278302980076056e+00
-1.031496895068315212e+00
-1.031738085061380872e+00
-1.032000335773088695e+00
-1.032281155913242321e+00
-1.032579808875303762e+00
-1.032899131787375691e+00
-1.033245687112297029e+00
-1.033628127826234255e+00
-1.034054368773355659e+00
-1.034528640760388862e+00
-1.035049567706600282e+00
-1.035610024584527222e+00
-1.036198856634608978e+00
-1.036803834164656379e+00
-1.037414758727287056e+00
-1.038025602364439637e+00
-1.038634957617771137e+00
-1.039244741325639376e+00
-1.039857762725257206e+00
-1.040475174659327262e+00
-1.041094823415821713e+00
-1.041711114705899277e+00
-1.042316389631632534e+00
-1.042903209475611215e+00
-1.043466614031479889e+00
-1.044005469031203726e+00
-1.044522413078183387e+00
-1.045022478411194333e+00
-1.045510961664712246e+00
-1.045991366186877380e+00
-1.046464145039533111e+00
-1.046926603498610664e+00
-1.047373839143635132e+00
-1.047800208566750824e+00
-1.048200662959474450e+00
-1.048571430486201717e+00
-1.048909861982234348e+00
-1.049213638752103828e+00
-1.049479800099318627e+00
-1.049704082556168983e+00
-1.049880876492236936e+00
-1.050003799343296684e+00
-1.050066605285286947e+00
-1.050064024270640495e+00
-1.049992197287074269e+00
-1.049848604093078341e+00
-1.049631642997147063e+00
-1.049340191456239468e+00
-1.048973469234018907e+00
-1.048531347749125597e+00
-1.048014989806468789e+00
-1.047427490707641073e+00
-1.046774135078784917e+00
-1.046062020722824615e+00
-1.045299076669619076e+00
-1.044492792227710520e+00
-1.043649139418248328e+00
-1.042772126865922688e+00
-1.041864173815339800e+00
-1.040927140206259871e+00
-1.039963546575730646e+00
-1.038977404932275306e+00
-1.037974220740116138e+00
-1.036960070164383074e+00
-1.035940065188839965e+00
-1.034916817200978612e+00
-1.033889561070630680e+00
-1.032854373451006280e+00
-1.031805497810629690e+00
-1.030737342422951119e+00
-1.029646434182878156e+00
-1.028532612912038235e+00
-1.027399044238698655e+00
-1.026251098980829113e+00
-1.025094601971032526e+00
-1.023934205408733700e+00
-1.022772583338630970e+00
-1.021610797946580274e+00
-1.020449697294062208e+00
-1.019291768551599420e+00
-1.018142670526262838e+00
-1.017011786642673110e+00
-1.015911524617885586e+00
-1.014855582309233117e+00
-1.013856798033256679e+00
-1.012925348448880936e+00
-1.012067891326947633e+00
-1.011287853099088974e+00
-1.010586599214576609e+00
-1.009964891249852004e+00
-1.009423959771426738e+00
-1.008965727585844574e+00
-1.008592108087547512e+00
-1.008303708050080960e+00
-1.008098513862660361e+00
-1.007971134631977073e+00
-1.007912929927946566e+00
-1.007912979137224108e+00
-1.007959517703212793e+00
-1.008041310699057114e+00
-1.008148515322381922e+00
-1.008272848372260500e+00
-1.008407198357892387e+00
-1.008545052223993377e+00
-1.008680148251696274e+00
-1.008806608454565046e+00
-1.008919528813922772e+00
-1.009015752624276452e+00
-1.009094439389808473e+00
-1.009157125086969753e+00
-1.009207206467035434e+00
-1.009249056951997181e+00
-1.009287159351130780e+00
-1.009325630186056699e+00
-1.009368308309179785e+00
-1.009419280893128601e+00
-1.009483465001795421e+00
-1.009566784383221449e+00
-1.009675633135219464e+00
-1.009815642666448410e+00
-1.009990127488313849e+00
-1.010198808408583115e+00
-1.010437378507873296e+00
-1.010698181255213157e+00
-1.010971822319464142e+00
-1.011249123847246079e+00
-1.011522646670499848e+00
-1.011787147949200660e+00
-1.012038771739149023e+00
-1.012273320928634313e+00
-1.012484398042503342e+00
-1.012662330408080402e+00
-1.012794534788473255e+00
-1.012867411816116059e+00
-1.012869214390151429e+00
-1.012792875627136935e+00
-1.012637716066111082e+00
-1.012409326535794962e+00
-1.012117609397163553e+00
-1.011773687383115572e+00
-1.011386857707732734e+00
-1.010962773949493965e+00
-1.010503563039379493e+00
-1.010009804577407078e+00
-1.009483525521933878e+00
-1.008930909002175413e+00
-1.008363484487082573e+00
-1.007797139715544299e+00
-1.007249152818707527e+00
-1.006734247688455985e+00
-1.006261099800817904e+00
-1.005830585282815548e+00
-1.005436414681712742e+00
-1.005067881029056753e+00
-1.004713640037006916e+00
-1.004365052832693950e+00
-1.004017817450525651e+00
-1.003671315176963397e+00
-1.003326023753169149e+00
-1.002980131115505102e+00
-1.002626807452993374e+00
-1.002253333464483642e+00
-1.001842546018817393e+00
-1.001376145764603320e+00
-1.000838679218443161e+00
-1.000220748576207574e+00
-9.995203190993766640e-01
-9.987417436656788050e-01
-9.978930037896169836e-01
-9.969823244978364141e-01
-9.960155043028605659e-01
-9.949949486580623725e-01
-9.939206647567037090e-01
-9.927926712767785045e-01
-9.916137224266622363e-01
-9.903911537182710223e-01
-9.891370470777317569e-01
-9.878666097870510976e-01
-9.865953736461753332e-01
-9.853362602270984150e-01
-9.840975622176644233e-01
-9.828824790530124034e-01
-9.816902051832142595e-01
-9.805179718401473288e-01
-9.793631282297614593e-01
-9.782244243388591443e-01
-9.771020740803446625e-01
-9.759967347320350761e-01
-9.749079958038016080e-01
-9.738331440940057870e-01
-9.727668042616447464e-01
-9.717016408833500929e-01
-9.706298434917485229e-01
-9.695448014872697362e-01
-9.684423399619245254e-01
-9.673211275657276342e-01
-9.661822582704728823e-01
-9.650283672757958842e-01
-9.638628056625797580e-01
-9.626893048232565420e-01
-9.615122663441483253e-01
-9.603374634335450910e-01
-9.591727048708443837e-01
-9.580280054146076418e-01
-9.569150281457142748e-01
-9.558459117587130294e-01
-9.548319019023464582e-01
-9.538823187059820574e-01
-9.530042566764197476e-01
-9.522030797371359157e-01
-9.514833993053350980e-01
-9.508499795069220717e-01
-9.503080253358827667e-01
-9.498625807311072977e-01
-9.495171835500451074e-01
-9.492723056460513620e-01
-9.491242716242611621e-01
-9.490652109394428493e-01
-9.490842007361780519e-01
-9.491692643378694116e-01
-9.493095135801310480e-01
-9.494966328494377494e-01
-9.497251501438718213e-01
-9.499914341263006046e-01
-9.502918924967478365e-01
-9.506211992738379246e-01
-9.509713873937273299e-01
-9.513322951640950098e-01
-9.516932878723801670e-01
-9.520456230996634517e-01
-9.523845245561625150e-01
-9.527101079407860329e-01
-9.530267381978546615e-01
-9.533410149042746973e-01
-9.536591302478714116e-01
-9.539845935706434688e-01
-9.543171629760480723e-01
-9.546533306276635544e-01
-9.549880781957337250e-01
-9.553171109360458768e-01
-9.556386001975926137e-01
-9.559536857378404529e-01
-9.562655160667110632e-01
-9.565772144193267490e-01
-9.568896010801064556e-01
-9.571995982812741000e-01
-9.574999571156832534e-01
-9.577804049110313356e-01
-9.580297466012502872e-01
-9.582380980861324726e-01
-9.583984226246167193e-01
-9.585068721399258029e-01
-9.585619531196039045e-01
-9.585630166335993296e-01
-9.585088135775627904e-01
-9.583967692926145254e-01
-9.582232689802143710e-01
-9.579847770547295083e-01
-9.576792486782441660e-01
-9.573071854171149031e-01
-9.568718750940716777e-01
-9.563787397489781350e-01
-9.558341175498161757e-01
-9.552440377562416707e-01
-9.546135111228432057e-01
-9.539465766355110787e-01
-9.532469546442511321e-01
-9.525188479298511979e-01
-9.517673561177822927e-01
-9.509981635899507069e-01
-9.502165376920687079e-01
-9.494260534066505386e-01
-9.486276570128978625e-01
-9.478195877908316413e-01
-9.469983199330609391e-01
-9.461602203840229208e-01
-9.453032557207933229e-01
-9.444279992471408258e-01
-9.435374477362803436e-01
-9.426356621139333480e-01
-9.417257856927727655e-01
-9.408083266403108880e-01
-9.398805521725778211e-01
-9.389374215374828303e-01
-9.379738411134600495e-01
-9.369874217873002120e-01
-9.359806246822348630e-01
-9.349613453008532860e-01
-9.339415634596119897e-01
-9.329344545738449401e-01
-9.319510041955263446e-01
-9.309974166652930094e-01
-9.300743365477787128e-01
-9.291782009969666856e-01
-9.283041855792195651e-01
-9.274495445155961360e-01
-9.266159542344917233e-01
-9.258098398550678176e-01
-9.250404602786381769e-01
-9.243164358928506186e-01
-9.236420567334597820e-01
-9.230148374657370924e-01
-9.224253300564613234e-01
-9.218593380686568306e-01
-9.213017431027283877e-01
-9.207405267297111839e-01
-9.201695040107300549e-01
-9.195888094025617132e-01
-9.190030716062090876e-01
-9.184181225533661896e-01
-9.178376432735442236e-01
-9.172611369768063350e-01
-9.166840517378882502e-01
-9.160999877421497350e-01
-9.155040823377139647e-01
-9.148962053991491761e-01
-9.142826928125885599e-01
-9.136759460417428480e-01
-9.130920740263425150e-01
-9.125475029030871710e-01
-9.120558299704758509e-01
-9.116260270727742920e-01
-9.112624933634985158e-01
-9.109666845486590336e-01
-9.107394289118396769e-01
-9.105828259481399956e-01
-9.105008826890553797e-01
-9.104986439270141840e-01
-9.105802439820429584e-01
-9.107467605806373045e-01
-9.109948064876735030e-01
-9.113164453317004199e-01
-9.117004350310690119e-01
-9.121342493341305646e-01
-9.126060436966669798e-01
-9.131058286001969559e-01
-9.136255317812391752e-01
-9.141581706838638466e-01
-9.146967683276229222e-01
-9.152337449629122101e-01
-9.157612627846993814e-01
-9.162725151927958445e-01
-9.167634605823993255e-01
-9.172342350471206496e-01
-9.176895666757914904e-01
-9.181379238918245811e-01
-9.185896794003138854e-01
-9.190550124651208908e-01
-9.195423941772098431e-01
-9.200582432849840897e-01
-9.206078069656999929e-01
-9.211967435490431289e-01
-9.218325251152281741e-01
-9.225248040162615792e-01
-9.232843049520337297e-01
-9.241204430574814221e-01
-9.250384588357778437e-01
-9.260371406211393985e-01
-9.271080420820901891e-01
-9.282365490137598485e-01
-9.294044281486627535e-01
-9.305929015270475446e-01
-9.317850848107388506e-01
-9.329669036580165997e-01
-9.341262500482157005e-01
-9.352508964273950065e-01
-9.363262337712072725e-01
-9.373340032198191896e-01
-9.382528008259147789e-01
-9.390604118359128227e-01
-9.397372674137656201e-01
-9.402698322846019252e-01
-9.406527260137605984e-01
-9.408888563168612551e-01
-9.409876037352511435e-01
-9.409618325290541874e-01
-9.408249138987678784e-01
-9.405888697598121517e-01
-9.402642202113096204e-01
-9.398613702745751697e-01
-9.393927122261209739e-01
-9.388743206517563555e-01
-9.383262955495238478e-01
-9.377713811286076950e-01
-9.372322061683782124e-01
-9.367280563872352195e-01
-9.362722723909427947e-01
-9.358710980248556854e-01
-9.355242140810151596e-01
-9.352265389544536234e-01
-9.349704336235107327e-01
-9.347473896451994335e-01
-9.345486106924001390e-01
-9.343644602904663810e-01
-9.341832897253457002e-01
-9.339904452327316697e-01
-9.337681689839576471e-01
-9.334967056406420216e-01
-9.331563915264816655e-01
-9.327300773325246652e-01
-9.322051040442820291e-01
-9.315742632869200568e-01
-9.308356231100396450e-01
-9.299915773863487445e-01
-9.290477653327172680e-01
-9.280124790616579578e-01
-9.268968521334144395e-01
-9.257156586185821823e-01
-9.244881705377195891e-01
-9.232384069495263024e-01
-9.219943181464453907e-01
-9.207858919120597285e-01
-9.196426446334911020e-01
-9.185912483105665993e-01
-9.176540052668653580e-01
-9.168485234760977987e-01
-9.161884222537889366e-01
-9.156844446049560160e-01
-9.153451803081451565e-01
-9.151768016245669379e-01
-9.151817072931082153e-01
-9.153565456661330035e-01
-9.156904836181058993e-01
-9.161646158361693715e-01
-9.167530339064833278e-01
-9.174254442613458682e-01
-9.181506006030359934e-01
-9.188994733613073951e-01
-9.196471831965390420e-01
-9.203732400173312289e-01
-9.210603450916174939e-01
-9.216926284699703542e-01
-9.222544385165246661e-01
-9.227305565256460618e-01
-9.231080694033421130e-01
-9.233793611607816754e-01
-9.235451085478567634e-01
-9.236160431054811770e-01
-9.236126384604357309e-01
-9.235626484669573477e-01
-9.234972441447164559e-01
-9.234470311994407155e-01
-9.234392451101894883e-01
-9.234969036506662787e-01
-9.236398586857221815e-01
-9.238868782042432004e-01
-9.242574507749625745e-01
-9.247721295486741599e-01
-9.254508775295314793e-01
-9.263097673992930492e-01
-9.273571537131213294e-01
-9.285907497800598431e-01
-9.299967647949138883e-01
-9.315514979143848517e-01
-9.332248564461356199e-01
-9.349845503543898761e-01
-9.367995123244505784e-01
-9.386414850160824663e-01
-9.404845409400044431e-01
-9.423032084815013976e-01
-9.440704807436219870e-01
-9.457570401137791460e-01
-9.473324793359312324e-01
-9.487684825212072681e-01
-9.500428818396218222e-01
-9.511435025152674694e-01
-9.520695427454434201e-01
-9.528344858158315223e-01
-9.534547811746088009e-01
-9.539479738248208829e-01
-9.543341236531106553e-01
-9.546342794589076641e-01
-9.548714938658854345e-01
-9.550719376887712997e-01
-9.552656615711080379e-01
-9.554860193510888999e-01
-9.557675315082236889e-01
-9.561425803200884754e-01
-9.566378608451306942e-01
-9.572716430691909917e-01
-9.580526028355633716e-01
-9.589803763536985937e-01
-9.600473461241065820e-01
-9.612407494250545525e-01
-9.625441857402987633e-01
-9.639379864952886123e-01
-9.653985220048912907e-01
-9.668970864215082894e-01
-9.683992690967750949e-01
-9.698655766934323186e-01
-9.712535752290691882e-01
-9.725211919105170022e-01
-9.736303236192291877e-01
-9.745497564888716546e-01
-9.752566689191524141e-01
-9.757365514612816870e-01
-9.759819901841993994e-01
-9.759911602673635445e-01
-9.757668939810957287e-01
-9.753168179199755983e-01
-9.746544653636757261e-01
-9.738007208603719489e-01
-9.727846903158408054e-01
-9.716432311926228582e-01
-9.704188685674077774e-01
-9.691564544676444237e-01
-9.678994274728185410e-01
-9.666866849839418352e-01
-9.655508171574770371e-01
-9.645178875594400125e-01
-9.636083246126332380e-01
-9.628380746192575224e-01
-9.622191386539225011e-01
-9.617589833203414873e-01
-9.614589166015389265e-01
-9.613120917321344994e-01
-9.613020919190433666e-01
-9.614029258274777723e-01
-9.615807732314138878e-01
-9.617971681351342728e-01
-9.620127697147660140e-01
-9.621906770667825182e-01
-9.622984741638660466e-01
-9.623087481848129343e-01
-9.621984668245147088e-01
-9.619480526219198468e-01
-9.615410607000083321e-01
-9.609650241856892983e-01
-9.602134278663381206e-01
-9.592881708760707671e-01
-9.582015452372759645e-01
-9.569768370468190177e-01
-9.556471208545002094e-01
-9.542524712580615631e-01
-9.528363831339112799e-01
-9.514424347466837739e-01
-9.501120453033293778e-01
-9.488836537049396558e-01
-9.477930074845837272e-01
-9.468737755849420124e-01
-9.461575897088317921e-01
-9.456729223000881479e-01
-9.454427906987475927e-01
-9.454818815587474612e-01
-9.457940519309074867e-01
-9.463711231197162732e-01
-9.471934554925995897e-01
-9.482321570084890627e-01
-9.494522001816628753e-01
-9.508154575459686342e-01
-9.522828143242738630e-01
-9.538150107844260983e-01
-9.553724870254652890e-01
-9.569149783095403095e-01
-9.584017313643847791e-01
-9.597929271593101941e-01
-9.610523288118930640e-01
-9.621505725567798262e-01
-9.630681491791244220e-01
-9.637971475232788299e-01
-9.643412459803398784e-01
-9.647140661248219118e-01
-9.649365789161414853e-01
-9.650345296327689226e-01
-9.650367092083032006e-01
-9.649744117639318386e-01
-9.648817967042672139e-01
-9.647963927119408423e-01
-9.647588562547033675e-01
-9.648113871639177885e-01
-9.649947838442340942e-01
-9.653447399204830859e-01
-9.658883725841226342e-01
-9.666419585132984826e-01
-9.676104349263552340e-01
-9.687885772698976439e-01
-9.701631672797714767e-01
-9.717151680502043032e-01
-9.734210541508810932e-01
-9.752529438704733433e-01
-9.771778281042442504e-01
-9.791567014347637432e-01
-9.801304561135264493e-01
-9.798462676997008458e-01
-9.783405010643076993e-01
-9.756495210783668881e-01
-9.718096926129001778e-01
-9.668573805389252263e-01
-9.608289497274642432e-01
-9.537607650495385503e-01
-9.456891913761651391e-01
-9.366505935783685510e-01
-9.266813365271644454e-01
-9.158177850935758091e-01
-9.040963041486248519e-01
-8.915532585633270113e-01
-8.782250132087081607e-01
-8.641479329557828493e-01
-8.493583826755739530e-01
-8.338927272391053469e-01
-8.177873315173909141e-01
-8.010785603814577494e-01
-7.838027787023186255e-01
-7.659963513509976396e-01
-7.476956431985193330e-01
-7.289370191158959233e-01
-7.097568439741558377e-01
-6.901914826443107387e-01
-6.702772999973853896e-01
-6.500506609044049977e-01
-6.295479302363800045e-01
-6.088054728643409463e-01
-5.878596536592978206e-01
-5.667468374922763896e-01
-5.455033892343009727e-01
-5.241656737563828994e-01
-5.027700559295517069e-01
-4.813529006248186692e-01
-4.599505727132082722e-01
-4.385994370657458341e-01
-4.173358585534425735e-01
-3.961962020473272506e-01
-3.752168324184116388e-01
-3.544341145377204461e-01
-3.338844132762786576e-01
-3.136040935050973810e-01
-2.936295200952059314e-01
-2.739970579176158050e-01
-2.547430718433516539e-01
-2.359039267434379361e-01
-2.175159874888868416e-01
-1.996156189507264367e-01
-1.822391859999694386e-01
-1.654230535076400277e-01
-1.492035863447622179e-01
-1.336171493823488654e-01
-1.187001074914241783e-01
-1.044888255430114488e-01
-9.101966840812467097e-02
-7.832900095779019023e-02
-6.645318806302258352e-02
-5.542859459484522633e-02
-4.529158542428035616e-02
-3.607852542234415982e-02
-2.782577946006054015e-02
-2.056971240844640558e-02
-1.434668913852424343e-02
-9.193074521315014458e-03
-5.145233427836903850e-03
-2.239530729111954832e-03
-5.123312961592962900e-04
0.000000000000000000e+00
