0.000000000000000000e+00
1.331632500641011414e-03
1.314532582324583936e-03
-1.084361378588418314e-05
-2.604039946527974322e-03
-6.424600274738186123e-03
-1.143206845725240790e-02
-1.758598835290947279e-02
-2.484590382054356270e-02
-3.317135871899487554e-02
-4.252189690709862191e-02
-5.285706224368903056e-02
-6.413639858760815382e-02
-7.631944979768720549e-02
-8.936575973276879303e-02
-1.032348722516871625e-01
-1.178863312132756025e-01
-1.332796804763774490e-01
-1.493744638998232011e-01
-1.661302253424563058e-01
-1.835065086631102460e-01
-2.014628577206179216e-01
-2.199588163738241953e-01
-2.389539284815576647e-01
-2.584077379026632482e-01
-2.782797884959744006e-01
-2.985296241203226897e-01
-3.191167886345543381e-01
-3.400008258974968056e-01
-3.611412797679965925e-01
-3.824976941048855439e-01
-4.040296127669959492e-01
-4.256965796131740309e-01
-4.474581385022470825e-01
-4.692738332930619927e-01
-4.911032078444502180e-01
-5.129058060152438259e-01
-5.346411716642899270e-01
-5.562688486504150376e-01
-5.777483808324659353e-01
-5.990393120692745210e-01
-6.201011862196730284e-01
-6.408935471425077912e-01
-6.613759386966063802e-01
-6.815079047408144630e-01
-7.012489891339647174e-01
-7.205587357348897104e-01
-7.393966884024343322e-01
-7.577223909954278191e-01
-7.754953873727146174e-01
-7.926752213931276270e-01
-8.092214369154997478e-01
-8.250935777986760922e-01
-8.402511879014853413e-01
-8.546538110827718304e-01
-8.682609912013687925e-01
-8.810322721161102377e-01
-8.929271976858387250e-01
-9.039053117693855999e-01
-9.139261582255928662e-01
-9.229492809132948672e-01
-9.309342236913267232e-01
-9.378405304185285507e-01
-9.436277449537345818e-01
-9.482554111557839338e-01
-9.516830728835121711e-01
-9.538702739957557464e-01
-9.547765583513523335e-01
-9.543614698091387183e-01
-9.525845522279512423e-01
-9.494053494666269133e-01
-9.450968211226962179e-01
-9.408024298103652150e-01
-9.365429904407571726e-01
-9.323147519199483924e-01
-9.281100711054290908e-01
-9.239383930247682120e-01
-9.198378986168673777e-01
-9.158722987170990759e-01
-9.121137536855989936e-01
-9.086189787160637854e-01
-9.054086395753238037e-01
-9.024588445718804142e-01
-8.997084568874561539e-01
-8.970792733306658384e-01
-8.945007086287994902e-01
-8.919288090929966550e-01
-8.893519674933257901e-01
-8.867815113700405760e-01
-8.842318888095660467e-01
-8.816996749716562443e-01
-8.791511004416998620e-01
-8.765240662343327660e-01
-8.737443030963745194e-01
-8.707491632484410937e-01
-8.675091563927802563e-01
-8.640382128809570572e-01
-8.603884061879125689e-01
-8.566314336937070895e-01
-8.528347158472966427e-01
-8.490421478551549717e-01
-8.452674010610286004e-01
-8.415021539707797649e-01
-8.377351221756610400e-01
-8.339730559066984572e-01
-8.302540089257536282e-01
-8.266465230296163869e-01
-8.232344692044974988e-01
-8.200935136501954492e-01
-8.172688507645406997e-01
-8.147633934688339741e-01
-8.125411831188020795e-01
-8.105443279574526816e-01
-8.087160811366297386e-01
-8.070201607387711418e-01
-8.054481708854501765e-01
-8.040122474658744078e-01
-8.027265321805264753e-01
-8.015859766754409588e-01
-8.005521882971451397e-01
-7.995530295913388930e-01
-7.984967691150175462e-01
-7.972953020725306317e-01
-7.958870195097214051e-01
-7.942500044858242791e-01
-7.924003306716320694e-01
-7.903765676595229106e-01
-7.882174350296815568e-01
-7.859423835341661224e-01
-7.835435002054453868e-01
-7.809921342686995116e-01
-7.782571523709209682e-01
-7.753266105226672700e-01
-7.722230681618049708e-01
-7.690054362849875202e-01
-7.657560112125335605e-01
-7.625577041401955247e-01
-7.594706935953540183e-01
-7.565179913005395385e-01
-7.536856103427889142e-01
-7.509367928101494671e-01
-7.482337764494085830e-01
-7.455574261837248917e-01
-7.429160854578612527e-01
-7.403397669367636214e-01
-7.378622411363529032e-01
-7.354989191871821319e-01
-7.332303528277773763e-01
-7.309988552712102239e-01
-7.287201710319148873e-01
-7.263056866075824347e-01
-7.236861388069985024e-01
-7.208271517120958816e-01
-7.177304525785044298e-01
-7.144207727180882372e-01
-7.109245738413079163e-01
-7.072502020919586574e-01
-7.033783759002943947e-01
-6.992673584997556313e-01
-6.948707165741879743e-01
-6.901600096663758066e-01
-6.851424948624244005e-01
-6.798659564920779275e-01
-6.744082219221335661e-01
-6.688554589232333925e-01
-6.632781497243322999e-01
-6.577146283896800893e-01
-6.521688093958988297e-01
-6.466226181596370637e-01
-6.410572910231723265e-01
-6.354738733408262785e-01
-6.299035922828102319e-01
-6.244032075490174583e-01
-6.190370144424259813e-01
-6.138530587866938282e-01
-6.088637724648719995e-01
-6.040394938029611804e-01
-5.993179236559564860e-01
-5.946257929707430279e-01
-5.899038121985256122e-01
-5.851245017920186919e-01
-5.802957474079001310e-01
-5.754483244427431865e-01
-5.706150687593692927e-01
-5.658047300330359963e-01
-5.610020430784971035e-01
-5.561294855721456987e-01
-5.510744323816370027e-01
-5.458239146019584487e-01
-5.404053734906520967e-01
-5.348849261691402956e-01
-5.293400635503188179e-01
-5.238334549650248695e-01
-5.183934833966808986e-01
-5.130115724919661613e-01
-5.076563704387394571e-01
-5.022986650063463454e-01
-4.969359830559330060e-01
-4.916060689188450628e-01
-4.863831237127584362e-01
-4.813580138667687414e-01
-4.766104444415535935e-01
-4.721844834973519811e-01
-4.680774091749412280e-01
-4.642462520592060549e-01
-4.606290046134349780e-01
-4.571713989362942154e-01
-4.538479625488757163e-01
-4.506686405011744445e-01
-4.476684962612569874e-01
-4.448852127365114928e-01
-4.423342853766448757e-01
-4.399927095205887206e-01
-4.377982860617499750e-01
-4.356650371527127641e-01
-4.335084545514152898e-01
-4.312702572302751780e-01
-4.289326759750780593e-01
-4.265168046505075083e-01
-4.240662935294884917e-01
-4.216237275866708267e-01
-4.192098824154838477e-01
-4.168145533507425782e-01
-4.144025227816862111e-01
-4.119317035924062731e-01
-4.093753613387505208e-01
-4.067387199404945974e-01
-4.040628040671961907e-01
-4.014138990002408258e-01
-3.988631087457996660e-01
-3.964645682536802052e-01
-3.942412241340984558e-01
-3.921836257024971517e-01
-3.902614850160185944e-01
-3.884423575294828623e-01
-3.867089660801945050e-01
-3.850675932683265135e-01
-3.835441159914126374e-01
-3.821697816330328346e-01
-3.809632932824971174e-01
-3.799172587028583625e-01
-3.789949970164508408e-01
-3.781390600324468498e-01
-3.772876889911042086e-01
-3.763920509206881149e-01
-3.754269333100156980e-01
-3.743906383539630234e-01
-3.732947081969612557e-01
-3.721486387941527196e-01
-3.709468993585665064e-01
-3.696644267248292426e-01
-3.682628310790870829e-01
-3.667046019903169585e-01
-3.649689041745062812e-01
-3.630617390427628988e-01
-3.610156954113845074e-01
-3.588791357145462158e-01
-3.566994034256617541e-01
-3.545073673879249321e-01
-3.523100887325824049e-01
-3.500948206167438514e-01
-3.478424896899890983e-01
-3.455444915933268413e-01
-3.432150011338205298e-01
-3.408928222129617991e-01
-3.386313388060690488e-01
-3.364804238916635493e-01
-3.344678908218833291e-01
-3.325885564991836185e-01
-3.308059349126677429e-01
-3.290662477640211581e-01
-3.273191021069611906e-01
-3.255361765636402560e-01
-3.237199622081315398e-01
-3.218987501342735480e-01
-3.201099225285763961e-01
-3.183786913149886932e-01
-3.167015314709732410e-01
-3.150417200423071273e-01
-3.133393567210431829e-01
-3.115321129271294565e-01
-3.095783291715260011e-01
-3.074729392234876180e-01
-3.052495647356682773e-01
-3.029678219063712818e-01
-3.006910285226819246e-01
-2.984635011793633219e-01
-2.962967976154082250e-01
-2.941704980901874711e-01
-2.920470013161249323e-01
-2.898939266089418099e-01
-2.877045239786815145e-01
-2.855073685251072191e-01
-2.833611682908280804e-01
-2.813367780137856489e-01
-2.794938533555073601e-01
-2.778617546665896887e-01
-2.764324250176132258e-01
-2.751678735534365816e-01
-2.740187770200722128e-01
-2.729461568646543435e-01
-2.719370001769771394e-01
-2.710074786821973780e-01
-2.701928393685351093e-01
-2.695287491963188620e-01
-2.690324373390483581e-01
-2.686919040658388158e-01
-2.684678383500124221e-01
-2.683073100745575479e-01
-2.681632194436847083e-01
-2.680110898508219486e-01
-2.678560762580832200e-01
-2.677274533933995948e-01
-2.676633748752660358e-01
-2.676929095156543315e-01
-2.678234454200240089e-01
-2.680390433243810544e-01
-2.683103564157716669e-01
-2.686115158395354086e-01
-2.689362123248519310e-01
-2.693054945349689921e-01
-2.697634420517813769e-01
-2.703622671105251341e-01
-2.711431784839797299e-01
-2.721213761601774528e-01
-2.732818946654140824e-01
-2.745883420943409647e-01
-2.760008936326587836e-01
-2.774956931541861516e-01
-2.790769835373662078e-01
-2.807762639722153897e-01
-2.826383435479482009e-01
-2.846999685847728667e-01
-2.869701707624197073e-01
-2.894210591862297344e-01
-2.919935565844993808e-01
-2.946162976375581444e-01
-2.972302202932986526e-01
-2.998087339852232858e-01
-3.023649407686109236e-01
-3.049426301353689306e-01
-3.075945167163091076e-01
-3.103566179454192442e-01
-3.132294623901686892e-01
-3.161741626286792561e-01
-3.191253216100971013e-01
-3.220157475447111839e-01
-3.248029537105721065e-01
-3.274865265896590438e-01
-3.301090692114011516e-01
-3.327400979836781514e-01
-3.354492500951555822e-01
-3.382795723555436229e-01
-3.412316305077416900e-01
-3.442647376462718567e-01
-3.473146108448068037e-01
-3.503201047743258467e-01
-3.532480613645059275e-01
-3.561062127873997896e-01
-3.589390698795865697e-01
-3.618087261315283687e-01
-3.647686157491470405e-01
-3.678409945149180293e-01
-3.710072002469010366e-01
-3.742143765015286117e-01
-3.773955693009418688e-01
-3.804947548557445769e-01
-3.834866009461953551e-01
-3.863832324557371356e-01
-3.892258372101369268e-01
-3.920652251802062560e-01
-3.949398269384516991e-01
-3.978603352063864729e-01
-4.008070330222827660e-01
-4.037403066782001559e-01
-4.066193179747017439e-01
-4.094206057209652250e-01
-4.121487692724930540e-01
-4.148350636802452529e-01
-4.175250333294912020e-01
-4.202609206331020530e-01
-4.230665627301269938e-01
-4.259410787623855721e-01
-4.288635736675878718e-01
-4.318061848007062609e-01
-4.347492359792526906e-01
-4.376915648134497849e-01
-4.406514822400262599e-01
-4.436581757523123670e-01
-4.467377084076177285e-01
-4.499001636306147467e-01
-4.531339030559480840e-01
-4.564096233054464324e-01
-4.596924091516765287e-01
-4.629563437374524248e-01
-4.661950563514293266e-01
-4.694233931286644901e-01
-4.726693854711055409e-01
-4.759600886620308779e-01
-4.793077030671780703e-01
-4.827023868562966280e-01
-4.861152886886478397e-01
-4.895108108029400107e-01
-4.928629356216530644e-01
-4.961684741793260800e-01
-4.994512403099121145e-01
-5.027549687708715576e-01
-5.061276561556606879e-01
-5.096038025585510889e-01
-5.131920923240118615e-01
-5.168738659683197456e-01
-5.206131947801825310e-01
-5.243743931157085481e-01
-5.281395427639372642e-01
-5.319184995279735428e-01
-5.357469548200716192e-01
-5.396731524585987039e-01
-5.437386871823590706e-01
-5.479613817181201441e-01
-5.523274480281958887e-01
-5.567963003318957549e-01
-5.613161124075950470e-01
-5.658437173834598433e-01
-5.703606421556074446e-01
-5.748787160014993125e-01
-5.794330861947720734e-01
-5.840657518263231429e-01
-5.888066618574220312e-01
-5.936603620039438978e-01
-5.986037494963186711e-01
-6.035957516761778496e-01
-6.085947188581039002e-01
-6.135761338726148928e-01
-6.185432194689626240e-01
-6.235261439695957142e-01
-6.285703874435509819e-01
-6.337193608166553638e-01
-6.389986552167380429e-01
-6.444084080259898650e-01
-6.499266495906496077e-01
-6.555217402460560283e-01
-6.611681721524482747e-01
-6.668587274092792061e-01
-6.726077640729837270e-01
-6.784444062624778171e-01
-6.843988626361785510e-01
-6.904880412012597279e-01
-6.967068095139442585e-01
-7.030286339741065316e-01
-7.094151108637016812e-01
-7.158299689950257116e-01
-7.222512251806956218e-01
-7.286761138022488371e-01
-7.351167710111864428e-01
-7.415888913886795608e-01
-7.480987786477092394e-01
-7.546349499026157037e-01
-7.611683850320964950e-01
-7.676615583156360945e-01
-7.740823208703343505e-01
-7.804163620282212888e-01
-7.866724554937876146e-01
-7.928778360295933858e-01
-7.990654862621001664e-01
-8.052588624658327809e-01
-8.114609397448949712e-01
-8.176527330223453127e-01
-8.238023294616660941e-01
-8.298807260486475990e-01
-8.358775102206081886e-01
-8.418091652706617412e-01
-8.477157409359667994e-01
-8.536466085543684690e-01
-8.596409160927077631e-01
-8.657109676024268285e-01
-8.718358647621244906e-01
-8.779686290781014701e-01
-8.840543394721758208e-01
-8.900519787035912067e-01
-8.959508014982441315e-01
-9.017740364133437492e-01
-9.075678916291322063e-01
-9.133800393682723895e-01
-9.192363897095859882e-01
-9.251260112656611856e-01
-9.310009601321648232e-01
-9.367917312148987818e-01
-9.424325170388091477e-01
-9.478861840423810081e-01
-9.531587159968915035e-01
-9.582969740772239176e-01
-9.633703663577168896e-01
-9.684436559063096528e-01
-9.735519186492554988e-01
-9.786879227623006550e-01
-9.838072215986068958e-01
-9.888490357318510116e-01
-9.937644933885533272e-01
-9.985406860772400028e-01
-1.003210590019199433e+00
-1.007844599194992474e+00
-1.012526883720086923e+00
-1.017325969951202058e+00
-1.022271301532609922e+00
-1.027345115645323936e+00
-1.032492750294982997e+00
-1.037647034967618120e+00
-1.042756764057567231e+00
-1.047807719513992764e+00
-1.052827872910380824e+00
-1.057874923259187305e+00
-1.063011521815715454e+00
-1.068278462089101932e+00
-1.073676791408705311e+00
-1.079165976846456543e+00
-1.084678618145688667e+00
-1.090145494401793869e+00
-1.095520693289632419e+00
-1.100796793722444544e+00
-1.106004382352456794e+00
-1.111196707106958614e+00
-1.116426275312532468e+00
-1.121723239630891156e+00
-1.127084318780391836e+00
-1.132476346764765163e+00
-1.137852363671573164e+00
-1.143173057371851709e+00
-1.148424427127177072e+00
-1.153624461887144070e+00
-1.158816468411279388e+00
-1.164052330141413627e+00
-1.169373033793513095e+00
-1.174794627320966178e+00
-1.180305131009000030e+00
-1.185873036385964197e+00
-1.191463094394250799e+00
-1.197052195955288667e+00
-1.202638452476248565e+00
-1.208239853099053018e+00
-1.213883589726775458e+00
-1.219591203685566727e+00
-1.225366370299406871e+00
-1.231190746892739662e+00
-1.237029562031831453e+00
-1.242844232015406725e+00
-1.248606215699806121e+00
-1.254305900998458956e+00
-1.259952686136634359e+00
-1.265566473670088676e+00
-1.271164700010083193e+00
-1.276751028062828697e+00
-1.282311045046724329e+00
-1.287817094093747228e+00
-1.293240164319657604e+00
-1.298563468287314393e+00
-1.303791460655514545e+00
-1.308949988973521883e+00
-1.314077194821645644e+00
-1.319208956204017902e+00
-1.324365207792692845e+00
-1.329543232319226442e+00
-1.334721046009096135e+00
-1.339869572464670977e+00
-1.344968351631652403e+00
-1.350017819313071410e+00
-1.355042525173177470e+00
-1.360083498903463806e+00
-1.365182688548991274e+00
-1.370365946663373524e+00
-1.375631859613312136e+00
-1.380951390418819980e+00
-1.386278783938696746e+00
-1.391569376685113379e+00
-1.396796912020233483e+00
-1.401963050790472343e+00
-1.407094982659669702e+00
-1.412232044227041516e+00
-1.417406927516561277e+00
-1.422629410159514052e+00
-1.427879545257098703e+00
-1.433113307791852753e+00
-1.438278462161472371e+00
-1.443334101999888652e+00
-1.448265745588499520e+00
-1.453089721170017112e+00
-1.457845060426831818e+00
-1.462576331777005967e+00
-1.467314595908769448e+00
-1.472064381495526098e+00
-1.476801977696647450e+00
-1.481485540675699042e+00
-1.486072556938212275e+00
-1.490537191291968266e+00
-1.494880214112821015e+00
-1.499127472178598541e+00
-1.503317793801987490e+00
-1.507485670624342688e+00
-1.511646155436023431e+00
-1.515788303310154461e+00
-1.519879693825208156e+00
-1.523879778697542431e+00
-1.527756080954221218e+00
-1.531496211087118420e+00
-1.535110676579090505e+00
-1.538625611039304619e+00
-1.542068987684221293e+00
-1.545456666015939673e+00
-1.548784553745725656e+00
-1.552030313657133620e+00
-1.555163699793661536e+00
-1.558160714328910235e+00
-1.561015070316214448e+00
-1.563741685078414045e+00
-1.566370557818006493e+00
-1.568933802890219553e+00
-1.571451784880707692e+00
-1.573924791205958851e+00
-1.576334238298544799e+00
-1.578653094991883776e+00
-1.580860939823403699e+00
-1.582956781258491263e+00
-1.584963546894427422e+00
-1.586921724276843415e+00
-1.588874479416804153e+00
-1.590850550971399713e+00
-1.592852519655727717e+00
-1.594856010184845463e+00
-1.596820779853409089e+00
-1.598709427449783504e+00
-1.600505894118769978e+00
-1.602225649163630194e+00
-1.603912706063088001e+00
-1.605624108793732630e+00
-1.607407980464465425e+00
-1.609284270010266749e+00
-1.611236527065450730e+00
-1.613218644396079426e+00
-1.615174291679505325e+00
-1.617061314764794311e+00
-1.618871028736593054e+00
-1.620634163809389072e+00
-1.622410570103501204e+00
-1.624266477576866041e+00
-1.626248353469644581e+00
-1.628363994391752723e+00
-1.630578704008190716e+00
-1.632828328285055974e+00
-1.635044023592143070e+00
-1.637178767792536904e+00
-1.639224825824307619e+00
-1.641215015161799906e+00
-1.643207212514260052e+00
-1.645258403841543648e+00
-1.647398881735035570e+00
-1.649617136084073010e+00
-1.651861569293190612e+00
-1.654058277008307654e+00
-1.656137603985732287e+00
-1.658058693828842634e+00
-1.659822211455203034e+00
-1.661466389502584073e+00
-1.663048434946107434e+00
-1.664619254069695131e+00
-1.666201997005367863e+00
-1.667783096377915886e+00
-1.669319112827857721e+00
-1.670756090217420775e+00
-1.672053033563494884e+00
-1.673199635573460853e+00
-1.674221035652541101e+00
-1.675167993991508286e+00
-1.676096995244089394e+00
-1.677048872419556469e+00
-1.678034885341354032e+00
-1.679035740231375140e+00
-1.680013342088231276e+00
-1.680929656944078809e+00
-1.681764210549906213e+00
-1.682522625104847513e+00
-1.683232735322538476e+00
-1.683930365305919885e+00
-1.684641349065562954e+00
-1.685367908510276402e+00
-1.686085448181905644e+00
-1.686751135001181012e+00
-1.687320393037021304e+00
-1.687763964153629948e+00
-1.688077984915982599e+00
-1.688282679978458489e+00
-1.688410371301519941e+00
-1.688488298770642881e+00
-1.688524116077685377e+00
-1.688500791277199653e+00
-1.688383492711382994e+00
-1.688135672903828155e+00
-1.687737357698644081e+00
-1.687197495464545671e+00
-1.686554644020063831e+00
-1.685865264736382318e+00
-1.685184301189858180e+00
-1.684546175080210428e+00
-1.683954308532874755e+00
-1.683383740518741956e+00
-1.682795826214310786e+00
-1.682158772434596772e+00
-1.681465134156078900e+00
-1.680738545253614102e+00
-1.680026442481344473e+00
-1.679381487957872787e+00
-1.678839283623307921e+00
-1.678401702106639970e+00
-1.678032948504096789e+00
-1.677670220191085138e+00
-1.677244751314020954e+00
-1.676704665897267965e+00
-1.676030300333773315e+00
-1.675235827728549953e+00
-1.674356757338715251e+00
-1.673428794307451728e+00
-1.672467125500778584e+00
-1.671454957976625799e+00
-1.670346203630540760e+00
-1.669081242918952768e+00
-1.667609230724711677e+00
-1.665907717895835694e+00
-1.663991552981288979e+00
-1.661907561585682869e+00
-1.659717433163025557e+00
-1.657476069598304180e+00
-1.655214356716712132e+00
-1.652933227843911279e+00
-1.650610952939339349e+00
-1.648219950695753777e+00
-1.645745482584973551e+00
-1.643197981014344666e+00
-1.640613709630436956e+00
-1.638043595090999283e+00
-1.635535152636228062e+00
-1.633115278669424741e+00
-1.630781132010109991e+00
-1.628502688837305534e+00
-1.626235467631603093e+00
-1.623937613224674781e+00
-1.621583852393994718e+00
-1.619170462640698638e+00
-1.616709555547618526e+00
-1.614215790000784967e+00
-1.611691972360913994e+00
-1.609120411480075230e+00
-1.606464216963445546e+00
-1.603678188426622020e+00
-1.600724586988293341e+00
-1.597586854050892846e+00
-1.594275239617942486e+00
-1.590821913888245343e+00
-1.587267868118518832e+00
-1.583647595517718720e+00
-1.579978524831229247e+00
-1.576260015876471243e+00
-1.572482363687014439e+00
-1.568641634707990562e+00
-1.564753354812391306e+00
-1.560858374863242526e+00
-1.557017576945088022e+00
-1.553297017399681179e+00
-1.549749458101244981e+00
-1.546400057732193023e+00
-1.543242409510929392e+00
-1.540246729949814153e+00
-1.537376706300388252e+00
-1.534607629735940781e+00
-1.531937723732512246e+00
-1.529387420236573591e+00
-1.526986572402231790e+00
-1.524754987147977969e+00
-1.522684842552782802e+00
-1.520733032235404236e+00
-1.518827431713332121e+00
-1.516885189880722296e+00
-1.514835919911940998e+00
-1.512640377589043794e+00
-1.510296924616890690e+00
-1.507833124674172076e+00
-1.505286103458783664e+00
-1.502680142007638331e+00
-1.500011260180031947e+00
-1.497245669608152419e+00
-1.494333083367330062e+00
-1.491229444697752538e+00
-1.487919434218093251e+00
-1.484428968582971686e+00
-1.480821939173949886e+00
-1.477181999373910593e+00
-1.473586524924484387e+00
-1.470083264970514003e+00
-1.466679161158363831e+00
-1.463345723823765709e+00
-1.460038404212195662e+00
-1.456721496964339169e+00
-1.453387765195193193e+00
-1.450064217921701815e+00
-1.446801365408912687e+00
-1.443650350617874167e+00
-1.440637605999787185e+00
-1.437747874990225272e+00
-1.434923037362434650e+00
-1.432077596970121824e+00
-1.429124694382617911e+00
-1.426002126249990010e+00
-1.422687757274615050e+00
-1.419198562303152222e+00
-1.415573432528725473e+00
-1.411849598618647450e+00
-1.408037626910341400e+00
-1.404121529306269878e+00
-1.399997361138771934e+00
-1.395605612063741008e+00
-1.390960142487796203e+00
-1.386108712330009318e+00
-1.381130538622366233e+00
-1.376108115394497400e+00
-1.371104617639127499e+00
-1.366149950651950773e+00
-1.361242778931467612e+00
-1.356366457041539464e+00
-1.351511524616116011e+00
-1.346694462700160688e+00
-1.341964151767581104e+00
-1.337392826269240942e+00
-1.333055050865328939e+00
-1.329003432883291591e+00
-1.325251217723977692e+00
-1.321768992729018155e+00
-1.318496719813521123e+00
-1.315365821658514456e+00
-1.312321848121881018e+00
-1.309338174947242361e+00
-1.306415219919980331e+00
-1.303566023044067768e+00
-1.300794987755000243e+00
-1.298079555877537539e+00
-1.295363320142191466e+00
-1.292564128024713543e+00
-1.289594242299692439e+00
-1.286384396453356782e+00
-1.282901869147310636e+00
-1.279155229346008671e+00
-1.275184074191168193e+00
-1.271038449441573848e+00
-1.266756966077256408e+00
-1.262353051600209497e+00
-1.257815129424875611e+00
-1.253120380011892632e+00
-1.248255763935504969e+00
-1.243236762613266322e+00
-1.238115204299445438e+00
-1.232972228421026495e+00
-1.227898826716315339e+00
-1.222971746436164908e+00
-1.218234549029982627e+00
-1.213691428754144486e+00
-1.209315955195904513e+00
-1.205070557518171048e+00
-1.200928045790853327e+00
-1.196885711521674001e+00
-1.192965880762116404e+00
-1.189202763266094420e+00
-1.185621472423540768e+00
-1.182218579411262738e+00
-1.178953004639765156e+00
-1.175751678329088890e+00
-1.172528095707296991e+00
-1.169206368275715224e+00
-1.165741023210471905e+00
-1.162124625852359205e+00
-1.158380515457615001e+00
-1.154544327652193836e+00
-1.150642717147415395e+00
-1.146678789869304937e+00
-1.142630737298444998e+00
-1.138464342856866374e+00
-1.134153916109185811e+00
-1.129702445014206136e+00
-1.125151969805652241e+00
-1.120579285663342306e+00
-1.116078309526900902e+00
-1.111736121642610708e+00
-1.107612370487860654e+00
-1.103730257072385923e+00
-1.100082326547192402e+00
-1.096647934613099284e+00
-1.093414264891907184e+00
-1.090391315234787495e+00
-1.087613967288961092e+00
-1.085129935399857803e+00
-1.082978623091672699e+00
-1.081169992709405614e+00
-1.079672683091951857e+00
-1.078416763616363738e+00
-1.077310332699604967e+00
-1.076263311180115423e+00
-1.075208763055117922e+00
-1.074113201740396484e+00
-1.072972123039048764e+00
-1.071793384356993339e+00
-1.070576279947170750e+00
-1.069295986611292548e+00
-1.067900686748155525e+00
-1.066323131509755218e+00
-1.064502071677951411e+00
-1.062404589674028843e+00
-1.060039827670925305e+00
-1.057458159722858948e+00
-1.054735977083896215e+00
-1.051952320036443123e+00
-1.049167001050356873e+00
-1.046409131114299562e+00
-1.043680390708321859e+00
-1.040970984960249091e+00
-1.038280729133699065e+00
-1.035635490413723936e+00
-1.033091229319325066e+00
-1.030723270924451374e+00
-1.028604872966825345e+00
-1.026783872861905866e+00
-1.025267152767138645e+00
-1.024019439524900710e+00
-1.022976931308007487e+00
-1.022069996679570991e+00
-1.021245407289194995e+00
-1.019553403207794640e+00
-1.016767320549317288e+00
-1.012918934882672817e+00
-1.008040021776767770e+00
-1.002162356800513132e+00
-9.953177155228137840e-01
-9.875378735125805996e-01
-9.788546063387230101e-01
-9.692996895701461169e-01
-9.589048987757624598e-01
-9.477020095244763631e-01
-9.357227973851979241e-01
-9.229990379268385725e-01
-9.095625067183014112e-01
-8.954449793285005343e-01
-8.806782313263383788e-01
-8.652940382807263742e-01
-8.493241757605762832e-01
-8.328004193347902095e-01
-8.157545445722833577e-01
-7.982183270419566101e-01
-7.802235423127221736e-01
-7.618019659534930321e-01
-7.429853735331689579e-01
-7.238055406206673759e-01
-7.042942427848871700e-01
-6.844832555947422126e-01
-6.644043546191447103e-01
-6.440893154269943244e-01
-6.235699135872090348e-01
-6.028779246686872817e-01
-5.820451242403427150e-01
-5.611032878710882077e-01
-5.400841911298229769e-01
-5.190196095854646696e-01
-4.979413188069127805e-01
-4.768810943630801269e-01
-4.558707118228795818e-01
-4.349419467552109730e-01
-4.141265747289913368e-01
-3.934563713131202789e-01
-3.729631120765108387e-01
-3.526785725880758338e-01
-3.326345284167148142e-01
-3.128627551313452049e-01
-2.933950283008665005e-01
-2.742631234941917406e-01
-2.554988162802333540e-01
-2.371338822278915848e-01
-2.192000969060827753e-01
-2.017292358837078914e-01
-1.847530747296790010e-01
-1.683033890129084220e-01
-1.524119543022970924e-01
-1.371105461667572467e-01
-1.224309401752007309e-01
-1.084049118965293157e-01
-9.506423689965760870e-02
-8.244069075348819942e-02
-7.056604902693264236e-02
-5.947208728890160390e-02
-4.919058110829910291e-02
-3.975330605403740170e-02
-3.119203769502126855e-02
-2.353855160016135595e-02
-1.682462333836723389e-02
-1.108202847854472539e-02
-6.342542589604427405e-03
-2.637941240453051117e-03
2.775557561562891351e-17
