-4.336808689942017736e-19
-2.033151631945633053e-04
-3.917341238865318116e-04
-5.658252848031201584e-04
-7.261570486716980265e-04
-8.732978182195234775e-04
-1.007815996173861512e-03
-1.130279985262069289e-03
-1.241258188211387956e-03
-1.341319007749161660e-03
-1.431030846602661692e-03
-1.510962107499165194e-03
-1.581681193166003738e-03
-1.643756506330442324e-03
-1.697756449719804066e-03
-1.744249426061369578e-03
-1.783803838082426846e-03
-1.816988088510288575e-03
-1.844370580072236896e-03
-1.866519715495577360e-03
-1.884003897507600337e-03
-1.897391528835600536e-03
-1.907251012206876350e-03
-1.914150750348722271e-03
-1.918659145988434525e-03
-1.921344601853308687e-03
-1.922775520670639247e-03
-1.923520305167722650e-03
-1.924147358071854469e-03
-1.925225082110330280e-03
-1.927321880010446527e-03
-1.931006154499496832e-03
-1.936846308304779590e-03
-1.945410744153586906e-03
-1.957267864773218260e-03
-1.972986072890968792e-03
-1.993133771234128875e-03
-2.018279362530001238e-03
-2.048991249505873000e-03
-2.085837834889052098e-03
-2.129387521406829117e-03
-2.180208711786485974e-03
-2.238869808755342312e-03
-2.305939215040666602e-03
-2.381985333369785428e-03
-2.467576566469979402e-03
-2.563281317068523933e-03
-2.669667987892754279e-03
-2.787304981669921130e-03
-2.916760701127371451e-03
-3.058603548992375448e-03
-3.213401927992194651e-03
-3.381724240854193375e-03
-3.564138890305589783e-03
-3.761214279073762934e-03
-3.973518809885970456e-03
-4.201620885469453497e-03
-4.446088908551609764e-03
-4.707491281859627064e-03
-4.986396408120916113e-03
-5.283372690062716759e-03
-5.598988530412253237e-03
-5.933812331896961417e-03
-6.288412497243985738e-03
-6.663357429180782020e-03
-7.059215530434569293e-03
-7.446055069931497260e-03
-7.713886423124219349e-03
-7.888212398841765519e-03
-8.033758244129588291e-03
-8.226562220765646846e-03
-8.521266578607411546e-03
-8.927663095733995996e-03
-9.406544581792736573e-03
-9.886606363708383763e-03
-1.029510103945933258e-02
-1.058905591584830518e-02
-1.077364310758023407e-02
-1.089984137816729648e-02
-1.104243675949022688e-02
-1.126784512459974748e-02
-1.160558912258016252e-02
-1.203566732159063422e-02
-1.249720929137060170e-02
-1.291466374888407438e-02
-1.323024559472718228e-02
-1.342869967511463661e-02
-1.354376189788407056e-02
-1.364357173421908848e-02
-1.380132800163464540e-02
-1.406382602650598293e-02
-1.443140041647409874e-02
-1.485785704307467613e-02
-1.527038226917647873e-02
-1.560084304532169744e-02
-1.581501688412645032e-02
-1.592720283935705403e-02
-1.599397280143623895e-02
-1.608979077460845342e-02
-1.627500172396729311e-02
-1.656994379040462734e-02
-1.694628271769870603e-02
-1.733925523259658569e-02
-1.767552865878095625e-02
-1.790468984804778618e-02
-1.802083946113892596e-02
-1.806503934121364216e-02
-1.810759358477582320e-02
-1.821780107400579329e-02
-1.843418587130177255e-02
-1.874800479630190156e-02
-1.910708928896700382e-02
-1.943832557646320985e-02
-1.967908433518069516e-02
-1.980408734095714593e-02
-1.983618112424568106e-02
-1.983642692689198059e-02
-1.987780605139338394e-02
-2.001386063729058279e-02
-2.025574028326271314e-02
-2.056749066806582912e-02
-2.088157320487769517e-02
-2.112791860646146339e-02
-2.126401846742115992e-02
-2.129313328457272878e-02
-2.126281859486335926e-02
-2.124443188119031628e-02
-2.130244678630593275e-02
-2.146676609112002296e-02
-2.171992396332337455e-02
-2.200466950863691484e-02
-2.224863170198817033e-02
-2.239543666863213697e-02
-2.242890134966297327e-02
-2.237992022886903937e-02
-2.231311873814441349e-02
-2.229904275168203415e-02
-2.238385128608769148e-02
-2.256953006839532844e-02
-2.281310563416608789e-02
-2.304517054495903300e-02
-2.319973940937538129e-02
-2.324259890068396464e-02
-2.318597725786904207e-02
-2.308324866033650488e-02
-2.300596673866808772e-02
-2.301310757986894939e-02
-2.312574148673195162e-02
-2.331801244563787290e-02
-2.352829518525574939e-02
-2.368572779787654972e-02
-2.374068904882683725e-02
-2.368611661301714758e-02
-2.356051430663605797e-02
-2.343137701242900550e-02
-2.336617614255839803e-02
-2.340338010502107657e-02
-2.353595586198871728e-02
-2.371442701511885034e-02
-2.386816201959905681e-02
-2.393574113034247289e-02
-2.389135656329224866e-02
-2.375590874369362671e-02
-2.358803822739925782e-02
-2.345894818785187325e-02
-2.342183013555235865e-02
-2.348902263958833198e-02
-2.362671436011609324e-02
-2.376947187638948217e-02
-2.384836285326796812e-02
-2.382059387552335275e-02
-2.368791670629793317e-02
-2.349590051644925154e-02
-2.331438988339154875e-02
-2.320754422130611241e-02
-2.320631846552660693e-02
-2.329519107227918245e-02
-2.341883211730580450e-02
-2.350584728996458345e-02
-2.349943181707274398e-02
-2.338172802880780776e-02
-2.318167054432847957e-02
-2.296213172573404945e-02
-2.279467274495112356e-02
-2.272361390548505861e-02
-2.276332645060418283e-02
-2.283649829983629490e-02
-2.280721380828881761e-02
-2.266777877142705025e-02
-2.244736401079993476e-02
-2.221184981851767951e-02
-2.203138366805341281e-02
-2.195189186959976141e-02
-2.197494108477554553e-02
-2.205752594301471983e-02
-2.213067577349819154e-02
-2.212918604735987851e-02
-2.201954710651361086e-02
-2.181414535283658987e-02
-2.156571295994370516e-02
-2.134452387842726215e-02
-2.120821295211150134e-02
-2.117719303669735736e-02
-2.122616819259057555e-02
-2.129528142187153347e-02
-2.131600015221679287e-02
-2.124055500741488245e-02
-2.106229053133484505e-02
-2.081825658024890821e-02
-2.057303656395335564e-02
-2.039086194504991997e-02
-2.030807365500187506e-02
-2.031775749232677536e-02
-2.037305863890302021e-02
-2.040761736233516130e-02
-2.036422515319373863e-02
-2.021933404362803027e-02
-1.999292096328967802e-02
-1.973957510798744763e-02
-1.952477839735486387e-02
-1.939668654910407103e-02
-1.936557082282256217e-02
-1.939970094076664056e-02
-1.943932276544470608e-02
-1.942259437140086975e-02
-1.931224186744227855e-02
-1.911145765747524969e-02
-1.886226356236582122e-02
-1.862714917447100271e-02
-1.846199271274856502e-02
-1.839199284005229446e-02
-1.840099251602909589e-02
-1.843871656986034377e-02
-1.844269084240064693e-02
-1.836530065183163141e-02
-1.819428479800664841e-02
-1.795785755204071590e-02
-1.771232793260492377e-02
-1.751764986694891169e-02
-1.741151703743258616e-02
-1.739318353827826874e-02
-1.742394350494475344e-02
-1.744399172196028219e-02
-1.739832772609734013e-02
-1.726049750326819412e-02
-1.704394055740773850e-02
-1.679608853330469970e-02
-1.657781196632595461e-02
-1.643711971162334015e-02
-1.638847188751144796e-02
-1.640662242958228906e-02
-1.643761506106529782e-02
-1.642212584254997346e-02
-1.632104872071160270e-02
-1.613229339451576622e-02
-1.589158935828052788e-02
-1.565700371368104749e-02
-1.548389571557851410e-02
-1.540112340789954667e-02
-1.539872918199032895e-02
-1.543235369395916032e-02
-1.544241744802296243e-02
-1.537977057718938403e-02
-1.522676431564486815e-02
-1.500470844082871930e-02
-1.476456407645206602e-02
-1.456493587841747525e-02
-1.444687123162314082e-02
-1.441631441687584760e-02
-1.444173083129534838e-02
-1.446786068954633228e-02
-1.443960953026003635e-02
-1.432573187011579492e-02
-1.413212060450173141e-02
-1.389904263566491514e-02
-1.368360072341042073e-02
-1.353505463468301050e-02
-1.347366954896745891e-02
-1.348217782738319118e-02
-1.351345747820350413e-02
-1.351103112273111320e-02
-1.343348621204625698e-02
-1.327226960453563656e-02
-1.305521176202830043e-02
-1.283432105068733030e-02
-1.266317969367561011e-02
-1.257374206502379771e-02
-1.256256753417435944e-02
-1.259242037788398799e-02
-1.260850901914761443e-02
-1.256230450461302134e-02
-1.243260098386985736e-02
-1.223469231606952139e-02
-1.201371102492687637e-02
-1.182503199178901003e-02
-1.171023729422686170e-02
-1.167905280128554019e-02
-1.170507325342049279e-02
-1.173713064680305916e-02
-1.172140559471278841e-02
-1.162473957994671590e-02
-1.144907776197101601e-02
-1.123078401540837830e-02
-1.102508221379304432e-02
-1.088229108242857492e-02
-1.082607217765913302e-02
-1.084307381314461409e-02
-1.088847819916418172e-02
-1.090512215264689312e-02
-1.084801488773337250e-02
-1.070373273524271272e-02
-1.049633191088024387e-02
-1.027720378072126579e-02
-1.010319042993695383e-02
-1.001230933801468617e-02
-1.000746982436529972e-02
-1.005514682158956813e-02
-1.009958718398628989e-02
-1.008649665444015520e-02
-9.986115577001611690e-03
-9.805858443689462536e-03
-9.587147003093543507e-03
-9.387802556751480634e-03
-9.257506431965859331e-03
-9.216771154108124170e-03
-9.248349305117068223e-03
-9.304695375403841673e-03
-9.328250834918833459e-03
-9.275877211848755632e-03
-9.137034994277211386e-03
-8.938015227831101750e-03
-8.730500174164719518e-03
-8.569429947443829923e-03
-8.489673846587778711e-03
-8.491437302731850989e-03
-8.540535649549742259e-03
-8.583284580702817482e-03
-8.569538200256191646e-03
-8.473989809245206783e-03
-8.306673798939668424e-03
-8.108288664989750719e-03
-7.932474536310692159e-03
-7.822733132267278844e-03
-7.793906313483066513e-03
-7.826104507385807374e-03
-7.873589346537535061e-03
-7.884682360977323182e-03
-7.824064765044377173e-03
-7.687865292144279578e-03
-7.505093080639603509e-03
-7.324881757922985757e-03
-7.195121761561926871e-03
-7.141752130948443404e-03
-7.157643294143766627e-03
-7.205813169423091157e-03
-7.235524800862779861e-03
-7.204276045320350680e-03
-7.096180788581598134e-03
-6.928826201244174011e-03
-6.745671447329444279e-03
-6.597280816719226608e-03
-6.519485048784128857e-03
-6.517877989279038942e-03
-6.565325324001806614e-03
-6.613569179235257410e-03
-6.613948214585523531e-03
-6.538332506251707220e-03
-6.391277468193095300e-03
-6.208168234793020983e-03
-6.040135795333278698e-03
-5.932197227924557864e-03
-5.903982161736284415e-03
-5.941308798542010473e-03
-6.002199909195624766e-03
-6.034752030570078585e-03
-5.999221380028808663e-03
-5.884907995189357990e-03
-5.714659999719548869e-03
-5.535110705781452582e-03
-5.396839671352989323e-03
-5.332922567659490951e-03
-5.344989774160698731e-03
-5.402685431290714033e-03
-5.456698250554514913e-03
-5.459759606587843983e-03
-5.386642480984981524e-03
-5.244671298529449653e-03
-5.070341534626052540e-03
-4.913586439828615537e-03
-4.816474924427436785e-03
-4.795445674589524608e-03
-4.834611432597592240e-03
-4.892885502698198635e-03
-4.921746363107583344e-03
-4.885964579200331379e-03
-4.778430578053711845e-03
-4.622825298420610816e-03
-4.463123886344414794e-03
-4.344554035356123015e-03
-4.294236648543223352e-03
-4.309793732723332660e-03
-4.360721349665154165e-03
-4.401816126577828316e-03
-4.392777243949413241e-03
-4.315502109523829816e-03
-4.181657953375599902e-03
-4.027354690514719539e-03
-3.897320314218423974e-03
-3.825484666392950026e-03
-3.820378543237043598e-03
-3.861622464516229619e-03
-3.908952094927775969e-03
-3.919797975272049789e-03
-3.867758460577588441e-03
-3.753973521531120232e-03
-3.606517007603200244e-03
-3.468123243336009368e-03
-3.377601757087590577e-03
-3.353002498919868853e-03
-3.383812729398820787e-03
-3.435544438977665427e-03
-3.464708154932335128e-03
-3.437678903524846955e-03
-3.345280847312491826e-03
-3.206778065177122786e-03
-3.061546532666627012e-03
-2.952032018381694004e-03
-2.905366579605958219e-03
-2.921598441028192342e-03
-2.973632665715565931e-03
-3.018916348365299242e-03
-3.017824373673081741e-03
-2.950796705049663505e-03
-2.826817653363117647e-03
-2.679572218466994352e-03
-2.552930075588362088e-03
-2.482013181095868697e-03
-2.478012304555241192e-03
-2.523310270551630975e-03
-2.579032852865530568e-03
-2.601792833286425011e-03
-2.562418832281772915e-03
-2.458586731332744815e-03
-2.315888249481585018e-03
-2.176848982490638650e-03
-2.082605348257456686e-03
-2.055129703535434060e-03
-2.087676080308536412e-03
-2.147595043821536216e-03
-2.190340732134391129e-03
-2.178659914479606080e-03
-2.098706274775505396e-03
-1.966112452563292725e-03
-1.819369434868461921e-03
-1.703327132396097914e-03
-1.649886111743315920e-03
-1.664182631525026011e-03
-1.722235177483393996e-03
-1.781114102123412899e-03
-1.797317478999829700e-03
-1.745487799619007286e-03
-1.629420754569196753e-03
-1.480598692897503767e-03
-1.344820905756799684e-03
-1.262617066708179294e-03
-1.251823548357648350e-03
-1.299808383552945867e-03
-1.368723617537743673e-03
-1.411589030047210582e-03
-1.392357176154202869e-03
-1.301385037077106097e-03
-1.159672545529317512e-03
-1.010006720931599065e-03
-8.987633161368523875e-04
-8.561210571147892957e-04
-8.831354151639762839e-04
-9.512083063522116556e-04
-1.014209744756433031e-03
-1.028106827804999446e-03
-9.697378598212190275e-04
-8.467145341131413405e-04
-6.942122463906665909e-04
-5.600016777533452748e-04
-4.840959535625871603e-04
-4.816929030024906348e-04
-5.366929210896967742e-04
-6.085645987148292566e-04
-6.496326344278301797e-04
-6.254092722264248351e-04
-5.292938588045244730e-04
-3.853695047653693030e-04
-2.381019365996715200e-04
-1.333375971140508321e-04
-9.872726246992352694e-05
-1.319354742747144889e-04
-2.016631890110285729e-04
-2.610412492360461860e-04
-2.676706373699525693e-04
-2.017449260691784121e-04
-7.450823930324067430e-05
7.656418699452975857e-05
2.038002619620777830e-04
2.697249434787757859e-04
2.630945034257776397e-04
2.037158628251408538e-04
1.339885127057924589e-04
1.007819590219868606e-04
1.353953923480948908e-04
2.401641494179490013e-04
3.874371174929258947e-04
5.313673706957057225e-04
6.274886940293634323e-04
6.517176020675503369e-04
6.106545865683515872e-04
5.387874410264589407e-04
4.837916851641376826e-04
4.861990516556131481e-04
5.621095456175822375e-04
6.963257354731937658e-04
8.488347793962757338e-04
9.718660990728823258e-04
1.030244197005512636e-03
1.016357086313124033e-03
9.533660295657703839e-04
8.853035066237037540e-04
8.582991820563013255e-04
9.009509824109017320e-04
1.012203450583131067e-03
1.161878069534736562e-03
1.303599426594594405e-03
1.394580896761429736e-03
1.413822904771675024e-03
1.370968691591937984e-03
1.302065747273452572e-03
1.254094168500924020e-03
1.264901621735627958e-03
1.347119703759184746e-03
1.482911669331529823e-03
1.631747559677704153e-03
1.747827965396678371e-03
1.799670605585973471e-03
1.783480004463693135e-03
1.724613969036085590e-03
1.666574776942536876e-03
1.652292368461517023e-03
1.705748432217137935e-03
1.821806723410738030e-03
1.968566530073251504e-03
2.101177613085990908e-03
2.181148617157735448e-03
2.192846581640566037e-03
2.150117574983446272e-03
2.090214738597182074e-03
2.057684014503455023e-03
2.085175066543430364e-03
2.179434148948230544e-03
2.318489250752922299e-03
2.461204241793852991e-03
2.565053646304266046e-03
2.604445713731441507e-03
2.581704383225124581e-03
2.526000738278346043e-03
2.480721665626951528e-03
2.484741137136358639e-03
2.555676155046978076e-03
2.682335891573346502e-03
2.829598479926263670e-03
2.953594450293063178e-03
3.020639058408996699e-03
3.021748276883627453e-03
2.976482304914656804e-03
2.924466328303531194e-03
2.908253191145688220e-03
2.954937653815219775e-03
3.064471245641421301e-03
3.209721636062934109e-03
3.348242835035012029e-03
3.440658739295921874e-03
3.467705283898077102e-03
3.438558421003455601e-03
3.386843322463497369e-03
3.356049715415592924e-03
3.380665846310404715e-03
3.471204560748659615e-03
3.609615905407884996e-03
3.757090226488603735e-03
3.870892980663887244e-03
3.922950073944599277e-03
3.912121364093831648e-03
3.864808374030090712e-03
3.823580499330448117e-03
3.828702155516747283e-03
3.900553013055848683e-03
4.030602491156385844e-03
4.184920933712600252e-03
4.318780497388399926e-03
4.396071265665756414e-03
4.405125901021764330e-03
4.364046808804661164e-03
4.313134570559404996e-03
4.297592311187264577e-03
4.347923792950173470e-03
4.466506965592424022e-03
4.626221015860930430e-03
4.781838472277417755e-03
4.889384461842085500e-03
4.925178303511984317e-03
4.896329747862389684e-03
4.838068283534853638e-03
4.798915341058373335e-03
4.819957401564649302e-03
4.917081405543864345e-03
5.073848357976743460e-03
5.248189129003308362e-03
5.390170397766427118e-03
5.463296770724932958e-03
5.460244047773918016e-03
5.406239528915461959e-03
5.348552129900087555e-03
5.336493434956014227e-03
5.400419458327289368e-03
5.538699802685402747e-03
5.718258598436677317e-03
5.888516028745717501e-03
6.002838472041167363e-03
6.038377480866344293e-03
6.005832789357503851e-03
5.944948065631077208e-03
5.907626842599831077e-03
5.935846588094352561e-03
6.043789444881916828e-03
6.211826201382943460e-03
6.394940127534340726e-03
6.542000424264223651e-03
6.617621946885648629e-03
6.617249071166042204e-03
6.569011348598313878e-03
6.521569679971989802e-03
6.523181535141673454e-03
6.600980941478189895e-03
6.749373970063186380e-03
6.932530017224396504e-03
7.099885122084795622e-03
7.207980560801850387e-03
7.239229634171184986e-03
7.209518840763429193e-03
7.161350527102456655e-03
7.145461594674021484e-03
7.198833857747027887e-03
7.328596421203150205e-03
7.508809729543706665e-03
7.691582934231187829e-03
7.827782162564559179e-03
7.888398268133249569e-03
7.877302706645236338e-03
7.829814607214021296e-03
7.797612864257491734e-03
7.826436264697464451e-03
7.936174711218518807e-03
8.111986560049378250e-03
8.310370096963953443e-03
8.477684973959917145e-03
8.573232323087548110e-03
8.586977292943134138e-03
8.544226147789909034e-03
8.495124495038704204e-03
8.493356555688431550e-03
8.573107130247203597e-03
8.734171109913924091e-03
8.941679676165841320e-03
9.140693179101346683e-03
9.279529714004086660e-03
9.331898398097025760e-03
9.308338720402955374e-03
9.251988908156566493e-03
9.220407089852744945e-03
9.261138296685258314e-03
9.391429533872196200e-03
9.590768053235358345e-03
9.809472511159461616e-03
9.989721808687436477e-03
1.009009455991357121e-02
1.010317670590923228e-02
1.005872830064130988e-02
1.001104388765104193e-02
1.001587670549469733e-02
1.010675172634787657e-02
1.028075938395892931e-02
1.049988184834735674e-02
1.070727666739666739e-02
1.085155216531013232e-02
1.090865202584474780e-02
1.089199990534884047e-02
1.084658675369705796e-02
1.082957602905371824e-02
1.088578585049591874e-02
1.102856821941690033e-02
1.123426183378395393e-02
1.145254807265080194e-02
1.162820296371782844e-02
1.172486241848229652e-02
1.174058101046192813e-02
1.170851691269251746e-02
1.168248921354047426e-02
1.171366578323337730e-02
1.182845189387179800e-02
1.201712186621856429e-02
1.223809392335408787e-02
1.243599353463930614e-02
1.256568848956294768e-02
1.261188512757361810e-02
1.259578934768866565e-02
1.256592996900250496e-02
1.257709833455117679e-02
1.266652982990222089e-02
1.283766476571450606e-02
1.305854855537976270e-02
1.327559892215401591e-02
1.343680760022260452e-02
1.351434436678158879e-02
1.351676264628048386e-02
1.348547524661973356e-02
1.347695975990508346e-02
1.353833827467437398e-02
1.368687838566561010e-02
1.390231476207822066e-02
1.413538744629507828e-02
1.432899348555935828e-02
1.444286577896690058e-02
1.447111130719360567e-02
1.444497550553694096e-02
1.441955285394302261e-02
1.445010328453094801e-02
1.456816161480565738e-02
1.476778380419607566e-02
1.500792263958043889e-02
1.522997358766504765e-02
1.538297554989350585e-02
1.544561864856515421e-02
1.543555145763851437e-02
1.540192359866282383e-02
1.540431432780894720e-02
1.548708284079882390e-02
1.566018676076811819e-02
1.589476818417791606e-02
1.613546806806774592e-02
1.632421953999967437e-02
1.642529329755782613e-02
1.644077975580030687e-02
1.640978495462111497e-02
1.639163267836146048e-02
1.644027900790231284e-02
1.658096979918411915e-02
1.679924478514724720e-02
1.704709508163041592e-02
1.726365019080564750e-02
1.740147859272319145e-02
1.744714093358969501e-02
1.742709137526572694e-02
1.739633047516168929e-02
1.741466349021759605e-02
1.752079629062265956e-02
1.771547469203445593e-02
1.796100490008524161e-02
1.819743285299764077e-02
1.836844939148022521e-02
1.844584012251924282e-02
1.844186614776707756e-02
1.840414215236152451e-02
1.839514239664127165e-02
1.846514225101622553e-02
1.863029897210269695e-02
1.886541409860758786e-02
1.911460955608180329e-02
1.931539578040232519e-02
1.942575087007882353e-02
1.944248221215221992e-02
1.940286343070343061e-02
1.936873618316591050e-02
1.939985440846557843e-02
1.952794831094632408e-02
1.974274671830059114e-02
1.999609412046712484e-02
2.022250888636170987e-02
2.036740212216387250e-02
2.041079711671667241e-02
2.037624192883698976e-02
2.032094499569937762e-02
2.031126585210354940e-02
2.039405902267911116e-02
2.057623843462469751e-02
2.082146293616995644e-02
2.106550097867090215e-02
2.124376916495622492e-02
2.131921774878817524e-02
2.129850237610676766e-02
2.122939264096675854e-02
2.118042131503547476e-02
2.121144554068021479e-02
2.134776131325347853e-02
2.156895576317109306e-02
2.181739395610832882e-02
2.202280174954861225e-02
2.213244673381680599e-02
2.213394227819848528e-02
2.206079783530794092e-02
2.197821784178630514e-02
2.195517303305253784e-02
2.203466896586794843e-02
2.221513920885670110e-02
2.245065770557814339e-02
2.267107720039455640e-02
2.281051751426927190e-02
2.283980782659991368e-02
2.276664219877015671e-02
2.272693605634980643e-02
2.279800117582753832e-02
2.296546605315347156e-02
2.318501022534837780e-02
2.338507251622320288e-02
2.350278068165348455e-02
2.350920029612605863e-02
2.342218926825760661e-02
2.329855258943223928e-02
2.320968472425460546e-02
2.321091565700573664e-02
2.331776689060935381e-02
2.349928332840551040e-02
2.369130539852015715e-02
2.382398832722770754e-02
2.385176276184025265e-02
2.377287681914917739e-02
2.363012387130318873e-02
2.349243628371268724e-02
2.342524754472311010e-02
2.346236916950590265e-02
2.359146277295668878e-02
2.375933703996228538e-02
2.389478895585128021e-02
2.393917805600446688e-02
2.387160386122117936e-02
2.371787402665626737e-02
2.353940809026529302e-02
2.340683733891275181e-02
2.336963792376538229e-02
2.343484276783258310e-02
2.356398343983770807e-02
2.368958862826902115e-02
2.374416366292554995e-02
2.368920496654952981e-02
2.353177510638626221e-02
2.332149549287643522e-02
2.312922808597732763e-02
2.301659807925809931e-02
2.300946132157827631e-02
2.308674729589005326e-02
2.318947971202904232e-02
2.324610481358760014e-02
2.320324836485104791e-02
2.304868213307950664e-02
2.281661949888562357e-02
2.257304594700728501e-02
2.238736903674800119e-02
2.230256236157924024e-02
2.231664030481584488e-02
2.238344392420557258e-02
2.243242739074421260e-02
2.239896527430097761e-02
2.225216301768868574e-02
2.200820355834281691e-02
2.172346060533379003e-02
2.147030505356982422e-02
2.130598768762110781e-02
2.124797429485761335e-02
2.126636212310790280e-02
2.129667761789632435e-02
2.126756347560910393e-02
2.113146436777986470e-02
2.088511998383632204e-02
2.057103879281467831e-02
2.025929005967540969e-02
2.001741227644506307e-02
1.988135960918802764e-02
1.983998228682933365e-02
1.983973803769586639e-02
1.980764547564155612e-02
1.968264333398160940e-02
1.944188509721007582e-02
1.911064905705546491e-02
1.875156465748692089e-02
1.843774578417741242e-02
1.822136107023835522e-02
1.811115374294895025e-02
1.806859979220479251e-02
1.802440033957734139e-02
1.790825127314757056e-02
1.767909068914685564e-02
1.734281782494575055e-02
1.694984571568116868e-02
1.657350691327422187e-02
1.627856463320777672e-02
1.609335312228649464e-02
1.599753431308688009e-02
1.593076338709176198e-02
1.581857650295336037e-02
1.560440193322427081e-02
1.527394071965834307e-02
1.486141538180003538e-02
1.443495893002180730e-02
1.406738488232872793e-02
1.380488723299349088e-02
1.364713121524233075e-02
1.354732135713401439e-02
1.343225875955326824e-02
1.323380394361806621e-02
1.291822108119271284e-02
1.250076545100287963e-02
1.203922227297115136e-02
1.160914294452560641e-02
1.127139799174667681e-02
1.104598886677575845e-02
1.090339290753069429e-02
1.077719421905630817e-02
1.059260671672746998e-02
1.029865155760082557e-02
9.890156548887321653e-03
9.410094305452754160e-03
8.931212160614480922e-03
8.524814767947910474e-03
8.230109325180914523e-03
8.037304124581487810e-03
7.891757014712006899e-03
7.717429844509482786e-03
7.449597470976008703e-03
7.062757149672767472e-03
6.666894471601274123e-03
6.291940204112454575e-03
5.937326096815193598e-03
5.602483899318146977e-03
5.286845361230286221e-03
4.989842232160277523e-03
4.710906261717013460e-03
4.449469199509362323e-03
4.204962795146022399e-03
3.976818798235918356e-03
3.764468958387763662e-03
3.567345025210422703e-03
3.384878748312752060e-03
3.216501877303484715e-03
3.061646161791508908e-03
2.919743351385571065e-03
2.790225195694523430e-03
2.672523444327202635e-03
2.566069846892373319e-03
2.470296152998896835e-03
2.384634112255544329e-03
2.308515474271155034e-03
2.241371988654555173e-03
2.182635405014531071e-03
2.131737472959922830e-03
2.088109942099522845e-03
2.051184562042158641e-03
2.020393082396649935e-03
1.995167252771797798e-03
1.974938822776429320e-03
1.959139542019349041e-03
1.947201160109377112e-03
1.938555426655329348e-03
1.932634091266016360e-03
1.928868903550255915e-03
1.926691613116862092e-03
1.925533969574648539e-03
1.924827722532431720e-03
1.924004621599025499e-03
1.922496416383244608e-03
1.919734856493902908e-03
1.915151691539815999e-03
1.908178671129801213e-03
1.898247544872667210e-03
1.884790062377236742e-03
1.867237973252314784e-03
1.845023027106721270e-03
1.817576973549277219e-03
1.784331562188782618e-03
1.744718542634060218e-03
1.698169664493936245e-03
1.644116677377202660e-03
1.581991330892699131e-03
1.511225374649212850e-03
1.431250558255571775e-03
1.341498631320609067e-03
1.241401343453103680e-03
1.130390444261910460e-03
1.007897683355798383e-03
8.733548103436036478e-04
7.261935748341750291e-04
5.658457264362624223e-04
3.917430147587505976e-04
2.033171894103803432e-04
0.000000000000000000e+00
