-1.084202172485504434e-19
-2.399132248499615851e-04
-4.796145633671583227e-04
-7.184019702785487179e-04
-9.555734003110271995e-04
-1.190426808191552815e-03
-1.422260148647082334e-03
-1.650371376404512680e-03
-1.874058446190800514e-03
-2.092619312732884283e-03
-2.305351930757700701e-03
-2.511554254992204912e-03
-2.710524240163298283e-03
-2.901559840997935524e-03
-3.083959012223067876e-03
-3.257019708565604080e-03
-3.420039884752495811e-03
-3.572317495510679564e-03
-3.713150495567093569e-03
-3.841836839648685165e-03
-3.957674482482370464e-03
-4.059961378795096804e-03
-4.147995483313808920e-03
-4.221074750765427264e-03
-4.278497135876900906e-03
-4.321884489238431680e-03
-4.359215776435046083e-03
-4.390174778925328043e-03
-4.415666810107158821e-03
-4.436196234751546216e-03
-4.451777258628663268e-03
-4.462424639144648222e-03
-4.468723981926105496e-03
-4.471104149316127221e-03
-4.469400036187149740e-03
-4.463962547930988914e-03
-4.454912298212931887e-03
-4.442885149258814226e-03
-4.427759863983310971e-03
-4.410028320794825464e-03
-4.389761338750099856e-03
-4.367501926006874674e-03
-4.343036345313006259e-03
-4.316450596685669945e-03
-4.287741261111290871e-03
-4.257323887791294829e-03
-4.225158995525316388e-03
-4.191332140336676178e-03
-4.155948738580135873e-03
-4.119366736598119479e-03
-4.081486609302525589e-03
-4.042427606742199364e-03
-4.002337856208531067e-03
-3.961508508290128606e-03
-3.919700633588434242e-03
-3.877468276467288533e-03
-3.834762769259168758e-03
-3.791790537798201549e-03
-3.747780294195329157e-03
-3.703617913885380326e-03
-3.658699016018663458e-03
-3.613653590371671779e-03
-3.567590938048265190e-03
-3.521723400906271763e-03
-3.475255362130606328e-03
-3.429125962466589381e-03
-3.382366948332605518e-03
-3.336108686829918415e-03
-3.289546777329789909e-03
-3.243395154851436406e-03
-3.197014622791793589e-03
-3.151330417315209229e-03
-3.105769240306456569e-03
-3.060373307649522524e-03
-3.014919810851353528e-03
-2.969611492614995709e-03
-2.924407379245925424e-03
-2.879113518387156536e-03
-2.833956169268828443e-03
-2.789114280389942691e-03
-2.744671931682355140e-03
-2.700676098592205525e-03
-2.656959166605072156e-03
-2.614009828685204262e-03
-2.571279857868459529e-03
-2.529248953239344230e-03
-2.487393327521637051e-03
-2.446381054016165749e-03
-2.405483752863145884e-03
-2.365198283186720814e-03
-2.324725668247063295e-03
-2.284811615051049027e-03
-2.244806493160446739e-03
-2.205483826114554638e-03
-2.166020720410007094e-03
-2.127696522874776130e-03
-2.089405092954593150e-03
-2.052297372331221646e-03
-2.015273669648385505e-03
-1.979568719200507435e-03
-1.943464509178725007e-03
-1.908517516596563036e-03
-1.873692847208484943e-03
-1.839954096716959510e-03
-1.805500820818892486e-03
-1.772022247587835483e-03
-1.738523221087468927e-03
-1.705864831896431160e-03
-1.672526770965999292e-03
-1.640148995410821604e-03
-1.608000536363807589e-03
-1.577096182719806353e-03
-1.546254763683195619e-03
-1.516349240535828187e-03
-1.486701176570239327e-03
-1.457911200650922846e-03
-1.429434184341018188e-03
-1.401423920433778406e-03
-1.373493106210386342e-03
-1.345932257974668525e-03
-1.318917001320743390e-03
-1.292174770996590023e-03
-1.265416932545700493e-03
-1.238938445309890066e-03
-1.213016799750994733e-03
-1.187426194378392611e-03
-1.162166675355072931e-03
-1.137560872415940188e-03
-1.113526612745086106e-03
-1.089958739593100984e-03
-1.066652321961042210e-03
-1.043642811893681199e-03
-1.020891631116951567e-03
-9.987050117393691476e-04
-9.764344828410129228e-04
-9.545357907621359553e-04
-9.330071041216891556e-04
-9.121464599486294941e-04
-8.909677762721113659e-04
-8.704936709453582611e-04
-8.502646005547179241e-04
-8.306535736385706626e-04
-8.108763938421152586e-04
-7.920477243176732643e-04
-7.731696112734032971e-04
-7.547945369453249375e-04
-7.360125639200204616e-04
-7.179876097962257847e-04
-6.996503570900049294e-04
-6.816511931019380004e-04
-6.634768741123837953e-04
-6.464288990169644953e-04
-6.295202809999319313e-04
-6.127346957914065655e-04
-5.959935951036627027e-04
-5.803179682599834835e-04
-5.647089732050254935e-04
-5.490303276834163646e-04
-5.331829037064457141e-04
-5.183088670809935785e-04
-5.031971419927480042e-04
-4.879901544880849715e-04
-4.724715611531146134e-04
-4.576686788316786905e-04
-4.427819158495978217e-04
-4.278193130762112414e-04
-4.131843452661063208e-04
-3.993713291807671532e-04
-3.859192626276958791e-04
-3.721738513435755543e-04
-3.586978049017800992e-04
-3.460188113999689355e-04
-3.332060527445043015e-04
-3.197998949791440232e-04
-3.063778467119029946e-04
-2.940357392610717371e-04
-2.811998259918321039e-04
-2.676691839649927634e-04
-2.541096919003833711e-04
-2.419117224166061723e-04
-2.293411799661633759e-04
-2.162259727768120758e-04
-2.033958662244813990e-04
-1.924368049776524188e-04
-1.811120131460164579e-04
-1.689930890754065963e-04
-1.567203093638243024e-04
-1.462439658123840366e-04
-1.349459860141678054e-04
-1.223895198842590794e-04
-1.094152318043206066e-04
-9.868100024896358233e-05
-8.741224612076747976e-05
-7.465484165447051771e-05
-6.120942694690659691e-05
-5.047237352332760478e-05
-3.996664139109537615e-05
-2.816094675166973190e-05
-1.504969484128579602e-05
-4.465890675848686398e-06
5.142213896981153928e-06
1.571943171223679023e-05
2.881853479346895363e-05
4.060842391776317171e-05
5.109713259104604140e-05
6.181861896196700430e-05
7.525231438694208845e-05
8.800366218924112133e-05
9.927283065051079828e-05
1.100137399745225800e-04
1.229996357291455880e-04
1.355704749318016817e-04
1.468828095127251709e-04
1.573706404548101635e-04
1.696746817810260871e-04
1.818020277979348035e-04
1.931279033723132840e-04
2.040699882913197399e-04
2.169712505295617161e-04
2.300858256118200568e-04
2.426479356731405532e-04
2.548016539237286178e-04
2.684488739129267405e-04
2.819647308527324994e-04
2.947728391900075262e-04
3.070508793227089486e-04
3.204920172995214824e-04
3.338552619744899336e-04
3.466211577942974586e-04
3.592493943666315434e-04
3.727041151985180031e-04
3.864308563606852704e-04
3.998791048187510209e-04
4.137044158776723960e-04
4.283624643256165872e-04
4.433583604808132559e-04
4.582811356587319137e-04
4.731166749056878564e-04
4.886584083695795760e-04
5.038764163449752044e-04
5.189853443735596358e-04
5.338440580426746232e-04
5.496671957066709153e-04
5.653176046389993183e-04
5.808998252690956380e-04
5.965551197473568023e-04
6.132859316174607816e-04
6.300728930138917508e-04
6.469939420560414690e-04
6.640628522535825789e-04
6.822626072386229860e-04
7.002870647555423577e-04
7.186449960979703283e-04
7.366826125157060210e-04
7.554673512438387110e-04
7.738352567629405059e-04
7.926978509336677975e-04
8.115057868612687592e-04
8.312607895236044870e-04
8.508520594718877329e-04
8.710668518759509494e-04
8.915343841598606395e-04
9.127148507224358727e-04
9.335848538630246631e-04
9.551283186797986623e-04
9.770444571575167495e-04
9.993319761339837601e-04
1.021532246387036984e-03
1.044291479523154400e-03
1.067302292476014769e-03
1.090603191790611055e-03
1.114159721480288906e-03
1.138178591226158415e-03
1.162767312836217965e-03
1.188010463322272453e-03
1.213587567510355679e-03
1.239500194708636951e-03
1.265975057346031916e-03
1.292734730193367387e-03
1.319483467642905720e-03
1.346508559868374701e-03
1.374080769540560144e-03
1.402022547108842769e-03
1.430041414332208684e-03
1.458523123270780500e-03
1.487312845032660782e-03
1.516955406201664488e-03
1.546850587447510562e-03
1.577677922827749098e-03
1.608566181095919152e-03
1.640698576953413543e-03
1.673062678051758087e-03
1.706391407987286127e-03
1.739046309282326046e-03
1.772548202128149597e-03
1.806035878072000632e-03
1.840503100932205146e-03
1.874258411168717303e-03
1.909099367793705470e-03
1.944059501677360829e-03
1.980170974813220443e-03
2.015875313322728745e-03
2.052890008805429399e-03
2.089981099314028659e-03
2.128250371160072228e-03
2.166549933775045820e-03
2.205990082980992424e-03
2.245295359246184900e-03
2.285291771540715489e-03
2.325207416398487013e-03
2.365690655662001842e-03
2.406009964299991605e-03
2.446943643675853538e-03
2.487992357790503456e-03
2.529867961833968688e-03
2.571961570706583766e-03
2.614726032495155814e-03
2.657687080529820382e-03
2.701369640696051240e-03
2.745385646060589935e-03
2.789810751026048849e-03
2.834613465239887130e-03
2.879699212536216378e-03
2.924965754967884940e-03
2.970134003703817777e-03
3.015409142587043012e-03
3.060832176293912070e-03
3.106222343455572639e-03
3.151788635810695745e-03
3.197487702638512203e-03
3.243888057807772785e-03
3.290061080342715494e-03
3.336641010776277439e-03
3.382910208234818535e-03
3.429669755050001028e-03
3.475789786972354866e-03
3.522240338354941554e-03
3.568085899667057352e-03
3.614126361955539816e-03
3.659154134989630984e-03
3.704063514955206141e-03
3.748226351851933341e-03
3.792246730314544068e-03
3.835236435281569149e-03
3.877962849290333362e-03
3.920214841921489113e-03
3.962036594440258679e-03
4.002870762904544612e-03
4.042954913336020174e-03
4.081998766211732826e-03
4.119857133183709927e-03
4.156415182572955995e-03
4.191777466990389764e-03
4.225590708345421803e-03
4.257752658606473242e-03
4.288178785018887697e-03
4.316907114299018203e-03
4.343518833554869431e-03
4.368012442371760860e-03
4.390296595370693847e-03
4.410579955106592315e-03
4.428316818920882345e-03
4.443435651253102581e-03
4.455446645448018009e-03
4.464474755179647508e-03
4.469889877710953724e-03
4.471576952518193336e-03
4.469190224667071894e-03
4.462897635980313076e-03
4.452270610342447081e-03
4.436720623565462186e-03
4.416228210144157625e-03
4.390772910231121630e-03
4.359843682175194336e-03
4.322529712025368655e-03
4.279144221618718519e-03
4.221715783076034588e-03
4.148625084879810181e-03
4.060574657646537008e-03
3.958267031992698977e-03
3.842404738534807313e-03
3.713690307889349392e-03
3.572826270672805216e-03
3.420515157501692952e-03
3.257459498992494769e-03
3.084361825761705415e-03
2.901924668425817470e-03
2.710850557601309201e-03
2.511842023904707448e-03
2.305601597952488743e-03
2.092831810361128753e-03
1.874235191747159303e-03
1.650514272727055410e-03
1.422371583917310302e-03
1.190509655934418511e-03
9.556310193948529914e-04
7.184382049151492563e-04
4.796337431117800440e-04
2.399201646012183095e-04
3.252606517456513302e-19
