0.000000000000000000e+00
4.255672316087688416e-03
6.977767034433439777e-03
8.212243124265123512e-03
8.005059554813022046e-03
6.402175295305939824e-03
3.449549314974291545e-03
-8.068594169538869385e-04
-6.321091931247484544e-03
-1.304718925867927141e-02
-2.093919243001892555e-02
-2.995114247603467006e-02
-4.003708042750150908e-02
-5.115104731518509140e-02
-6.324708416986095372e-02
-7.627923202229786037e-02
-9.020153190326250792e-02
-1.049680248435319596e-01
-1.205327518738705112e-01
-1.368497540250553091e-01
-1.538730723278536883e-01
-1.715567478130319568e-01
-1.898548215113691207e-01
-2.087213344536272275e-01
-2.281103276705851168e-01
-2.479758421930097767e-01
-2.682719190516665853e-01
-2.889525992773355756e-01
-3.099719239007779348e-01
-3.312839339527738347e-01
-3.528426704640889033e-01
-3.746021744654889352e-01
-3.965164869877543241e-01
-4.185396490616459797e-01
-4.406257017179441293e-01
-4.627286859874145120e-01
-4.848026429008224225e-01
-5.068016134889490321e-01
-5.286796387825545285e-01
-5.503907598124194722e-01
-5.718890176093094357e-01
-5.931284532039904356e-01
-6.140631076272421440e-01
-6.346470219098264698e-01
-6.548342370825226411e-01
-6.745787941760967854e-01
-6.938347342213155855e-01
-7.125560982489571593e-01
-7.306969272897849699e-01
-7.482112623745771351e-01
-7.650531445341002268e-01
-7.811766147991208165e-01
-7.965357142004174662e-01
-8.110844837687533060e-01
-8.247769645349057877e-01
-8.375671975296419269e-01
-8.494092237837300718e-01
-8.602570843279455648e-01
-8.700648201930545333e-01
-8.787864724098316538e-01
-8.863760820090456072e-01
-8.927876900214655187e-01
-8.979753374778645103e-01
-9.018930654090113741e-01
-9.044949148456780108e-01
-9.057349268186342117e-01
-9.055671423586507673e-01
-9.039456024964979131e-01
-9.008243482629473275e-01
-8.961574206887678029e-01
-8.898988608047309068e-01
-8.823541577047109286e-01
-8.747961939883991400e-01
-8.672019092431760834e-01
-8.595046187379185021e-01
-8.516405369662686242e-01
-8.435941035703904411e-01
-8.354221314419073563e-01
-8.272459497361619452e-01
-8.192144707268063097e-01
-8.114535764719725819e-01
-8.040230823777813063e-01
-7.968993136769346730e-01
-7.899904365452840027e-01
-7.831777950945785216e-01
-7.763655491574289469e-01
-7.695175537247813669e-01
-7.626660589278179136e-01
-7.558889855249820711e-01
-7.492660250510524422e-01
-7.428328969267662396e-01
-7.365538375249786052e-01
-7.303245300709541032e-01
-7.240046590955270256e-01
-7.174666368891827739e-01
-7.106401832777089478e-01
-7.035342455184470101e-01
-6.962274274797159990e-01
-6.888314654490910183e-01
-6.814436311542989566e-01
-6.741084498687709425e-01
-6.668049157659819981e-01
-6.594643129046218188e-01
-6.520105688979829228e-01
-6.444054079587002715e-01
-6.366785407478731118e-01
-6.289295570527539958e-01
-6.213002858210725510e-01
-6.139289742216688106e-01
-6.069053464627477412e-01
-6.002451906611363519e-01
-5.938947139753320004e-01
-5.877622024871991258e-01
-5.817629724982731343e-01
-5.758580905472550082e-01
-5.700701982158118408e-01
-5.644697577597376226e-01
-5.591378178506212215e-01
-5.541215138319384170e-01
-5.494016650494775167e-01
-5.448866934182390320e-01
-5.404358813384778637e-01
-5.359025097398847359e-01
-5.311789865751141981e-01
-5.262252775325044762e-01
-5.210691034457736182e-01
-5.157783963377894354e-01
-5.104182787781538222e-01
-5.050113379234301147e-01
-4.995184542661574301e-01
-4.938485827586067134e-01
-4.878933977155971435e-01
-4.815720314395461887e-01
-4.748667677746946647e-01
-4.678343240732931729e-01
-4.605876711785480415e-01
-4.532557827120930471e-01
-4.459379861907939446e-01
-4.386717942613351795e-01
-4.314273159923356915e-01
-4.241300597092358404e-01
-4.167019424797097082e-01
-4.091026924800719167e-01
-4.013537825946551507e-01
-3.935345567857477800e-01
-3.857520799109476206e-01
-3.780974184988853959e-01
-3.706068217735707382e-01
-3.632442079598964813e-01
-3.559123800017606198e-01
-3.484883180586234586e-01
-3.408678036819340340e-01
-3.330008713354439820e-01
-3.249036362133492783e-01
-3.166421471068425753e-01
-3.082957473923824687e-01
-2.999159757444929686e-01
-2.914987327493075986e-01
-2.829816275135753068e-01
-2.742676216947658174e-01
-2.652649148552679859e-01
-2.559261858275091450e-01
-2.462706709229885438e-01
-2.363799060607869318e-01
-2.263691084732665781e-01
-2.163463738182377638e-01
-2.063768201886564402e-01
-1.964664750699839646e-01
-1.865721393440898379e-01
-1.766323661313431159e-01
-1.666057777501837034e-01
-1.564999755459708652e-01
-1.463785351296125192e-01
-1.363430876229006772e-01
-1.264981689637917350e-01
-1.169138223699041634e-01
-1.076017972921870791e-01
-9.851530306202094245e-02
-8.957220240713953396e-02
-8.069164618101988540e-02
-7.182844362515505843e-02
-6.299113437935940918e-02
-5.423502438037089424e-02
-4.563854659220449583e-02
-3.725763098072432805e-02
-2.912771100075244035e-02
-2.114965158989551633e-02
-1.312896606082810530e-02
-5.081684405737149982e-03
2.937365259589455775e-03
1.083754578990819319e-02
1.853854312537615845e-02
2.600093177302190833e-02
3.324136590445241068e-02
4.032069348338288006e-02
4.731224222480222980e-02
5.426362388486180577e-02
6.116909311926272547e-02
6.796460567006251674e-02
7.454792075216248870e-02
8.081517624555628609e-02
8.669824219175920055e-02
9.218687921999250967e-02
9.732637572692047490e-02
1.021920052305646531e-01
1.068516931038139550e-01
1.113333538396711897e-01
1.156112669132582926e-01
1.196175256748448212e-01
1.232736452356098245e-01
1.265286003539644322e-01
1.293866889599108727e-01
1.319129976425094386e-01
1.342139169244904728e-01
1.364009169894671858e-01
1.385530027980163004e-01
1.406938062380585219e-01
1.427929214421966297e-01
1.447906009808809513e-01
1.466348336821018117e-01
1.483144929832473369e-01
1.498739826577913936e-01
1.514028252856196299e-01
1.530044775382421451e-01
1.547576462849661327e-01
1.566866552002845747e-01
1.587535733895423795e-01
1.608755235528704919e-01
1.629598343159099905e-01
1.649421066584901285e-01
1.668110641530763938e-01
1.686097682335965242e-01
1.704129872661306055e-01
1.722907266401471071e-01
1.742738226754527442e-01
1.763365718341716737e-01
1.784040304763217788e-01
1.803810432129133723e-01
1.821907639613504770e-01
1.838063934069666117e-01
1.852627784799380228e-01
1.866430962604681831e-01
1.880463965088140788e-01
1.895498105303972669e-01
1.911813552646237091e-01
1.929146144899353543e-01
1.946871872333289510e-01
1.964346798177583620e-01
1.981254779896685081e-01
1.997813081956217596e-01
2.014747256324093405e-01
2.033045184954030138e-01
2.053593870560275758e-01
2.076851013331302842e-01
2.102687247396428649e-01
2.130461665796508086e-01
2.159294603039400295e-01
2.188419558866928905e-01
2.217465139789430717e-01
2.246550392880087288e-01
2.276157950062585034e-01
2.306843980015816920e-01
2.338911954741161592e-01
2.372190452257219584e-01
2.406009012886343168e-01
2.439381014729024022e-01
2.471315266376204467e-01
2.501125403941817926e-01
2.528609732053303527e-01
2.554031301249602981e-01
2.577913557737523398e-01
2.600744132949037168e-01
2.622715595572973069e-01
2.643612396153817157e-01
2.662887993835609257e-01
2.679893853322080077e-01
2.694157999796691350e-01
2.705591984998694244e-01
2.714538514441714456e-01
2.721641927813411854e-01
2.727599491305219281e-01
2.732900673539842562e-01
2.737663869549666895e-01
2.741635508828254575e-01
2.744345335700746347e-01
2.745344970315835020e-01
2.744423100341292776e-01
2.741703620737895308e-01
2.737586120340997908e-01
2.732557681762305957e-01
2.726960615510042318e-01
2.720818821104061258e-01
2.713798482407071555e-01
2.705319344585809804e-01
2.694767449392631575e-01
2.681717109969514734e-01
2.666067399273613359e-01
2.648037056654015120e-01
2.628023990121886033e-01
2.606394110002260844e-01
2.583293929812306433e-01
2.558569750748102556e-01
2.531828894248218664e-01
2.502616242041499905e-01
2.470629302045095343e-01
2.435878566609683549e-01
2.398723792104764385e-01
2.359770304865705381e-01
2.319669320030342541e-01
2.278906747599283578e-01
2.237668900687501405e-01
2.195839739912741895e-01
2.153127340320195593e-01
2.109262182109146733e-01
2.064180155106193348e-01
2.018110965941308232e-01
1.971534190931730213e-01
1.925022162769562395e-01
1.879036713378560153e-01
1.833765433819332935e-01
1.789065211480339868e-01
1.744534652058565283e-01
1.699682716036287344e-01
1.654121607254295523e-01
1.607703922197439017e-01
1.560549915816218103e-01
1.512958672601610877e-01
1.465246149762435834e-01
1.417582575374397580e-01
1.369899545882526104e-01
1.321905186669792287e-01
1.273198444416678288e-01
1.223431433165213938e-01
1.172449965214052009e-01
1.120354117523090776e-01
1.067456874383515830e-01
1.014163141089159947e-01
9.608243365961413596e-02
9.076316160557969248e-02
8.545910117467375722e-02
8.015859388339260927e-02
7.484937245962541841e-02
6.953001052498508638e-02
6.421584990093941181e-02
5.893673323516020884e-02
5.372764121519432723e-02
4.861652602068910339e-02
4.361483290869661023e-02
3.871490609137990396e-02
3.389530026133771856e-02
2.913141741584074004e-02
2.440648661201724745e-02
1.971778294763195521e-02
1.507520432776912611e-02
1.049286982195250968e-02
5.977664249798154104e-03
1.520150600527815903e-03
-2.907683193989328389e-03
-7.346379441888799960e-03
-1.183693671119346452e-02
-1.640777633139631903e-02
-2.106641747032216017e-02
-2.579961664038760843e-02
-3.058210260388506685e-02
-3.539026143384740863e-02
-4.021485937948880707e-02
-4.506716125142821300e-02
-4.997554464204461561e-02
-5.497378406363639947e-02
-6.008584597017281592e-02
-6.531370157297242129e-02
-7.063357345480832106e-02
-7.600258728698852662e-02
-8.137342283864924808e-02
-8.671113957162285280e-02
-9.200533141320232922e-02
-9.727260386812533466e-02
-1.025483245110010988e-01
-1.078710315260785063e-01
-1.132659436121186969e-01
-1.187344125042905929e-01
-1.242537178008583654e-01
-1.297873291536133789e-01
-1.353014238011809589e-01
-1.407808446546404968e-01
-1.462378975792851532e-01
-1.517103210051665152e-01
-1.572491950619459566e-01
-1.629016550866902446e-01
-1.686953510648239452e-01
-1.746308107189213366e-01
-1.806845757211355818e-01
-1.868215513252822202e-01
-1.930112853007951434e-01
-1.992414259599452064e-01
-2.055229230280460340e-01
-2.118850476285219497e-01
-2.183625315754412766e-01
-2.249803111898395769e-01
-2.317422211892307682e-01
-2.386282191212907300e-01
-2.456011167784949989e-01
-2.526198821866945110e-01
-2.596539702089691870e-01
-2.666928849970579551e-01
-2.737473203152065993e-01
-2.808418117226758604e-01
-2.880023385043462003e-01
-2.952442805882670163e-01
-3.025657889666405476e-01
-3.099491776382135022e-01
-3.173694681416588947e-01
-3.248062012357207373e-01
-3.322533453370047352e-01
-3.397230750410143441e-01
-3.472418934516465217e-01
-3.548408493671174613e-01
-3.625440599023519450e-01
-3.703603669739697901e-01
-3.782815103549851399e-01
-3.862873472849899237e-01
-3.943556275915737208e-01
-4.024719302309945901e-01
-4.106353746547740657e-01
-4.188576121918973771e-01
-4.271555487297131193e-01
-4.355409809687472156e-01
-4.440116809811560650e-01
-4.525478697351872359e-01
-4.611157369100666314e-01
-4.696766703976466006e-01
-4.781984241807657465e-01
-4.866636120280638522e-01
-4.950720330328079455e-01
-5.034359302179949314e-01
-5.117702553060751169e-01
-5.200821211335139305e-01
-5.283639833602994385e-01
-5.365935540904109846e-01
-5.447406471972677799e-01
-5.527782502623745930e-01
-5.606933143942844922e-01
-5.684927969920716695e-01
-5.762023746457357598e-01
-5.838581922742869246e-01
-5.914948289513252133e-01
-5.991341958352996988e-01
-6.067797143616707745e-01
-6.144180031184568458e-01
-6.220272919060180206e-01
-6.295890899913616501e-01
-6.370983505120219048e-01
-6.445679873512426550e-01
-6.520258750323083552e-01
-6.595054655504002383e-01
-6.670336798491098840e-01
-6.746207991810405646e-01
-6.822562834255900821e-01
-6.899121204210296732e-01
-6.975523931781678622e-01
-7.051453844219652822e-01
-7.126736328541154464e-01
-7.201382389146036012e-01
-7.275560018073364832e-01
-7.349507420971779226e-01
-7.423423456400226605e-01
-7.497378318558123311e-01
-7.571278526309594969e-01
-7.644898588189050770e-01
-7.717965991151276572e-01
-7.790266372817051810e-01
-7.861729116637055093e-01
-7.932462102855293296e-01
-8.002724291513139132e-01
-8.072848111765682511e-01
-8.143141381853699068e-01
-8.213804430924158684e-01
-8.284890643140105926e-01
-8.356321296561525225e-01
-8.427945290050201654e-01
-8.499618736670224717e-01
-8.571273919899324856e-01
-8.642953045016246172e-01
-8.714796577051566739e-01
-8.786992930052500705e-01
-8.859709539779807574e-01
-8.933030477891523713e-01
-9.006921666073269828e-01
-9.081233720646518792e-01
-9.155739031453786758e-01
-9.230188768069265137e-01
-9.304370504641042983e-01
-9.378149027114041081e-01
-9.451480149885929105e-01
-9.524396973102440267e-01
-9.596976422213858715e-01
-9.669298757383124610e-01
-9.741413175083409870e-01
-9.813319276565225513e-01
-9.884968663740351102e-01
-9.956285064780978633e-01
-1.002719669575659278e+00
-1.009767177286803985e+00
-1.016774746025502552e+00
-1.023754401638877987e+00
-1.030725920187184119e+00
-1.037714267959829462e+00
-1.044745546760280197e+00
-1.051842423879956856e+00
-1.059020293125608081e+00
-1.066285342377568668e+00
-1.073635243777697479e+00
-1.081062408673383102e+00
-1.088558868200446561e+00
-1.096121169415276819e+00
-1.103753496514457755e+00
-1.111467681349427528e+00
-1.119279777936276199e+00
-1.127204136265026246e+00
-1.135246962871779841e+00
-1.143401764906976092e+00
-1.151648608870822432e+00
-1.159957869478911441e+00
-1.168297508732412782e+00
-1.176641513956407703e+00
-1.184976506160446474e+00
-1.193304016393269107e+00
-1.201637416327401287e+00
-1.209994466176442574e+00
-1.218388171223807159e+00
-1.226819423712868007e+00
-1.235274384391612079e+00
-1.243727854585342740e+00
-1.252151603346444819e+00
-1.260524618612631098e+00
-1.268841358747553105e+00
-1.277114681303365584e+00
-1.285372054375568007e+00
-1.293646213167304992e+00
-1.301963621673819071e+00
-1.310335054977102676e+00
-1.318751913738925419e+00
-1.327189741600054207e+00
-1.335617641891906793e+00
-1.344009964227235843e+00
-1.352355683230645811e+00
-1.360661737245566716e+00
-1.368948933341231244e+00
-1.377241953993082912e+00
-1.385557369027063279e+00
-1.393894409357821829e+00
-1.402232228706076222e+00
-1.410534855959919787e+00
-1.418761998598463858e+00
-1.426881520433198158e+00
-1.434878744884693580e+00
-1.442758991734943708e+00
-1.450542461872027733e+00
-1.458253645059145676e+00
-1.465909610830966825e+00
-1.473511960417410949e+00
-1.481045696383342491e+00
-1.488485424689516279e+00
-1.495806299674978135e+00
-1.502995184327836631e+00
-1.510057425690213506e+00
-1.517016463173180618e+00
-1.523906446672609105e+00
-1.530760916108353076e+00
-1.537602192696126746e+00
-1.544435793664837853e+00
-1.551252046860201794e+00
-1.558034047351139373e+00
-1.564768430936400945e+00
-1.571454271503649025e+00
-1.578106246042530802e+00
-1.584750687520429357e+00
-1.591416208800399579e+00
-1.598122927486511635e+00
-1.604874944763599043e+00
-1.611659356443719160e+00
-1.618452278064047567e+00
-1.625229336819502990e+00
-1.631976125614149620e+00
-1.638694085555560287e+00
-1.645399218762751747e+00
-1.652114125459474891e+00
-1.658856790431053163e+00
-1.665631041483619956e+00
-1.672422986681576296e+00
-1.679205229311717673e+00
-1.685947304665579516e+00
-1.692628011697612234e+00
-1.699244335655812899e+00
-1.705812965486372068e+00
-1.712363496260327356e+00
-1.718925971351400239e+00
-1.725517939402702705e+00
-1.732136570213999471e+00
-1.738759373289496590e+00
-1.745353486000532417e+00
-1.751889829993611425e+00
-1.758356240363991851e+00
-1.764763926255483728e+00
-1.771144278204834777e+00
-1.777537029297781679e+00
-1.783974453131778715e+00
-1.790468078972488719e+00
-1.797003521217320987e+00
-1.803545766217943047e+00
-1.810052949260361865e+00
-1.816493074911777139e+00
-1.822856799915890003e+00
-1.829160899263120088e+00
-1.835440832733248762e+00
-1.841735336255398980e+00
-1.848069296823698915e+00
-1.854441948685705333e+00
-1.860825296733744860e+00
-1.867173495690299667e+00
-1.873439410896336810e+00
-1.879591624355474444e+00
-1.885624964450182794e+00
-1.891560311800279948e+00
-1.897433854817560883e+00
-1.903280304756121311e+00
-1.909117033494021287e+00
-1.914935658970222221e+00
-1.920704469454987517e+00
-1.926380569739799320e+00
-1.931926634290485723e+00
-1.937325326657459934e+00
-1.942585525535026392e+00
-1.947737999432124889e+00
-1.952822616536257438e+00
-1.957872642918032646e+00
-1.962902739738172864e+00
-1.967905529083266991e+00
-1.972857847463183711e+00
-1.977733675289016890e+00
-1.982517982211131624e+00
-1.987215505091825651e+00
-1.991850819592882793e+00
-1.996459915715082634e+00
-2.001077147827490244e+00
-2.005723323227336596e+00
-2.010400030288173046e+00
-2.015092423771969177e+00
-2.019778887966517278e+00
-2.024442977304402369e+00
-2.029082114973233875e+00
-2.033709101787866125e+00
-2.038345827672012778e+00
-2.043012174375489209e+00
-2.047715320196642264e+00
-2.052444486473040008e+00
-2.057173688296522585e+00
-2.061871383185965190e+00
-2.066512709345484478e+00
-2.071088733889557609e+00
-2.075608397111400549e+00
-2.080092108439232312e+00
-2.084559776590488411e+00
-2.089018712056685434e+00
-2.093457085685872521e+00
-2.097846284788368987e+00
-2.102151560568434885e+00
-2.106346540087073560e+00
-2.110425212593702859e+00
-2.114405839119221309e+00
-2.118324596526288239e+00
-2.122221247057418658e+00
-2.126122755405724263e+00
-2.130031911060536132e+00
-2.133926064970989245e+00
-2.137766804498273387e+00
-2.141516621374102591e+00
-2.145155438326228570e+00
-2.148689698460711117e+00
-2.152149745469158049e+00
-2.155576197843571684e+00
-2.159000830495720447e+00
-2.162430028070936316e+00
-2.165838002909951765e+00
-2.169172969778943916e+00
-2.172373998832508146e+00
-2.175391660946157213e+00
-2.178203844407573087e+00
-2.180820065231365401e+00
-2.183272443340291247e+00
-2.185597236055368597e+00
-2.187814946349546652e+00
-2.189917732680406903e+00
-2.191869796336506582e+00
-2.193620862981983777e+00
-2.195127182291169987e+00
-2.196371147349808872e+00
-2.197371116010784498e+00
-2.198177142816846175e+00
-2.198854352970135206e+00
-2.199461011386121267e+00
-2.200030651237321777e+00
-2.200565889881406001e+00
-2.201046489757270574e+00
-2.201447990841208568e+00
-2.201762556494774259e+00
-2.202012602941682662e+00
-2.202250841052887154e+00
-2.202546261316113529e+00
-2.202961801430665112e+00
-2.203533220829466011e+00
-2.204258351944791805e+00
-2.205101504212918062e+00
-2.206011233452091158e+00
-2.206943787312722449e+00
-2.207881934295714110e+00
-2.208840796322868449e+00
-2.209857935702711718e+00
-2.210971900442771254e+00
-2.212198666114174816e+00
-2.213516597365942307e+00
-2.214867076790033806e+00
-2.216171238298932256e+00
-2.217356164356450332e+00
-2.218379555698019701e+00
-2.219242235277900654e+00
-2.219982861554980591e+00
-2.220656821977704531e+00
-2.221308208120604810e+00
-2.221946995425234217e+00
-2.222541546220242026e+00
-2.223030086105957093e+00
-2.223346590188575611e+00
-2.223450086967190931e+00
-2.223344564288743719e+00
-2.223080401224103220e+00
-2.222736014737565657e+00
-2.222386913118144847e+00
-2.222074938018021140e+00
-2.221790687882459814e+00
-2.221476751306713293e+00
-2.221050636782119891e+00
-2.220437858227473082e+00
-2.219601152432080671e+00
-2.218553261237034668e+00
-2.217347583066867411e+00
-2.216050430436641960e+00
-2.214706620349036204e+00
-2.213313220571935691e+00
-2.211813048967944173e+00
-2.210111273490017236e+00
-2.208108656899089528e+00
-2.205737807185740529e+00
-2.202987336624344650e+00
-2.199903784501490822e+00
-2.196570538991725829e+00
-2.193072752315130103e+00
-2.189463221338835641e+00
-2.185743837269417345e+00
-2.181870602983929430e+00
-2.177780145278525925e+00
-2.173426391561729787e+00
-2.168811602791544946e+00
-2.163998204532272762e+00
-2.159095924013459289e+00
-2.154229211646339515e+00
-2.149498343054980776e+00
-2.144950351010605161e+00
-2.140571793254408384e+00
-2.136306076743260007e+00
-2.132087596598167156e+00
-2.127877782128035022e+00
-2.123687357785696062e+00
-2.119575077003444719e+00
-2.115623337863967723e+00
-2.111901131780265395e+00
-2.108430295373027175e+00
-2.105169700057558657e+00
-2.102024399519835551e+00
-2.098876108670096663e+00
-2.095622281066331194e+00
-2.092207399342488561e+00
-2.088633470514634993e+00
-2.084945680238016852e+00
-2.081199851989813165e+00
-2.077426176439987948e+00
-2.073605251068296962e+00
-2.069667088573147407e+00
-2.065513747058151939e+00
-2.061055943531643564e+00
-2.056247881481352735e+00
-2.051105212830722113e+00
-2.045698277717515889e+00
-2.040123401008548942e+00
-2.034464481724891805e+00
-2.028761285173125373e+00
-2.022997864524617384e+00
-2.017115765228679525e+00
-2.011045888787061475e+00
-2.004744785151949316e+00
-1.998219230109248290e+00
-1.991528065724946339e+00
-1.984760222534271978e+00
-1.977998287965744728e+00
-1.971283388450257190e+00
-1.964596710821526315e+00
-1.957865854744728740e+00
-1.950993435053327341e+00
-1.943895787935300934e+00
-1.936534960272795258e+00
-1.928930966429190041e+00
-1.921147315276741097e+00
-1.913261635056365595e+00
-1.905320890686077684e+00
-1.897339995201167806e+00
-1.889128440550740029e+00
-1.880594806391496343e+00
-1.871788902419151857e+00
-1.862787514365160657e+00
-1.853694665454510782e+00
-1.844594452776205706e+00
-1.835526069086861778e+00
-1.826475978282816159e+00
-1.817395458956800658e+00
-1.808234482277056410e+00
-1.798977536951934075e+00
-1.789665479887561084e+00
-1.780393448832535475e+00
-1.771285016587325067e+00
-1.762452989861407637e+00
-1.753963115651307136e+00
-1.745815906840084475e+00
-1.737954216471061741e+00
-1.730293260883613682e+00
-1.722760173056091526e+00
-1.715325996925895602e+00
-1.708016214021484735e+00
-1.700895067376419600e+00
-1.694030229721603886e+00
-1.687452954239684555e+00
-1.681131038697512237e+00
-1.674966726095830305e+00
-1.668821210960513612e+00
-1.662556129380455605e+00
-1.656075094995114627e+00
-1.649348168556779459e+00
-1.642409247588633159e+00
-1.635327769213692939e+00
-1.628167015185407074e+00
-1.620947047840742172e+00
-1.613628406483385458e+00
-1.606123903496315064e+00
-1.598333858869845248e+00
-1.590189998142830019e+00
-1.581689332142241833e+00
-1.572903342491079215e+00
-1.563958127533539466e+00
-1.554993363687200869e+00
-1.546116878241614145e+00
-1.537373506501342524e+00
-1.528740892762180170e+00
-1.520153511338002472e+00
-1.511544239721235972e+00
-1.502885378069272582e+00
-1.494211258207016835e+00
-1.485612434641001567e+00
-1.477203583000884723e+00
-1.469078505888713249e+00
-1.461271262792238623e+00
-1.453739993320217527e+00
-1.446380504531096456e+00
-1.439064152258928697e+00
-1.431684291177911073e+00
-1.424191989408856163e+00
-1.416606310772682953e+00
-1.408995328144407644e+00
-1.401436563281791559e+00
-1.393974300274064770e+00
-1.386592524901820278e+00
-1.379215528276748426e+00
-1.371736331210849480e+00
-1.364061101696762535e+00
-1.356150767993558937e+00
-1.348042074531600854e+00
-1.339838963022075724e+00
-1.331677714629261544e+00
-1.323680413421927549e+00
-1.315916227895738144e+00
-1.308386629433818005e+00
-1.301040395342746514e+00
-1.293811446212563609e+00
-1.286662718689575824e+00
-1.279616629177794174e+00
-1.272758389160046022e+00
-1.266210068313011083e+00
-1.260085937749346963e+00
-1.254447830358853100e+00
-1.249279422682379792e+00
-1.244490444232473791e+00
-1.239949179829738624e+00
-1.235529632842644387e+00
-1.231153495206171122e+00
-1.226809314928903438e+00
-1.222541037858087654e+00
-1.218411261932447420e+00
-1.214455458360919504e+00
-1.210647400038776578e+00
-1.206891349711704642e+00
-1.203045161943618213e+00
-1.198965187032390300e+00
-1.194554402910054991e+00
-1.189793640277419406e+00
-1.184742800629539738e+00
-1.179511622505448054e+00
-1.174212445463865384e+00
-1.168915067940965447e+00
-1.163622849851881247e+00
-1.158280035523348461e+00
-1.152806843390525415e+00
-1.147146888059265013e+00
-1.141306100802997214e+00
-1.135365840432081219e+00
-1.129463867033714930e+00
-1.123750600429490376e+00
-1.118338728546021787e+00
-1.113267197611521375e+00
-1.108494603277669688e+00
-1.103924549926043497e+00
-1.099451958259176632e+00
-1.095010392388249487e+00
-1.089855523332353249e+00
-1.083811452102491524e+00
-1.076903996267018826e+00
-1.069158973394284784e+00
-1.060602201052646798e+00
-1.051259496810453831e+00
-1.041156678236061728e+00
-1.030319562897824559e+00
-1.018773968364091287e+00
-1.006545712203220866e+00
-9.936606119835599271e-01
-9.801444852734650937e-01
-9.660231496412923224e-01
-9.513224226553886886e-01
-9.360681218841135909e-01
-9.202860648958138823e-01
-9.040020692588455198e-01
-8.872419525415654595e-01
-8.700315323123201106e-01
-8.523966261394695376e-01
-8.343630515913592616e-01
-8.159566262363462386e-01
-7.972031676427878688e-01
-7.781284933790292291e-01
-7.587584210134314944e-01
-7.391187681143392973e-01
-7.192353522501102603e-01
-6.991339909891023385e-01
-6.788405018996586104e-01
-6.583807025501428045e-01
-6.377804105088975550e-01
-6.170654433442813724e-01
-5.962616186246517680e-01
-5.753947539183527082e-01
-5.544906667937463673e-01
-5.335751748191771560e-01
-5.126740955630023633e-01
-4.918132465935797781e-01
-4.710184454792538111e-01
-4.503155097883860813e-01
-4.297302570893211104e-01
-4.092885049504163542e-01
-3.890160709400298789e-01
-3.689387726265052625e-01
-3.490824275782048458e-01
-3.294728533634730949e-01
-3.101358675506672991e-01
-2.910972877081451360e-01
-2.723829314042509053e-01
-2.540186162073462262e-01
-2.360301596857761752e-01
-2.184433794078979862e-01
-2.012840929420686431e-01
-1.845781178566334446e-01
-1.683512717199496245e-01
-1.526293721003737225e-01
-1.374382365662518979e-01
-1.228036826859438824e-01
-1.087515280277965846e-01
-9.530759016016626672e-02
-8.249768665140889967e-02
-7.034763506987212756e-02
-5.888325298391422491e-02
-4.813035796188330773e-02
-3.811476757213537458e-02
-2.886229938302517506e-02
-2.039877096290201863e-02
-1.274999988012273655e-02
-5.941803703037137896e-03
-2.775557561562891351e-17
