1.110223024625156540e-16
1.147746197882130656e-03
9.594679326648048508e-04
-5.247644343354471034e-04
-3.264880541802630057e-03
-7.220810028420055621e-03
-1.235248253286998048e-02
-1.861982769383843661e-02
-2.598277515000609050e-02
-3.440125454005972527e-02
-4.383519550268136222e-02
-5.424452767655187774e-02
-6.558918070035997527e-02
-7.782908421278374178e-02
-9.092416785251222766e-02
-1.048343612582265938e-01
-1.195195940686065161e-01
-1.349397959223423982e-01
-1.510548964581111819e-01
-1.678248253146030766e-01
-1.852095121304982994e-01
-2.031688865444764569e-01
-2.216628781952289795e-01
-2.406514167214311162e-01
-2.600944317617747692e-01
-2.799518529549397949e-01
-3.001836099396045787e-01
-3.207496323544620220e-01
-3.416098498381861526e-01
-3.627241920294704824e-01
-3.840525885669932027e-01
-4.055549690894335590e-01
-4.271912632354841755e-01
-4.489214006438194682e-01
-4.707053109531323942e-01
-4.925029238021017552e-01
-5.142741688294059088e-01
-5.359789756737387556e-01
-5.575772739737735462e-01
-5.790289933682036816e-01
-6.002940634957079080e-01
-6.213324139949649716e-01
-6.421039745046678293e-01
-6.625686746634910085e-01
-6.826864441101268000e-01
-7.024172124832543940e-01
-7.217209094215533138e-01
-7.405574645637148512e-01
-7.588868075484150877e-01
-7.766688680143449819e-01
-7.938635756001846122e-01
-8.104308599446132799e-01
-8.263306506863222767e-01
-8.415228774639880172e-01
-8.559674699163006828e-01
-8.696243576819404630e-01
-8.824534703995882134e-01
-8.944147377079330052e-01
-9.054680892456529184e-01
-9.155734546514365801e-01
-9.246907635639652900e-01
-9.327799456219204588e-01
-9.398009304639891592e-01
-9.457136477288523579e-01
-9.504780270551955734e-01
-9.540539980817015486e-01
-9.564014904470530265e-01
-9.574804337899344153e-01
-9.572507577490291242e-01
-9.556723919630205621e-01
-9.527052660705922493e-01
-9.486204203502981436e-01
-9.445533581848220006e-01
-9.405269426111032560e-01
-9.365411813182846767e-01
-9.325920359914675606e-01
-9.286905078069678243e-01
-9.248731817592621418e-01
-9.211991926949119058e-01
-9.177345320974814591e-01
-9.145301773185261496e-01
-9.116032998834755485e-01
-9.089296034579289474e-01
-9.064501763749898133e-01
-9.040901251022962493e-01
-9.017813116277639818e-01
-8.994798716926065696e-01
-8.971715410763385634e-01
-8.948631390402430608e-01
-8.925645561116467563e-01
-8.902696981062288017e-01
-8.879452550317443738e-01
-8.855327232236391843e-01
-8.829633267161030030e-01
-8.801798433105187947e-01
-8.771562725668897720e-01
-8.739071088620660177e-01
-8.704823527869288702e-01
-8.669504123420773700e-01
-8.633761232106841321e-01
-8.598030790137908275e-01
-8.562474747527504260e-01
-8.527055961944760565e-01
-8.491711291806284256e-01
-8.456541836654015709e-01
-8.421931738395359579e-01
-8.388537888976682622e-01
-8.357148881779430383e-01
-8.328468445411493226e-01
-8.302911871708223979e-01
-8.280499336876507854e-01
-8.260889069309786947e-01
-8.243534093310709299e-01
-8.227894304166410988e-01
-8.213613109376710630e-01
-8.200584497239646886e-01
-8.188884976679683403e-01
-8.178604214780508253e-01
-8.169652727310690032e-01
-8.161635467584288373e-01
-8.153852091649603784e-01
-8.145430145519709786e-01
-8.135539960872905096e-01
-8.123604423628439930e-01
-8.109418382408845050e-01
-8.093130640913488438e-01
-8.075099773251012136e-01
-8.055688336447508480e-01
-8.035085471255934975e-01
-8.013234469708334640e-01
-7.989895452842852297e-01
-7.964813634254955810e-01
-7.937917019667690699e-01
-7.909453785966591433e-01
-7.880004842308765411e-01
-7.850360459758143339e-01
-7.821308236402552128e-01
-7.793417873745667190e-01
-7.766909845570503235e-01
-7.741659342664929389e-01
-7.717329228008596997e-01
-7.693570963640117277e-01
-7.670204136575409226e-01
-7.647295522728411177e-01
-7.625103118982115014e-01
-7.603910002923768285e-01
-7.583821597983781970e-01
-7.564616846091962721e-01
-7.545721552928582598e-01
-7.526320280169663812e-01
-7.505563889065028915e-01
-7.482788656861254495e-01
-7.457658048143408491e-01
-7.430171502229243607e-01
-7.400541733983988513e-01
-7.368998352908063820e-01
-7.335606742901712440e-01
-7.300183727724447458e-01
-7.262348761991094248e-01
-7.221689709402558943e-01
-7.177971497381765431e-01
-7.131296073446908856e-01
-7.082141861900129731e-01
-7.031261935794503870e-01
-6.979480430867974761e-01
-6.927470320389170766e-01
-6.875603659699576209e-01
-6.823934195459767649e-01
-6.772315145217708832e-01
-6.720596578447841640e-01
-6.668812322308022011e-01
-6.617270863204822717e-01
-6.566506758527739240e-01
-6.517110257338820656e-01
-6.469506760955356928e-01
-6.423781037089169033e-01
-6.379623473768527564e-01
-6.336424446337866057e-01
-6.293479881578623036e-01
-6.250223615252907816e-01
-6.206389950842554626e-01
-6.162041414519100480e-01
-6.117447941752303109e-01
-6.072890775790592555e-01
-6.028421998421623629e-01
-5.983868211626794942e-01
-5.938490813396444246e-01
-5.891241755371839917e-01
-5.841997639155614985e-01
-5.791025994595623283e-01
-5.738965590039006859e-01
-5.686568646622456313e-01
-5.634450729658742052e-01
-5.582904096004774885e-01
-5.531869615624216419e-01
-5.481069181127735668e-01
-5.430241252120683315e-01
-5.379375106496441239e-01
-5.328840817730486901e-01
-5.279355785488775155e-01
-5.231797930213885062e-01
-5.186940474147344604e-01
-5.145216340068667904e-01
-5.106607843785682110e-01
-5.070704954918711094e-01
-5.036905180356168188e-01
-5.004669724466115355e-01
-4.973728441322899374e-01
-4.944149234666977422e-01
-4.916245879807777386e-01
-4.890366875786709699e-01
-4.866658190052971511e-01
-4.844903112124733235e-01
-4.824509061463755355e-01
-4.804648949915488187e-01
-4.784499963676834833e-01
-4.763482663197609601e-01
-4.741404488340630885e-01
-4.718452973741323331e-01
-4.695047280944418255e-01
-4.671615021092960229e-01
-4.648390332904402955e-01
-4.625317337367357839e-01
-4.602096238710477460e-01
-4.578347928775541309e-01
-4.553823180460104814e-01
-4.528565092387549784e-01
-4.502955025171274661e-01
-4.477622814541191709e-01
-4.453259496804064521e-01
-4.430410733782517707e-01
-4.409335044222366662e-01
-4.389980795743998465e-01
-4.372083926749721350e-01
-4.355337374173277043e-01
-4.339554865641797599e-01
-4.324757582841999848e-01
-4.311148668665753525e-01
-4.298991015549384342e-01
-4.288445916851881257e-01
-4.279445860400152846e-01
-4.271657982668994880e-01
-4.264553634286020189e-01
-4.257552705895940592e-01
-4.250179517046857591e-01
-4.242163886759762192e-01
-4.233447274737265342e-01
-4.224097397167597689e-01
-4.214175793553891491e-01
-4.203623137633665796e-01
-4.192217774119271212e-01
-4.179628342463664881e-01
-4.165537184576217911e-01
-4.149777926849110843e-01
-4.132423087351393964e-01
-4.113779339695688986e-01
-4.094289444008341605e-01
-4.074382282602588834e-01
-4.054336660532112946e-01
-4.034219281888531405e-01
-4.013924631096713047e-01
-3.993298633977857004e-01
-3.972289275715672474e-01
-3.951053388685689116e-01
-3.929966421819922617e-01
-3.909524069300940319e-01
-3.890173093716237096e-01
-3.872142134553600012e-01
-3.855346538511957299e-01
-3.839411934275301364e-01
-3.823811327947220229e-01
-3.808061193444025605e-01
-3.791894990071129623e-01
-3.775340350984167648e-01
-3.758665952573425617e-01
-3.742219407821157362e-01
-3.726224951766282101e-01
-3.710628617389397643e-01
-3.695060303078931407e-01
-3.678933893120198140e-01
-3.661648420848520047e-01
-3.642809697743566999e-01
-3.622381553070644356e-01
-3.600703597936700806e-01
-3.578366990338239795e-01
-3.555998328873092862e-01
-3.534039919242061845e-01
-3.512616176815415159e-01
-3.491539976237877374e-01
-3.470454252086359048e-01
-3.449047751799881878e-01
-3.427253004221887944e-01
-3.405342441868106085e-01
-3.383881742680574511e-01
-3.363559226921287726e-01
-3.344961555654424878e-01
-3.328387525965723626e-01
-3.313774704380528791e-01
-3.300765729290208172e-01
-3.288882874167881054e-01
-3.277735465064434695e-01
-3.267173251952392166e-01
-3.257324094963782724e-01
-3.248505000493578931e-01
-3.241049659700600549e-01
-3.235130134170481342e-01
-3.230650886302765534e-01
-3.227260343841081291e-01
-3.224473320048127922e-01
-3.221849715558393057e-01
-3.219151685184600820e-01
-3.216412446972389816e-01
-3.213890085757463710e-01
-3.211930858320243276e-01
-3.210805864953714672e-01
-3.210595455417304400e-01
-3.211172938780699759e-01
-3.212293535744051298e-01
-3.213746441466482917e-01
-3.215498764619248440e-01
-3.217763032388932798e-01
-3.220953803231382251e-01
-3.225548840819256191e-01
-3.231914151955101455e-01
-3.240170233745824357e-01
-3.250160579492296642e-01
-3.261539373329769287e-01
-3.273942280757948797e-01
-3.287165799467899885e-01
-3.301274226863418204e-01
-3.316582672251272568e-01
-3.333517750261537627e-01
-3.352412180489365290e-01
-3.373321151627826642e-01
-3.395942603752825084e-01
-3.419681946488359880e-01
-3.443841172490526015e-01
-3.467858369622955905e-01
-3.491499518408890945e-01
-3.514921327158451181e-01
-3.538575591081976612e-01
-3.562991153345889672e-01
-3.588521635420879319e-01
-3.615163498199950864e-01
-3.642522077176018058e-01
-3.669943394962223437e-01
-3.696761092554641248e-01
-3.722559201853508637e-01
-3.747343202241090188e-01
-3.771547757665659750e-01
-3.795875323694820613e-01
-3.821028584700256192e-01
-3.847443320633740504e-01
-3.875128273980500415e-01
-3.903675091993054069e-01
-3.932432562975390899e-01
-3.960773272431790115e-01
-3.988344333980623491e-01
-4.015201624402289227e-01
-4.041775358909250881e-01
-4.068683720245228064e-01
-4.096472266716313371e-01
-4.125385342844323788e-01
-4.155260654021742939e-01
-4.185586531901971385e-01
-4.215694880750772700e-01
-4.245008923345610086e-01
-4.273245415847626294e-01
-4.300492878306756417e-01
-4.327140475665892660e-01
-4.353693700585214987e-01
-4.380557434607798006e-01
-4.407876668782945706e-01
-4.435496944302230737e-01
-4.463054060680445856e-01
-4.490148610387569850e-01
-4.516527843031735157e-01
-4.542198233262644824e-01
-4.567425106390985978e-01
-4.592625510805248834e-01
-4.618205399631708508e-01
-4.644413180830851973e-01
-4.671270826619902672e-01
-4.698606972356688116e-01
-4.726170631441722891e-01
-4.753769652812104840e-01
-4.781369649828107748e-01
-4.809109673989845346e-01
-4.837230401563660243e-01
-4.865950923593701516e-01
-4.895353268977026828e-01
-4.925329498460696565e-01
-4.955616794130228153e-01
-4.985904958996093539e-01
-5.015967183273908336e-01
-5.045753812538540384e-01
-5.075405257824324723e-01
-5.105176835554667836e-01
-5.135308778204077385e-01
-5.165900666066146618e-01
-5.196849115079861248e-01
-5.227880465943806065e-01
-5.258668048410701790e-01
-5.288984883618341737e-01
-5.318824820536659503e-01
-5.348436562983962528e-01
-5.378251430564066071e-01
-5.408731594471650750e-01
-5.440201029289519763e-01
-5.472730755813555170e-01
-5.506128487819891282e-01
-5.540039178694711186e-01
-5.574115525003222604e-01
-5.608186716599294908e-01
-5.642353267779492976e-01
-5.676965952908799018e-01
-5.712495352452974240e-01
-5.749344879385590579e-01
-5.787684712760431394e-01
-5.827376250437936722e-01
-5.868019551121967936e-01
-5.909105259441572722e-01
-5.950209021347768745e-01
-5.991148789495592819e-01
-6.032041129189460449e-01
-6.073234939998038984e-01
-6.115152070649080285e-01
-6.158102644562536421e-01
-6.202152541596315238e-01
-6.247097633732520139e-01
-6.292553925823652916e-01
-6.338124158904100414e-01
-6.383570099384713314e-01
-6.428918634363633977e-01
-6.474458987558940892e-01
-6.520634717503456246e-01
-6.567877917139062216e-01
-6.616455783324308726e-01
-6.666392297305244741e-01
-6.717494026206245472e-01
-6.769463990992383717e-01
-6.822050606603659029e-01
-6.875165549870951853e-01
-6.928920197807213466e-01
-6.983567411136256675e-01
-7.039377285701087228e-01
-7.096503665396755034e-01
-7.154900726241899545e-01
-7.214325231268393646e-01
-7.274421077934042357e-01
-7.334846151126973579e-01
-7.395383600429453752e-01
-7.455988027446860400e-01
-7.516747865336339540e-01
-7.577784159714107126e-01
-7.639135280679933970e-01
-7.700683577393673263e-01
-7.762160614873070408e-01
-7.823231119580644766e-01
-7.883618620809549338e-01
-7.943215045856686363e-01
-8.002122043553840935e-01
-8.060601693596967099e-01
-8.118955460156437320e-01
-8.177384190892348359e-01
-8.235892927147574483e-01
-8.294286476219328019e-01
-8.352262112561990026e-01
-8.409561500472548801e-01
-8.466114786174561146e-01
-8.522109624352455226e-01
-8.577947901578306666e-01
-8.634101078150900888e-01
-8.690920989057066004e-01
-8.748485839622791582e-01
-8.806550126868075701e-01
-8.864625722836053656e-01
-8.922166091822509859e-01
-8.978779974620237914e-01
-9.034384922968272669e-01
-9.089232914609617353e-01
-9.143792079650439053e-01
-9.198529185920331086e-01
-9.253681484692244386e-01
-9.309114561077772576e-01
-9.364330358249937092e-01
-9.418628938338392542e-01
-9.471363448900568249e-01
-9.522186966180532508e-01
-9.571190176864464716e-01
-9.618871027084064940e-01
-9.665944962707023747e-01
-9.713069870319862575e-01
-9.760596250519285588e-01
-9.808444451670406128e-01
-9.856160241887319540e-01
-9.903127792566883691e-01
-9.948854634025272592e-01
-9.993212778728277623e-01
-1.003653681653672081e+00
-1.007953707167576152e+00
-1.012306058866086156e+00
-1.016779439130111706e+00
-1.021402894302651410e+00
-1.026157550024391796e+00
-1.030986893440953622e+00
-1.035821297648495287e+00
-1.040606806148712593e+00
-1.045326607895509907e+00
-1.050006732732461812e+00
-1.054703972344332774e+00
-1.059481226916942909e+00
-1.064380468967300430e+00
-1.069404311949697872e+00
-1.074513478014712531e+00
-1.079640905688932895e+00
-1.084716533014967732e+00
-1.089692649642119315e+00
-1.094559757062576910e+00
-1.099346998361604211e+00
-1.104107621806681649e+00
-1.108895952104469451e+00
-1.113745518501433107e+00
-1.118657124122719448e+00
-1.123601224171045132e+00
-1.128532946393866254e+00
-1.133412971745979103e+00
-1.138225381903823497e+00
-1.142985224606840156e+00
-1.147733115254708114e+00
-1.152519674602489275e+00
-1.157386677492822979e+00
-1.162352815722884403e+00
-1.167409648887337781e+00
-1.172528734249036475e+00
-1.177676163969909817e+00
-1.182827809548608444e+00
-1.187978649279025856e+00
-1.193142485936202979e+00
-1.198342757447943496e+00
-1.203599034427114800e+00
-1.208915506895363423e+00
-1.214276619143816127e+00
-1.219651618218130285e+00
-1.225005710096110700e+00
-1.230312604787046959e+00
-1.235562750663584453e+00
-1.240763666262251430e+00
-1.245932476597069183e+00
-1.251084355080147148e+00
-1.256222436036941614e+00
-1.261334058804326697e+00
-1.266395261176136655e+00
-1.271381585540807269e+00
-1.276280255145706644e+00
-1.281098016735437106e+00
-1.285860780035101625e+00
-1.290604839157918127e+00
-1.295363303280472111e+00
-1.300153653886695571e+00
-1.304972022634415696e+00
-1.309796935965880316e+00
-1.314601110398172956e+00
-1.319366235123958564e+00
-1.324094179235669300e+00
-1.328809432374958632e+00
-1.333551288705609794e+00
-1.338358743525526862e+00
-1.343254362635642574e+00
-1.348234045547036741e+00
-1.353267282271716443e+00
-1.358308138874904980e+00
-1.363312636011200008e+00
-1.368255355516831306e+00
-1.373138297882425363e+00
-1.377988177666199299e+00
-1.382843173840944573e+00
-1.387734620194581714e+00
-1.392671316623868893e+00
-1.397633116879791082e+00
-1.402576608295619032e+00
-1.407450647177670433e+00
-1.412215375789460881e+00
-1.416856867637083406e+00
-1.421391359351692696e+00
-1.425857363584941861e+00
-1.430298983100778853e+00
-1.434747359800271571e+00
-1.439207887905732841e+00
-1.443658329881785551e+00
-1.448058369661999745e+00
-1.452366373907415964e+00
-1.456556213907732600e+00
-1.460627117459486701e+00
-1.464602605722629125e+00
-1.468519255522009015e+00
-1.472410286923128586e+00
-1.476291019140968164e+00
-1.480152246342452793e+00
-1.483964046297733930e+00
-1.487688022174610269e+00
-1.491292449129727249e+00
-1.494763747436109513e+00
-1.498109530703558789e+00
-1.501352316319606750e+00
-1.504517111467554180e+00
-1.507618687390324785e+00
-1.510654316491141458e+00
-1.513605133233399069e+00
-1.516445294624950257e+00
-1.519154561152121552e+00
-1.521728390402650621e+00
-1.524180813938098789e+00
-1.526538714863714397e+00
-1.528830143315692114e+00
-1.531072129302799123e+00
-1.533263776856611305e+00
-1.535388074025869409e+00
-1.537421854070026850e+00
-1.539349491182134821e+00
-1.541173977811722828e+00
-1.542919956911163792e+00
-1.544626748097101654e+00
-1.546333922650494186e+00
-1.548065540324844891e+00
-1.549820126576933355e+00
-1.551571296823937018e+00
-1.553279455792534014e+00
-1.554910103367643792e+00
-1.556451108105265213e+00
-1.557921337456720678e+00
-1.559366389898705574e+00
-1.560842538322881001e+00
-1.562395140248767245e+00
-1.564040462250955388e+00
-1.565758799982047256e+00
-1.567502315011540137e+00
-1.569214928456848845e+00
-1.570856432554941451e+00
-1.572420928262259210e+00
-1.573941723145862781e+00
-1.575480203278415647e+00
-1.577102751784696055e+00
-1.578854808828625611e+00
-1.580742546371126434e+00
-1.582729722374498937e+00
-1.584751213675256620e+00
-1.586737953879621355e+00
-1.588643305420039065e+00
-1.590460225994144716e+00
-1.592222260629960751e+00
-1.593987925854677634e+00
-1.595814794482121934e+00
-1.597733786951466284e+00
-1.599734081067525571e+00
-1.601764690263776547e+00
-1.603751983215605303e+00
-1.605625993563791321e+00
-1.607344917284267316e+00
-1.608908094550498769e+00
-1.610352602166129632e+00
-1.611735306577464222e+00
-1.613108054017919457e+00
-1.614496242202879017e+00
-1.615889345078679984e+00
-1.617246827663729514e+00
-1.618516482171258541e+00
-1.619657211800973329e+00
-1.620656715268619319e+00
-1.621536945680215558e+00
-1.622345514129540422e+00
-1.623137100232088237e+00
-1.623952936277129666e+00
-1.624806917758229385e+00
-1.625683756067949126e+00
-1.626549256019703238e+00
-1.627367649579827713e+00
-1.628118117034313528e+00
-1.628803310785637226e+00
-1.629446468151574123e+00
-1.630078840686592923e+00
-1.630723397715799106e+00
-1.631382264527812431e+00
-1.632033533632623268e+00
-1.632638800543579460e+00
-1.633157954365988873e+00
-1.633564536859981597e+00
-1.633854784088107026e+00
-1.634046351042560241e+00
-1.634167396383189530e+00
-1.634241088024409150e+00
-1.634272721172796983e+00
-1.634245540897628413e+00
-1.634127499694997265e+00
-1.633886236440075912e+00
-1.633505743187033676e+00
-1.632997225369076322e+00
-1.632399007870066310e+00
-1.631765027355182029e+00
-1.631146457398955807e+00
-1.630574133599945741e+00
-1.630049291696251901e+00
-1.629546709275860650e+00
-1.629029072051522808e+00
-1.628466514580400926e+00
-1.627852922625376619e+00
-1.627211790425692417e+00
-1.626588746157157539e+00
-1.626033496734714312e+00
-1.625578517112731269e+00
-1.625223357778689204e+00
-1.624931259054795074e+00
-1.624639726694697472e+00
-1.624280944021435635e+00
-1.623803781635982713e+00
-1.623188490639754011e+00
-1.622448221402405855e+00
-1.621616993006642415e+00
-1.620729368166794249e+00
-1.619800495935893592e+00
-1.618814961449509093e+00
-1.617729150217180001e+00
-1.616486171815207928e+00
-1.615037172847161973e+00
-1.613360272930112860e+00
-1.611469430178851026e+00
-1.609409791149142954e+00
-1.607241685435614409e+00
-1.605020027270975147e+00
-1.602777584791441168e+00
-1.600518704342553722e+00
-1.598225501374573421e+00
-1.595873240270145432e+00
-1.593447865926843621e+00
-1.590957965637210147e+00
-1.588436069949165530e+00
-1.585928920577244217e+00
-1.583481064372375124e+00
-1.581118857330047867e+00
-1.578841574612725562e+00
-1.576623080826238699e+00
-1.574422890778516937e+00
-1.572201485114650854e+00
-1.569933136433206755e+00
-1.567610888277682246e+00
-1.565242028053068557e+00
-1.562836718259771995e+00
-1.560395475458667081e+00
-1.557901592343441610e+00
-1.555322235328478131e+00
-1.552617921635344400e+00
-1.549756221153786084e+00
-1.546723578587365866e+00
-1.543529985481514544e+00
-1.540204463628180420e+00
-1.536783507967843576e+00
-1.533297840104273169e+00
-1.529763587214286513e+00
-1.526181971952336180e+00
-1.522547668829768108e+00
-1.518861912062237973e+00
-1.515144080166448415e+00
-1.511435940594696659e+00
-1.507795873584802493e+00
-1.504284857078054927e+00
-1.500949807106866762e+00
-1.497811297711478362e+00
-1.494861021136273171e+00
-1.492070232243956740e+00
-1.489405617512124635e+00
-1.486845660986412687e+00
-1.484390181068268921e+00
-1.482058550339551140e+00
-1.479877024321443857e+00
-1.477860500834490720e+00
-1.475996746932898285e+00
-1.474240375532856806e+00
-1.472519897249984000e+00
-1.470755650879612464e+00
-1.468881674117384017e+00
-1.466862685883748796e+00
-1.464699201571159515e+00
-1.462418681949313459e+00
-1.460056498977336359e+00
-1.457634882952848265e+00
-1.455148987926026649e+00
-1.452566293322606894e+00
-1.449839913219359344e+00
-1.446930381333008109e+00
-1.443826686947231153e+00
-1.440557412685544048e+00
-1.437186801576042727e+00
-1.433796829615064716e+00
-1.430462253857351484e+00
-1.427228650617812011e+00
-1.424102296201991358e+00
-1.421055811439821071e+00
-1.418046902305871049e+00
-1.415042028842346866e+00
-1.412034761464725507e+00
-1.409050836853833921e+00
-1.406137576882026563e+00
-1.403342011926042465e+00
-1.400686931158421134e+00
-1.398155091283673102e+00
-1.395688503113571288e+00
-1.393203455666268242e+00
-1.390615353135663312e+00
-1.387863374546354223e+00
-1.384924965009862730e+00
-1.381814795427327658e+00
-1.378568444411373495e+00
-1.375220087675413705e+00
-1.371779081199028250e+00
-1.368229863411585034e+00
-1.364476404601995041e+00
-1.360463194520501684e+00
-1.356202542486904195e+00
-1.351739317849397271e+00
-1.347148762721630755e+00
-1.342510392797688024e+00
-1.337886615910680588e+00
-1.333309170069455929e+00
-1.328780350987846415e+00
-1.324287322218978602e+00
-1.319822829364938332e+00
-1.315402771192365483e+00
-1.311072575860939837e+00
-1.306899225970448608e+00
-1.302952021033663144e+00
-1.299280051587851093e+00
-1.295895800412793397e+00
-1.292771683304311470e+00
-1.289850832434952022e+00
-1.287067392479922967e+00
-1.284367633266083608e+00
-1.281723008119980411e+00
-1.279129931060882130e+00
-1.276596895432723588e+00
-1.274125088135100947e+00
-1.271691483450627658e+00
-1.269242320067636376e+00
-1.266700358843024787e+00
-1.263983341614475675e+00
-1.261026204383910887e+00
-1.257797939793080744e+00
-1.254306259281166680e+00
-1.250588390702787489e+00
-1.246692225013835253e+00
-1.242656063114304210e+00
-1.238495679831308038e+00
-1.234204126699030679e+00
-1.229764067312463682e+00
-1.225166917417863433e+00
-1.220430037984288285e+00
-1.215604002373921855e+00
-1.210766222930740321e+00
-1.206003088986452365e+00
-1.201387717542365507e+00
-1.196962322933767808e+00
-1.192732256044610528e+00
-1.188673794971016218e+00
-1.184751929928889558e+00
-1.180940188252675327e+00
-1.177233795227319302e+00
-1.173650475694696160e+00
-1.170218662232566764e+00
-1.166958428103699319e+00
-1.163863709157715087e+00
-1.160893917518902141e+00
-1.157979077699277548e+00
-1.155036840652792884e+00
-1.151994640755531485e+00
-1.148808061591694463e+00
-1.145468100988243254e+00
-1.141994777676296868e+00
-1.138420372014677495e+00
-1.134769965330790109e+00
-1.131047989793115827e+00
-1.127236778140312534e+00
-1.123307791274699596e+00
-1.119240599240908018e+00
-1.115041217286878439e+00
-1.110751558283346041e+00
-1.106445488738831529e+00
-1.102212663160973882e+00
-1.098136513133031844e+00
-1.094275241799006926e+00
-1.090653356982409727e+00
-1.087266735232472969e+00
-1.084098398823659881e+00
-1.081137613462765046e+00
-1.078393560230674231e+00
-1.075897277938380414e+00
-1.073690749905600539e+00
-1.071807701006953994e+00
-1.070254403671112575e+00
-1.068998921826955995e+00
-1.067973719874503402e+00
-1.067090924394707319e+00
-1.066264175424267213e+00
-1.065428242242544288e+00
-1.064548599352428182e+00
-1.063617520203484323e+00
-1.062639067373552848e+00
-1.061610132995672640e+00
-1.060506351250756429e+00
-1.059279545642092479e+00
-1.057868315147218130e+00
-1.056217583292512918e+00
-1.054298927124458052e+00
-1.052123016526616439e+00
-1.049738741529297137e+00
-1.047219194072358750e+00
-1.044640204044744891e+00
-1.042060237809965928e+00
-1.039509791775962588e+00
-1.036994237386274387e+00
-1.034508231174384285e+00
-1.032054795227182575e+00
-1.029660157011943689e+00
-1.027377287548682849e+00
-1.025275997592287824e+00
-1.023423322368226751e+00
-1.021862216660451628e+00
-1.020597441013794349e+00
-1.019594566526670798e+00
-1.018792522398618727e+00
-1.018124416103952656e+00
-1.017537915721340669e+00
-1.016072660631974767e+00
-1.013499430603246099e+00
-1.009850392047634049e+00
-1.005157711377616447e+00
-9.994535550056740103e-01
-9.927700893442827912e-01
-9.851394808059238395e-01
-9.765938958030770944e-01
-9.671655007482177213e-01
-9.568864620538294341e-01
-9.457889461323861768e-01
-9.339051193963691100e-01
-9.212671482582598381e-01
-9.079071991305319722e-01
-8.938574384256701144e-01
-8.791500325561472096e-01
-8.638171479344448622e-01
-8.478909509730457872e-01
-8.314036080844220411e-01
-8.143872856810594474e-01
-7.968741501754293965e-01
-7.788963679800147144e-01
-7.604861055072983378e-01
-7.416755291697509911e-01
-7.224968053798601630e-01
-7.029821005500959119e-01
-6.831635810929413966e-01
-6.630734134208803310e-01
-6.427437639463822183e-01
-6.222067990819356575e-01
-6.014946852400098187e-01
-5.806395888330883048e-01
-5.596736762736549409e-01
-5.386291139741787859e-01
-5.175380683471486609e-01
-4.964327058050340136e-01
-4.753451927603182248e-01
-4.543076956254848420e-01
-4.333523808130037569e-01
-4.125114147353627914e-01
-3.918169638050316705e-01
-3.713011944344942195e-01
-3.509962730362337080e-01
-3.309343660227198614e-01
-3.111476398064408344e-01
-2.916682607998662968e-01
-2.725283954154800736e-01
-2.537602100657647131e-01
-2.353958711631909673e-01
-2.174675451202460197e-01
-2.000073983494007612e-01
-1.830475972631380732e-01
-1.666203082739406149e-01
-1.507576977942795549e-01
-1.354919322366381351e-01
-1.208551780134980713e-01
-1.068796015373318642e-01
-9.359736922062457387e-02
-8.104064747584922845e-02
-6.924160271548771006e-02
-5.823240135202140122e-02
-4.804520979792437085e-02
-3.871219446567980560e-02
-3.026552176776256542e-02
-2.273735811665397732e-02
-1.615986992483395279e-02
-1.056522360477871181e-02
-5.985585568969470360e-03
-2.453122229883253347e-03
2.775557561562891351e-17
