1.110223024625156540e-16
5.092233927094885065e-03
8.602051608045190034e-03
1.057682755453461312e-02
1.106393627824898106e-02
1.011075229087303809e-02
7.764650104092244917e-03
4.073004229590576446e-03
-9.168108209452563266e-04
-7.157420535832416039e-03
-1.460145040338480839e-02
-2.320152591191534247e-02
-3.291027254974306787e-02
-4.368031580517854617e-02
-5.546428116654126411e-02
-6.821479412214413729e-02
-8.188448016029885312e-02
-9.642596476932645266e-02
-1.117918734375358686e-01
-1.279348316532483709e-01
-1.448074649047756679e-01
-1.623623986804287878e-01
-1.805522584685306797e-01
-1.993296697573881393e-01
-2.186472580353241990e-01
-2.384576487906502340e-01
-2.587134675116761207e-01
-2.793673396867261682e-01
-3.003718908041058677e-01
-3.216797463521400280e-01
-3.432435318191384699e-01
-3.650158726934114584e-01
-3.869493944632835247e-01
-4.089967226170601045e-01
-4.311104826430660619e-01
-4.532433000296112180e-01
-4.753478002650053380e-01
-4.973766088375740080e-01
-5.192823512356217197e-01
-5.410176529474733931e-01
-5.625351394614390710e-01
-5.837874362658290739e-01
-6.047271688489677111e-01
-6.253069626991609731e-01
-6.454794433047323921e-01
-6.651972361539928436e-01
-6.844129667352529811e-01
-7.030792605368358927e-01
-7.211487430470489013e-01
-7.385740397542145397e-01
-7.553077761466437945e-01
-7.713025777126478744e-01
-7.865110699405494232e-01
-8.008858783186560970e-01
-8.143796283352896515e-01
-8.269449454787617393e-01
-8.385344552373847904e-01
-8.491007830994785621e-01
-8.585965545533537080e-01
-8.669743950873292082e-01
-8.741869301897180478e-01
-8.801867853488338778e-01
-8.849265860529941241e-01
-8.883589577905119938e-01
-8.904365260497035806e-01
-8.911119163188834236e-01
-8.903377540863663953e-01
-8.880666648404670349e-01
-8.842512740695018802e-01
-8.788442072617836942e-01
-8.717980899056283484e-01
-8.634298878953333700e-01
-8.550550264583437476e-01
-8.466293152109470865e-01
-8.380660827215811182e-01
-8.292886089694210261e-01
-8.202786526302532355e-01
-8.110998636510666771e-01
-8.018856872489636967e-01
-7.927965662079258236e-01
-7.839643340397534077e-01
-7.754471080960707585e-01
-7.672134769362466411e-01
-7.591623042451022263e-01
-7.511693900154272630e-01
-7.431409611816688354e-01
-7.350512835691970226e-01
-7.269486712676730411e-01
-7.189277810388237100e-01
-7.110804948772112555e-01
-7.034468182162340044e-01
-6.959871272216715532e-01
-6.885879059272467240e-01
-6.810988438222307373e-01
-6.733858777546348762e-01
-6.653780877438695285e-01
-6.570890808277973782e-01
-6.486044145312317433e-01
-6.400410016056630180e-01
-6.314961700587273796e-01
-6.230081848504368525e-01
-6.145448821218497670e-01
-6.060248890225263807e-01
-5.973619314318722173e-01
-5.885129076512793933e-01
-5.795088789169091648e-01
-5.704554816596547617e-01
-5.615023050672275362e-01
-5.527939285681494619e-01
-5.444229978457219010e-01
-5.364047336703099411e-01
-5.286830053295633602e-01
-5.211646401208642754e-01
-5.137667400316062727e-01
-5.064564462142451262e-01
-4.992660530603646452e-01
-4.922771059065086940e-01
-4.855804777441650177e-01
-4.792297094037165639e-01
-4.732077669632858696e-01
-4.674216426769222110e-01
-4.617273847145288435e-01
-4.559752493594071421e-01
-4.500562021544252667e-01
-4.439305315942591035e-01
-4.376270359812137190e-01
-4.312137862548101608e-01
-4.247535108045431551e-01
-4.182630858197712298e-01
-4.116947413497461516e-01
-4.049472454014210188e-01
-3.979024325707634646e-01
-3.904715992826475190e-01
-3.826320531232473288e-01
-3.744382292690909830e-01
-3.660025209368635846e-01
-3.574537248685145108e-01
-3.488903724329364686e-01
-3.403482658048377352e-01
-3.317954354461480349e-01
-3.231560961870110771e-01
-3.143529408858454222e-01
-3.053494364959075669e-01
-2.961738997185193178e-01
-2.869149454046561742e-01
-2.776900738928136936e-01
-2.686005416438560500e-01
-2.596914518371585268e-01
-2.509337928633830206e-01
-2.422359156147627923e-01
-2.334795978533805716e-01
-2.245655696856113104e-01
-2.154495832434329960e-01
-2.061542864752377302e-01
-1.967524871340931292e-01
-1.873294730012690090e-01
-1.779407807324508151e-01
-1.685835461814258751e-01
-1.591936514464947772e-01
-1.496698703879142112e-01
-1.399147887912901844e-01
-1.298752527117701117e-01
-1.195654030330283030e-01
-1.090628021911554113e-01
-9.847953533264368342e-02
-8.792063691762774802e-02
-7.744735261493065903e-02
-6.706046834491316555e-02
-5.671025455528092007e-02
-4.632822043731157219e-02
-3.586666439308647258e-02
-2.532882899625806331e-02
-1.477667546162922223e-02
-4.312968295392518962e-03
5.954650617347057723e-03
1.595229174663572239e-02
2.566478432574711283e-02
3.513651338163244903e-02
4.444797753789787170e-02
5.367817021837635594e-02
6.286897432357363424e-02
7.200613980186146290e-02
8.102642584268110459e-02
8.984159498340388295e-02
9.838790759293153387e-02
1.066194511450515442e-01
1.146453781908110120e-01
1.226849658229643286e-01
1.307027298105119251e-01
1.386224115926904532e-01
1.463340940965214276e-01
1.537500234864632165e-01
1.608381642935979849e-01
1.676353757718399562e-01
1.742283422802502479e-01
1.807129847886055352e-01
1.871492495273979761e-01
1.935311504125449278e-01
1.997849276877900204e-01
2.057961068675890903e-01
2.114537614800922616e-01
2.166929781302985858e-01
2.215174618217993219e-01
2.259929158524849602e-01
2.302144753649784659e-01
2.342625939990167216e-01
2.381666086481445399e-01
2.418917183508807744e-01
2.453548875599023127e-01
2.484626778058416918e-01
2.511546182071939803e-01
2.534334360285347976e-01
2.553692818072188508e-01
2.570763412116025548e-01
2.586720308328539497e-01
2.602362738558307576e-01
2.617880595030838142e-01
2.632888341669262222e-01
2.646706337665349906e-01
2.658762855808108339e-01
2.668940257514149650e-01
2.677715683244645262e-01
2.686037253782660450e-01
2.694991318295131832e-01
2.705405230313724374e-01
2.717555693533653671e-01
2.731104923053906952e-01
2.745287398474862139e-01
2.759262446440736150e-01
2.772478643586523406e-01
2.784894144328021182e-01
2.796962345820846463e-01
2.809395927603907661e-01
2.822817955025647141e-01
2.837455621339420864e-01
2.853010894645821582e-01
2.868763190037149080e-01
2.883857448910023269e-01
2.897651067898538435e-01
2.909969408814875869e-01
2.921161690803876221e-01
2.931937372357396043e-01
2.943058636931656924e-01
2.955025756079180388e-01
2.967892794782220345e-01
2.981291860994566001e-01
2.994651480756573836e-01
3.007509425267392844e-01
3.019779540993552391e-01
3.031853189271848659e-01
3.044489003537376171e-01
3.058537741371924468e-01
3.074621236933446911e-01
3.092903891908755365e-01
3.113054275318918318e-01
3.134411276294459259e-01
3.156280303113619956e-01
3.178228906160690537e-01
3.200252178479904286e-01
3.222735776656322493e-01
3.246232931623088680e-01
3.271152905257705412e-01
3.297497056063509180e-01
3.324758420015846427e-01
3.352030512109554494e-01
3.378281340983439462e-01
3.402678003413833197e-01
3.424825902475345796e-01
3.444823471136743143e-01
3.463112221454021644e-01
3.480188978530802113e-01
3.496305285793889217e-01
3.511283305840670055e-01
3.524526644309334267e-01
3.535220976897417433e-01
3.542638843676408911e-01
3.546419530580555701e-01
3.546706528121281732e-01
3.544086127188225133e-01
3.539354566154665482e-01
3.533212052638602940e-01
3.526010413200922899e-01
3.517655932444784805e-01
3.507701870392217480e-01
3.495585235091432375e-01
3.480903480557506757e-01
3.463613161078162306e-01
3.444068703576759760e-01
3.422888887276784309e-01
3.400711253299130710e-01
3.377939828720927795e-01
3.354591203964618074e-01
3.330299303190403237e-01
3.304470714143629695e-01
3.276520112853451572e-01
3.246085012595524288e-01
3.213132476505278223e-01
3.177920273096199733e-01
3.140838467881310048e-01
3.102206979116303720e-01
3.062119667262598321e-01
3.020401040152703165e-01
2.976689777547166793e-01
2.930607514152193671e-01
2.881935950282864534e-01
2.830724961498277681e-01
2.777287786787058232e-01
2.722090726134016592e-01
2.665590886890372158e-01
2.608096217681246110e-01
2.549709009599806508e-01
2.490374038070250762e-01
2.430003972723721040e-01
2.368619879000304629e-01
2.306438864956794343e-01
2.243866138764681883e-01
2.181393249825013259e-01
2.119447641658561976e-01
2.058261259728087489e-01
1.997817824421980470e-01
1.937903233012965298e-01
1.878237204235189695e-01
1.818627483467969985e-01
1.759077186690306271e-01
1.699796104567205812e-01
1.641109226941251942e-01
1.583301746061868964e-01
1.526469034982952666e-01
1.470439575145996436e-01
1.414808422778644215e-01
1.359071527727734041e-01
1.302807356345157541e-01
1.245830821627376961e-01
1.188255207099868094e-01
1.130435877277992385e-01
1.072819056831484374e-01
1.015758742121621316e-01
9.593780136025015226e-02
9.035322111761788511e-02
8.478886625746136219e-02
7.920890024938122276e-02
7.359259807632370642e-02
6.794611075697340463e-02
6.230344610810690381e-02
5.671626762961772678e-02
5.123667277163068690e-02
4.589987432660000422e-02
4.071357865887647448e-02
3.565796101319967243e-02
3.069574703507758212e-02
2.578787390893733100e-02
2.090815902605736715e-02
1.605112260291911841e-02
1.123020262466102419e-02
6.467665536817765633e-03
1.780838300752010618e-03
-2.829466726594587547e-03
-7.383692773918046695e-03
-1.191987108866376238e-02
-1.648349280819311549e-02
-2.111535729090798993e-02
-2.584232015412756683e-02
-3.067426969752749810e-02
-3.560779730730789794e-02
-4.063419747970272583e-02
-4.574783817231113658e-02
-5.095118202269437180e-02
-5.625457744157014162e-02
-6.167145955238848704e-02
-6.721164165040284522e-02
-7.287605218171212818e-02
-7.865536677633704066e-02
-8.453299430202779186e-02
-9.049077398435878550e-02
-9.651452853286757172e-02
-1.025968237764720709e-01
-1.087357611109687899e-01
-1.149306443901564473e-01
-1.211769435959830776e-01
-1.274633699690451982e-01
-1.337728898001497302e-01
-1.400875927273272092e-01
-1.463953931120299534e-01
-1.526954964754028976e-01
-1.589999282208589826e-01
-1.653300721795527006e-01
-1.717093823876291447e-01
-1.781552209710981494e-01
-1.846733108660733313e-01
-1.912572907797365218e-01
-1.978937162343120670e-01
-2.045704772865012955e-01
-2.112850288209437710e-01
-2.180487801243183865e-01
-2.248855186877877221e-01
-2.318242194912097653e-01
-2.388889749034341370e-01
-2.460900593730558639e-01
-2.534197651828566378e-01
-2.608547512925245004e-01
-2.683640199283251482e-01
-2.759193659199891124e-01
-2.835041663528932165e-01
-2.911170939484181708e-01
-2.987694358001281025e-01
-3.064772997508696806e-01
-3.142520242031169864e-01
-3.220927564240047003e-01
-3.299841954555354229e-01
-3.379003414693211860e-01
-3.458126604998515985e-01
-3.536993564765815168e-01
-3.615521060433822820e-01
-3.693777563671659103e-01
-3.771945754150496377e-01
-3.850247882667537369e-01
-3.928864748628242975e-01
-4.007879450364829066e-01
-4.087265077749832609e-01
-4.166916728778023993e-01
-4.246710665165354115e-01
-4.326564057606340219e-01
-4.406470815442458111e-01
-4.486500740559674627e-01
-4.566765103947358351e-01
-4.647364918190908800e-01
-4.728343557313237078e-01
-4.809661465691963400e-01
-4.891200023495785865e-01
-4.972789335556312418e-01
-5.054246035934633063e-01
-5.135405397822514484e-01
-5.216137043258942674e-01
-5.296342355149918912e-01
-5.375939935954907600e-01
-5.454849520524805984e-01
-5.532983381109048970e-01
-5.610248836364895020e-01
-5.686559120109923038e-01
-5.761845849644381401e-01
-5.836066438767327780e-01
-5.909203574893153732e-01
-5.981258988185723657e-01
-6.052247244694344275e-01
-6.122195261409151268e-01
-6.191149607180135295e-01
-6.259188355754065070e-01
-6.326430230019631784e-01
-6.393033393901805805e-01
-6.459180121524928930e-01
-6.525050146002221441e-01
-6.590791644159375018e-01
-6.656501405654905446e-01
-6.722223053034727114e-01
-6.787964961686383525e-01
-6.853730851596102625e-01
-6.919549747839470744e-01
-6.985491271015014103e-01
-7.051657747108346364e-01
-7.118154386445604276e-01
-7.185048709652929189e-01
-7.252336082144643647e-01
-7.319926878780589341e-01
-7.387662731332453880e-01
-7.455357652851679617e-01
-7.522849426007800488e-01
-7.590041971759677875e-01
-7.656922591014714286e-01
-7.723547867153978119e-01
-7.790004623102780856e-01
-7.856362390087620051e-01
-7.922637235116419818e-01
-7.988782063022491498e-01
-8.054707544155991217e-01
-8.120325205669660651e-01
-8.185595200351531986e-01
-8.250559421715601971e-01
-8.315346621347595724e-01
-8.380147409363065680e-01
-8.445168806355402014e-01
-8.510585588504071541e-01
-8.576506098114888843e-01
-8.642963624991945037e-01
-8.709933890578319682e-01
-8.777369068835069177e-01
-8.845233191012465968e-01
-8.913524654859296126e-01
-8.982278051756624748e-01
-9.051546562246047811e-01
-9.121373837871467050e-01
-9.191767560931003445e-01
-9.262684895233636029e-01
-9.334034189348813237e-01
-9.405690447916694730e-01
-9.477517254379700384e-01
-9.549386836075572926e-01
-9.621192639601477969e-01
-9.692853306372023470e-01
-9.764310921214500727e-01
-9.835528003211748693e-01
-9.906486465757846638e-01
-9.977188801013636699e-01
-1.004765902578943049e+00
-1.011794018261777062e+00
-1.018808691442454339e+00
-1.025815493211148066e+00
-1.032819213482759180e+00
-1.039823676127506369e+00
-1.046832544334236337e+00
-1.053850924101669362e+00
-1.060887087605208112e+00
-1.067953397680669214e+00
-1.075065690629495752e+00
-1.082240950251010414e+00
-1.089493857044082636e+00
-1.096833394084003821e+00
-1.104260839570142760e+00
-1.111770058111363868e+00
-1.119350141189538128e+00
-1.126989482803891329e+00
-1.134679723103815929e+00
-1.142417957031493625e+00
-1.150206245000870542e+00
-1.158048546144430091e+00
-1.165946285462251986e+00
-1.173894400756749556e+00
-1.181879605732884642e+00
-1.189881765726469531e+00
-1.197878042901607598e+00
-1.205848332304923387e+00
-1.213779952574995713e+00
-1.221669816745827974e+00
-1.229523292403700729e+00
-1.237350272645454607e+00
-1.245160079426448352e+00
-1.252957248926118705e+00
-1.260739842381308540e+00
-1.268500861591943529e+00
-1.276232066545200272e+00
-1.283928529221288972e+00
-1.291592000740655166e+00
-1.299231704949709298e+00
-1.306862257028412966e+00
-1.314499573317452930e+00
-1.322156401924508229e+00
-1.329839169490143469e+00
-1.337547207125279414e+00
-1.345274393517409184e+00
-1.353012289392180767e+00
-1.360753332370974400e+00
-1.368492793865745183e+00
-1.376228867413257007e+00
-1.383961126093173233e+00
-1.391688266098379811e+00
-1.399406255205757343e+00
-1.407107683651411145e+00
-1.414782471942638953e+00
-1.422419451004246937e+00
-1.430008001360150827e+00
-1.437539047640263634e+00
-1.445005162088261574e+00
-1.452400072199352188e+00
-1.459718196125437961e+00
-1.466954767949735006e+00
-1.474106700747777721e+00
-1.481173793410967887e+00
-1.488159528823785216e+00
-1.495070765206952812e+00
-1.501916107728089367e+00
-1.508703450450535222e+00
-1.515437742110770980e+00
-1.522120130036149099e+00
-1.528749151540118589e+00
-1.535323731061409847e+00
-1.541846802149295925e+00
-1.548327870524318417e+00
-1.554783069262835493e+00
-1.561232211946196546e+00
-1.567693659555583041e+00
-1.574178920293675343e+00
-1.580689265456482584e+00
-1.587216024696458394e+00
-1.593744802980398001e+00
-1.600262193570905822e+00
-1.606762361912045023e+00
-1.613250713257436075e+00
-1.619742886343056743e+00
-1.626259175325948547e+00
-1.632816430338143832e+00
-1.639420691548990394e+00
-1.646063709448669865e+00
-1.652725061701117992e+00
-1.659379336866031895e+00
-1.666005717513637574e+00
-1.672596174353106147e+00
-1.679158906550313191e+00
-1.685715494478440490e+00
-1.692292758332551772e+00
-1.698912503594825818e+00
-1.705583264084797213e+00
-1.712297407228471791e+00
-1.719034822442413235e+00
-1.725771735834800591e+00
-1.732491086156967564e+00
-1.739190241171745921e+00
-1.745882914821644150e+00
-1.752594516301618333e+00
-1.759352842719029697e+00
-1.766177902105227737e+00
-1.773074946342439784e+00
-1.780033400177574610e+00
-1.787031892600648320e+00
-1.794047084979296658e+00
-1.801062500000213840e+00
-1.808073700496769964e+00
-1.815087852059106721e+00
-1.822118152105669520e+00
-1.829175759445820226e+00
-1.836262797675091152e+00
-1.843369364682452050e+00
-1.850475591099258077e+00
-1.857557524961462647e+00
-1.864593992309758974e+00
-1.871571306718750050e+00
-1.878483861958259338e+00
-1.885330671695755411e+00
-1.892109862084450533e+00
-1.898814065624716774e+00
-1.905429172501759583e+00
-1.911937204341216390e+00
-1.918321987507068727e+00
-1.924574825899081798e+00
-1.930697237612177597e+00
-1.936699142506042470e+00
-1.942593093328334630e+00
-1.948387180395985130e+00
-1.954080115749586621e+00
-1.959661232675565135e+00
-1.965115974934360299e+00
-1.970434834892655251e+00
-1.975621833734401589e+00
-1.980698448617489671e+00
-1.985700593637111488e+00
-1.990669207414496267e+00
-1.995637936923595257e+00
-2.000623001303905468e+00
-2.005619758376879336e+00
-2.010607891356388510e+00
-2.015563503781014010e+00
-2.020473293756957833e+00
-2.025344777934033225e+00
-2.030207877749531598e+00
-2.035106626538504937e+00
-2.040083918083366754e+00
-2.045165338976875802e+00
-2.050348795710126293e+00
-2.055604495892651595e+00
-2.060885691939978059e+00
-2.066146130641073775e+00
-2.071357257368782179e+00
-2.076518165424397822e+00
-2.081654155140874263e+00
-2.086804428506060738e+00
-2.092003962339151535e+00
-2.097267073424187167e+00
-2.102579543928169592e+00
-2.107902648355864716e+00
-2.113187470947490265e+00
-2.118393601036195673e+00
-2.123504461271786603e+00
-2.128532940242494398e+00
-2.133515080773148220e+00
-2.138494584750756822e+00
-2.143504699221004728e+00
-2.148555047588839528e+00
-2.153628723361733943e+00
-2.158690494052170283e+00
-2.163702203899685372e+00
-2.168638463077253498e+00
-2.173495746026683939e+00
-2.178291043715111730e+00
-2.183050879187022453e+00
-2.187795741947029082e+00
-2.192526961488753035e+00
-2.197221872108856111e+00
-2.201839357312409984e+00
-2.206333191394825644e+00
-2.210667110495136090e+00
-2.214824812838910528e+00
-2.218810446046941109e+00
-2.222639539296741074e+00
-2.226324793658647661e+00
-2.229863604272961819e+00
-2.233233512734358772e+00
-2.236398215103621467e+00
-2.239321853230566539e+00
-2.241985342559801087e+00
-2.244397267590684031e+00
-2.246594051155132998e+00
-2.248628790805379474e+00
-2.250553304539172572e+00
-2.252401211546632975e+00
-2.254179731215527394e+00
-2.255874244073617696e+00
-2.257464028080009122e+00
-2.258942415931216363e+00
-2.260332257977666348e+00
-2.261689196860911188e+00
-2.263090309585639837e+00
-2.264612054300830124e+00
-2.266306393643533923e+00
-2.268185198880150466e+00
-2.270219888633683958e+00
-2.272356945662610705e+00
-2.274543109870375446e+00
-2.276749656139775091e+00
-2.278985255576584823e+00
-2.281291547963747668e+00
-2.283722865808454738e+00
-2.286318454820508883e+00
-2.289079037979259823e+00
-2.291958071215105086e+00
-2.294872047073238441e+00
-2.297726190002438607e+00
-2.300445248503644180e+00
-2.302996698894723693e+00
-2.305396650821801341e+00
-2.307695912062915689e+00
-2.309952041687056479e+00
-2.312199227797797185e+00
-2.314428841594343922e+00
-2.316589054340102649e+00
-2.318603807268738048e+00
-2.320403122783001759e+00
-2.321951783834749428e+00
-2.323263991742874346e+00
-2.324397528802759627e+00
-2.325429667417755475e+00
-2.326424874866350745e+00
-2.327407900583493117e+00
-2.328353559018923047e+00
-2.329197384678643346e+00
-2.329862391080104622e+00
-2.330290261318494149e+00
-2.330463426004532046e+00
-2.330408477580029114e+00
-2.330179514582974676e+00
-2.329828793269696607e+00
-2.329377668829685888e+00
-2.328800749648892054e+00
-2.328030476487866540e+00
-2.326980445079067206e+00
-2.325577581227751267e+00
-2.323789349749104005e+00
-2.321634266094098287e+00
-2.319171268528871011e+00
-2.316472772401423796e+00
-2.313593405292219796e+00
-2.310548366296165224e+00
-2.307311158276830643e+00
-2.303831899221234547e+00
-2.300068248123727344e+00
-2.296015216999903963e+00
-2.291720371192517369e+00
-2.287277125034051117e+00
-2.282798367420201480e+00
-2.278381355841227141e+00
-2.274078850955307818e+00
-2.269888949937667988e+00
-2.265768035231616739e+00
-2.261661151544241743e+00
-2.257536365619992047e+00
-2.253407705645670056e+00
-2.249336074932536622e+00
-2.245407094177326091e+00
-2.241695064640102153e+00
-2.238228586182204438e+00
-2.234973002847421508e+00
-2.231837844321838293e+00
-2.228706727123062947e+00
-2.225477389706619125e+00
-2.222094951912235494e+00
-2.218564192130487278e+00
-2.214935562184509266e+00
-2.211271014275435487e+00
-2.207604590060766814e+00
-2.203915218780093443e+00
-2.200124079318842352e+00
-2.196118324783522535e+00
-2.191791482644057876e+00
-2.187083404887616656e+00
-2.182002539418335552e+00
-2.176620670522735779e+00
-2.171042014445527357e+00
-2.165359631724132594e+00
-2.159617713415407092e+00
-2.153795853916965264e+00
-2.147822007061947147e+00
-2.141608436571216689e+00
-2.135094957121101089e+00
-2.128280481613564756e+00
-2.121228826650975119e+00
-2.114045810984616303e+00
-2.106837153034106347e+00
-2.099665134737994432e+00
-2.092522742046538209e+00
-2.085336615562009221e+00
-2.077997746664471013e+00
-2.070406975915502379e+00
-2.062515560156712890e+00
-2.054344214103657862e+00
-2.045970184922878410e+00
-2.037494438521061824e+00
-2.028986863622256553e+00
-2.020480641915161080e+00
-2.011756743235890710e+00
-2.002707779982419112e+00
-1.993386296304713978e+00
-1.983867795298806191e+00
-1.974256060528017276e+00
-1.964632447266201343e+00
-1.955030825547116491e+00
-1.945429874393036274e+00
-1.935771953879815932e+00
-1.925998701256192991e+00
-1.916088396932908555e+00
-1.906078616414921711e+00
-1.896064003839361245e+00
-1.886169531899860363e+00
-1.876510127313332887e+00
-1.867153473502942918e+00
-1.858101592222572540e+00
-1.849298909716702966e+00
-1.840663254865557263e+00
-1.832126404078595172e+00
-1.823666602759176136e+00
-1.815318858359557197e+00
-1.807158275163076366e+00
-1.799263278445373038e+00
-1.791674340225744011e+00
-1.784365997230904055e+00
-1.777244554803232734e+00
-1.770173128535471152e+00
-1.763014109819898811e+00
-1.755671670274657981e+00
-1.748116769100614976e+00
-1.740384413240266159e+00
-1.732544604571027103e+00
-1.724659567310853570e+00
-1.716745738514191988e+00
-1.708757080632562264e+00
-1.700597294117748071e+00
-1.692156219162429975e+00
-1.683355319218977630e+00
-1.674183063945033023e+00
-1.664705050756595472e+00
-1.655044238528109890e+00
-1.645339182455887173e+00
-1.635697412507214121e+00
-1.626163159463960728e+00
-1.616712595334129698e+00
-1.607278142515761399e+00
-1.597791107907577945e+00
-1.588224118142111951e+00
-1.578614894775690169e+00
-1.569060813118310360e+00
-1.559686107182632897e+00
-1.550595269420066646e+00
-1.541832188771247614e+00
-1.533362303669549398e+00
-1.525085445622742064e+00
-1.516874148693362123e+00
-1.508621468072039562e+00
-1.500278371583406267e+00
-1.491865225976305886e+00
-1.483452944905344406e+00
-1.475122354671449809e+00
-1.466919625860424237e+00
-1.458827320348783818e+00
-1.450763959696726779e+00
-1.442612833130279437e+00
-1.434268206869483864e+00
-1.425679524359092287e+00
-1.416874861214548309e+00
-1.407953570705573920e+00
-1.399051058281636228e+00
-1.390290435817108650e+00
-1.381741381200625396e+00
-1.373403454816661817e+00
-1.365220670747083975e+00
-1.357120707674824844e+00
-1.349061494699304475e+00
-1.341064620636049476e+00
-1.333220529510605656e+00
-1.325662471596589898e+00
-1.318519616763547120e+00
-1.311868848022040845e+00
-1.305705530970072026e+00
-1.299945692587194390e+00
-1.294458819456681953e+00
-1.289117510651137222e+00
-1.283843031733762352e+00
-1.278627533205454414e+00
-1.273523646565357215e+00
-1.268606144178903827e+00
-1.263922406280966637e+00
-1.259453405918554925e+00
-1.255102623755380176e+00
-1.250718506791316242e+00
-1.246141765788245870e+00
-1.241258069905052608e+00
-1.236034186409782798e+00
-1.230522442044330145e+00
-1.224831699010593189e+00
-1.219077202461196885e+00
-1.213330656639187044e+00
-1.207591796735818068e+00
-1.201793505848813615e+00
-1.195838158131263151e+00
-1.189649426214665739e+00
-1.183217020845065859e+00
-1.176614674838306396e+00
-1.169982986052602536e+00
-1.163483700752055539e+00
-1.157244271492166909e+00
-1.151315808221748949e+00
-1.145661981488982128e+00
-1.140183355933221510e+00
-1.134766578889017108e+00
-1.129337254651867850e+00
-1.123225429721858015e+00
-1.116274300054671986e+00
-1.108508078500707983e+00
-1.099950977910359784e+00
-1.090627211134028718e+00
-1.080560991022106343e+00
-1.069776530424992877e+00
-1.058298042193087207e+00
-1.046149739176781557e+00
-1.033355834226477477e+00
-1.019940540192567413e+00
-1.005928069925450696e+00
-9.913426362755268784e-01
-9.762084520931871845e-01
-9.605497302288352746e-01
-9.443906835328608196e-01
-9.277555248556645928e-01
-9.106684670476468124e-01
-8.931537229591974825e-01
-8.752355054407210400e-01
-8.569380273426066008e-01
-8.382855015152548273e-01
-8.193021408090671587e-01
-8.000121580744320449e-01
-7.804397661617552551e-01
-7.606091779214243509e-01
-7.405446062038413269e-01
-7.202702638594076223e-01
-6.998103637385105769e-01
-6.791891186915571810e-01
-6.584307415689342191e-01
-6.375594452210441299e-01
-6.165994424982877975e-01
-5.955749462510533387e-01
-5.745101693297467449e-01
-5.534293245847560216e-01
-5.323566248664824974e-01
-5.113162830253276114e-01
-4.903325119116797026e-01
-4.694295243759442626e-01
-4.486315332685092971e-01
-4.279627514397764676e-01
-4.074473917401473244e-01
-3.871096670200095402e-01
-3.669737901297691618e-01
-3.470639739198142504e-01
-3.274044312405463009e-01
-3.080193749423663641e-01
-2.889330178756630008e-01
-2.701695728908414251e-01
-2.517532528382905310e-01
-2.337082705684113693e-01
-2.160588389316047686e-01
-1.988291707782597340e-01
-1.820434789587773716e-01
-1.657259763235580940e-01
-1.499008757229918221e-01
-1.345923900074822988e-01
-1.198247320274197086e-01
-1.056221146332045474e-01
-9.200875067523678341e-02
-7.900885300390739219e-02
-6.664663446961871518e-02
-5.494630792276257447e-02
-4.393208621373891065e-02
-3.362818219294634592e-02
-2.405880871077781258e-02
-1.524817861763409776e-02
-7.220504763908591750e-03
-5.551115123125782702e-17
