5.551115123125782702e-17
5.751307262273362524e-03
9.883219949329741932e-03
1.244418170898845509e-02
1.348263618907222586e-02
1.304702703740186383e-02
1.118579790179894881e-02
7.947392430084019785e-03
3.380254270079906427e-03
-2.467172930394096950e-03
-9.546445523515557918e-03
-1.780911986146137618e-02
-2.720675229641409537e-02
-3.769089918054793764e-02
-4.921311686604624980e-02
-6.172496170508551261e-02
-7.517799004984113131e-02
-8.952375825249790642e-02
-1.047138226652282594e-01
-1.206997396402174766e-01
-1.374330655296409076e-01
-1.548653566856730834e-01
-1.729481694605006503e-01
-1.916330602062943644e-01
-2.108715852752408582e-01
-2.306153010195151620e-01
-2.508157637912908355e-01
-2.714245299427557878e-01
-2.923931558260794983e-01
-3.136731977934500981e-01
-3.352162121970413411e-01
-3.569737553890272030e-01
-3.788973837215960927e-01
-4.009386535469167123e-01
-4.230491212171777482e-01
-4.451803430845529541e-01
-4.672838755012157508e-01
-4.893112748193549910e-01
-5.112140973911394326e-01
-5.329438995687575398e-01
-5.544522377043828998e-01
-5.756906681501896550e-01
-5.966107472583656035e-01
-6.171640313810807799e-01
-6.373020768705222050e-01
-6.569764400788644654e-01
-6.761386773582820364e-01
-6.947403450609614950e-01
-7.127329995390738748e-01
-7.300681971448057528e-01
-7.466974942303312712e-01
-7.625724471478259048e-01
-7.776446122494756752e-01
-7.918655458874521713e-01
-8.051868044139405267e-01
-8.175599441811161050e-01
-8.289365215411550469e-01
-8.392680928462412648e-01
-8.485062144485486790e-01
-8.566024427002600916e-01
-8.635083339535520874e-01
-8.691754445606021395e-01
-8.735553308735913847e-01
-8.765995492446967408e-01
-8.782596560260977903e-01
-8.784872075699730054e-01
-8.772337602285008584e-01
-8.744508703538595995e-01
-8.700900942982294772e-01
-8.641029884137867434e-01
-8.564411090527115356e-01
-8.474318995987137892e-01
-8.384281940597034799e-01
-8.293640225440136460e-01
-8.201371288347651944e-01
-8.106646559164075727e-01
-8.009309998521062512e-01
-7.910070981337555818e-01
-7.810327080310816017e-01
-7.711690179572135984e-01
-7.615414929681804113e-01
-7.521968806264659468e-01
-7.430921580786585823e-01
-7.341195793427663929e-01
-7.251567200548277858e-01
-7.161199946664417171e-01
-7.069989276024600811e-01
-6.978569009773226695e-01
-6.887985099211408890e-01
-6.799178793350063588e-01
-6.712503416522807020e-01
-6.627483055561392833e-01
-6.542917436769546402e-01
-6.457290267241447834e-01
-6.369310587865534279e-01
-6.278362017562603148e-01
-6.184675585368412110e-01
-6.089160120786072383e-01
-5.992968861162011329e-01
-5.896990690800230084e-01
-5.801483344060278657e-01
-5.706002667593954580e-01
-5.609654366335306008e-01
-5.511557156494230059e-01
-5.411317078586713736e-01
-5.309309169203461076e-01
-5.206645357541628272e-01
-5.104840516971158593e-01
-5.005315469307315412e-01
-4.908942971480237949e-01
-4.815822740163376303e-01
-4.725372792214234674e-01
-4.636690183909062402e-01
-4.549021620701664270e-01
-4.462140379304724846e-01
-4.376468464202043496e-01
-4.292893222752522386e-01
-4.212358296923381373e-01
-4.135404414726040478e-01
-4.061856165675621355e-01
-3.990788530857131700e-01
-3.920788591458896910e-01
-3.850403879887264735e-01
-3.778591516347051815e-01
-3.704983843402631094e-01
-3.629865399761839084e-01
-3.553878674567735874e-01
-3.477590173687729047e-01
-3.401105906569031889e-01
-3.323902677957909502e-01
-3.244948760112461583e-01
-3.163063648563829711e-01
-3.077365171457863147e-01
-2.987615482376012044e-01
-2.894320289173878957e-01
-2.798539683433702296e-01
-2.701489789726825297e-01
-2.604101181557016420e-01
-2.506716496939060956e-01
-2.409049498730043704e-01
-2.310416817394675137e-01
-2.210138780077932075e-01
-2.107935314603193999e-01
-2.004146273593685190e-01
-1.899680835825172387e-01
-1.795715665336770073e-01
-1.693267653460498179e-01
-1.592819807620908523e-01
-1.494156272935319163e-01
-1.396474513755919800e-01
-1.298726604529852335e-01
-1.200045944010091625e-01
-1.100081543324437500e-01
-9.991026827582680236e-02
-8.978346075719927100e-02
-7.970994804859704574e-02
-6.974181972845414079e-02
-5.987439530319126069e-02
-5.004416640021387003e-02
-4.015228475455107082e-02
-3.010375882636668124e-02
-1.984592095459864966e-02
-9.390079290740311127e-03
1.192599205599889894e-03
1.179906825782219872e-02
2.233434628052431009e-02
3.274660390931118104e-02
4.304276672597122377e-02
5.327835164532927770e-02
6.352620107489574675e-02
7.383770131005561177e-02
8.421320541502111401e-02
9.459436371321730541e-02
1.048816948364191259e-01
1.149699924998674738e-01
1.247866008847863389e-01
1.343163936013031523e-01
1.436029393641022889e-01
1.527254410454614852e-01
1.617612306830357172e-01
1.707498754547134567e-01
1.796734953956827252e-01
1.884635661660162831e-01
1.970242201482388378e-01
2.052845592573153410e-01
2.131869008609310057e-01
2.208474753330066931e-01
2.285071018746862026e-01
2.361091189604518359e-01
2.435560849748298062e-01
2.507206553994945630e-01
2.575098468193189882e-01
2.639000581840694193e-01
2.699471475601085135e-01
2.757601119342119045e-01
2.814527105827314135e-01
2.870930888787386337e-01
2.926733464350854685e-01
2.981118004490332929e-01
3.032866544241129003e-01
3.080863024722984567e-01
3.124545891757896099e-01
3.164118357790846048e-01
3.200431176522930965e-01
3.234594352462293876e-01
3.267489398075271168e-01
3.299393520707792904e-01
3.329875629629315270e-01
3.358004832035519360e-01
3.382777474058971112e-01
3.403576635491444846e-01
3.420467064604476026e-01
3.434202899397377773e-01
3.445950729339506413e-01
3.456851985399596039e-01
3.467614345104870210e-01
3.478304794653382381e-01
3.488426264581033776e-01
3.497236006456825308e-01
3.504160980625570798e-01
3.509127446632875902e-01
3.512663729301507276e-01
3.515736560339814964e-01
3.519397320511459260e-01
3.524394555927999884e-01
3.530919607771477176e-01
3.538590280912395913e-01
3.546671774263414068e-01
3.554431540782661547e-01
3.561469835948910534e-01
3.567883038063608958e-01
3.574194168928754300e-01
3.581089452149512353e-01
3.589083993944774953e-01
3.598267762975252970e-01
3.608243936468524260e-01
3.618284018282842407e-01
3.627627584263991012e-01
3.635791791516099214e-01
3.642754055993857043e-01
3.648930345803392816e-01
3.654963870570204776e-01
3.661423127616660333e-01
3.668547068912574316e-01
3.676151969584265933e-01
3.683740459615229001e-01
3.690761640949270506e-01
3.696903187744258745e-01
3.702281959527508048e-01
3.707445074231336957e-01
3.713178077391706688e-01
3.720203257012832943e-01
3.728900637786383698e-01
3.739174459756677837e-01
3.750523828044172170e-01
3.762285934793579978e-01
3.773943669633687548e-01
3.785360350564992982e-01
3.796835713502141330e-01
3.808955639031964546e-01
3.822298910649024606e-01
3.837127857111818363e-01
3.853198244744953649e-01
3.869773404055757426e-01
3.885840040859373512e-01
3.900436361613112135e-01
3.912954595726295670e-01
3.923290667229020201e-01
3.931779057414452883e-01
3.938942704288426189e-01
3.945166595636636075e-01
3.950436074296673761e-01
3.954252676384215626e-01
3.955764131078989276e-01
3.954054124950580063e-01
3.948470133759183209e-01
3.938852406975338338e-01
3.925569908173639488e-01
3.909350920302805399e-01
3.890981788387748996e-01
3.871000615324198257e-01
3.849511840271727658e-01
3.826193987024189003e-01
3.800490211469321755e-01
3.771895099861461986e-01
3.740213384102235583e-01
3.705681762654434164e-01
3.668905858104105633e-01
3.630643512403510242e-01
3.591529086528482684e-01
3.551854898089046864e-01
3.511497766304819690e-01
3.470014063862815190e-01
3.426854872875788605e-01
3.381604674355345730e-01
3.334141918031046092e-01
3.284658365074414887e-01
3.233538051821401305e-01
3.181157400776118971e-01
3.127699290482453542e-01
3.073063435612745087e-01
3.016909405526215782e-01
2.958808489540433184e-01
2.898433330627634974e-01
2.835700175751283414e-01
2.770802867706863570e-01
2.704128358427473344e-01
2.636097220906733485e-01
2.567005225630784038e-01
2.496939413961668797e-01
2.425806138043684612e-01
2.353456025432368037e-01
2.279845586699618676e-01
2.205158057280293682e-01
2.129824382188752752e-01
2.054430595646680180e-01
1.979549808100770636e-01
1.905572059827246034e-01
1.832607623033420396e-01
1.760507722112965023e-01
1.688994954654441938e-01
1.617846744194929576e-01
1.547050634738003083e-01
1.476861213138322138e-01
1.407730450467242489e-01
1.340138263757141845e-01
1.274394288598741931e-01
1.210495928587737857e-01
1.148105430676678862e-01
1.086659345262864507e-01
1.025568190347659892e-01
9.644259313314933191e-02
9.031442671613539031e-02
8.419578415015013806e-02
7.812998024258564767e-02
7.216003563571303514e-02
6.630919051553739452e-02
6.057004830984053650e-02
5.490667102458273580e-02
4.926859598656513350e-02
4.361092616660491167e-02
3.791231807220353522e-02
3.218373663524722733e-02
2.646473634871754008e-02
2.080908556826796887e-02
1.526568405521833843e-02
9.862296696698790235e-03
4.598123861528502151e-03
-5.525886274637941548e-04
-5.628162078759034806e-03
-1.066385977439066393e-02
-1.567941082439860273e-02
-2.067431098773952688e-02
-2.563204531451215504e-02
-3.053074541246894591e-02
-3.535549196248093107e-02
-4.010731228508852830e-02
-4.480576457665663703e-02
-4.948488272929268961e-02
-5.418488011253262682e-02
-5.894331637054776168e-02
-6.378903185296054545e-02
-6.874044433271360444e-02
-7.380769610440571227e-02
-7.899662594645842639e-02
-8.431222051382505911e-02
-8.976004257673250719e-02
-9.534556545516384429e-02
-1.010725586719671970e-01
-1.069420497328988501e-01
-1.129527991792581010e-01
-1.191030622970555841e-01
-1.253923689312941014e-01
-1.318217662185752759e-01
-1.383916637488957491e-01
-1.450977838135752984e-01
-1.519270449882055563e-01
-1.588557486144548947e-01
-1.658517920639618892e-01
-1.728809703945175247e-01
-1.799154575542780410e-01
-1.869412142649643782e-01
-1.939610715405926666e-01
-2.009917407549432766e-01
-2.080554627372789567e-01
-2.151693880924983038e-01
-2.223370027805491866e-01
-2.295453494788115556e-01
-2.367695680116137236e-01
-2.439832551065433119e-01
-2.511705887945577809e-01
-2.583351986394329947e-01
-2.655018761592451426e-01
-2.727100364266062948e-01
-2.800012010358211012e-01
-2.874052850279094073e-01
-2.949310616268710494e-01
-3.025645604746726169e-01
-3.102759691965977784e-01
-3.180321650110869425e-01
-3.258097341223236132e-01
-3.336031886082341247e-01
-3.414251246659744110e-01
-3.492984328072096800e-01
-3.572439524712388570e-01
-3.652687874194409656e-01
-3.733601254518278956e-01
-3.814870281794369711e-01
-3.896093060856195001e-01
-3.976896984020980574e-01
-4.057043423979808661e-01
-4.136474193882292427e-01
-4.215284661667623722e-01
-4.293639881287636406e-01
-4.371673208429327495e-01
-4.449412145956020415e-01
-4.526761917036890015e-01
-4.603550374476091944e-01
-4.679610491120740345e-01
-4.754860885849286345e-01
-4.829347263883112529e-01
-4.903226663238170469e-01
-4.976703070019524722e-01
-5.049945056583209357e-01
-5.123023604620958737e-01
-5.195898027668744978e-01
-5.268454817660856992e-01
-5.340579083753904666e-01
-5.412222701987073892e-01
-5.483434635173652927e-01
-5.554336676323883282e-01
-5.625054020331542448e-01
-5.695632540152617551e-01
-5.765982773599620526e-01
-5.835880134962176946e-01
-5.905026151488455000e-01
-5.973147408450012463e-01
-6.040090166150491324e-01
-6.105868215461653925e-01
-6.170640419966744172e-01
-6.234624831877371154e-01
-6.297985133344087272e-01
-6.360739388360362456e-01
-6.422733772697803989e-01
-6.483697418783975763e-01
-6.543359620840513147e-01
-6.601582356822210951e-01
-6.658451917186941627e-01
-6.714288096122074112e-01
-6.769562469401012583e-01
-6.824755198972491943e-01
-6.880206559236422548e-01
-6.936023427695696686e-01
-6.992079727919123799e-01
-7.048111750440492207e-01
-7.103870073356031156e-01
-7.159265702762376282e-01
-7.214449344318019097e-01
-7.269789222922150573e-01
-7.325754002469645476e-01
-7.382746324837996532e-01
-7.440953246738570837e-01
-7.500273723360160183e-01
-7.560352733325857999e-01
-7.620709116812582895e-01
-7.680906964446987395e-01
-7.740703499259861120e-01
-7.800116501356384457e-01
-7.859387069206142939e-01
-7.918855415779560980e-01
-7.978801424002095466e-01
-8.039314419807590539e-01
-8.100243525435202319e-01
-8.161246677694478091e-01
-8.221916939297864158e-01
-8.281935110551295054e-01
-8.341189117956671062e-01
-8.399815796589439332e-01
-8.458152503866058769e-01
-8.516621184908483855e-01
-8.575592053439227147e-01
-8.635278807638363530e-01
-8.695701620177234137e-01
-8.756725565842947701e-01
-8.818152776586247743e-01
-8.879828043202442345e-01
-8.941716204437677451e-01
-9.003924516472707751e-01
-9.066666894475094995e-01
-9.130189207600473145e-01
-9.194687121801976559e-01
-9.260246651377382898e-01
-9.326824934145093726e-01
-9.394271295438724190e-01
-9.462374197704295220e-01
-9.530913545302572842e-01
-9.599700924839011940e-01
-9.668599541392142172e-01
-9.737525502997095295e-01
-9.806438099224110694e-01
-9.875326946130705830e-01
-9.944199835761230455e-01
-1.001307049864863741e+00
-1.008194376308761964e+00
-1.015079812074029197e+00
-1.021957080714376742e+00
-1.028815449290901851e+00
-1.035641392659637949e+00
-1.042422410489996176e+00
-1.049152098512343700e+00
-1.055834630844156186e+00
-1.062486523358998403e+00
-1.069134226058558568e+00
-1.075807616759114405e+00
-1.082531267863270363e+00
-1.089316629995947805e+00
-1.096158366826891273e+00
-1.103036766886105191e+00
-1.109925851559534715e+00
-1.116804381504808319e+00
-1.123665481229575214e+00
-1.130520787507689029e+00
-1.137396956517663371e+00
-1.144325364138938594e+00
-1.151328716091444271e+00
-1.158409829436828353e+00
-1.165547310027020167e+00
-1.172700324392840665e+00
-1.179821096044809225e+00
-1.186870568789536229e+00
-1.193831206183518789e+00
-1.200711820504990923e+00
-1.207542357028367430e+00
-1.214360545375696709e+00
-1.221195652060249603e+00
-1.228055830231071122e+00
-1.234924224330562925e+00
-1.241765531250203392e+00
-1.248540514025388015e+00
-1.255222718575599750e+00
-1.261810694262838650e+00
-1.268330773884649432e+00
-1.274829232524784528e+00
-1.281356893469495217e+00
-1.287952258608172196e+00
-1.294629784548602780e+00
-1.301377787833674304e+00
-1.308166537826959797e+00
-1.314962999799538235e+00
-1.321746093571398051e+00
-1.328516268287871949e+00
-1.335295647662538832e+00
-1.342118922517887114e+00
-1.349018931686999379e+00
-1.356012927910603683e+00
-1.363095056166260921e+00
-1.370237865029755975e+00
-1.377401898046313855e+00
-1.384549164798164034e+00
-1.391654901177580728e+00
-1.398713004738296961e+00
-1.405733376029322690e+00
-1.412732851872777973e+00
-1.419724000795746788e+00
-1.426706710553202750e+00
-1.433666032582576078e+00
-1.440576871936158465e+00
-1.447413126574430553e+00
-1.454157076722664588e+00
-1.460804937225575362e+00
-1.467366387120092597e+00
-1.473858672486675125e+00
-1.480298273511316820e+00
-1.486694083612076112e+00
-1.493045168722253901e+00
-1.499343914677488954e+00
-1.505582804142843623e+00
-1.511761372030746342e+00
-1.517889842365579112e+00
-1.523987553254992244e+00
-1.530076777953887746e+00
-1.536174786239531187e+00
-1.542287912719064735e+00
-1.548410560692645488e+00
-1.554529825993260728e+00
-1.560633792938567188e+00
-1.566719743122934716e+00
-1.572798383595773508e+00
-1.578891859765322314e+00
-1.585026072559749810e+00
-1.591220454739522783e+00
-1.597479686322450743e+00
-1.603791197871202057e+00
-1.610129938616587486e+00
-1.616468750129786969e+00
-1.622790163819924691e+00
-1.629094652334050375e+00
-1.635401700882258780e+00
-1.641743003922890631e+00
-1.648150410116001385e+00
-1.654643519556570741e+00
-1.661222091347373420e+00
-1.667866504998028132e+00
-1.674546213429569885e+00
-1.681232811911979041e+00
-1.687912419078413828e+00
-1.694592326565487861e+00
-1.701299210589226618e+00
-1.708069635479998682e+00
-1.714936684243225207e+00
-1.721918048814318869e+00
-1.729010213479100111e+00
-1.736190802470010341e+00
-1.743427835223960276e+00
-1.750691916445806573e+00
-1.757966399993020179e+00
-1.765251625622271003e+00
-1.772561908633767835e+00
-1.779916930244243467e+00
-1.787331292575453201e+00
-1.794806449106904012e+00
-1.802327928318226746e+00
-1.809868397119863914e+00
-1.817394734284449420e+00
-1.824875908702742855e+00
-1.832288567525920620e+00
-1.839618634087485383e+00
-1.846859150450562925e+00
-1.854006155843788806e+00
-1.861054906964878075e+00
-1.867998105111785545e+00
-1.874826443478170290e+00
-1.881530485352607807e+00
-1.888102307627038234e+00
-1.894535754723434717e+00
-1.900825263300229384e+00
-1.906964370773281958e+00
-1.912945515205479285e+00
-1.918762218833638178e+00
-1.924413412015897773e+00
-1.929908170019577707e+00
-1.935268330611751297e+00
-1.940526893925101692e+00
-1.945721759005236695e+00
-1.950886563845027677e+00
-1.956042132668894595e+00
-1.961192370429239551e+00
-1.966327013924904055e+00
-1.971430893742831314e+00
-1.976496400537849141e+00
-1.981534017209385823e+00
-1.986576035340560153e+00
-1.991671018547474414e+00
-1.996870334997684182e+00
-2.002211622182823003e+00
-2.007705769532306395e+00
-2.013333042153244268e+00
-2.019050548871403894e+00
-2.024808683042049751e+00
-2.030570317162970539e+00
-2.036325091608259363e+00
-2.042092835158786812e+00
-2.047914419135300257e+00
-2.053833483581070318e+00
-2.059876355629415290e+00
-2.066038431039406653e+00
-2.072282823438062138e+00
-2.078552143218812098e+00
-2.084788859292938668e+00
-2.090956080658731508e+00
-2.097050317253843943e+00
-2.103101009786693787e+00
-2.109157042941379068e+00
-2.115265812844484117e+00
-2.121453470493970705e+00
-2.127714381898285989e+00
-2.134013902774895666e+00
-2.140302943225561805e+00
-2.146537874484418129e+00
-2.152697192214923838e+00
-2.158787890131261378e+00
-2.164839028073745286e+00
-2.170885522928231559e+00
-2.176949348843853826e+00
-2.183026322422821242e+00
-2.189084071402575660e+00
-2.195071804938236060e+00
-2.200937326124917437e+00
-2.206643637683521675e+00
-2.212177840922836758e+00
-2.217548642003063009e+00
-2.222774025507376461e+00
-2.227865155654717988e+00
-2.232814293079160350e+00
-2.237592673290381029e+00
-2.242159671470415283e+00
-2.246479304900431906e+00
-2.250536589546649591e+00
-2.254346121365390143e+00
-2.257948630812753432e+00
-2.261396696194675648e+00
-2.264735852563236396e+00
-2.267989670275163849e+00
-2.271155846121945210e+00
-2.274215520479789365e+00
-2.277151992077767417e+00
-2.279970456413332069e+00
-2.282709468567996502e+00
-2.285438092859794157e+00
-2.288238856342101446e+00
-2.291183022130387048e+00
-2.294308471270477323e+00
-2.297609843767299154e+00
-2.301045654295526433e+00
-2.304559864777816269e+00
-2.308108974573737537e+00
-2.311682983592597385e+00
-2.315310864037278371e+00
-2.319047620316302627e+00
-2.322947946596426672e+00
-2.327037498811991956e+00
-2.331294213504634172e+00
-2.335648190160231508e+00
-2.340000958334282455e+00
-2.344256700066182475e+00
-2.348352733439305506e+00
-2.352276614268633104e+00
-2.356062662534531782e+00
-2.359769335365281773e+00
-2.363447003053900541e+00
-2.367109828926233117e+00
-2.370723791935319014e+00
-2.374216070291362612e+00
-2.377501903614826162e+00
-2.380517526857337085e+00
-2.383245098370051718e+00
-2.385718917163010655e+00
-2.388010168838378799e+00
-2.390196584677018787e+00
-2.392329809112684558e+00
-2.394414190912890650e+00
-2.396405750077391872e+00
-2.398231370127621886e+00
-2.399819590315831253e+00
-2.401129475722182161e+00
-2.402165036002319898e+00
-2.402969097642518204e+00
-2.403599591581290440e+00
-2.404098936733539915e+00
-2.404470183047295428e+00
-2.404670539220680858e+00
-2.404625207294766476e+00
-2.404255478591387885e+00
-2.403508771926574195e+00
-2.402377474295997573e+00
-2.400898491798831635e+00
-2.399134055666830800e+00
-2.397142693191956386e+00
-2.394953657155890703e+00
-2.392556530716639429e+00
-2.389910863604297386e+00
-2.386971594948902098e+00
-2.383718748708455681e+00
-2.380177738607574423e+00
-2.376420622639301872e+00
-2.372547084686106977e+00
-2.368653062284979516e+00
-2.364800682000164578e+00
-2.361002831295632820e+00
-2.357229340388052652e+00
-2.353432124980406215e+00
-2.349578009879780716e+00
-2.345674220790111342e+00
-2.341774481339255587e+00
-2.337962116543934155e+00
-2.334316917749241771e+00
-2.330880084165053212e+00
-2.327632901416294420e+00
-2.324499208935254302e+00
-2.321371456811971434e+00
-2.318149707553710748e+00
-2.314776936708504707e+00
-2.311255202641417483e+00
-2.307635332176198428e+00
-2.303984300689184472e+00
-2.300344459893481019e+00
-2.296702742317958013e+00
-2.292984018280012304e+00
-2.289072469019393985e+00
-2.284852579070844936e+00
-2.280252481997542713e+00
-2.275270893806568218e+00
-2.269975555173968651e+00
-2.264473224620051184e+00
-2.258863633459617049e+00
-2.253197034712262958e+00
-2.247453706328097489e+00
-2.241554490892434970e+00
-2.235398075389149586e+00
-2.228908986745213205e+00
-2.222075349426372082e+00
-2.214959576633176663e+00
-2.207676694375905857e+00
-2.200349018440230342e+00
-2.193056354300110478e+00
-2.185803166678213838e+00
-2.178517143923347721e+00
-2.171080142967266369e+00
-2.163378634199562001e+00
-2.155351797578143547e+00
-2.147017496736854270e+00
-2.138462100734026539e+00
-2.129805880299002752e+00
-2.121139550720586353e+00
-2.112514828498202935e+00
-2.103686342859738101e+00
-2.094532960441156444e+00
-2.085110839365626578e+00
-2.075493384382659290e+00
-2.065781991072667356e+00
-2.056052798035322038e+00
-2.046332573201759431e+00
-2.036591626070641592e+00
-2.026763699517470041e+00
-2.016782314640187312e+00
-2.006618553179480013e+00
-1.996303855734306021e+00
-1.985927900185372685e+00
-1.975612113125968961e+00
-1.965469712373198785e+00
-1.955568912237304113e+00
-1.945914617292031856e+00
-1.936456114624164115e+00
-1.927117247445273795e+00
-1.917835982880638834e+00
-1.908596244974506639e+00
-1.899438175257115002e+00
-1.890442173519581548e+00
-1.881693272518662363e+00
-1.873240877812853755e+00
-1.865071043621738367e+00
-1.857103317842892842e+00
-1.849213916248689582e+00
-1.841275898209704165e+00
-1.833199809756427490e+00
-1.824958018054659847e+00
-1.816582807034613722e+00
-1.808139373487150703e+00
-1.799685496032530807e+00
-1.791235343085987308e+00
-1.782743204053753638e+00
-1.774114536777521955e+00
-1.765240132382377869e+00
-1.756039294909553794e+00
-1.746493924832602129e+00
-1.736659016867503347e+00
-1.726644909623565649e+00
-1.716578438425146791e+00
-1.706559000684404914e+00
-1.696627694516716689e+00
-1.686762190863094979e+00
-1.676899140090917673e+00
-1.666974252860297101e+00
-1.656962659064818100e+00
-1.646901958869507965e+00
-1.636887649194946670e+00
-1.627042298077288063e+00
-1.617471031304727136e+00
-1.608221851511903777e+00
-1.599267471635014815e+00
-1.590516440036572998e+00
-1.581849075670200611e+00
-1.573163289199400738e+00
-1.564411190532035478e+00
-1.555611259955411274e+00
-1.546831211573894027e+00
-1.538149188293991720e+00
-1.529610191762370341e+00
-1.521196782023940708e+00
-1.512827124579660953e+00
-1.504381889441541054e+00
-1.495749192647708448e+00
-1.486868938721997990e+00
-1.477757945340151924e+00
-1.468505162827632216e+00
-1.459238826962599767e+00
-1.450079225208386280e+00
-1.441096878444247942e+00
-1.432293693011228664e+00
-1.423614908711212435e+00
-1.414986529531362391e+00
-1.406361941986536523e+00
-1.397757324211946983e+00
-1.389260026119674363e+00
-1.381005480604811320e+00
-1.373131633422784770e+00
-1.365729644863308279e+00
-1.358811435508832099e+00
-1.352307756198251720e+00
-1.346097692788729372e+00
-1.340057246405212732e+00
-1.334106500113115601e+00
-1.328235410191143995e+00
-1.322497302659046081e+00
-1.316972926102154107e+00
-1.311720584443396787e+00
-1.306734031921966910e+00
-1.301926762282787031e+00
-1.297150272390964920e+00
-1.292239456807646070e+00
-1.287066611798750149e+00
-1.281581635089992233e+00
-1.275821620955526203e+00
-1.269885860890216378e+00
-1.263886875471754712e+00
-1.257898335737266393e+00
-1.251922130599027572e+00
-1.245888696246627569e+00
-1.239690530480974662e+00
-1.233234550265475349e+00
-1.226490703628312806e+00
-1.219515595619267589e+00
-1.212440354244328944e+00
-1.205427132779168131e+00
-1.198612076574751439e+00
-1.192058521290926043e+00
-1.185740031105913861e+00
-1.179560325690691247e+00
-1.173401486218843326e+00
-1.167179741775215440e+00
-1.160293734959354506e+00
-1.152604597845874990e+00
-1.144135246043183729e+00
-1.134908595159680900e+00
-1.124947560803776669e+00
-1.114275058583870548e+00
-1.102914004108370705e+00
-1.090887312985683977e+00
-1.078217900824210096e+00
-1.064928683232359452e+00
-1.051042575818531111e+00
-1.036582494191133241e+00
-1.021571353958573569e+00
-1.006032070729250716e+00
-9.899875601115761814e-01
-9.734607377139481432e-01
-9.564745191447746597e-01
-9.390518200124644554e-01
-9.212155559254153747e-01
-9.029886424920396948e-01
-8.843939953207341498e-01
-8.654545300199075752e-01
-8.461931621979699170e-01
-8.266328074633170209e-01
-8.067963814243623855e-01
-7.867067996895017457e-01
-7.663869778671452693e-01
-7.458598315657021249e-01
-7.251482763935676035e-01
-7.042752279591566467e-01
-6.832636018708639902e-01
-6.621363137370998020e-01
-6.409162791662735836e-01
-6.196264137667804039e-01
-5.982896331470350937e-01
-5.769288529154330547e-01
-5.555669886803835666e-01
-5.342269560502966863e-01
-5.129316706335675935e-01
-4.917040480386105639e-01
-4.705670038738212768e-01
-4.495434537476094006e-01
-4.286563132683842703e-01
-4.079284980445415654e-01
-3.873829236844954504e-01
-3.670425057966417715e-01
-3.469301599893899746e-01
-3.270688018711490064e-01
-3.074813470503153789e-01
-2.881907111353024242e-01
-2.692198097345068764e-01
-2.505915584563374043e-01
-2.323288729092032878e-01
-2.144546687015011499e-01
-1.969918614416401592e-01
-1.799633667380288737e-01
-1.633921001990646937e-01
-1.473009774331596744e-01
-1.317129140487117989e-01
-1.166508256541294308e-01
-1.021376278578206565e-01
-8.819623626818422213e-02
-7.484956649363086467e-02
-6.212053414255959416e-02
-5.003205482337853144e-02
-3.860704414449477734e-02
-2.786841771430861175e-02
-1.783909114122917555e-02
-8.541980033657338434e-03
0.000000000000000000e+00
