-1.497153438022143790e-01
-1.497153384328761550e-01
-1.497152582145913069e-01
-1.497149125115993518e-01
-1.497139874266901205e-01
-1.497120495219916858e-01
-1.497085499334020742e-01
-1.497028288390278850e-01
-1.496941202520171987e-01
-1.496815571052557692e-01
-1.496641765961728987e-01
-1.496409257599076725e-01
-1.496106672394998116e-01
-1.495721852222625936e-01
-1.495241915121417187e-01
-1.494653317086304112e-01
-1.493941914636902901e-01
-1.493093027891077285e-01
-1.492091503877865100e-01
-1.490921779836233974e-01
-1.489567946258303355e-01
-1.488013809448356373e-01
-1.486242953382146681e-01
-1.484238800664498537e-01
-1.481984672396988445e-01
-1.479463846781404468e-01
-1.476659616298699740e-01
-1.473555343317137778e-01
-1.470134513997237713e-01
-1.466380790374876009e-01
-1.462278060517415712e-01
-1.457810486660983396e-01
-1.452962551249897816e-01
-1.447719100811772908e-01
-1.442065387613891969e-01
-1.435987109058055045e-01
-1.429470444782217076e-01
-1.422502091447804262e-01
-1.415069295201632216e-01
-1.407159881810811086e-01
-1.398762284477900741e-01
-1.389865569351880215e-01
-1.380459458758196145e-01
-1.370534352178259530e-01
-1.360081345015288490e-01
-1.349092245189323080e-01
-1.337559587609601641e-01
-1.325476646577285478e-01
-1.312837446175763867e-01
-1.299636768709486467e-01
-1.285870161255464883e-01
-1.271533940394287132e-01
-1.256625195189711164e-01
-1.241141788487667430e-01
-1.225082356606842504e-01
-1.208446307493937361e-01
-1.191233817417231972e-01
-1.173445826272264680e-01
-1.155084031573280767e-01
-1.136150881203611407e-01
-1.116649564997398703e-01
-1.096584005224026659e-01
-1.075958846045350775e-01
-1.054779442014319030e-01
-1.033051845681861869e-01
-1.010782794377068916e-01
-9.879796962236150892e-02
-9.646506154532326349e-02
-9.408042570747332523e-02
-9.164499509546800149e-02
-8.915976353633459084e-02
-8.662578400370397891e-02
-8.404416688052963880e-02
-8.141607818287960319e-02
-7.874273774912270152e-02
-7.602541739856553960e-02
-7.326543906333038425e-02
-7.046417289700160347e-02
-6.762303536330704912e-02
-6.474348730784365569e-02
-6.182703201560438289e-02
-5.887521325681736861e-02
-5.588961332336678245e-02
-5.287185105783293038e-02
-4.982357987696284241e-02
-4.674648579116605362e-02
-4.364228542142283007e-02
-4.051272401479251439e-02
-3.735957345952309328e-02
-3.418463030058316310e-02
-3.098971375627203317e-02
-2.777666373640713671e-02
-2.454733886244261920e-02
-2.130361448974216199e-02
-1.804738073210621074e-02
-1.478054048854621216e-02
-1.150500747220306597e-02
-8.222704241220984978e-03
-4.935560231319718882e-03
-1.645509789747451324e-03
1.645509789747423568e-03
4.935560231319746638e-03
8.222704241220984978e-03
1.150500747220306597e-02
1.478054048854623992e-02
1.804738073210615523e-02
2.130361448974216199e-02
2.454733886244259145e-02
2.777666373640710895e-02
3.098971375627204705e-02
3.418463030058319085e-02
3.735957345952306552e-02
4.051272401479250052e-02
4.364228542142284395e-02
4.674648579116610914e-02
4.982357987696289792e-02
5.287185105783298589e-02
5.588961332336683796e-02
5.887521325681743800e-02
6.182703201560446615e-02
6.474348730784376671e-02
6.762303536330713238e-02
7.046417289700168674e-02
7.326543906333046752e-02
7.602541739856566450e-02
7.874273774912285417e-02
8.141607818287971421e-02
8.404416688052976370e-02
8.662578400370410381e-02
8.915976353633475737e-02
9.164499509546822353e-02
9.408042570747349176e-02
9.646506154532347166e-02
9.879796962236170321e-02
1.010782794377070581e-01
1.033051845681863534e-01
1.054779442014320556e-01
1.075958846045352024e-01
1.096584005224026936e-01
1.116649564997399258e-01
1.136150881203612240e-01
1.155084031573281045e-01
1.173445826272265513e-01
1.191233817417232388e-01
1.208446307493937499e-01
1.225082356606842782e-01
1.241141788487667152e-01
1.256625195189711441e-01
1.271533940394287410e-01
1.285870161255465438e-01
1.299636768709487578e-01
1.312837446175765532e-01
1.325476646577286866e-01
1.337559587609603307e-01
1.349092245189324746e-01
1.360081345015290155e-01
1.370534352178261195e-01
1.380459458758197810e-01
1.389865569351881602e-01
1.398762284477902129e-01
1.407159881810812474e-01
1.415069295201633326e-01
1.422502091447805095e-01
1.429470444782218463e-01
1.435987109058056432e-01
1.442065387613893634e-01
1.447719100811774851e-01
1.452962551249899759e-01
1.457810486660985616e-01
1.462278060517417655e-01
1.466380790374878507e-01
1.470134513997240211e-01
1.473555343317139721e-01
1.476659616298701960e-01
1.479463846781406688e-01
1.481984672396990665e-01
1.484238800664501590e-01
1.486242953382149456e-01
1.488013809448358871e-01
1.489567946258305853e-01
1.490921779836236472e-01
1.492091503877867320e-01
1.493093027891079505e-01
1.493941914636905122e-01
1.494653317086306055e-01
1.495241915121419407e-01
1.495721852222628712e-01
1.496106672395000892e-01
1.496409257599079223e-01
1.496641765961730652e-01
1.496815571052559635e-01
1.496941202520174208e-01
1.497028288390281070e-01
1.497085499334023517e-01
1.497120495219919911e-01
1.497139874266904258e-01
1.497149125115997126e-01
1.497152582145916677e-01
1.497153384328765158e-01
1.497153438022147676e-01
