-1.514768825129197971e-01
-1.514768770503205630e-01
-1.514767954401299577e-01
-1.514764437491661342e-01
-1.514755026734413978e-01
-1.514735313468567046e-01
-1.514699715537343727e-01
-1.514641523042027371e-01
-1.514552947417507900e-01
-1.514425173492831567e-01
-1.514248414208177185e-01
-1.514011967659876778e-01
-1.513704276149534234e-01
-1.513312986918552427e-01
-1.512825014256248268e-01
-1.512226602677826659e-01
-1.511503390877761421e-01
-1.510640476174453517e-01
-1.509622479173272636e-01
-1.508433608387137193e-01
-1.507057724566517043e-01
-1.505478404504040912e-01
-1.503679004092662863e-01
-1.501642720430447220e-01
-1.499352652779407102e-01
-1.496791862200350376e-01
-1.493943429700271275e-01
-1.490790512743389862e-01
-1.487316399991392701e-01
-1.483504564152711147e-01
-1.479338712834698810e-01
-1.474802837306295744e-01
-1.469881259092115366e-01
-1.464558674331835342e-01
-1.458820195851251722e-01
-1.452651392903329952e-01
-1.446038328549045793e-01
-1.438967594658693561e-01
-1.431426344524654726e-01
-1.423402323086330745e-01
-1.414883894777055340e-01
-1.405860069011283797e-01
-1.396320523338226982e-01
-1.386255624295348876e-01
-1.375656446001773392e-01
-1.364514786537672497e-01
-1.352823182161127513e-01
-1.340574919418794919e-01
-1.327764045210977073e-01
-1.314385374875401691e-01
-1.300434498357199431e-01
-1.285907784535227361e-01
-1.270802383777059619e-01
-1.255116228796662459e-01
-1.238848033890029149e-01
-1.221997292624886072e-01
-1.204564274061012408e-01
-1.186550017577784194e-01
-1.167956326385275467e-01
-1.148785759794638262e-01
-1.129041624322594528e-01
-1.108727963703691199e-01
-1.087849547882559498e-01
-1.066411861056767718e-01
-1.044421088839015688e-01
-1.021884104605393362e-01
-9.988084550942391560e-02
-9.752023453178168544e-02
-9.510746228465921659e-02
-9.264347615233439748e-02
-9.012928446617436695e-02
-8.756595477813368389e-02
-8.495461209281450488e-02
-8.229643706273459536e-02
-7.959266415116995896e-02
-7.684457976666249357e-02
-7.405352037300455548e-02
-7.122087057823738021e-02
-6.834806120592930301e-02
-6.543656735173043748e-02
-6.248790642793915218e-02
-5.950363619855915387e-02
-5.648535280707502049e-02
-5.343468879893428780e-02
-5.035331114048817447e-02
-4.724291923591973641e-02
-4.410524294347277496e-02
-4.094204059208854385e-02
-3.775509699936416275e-02
-3.454622149156083566e-02
-3.131724592621866476e-02
-2.807002271777365998e-02
-2.480642286642215089e-02
-2.152833399034279060e-02
-1.823765836125998407e-02
-1.493631094322134256e-02
-1.162621743436295652e-02
-8.309312311349015268e-03
-4.987536876100207017e-03
-1.662837304364228608e-03
1.662837304364173097e-03
4.987536876100207017e-03
8.309312311348987512e-03
1.162621743436290100e-02
1.493631094322131481e-02
1.823765836125990081e-02
2.152833399034273509e-02
2.480642286642206762e-02
2.807002271777361835e-02
3.131724592621865089e-02
3.454622149156080790e-02
3.775509699936410724e-02
4.094204059208850222e-02
4.410524294347270557e-02
4.724291923591972253e-02
5.035331114048816059e-02
5.343468879893423229e-02
5.648535280707497885e-02
5.950363619855908448e-02
6.248790642793911054e-02
6.543656735173039585e-02
6.834806120592926137e-02
7.122087057823733858e-02
7.405352037300449997e-02
7.684457976666245194e-02
7.959266415116988957e-02
8.229643706273451209e-02
8.495461209281446324e-02
8.756595477813361450e-02
9.012928446617435307e-02
9.264347615233436972e-02
9.510746228465913332e-02
9.752023453178165768e-02
9.988084550942388784e-02
1.021884104605393362e-01
1.044421088839015965e-01
1.066411861056767441e-01
1.087849547882559498e-01
1.108727963703691755e-01
1.129041624322595361e-01
1.148785759794638262e-01
1.167956326385274912e-01
1.186550017577783778e-01
1.204564274061011298e-01
1.221997292624885656e-01
1.238848033890028733e-01
1.255116228796662181e-01
1.270802383777059896e-01
1.285907784535227916e-01
1.300434498357199709e-01
1.314385374875401968e-01
1.327764045210977351e-01
1.340574919418794364e-01
1.352823182161127513e-01
1.364514786537672775e-01
1.375656446001773947e-01
1.386255624295348876e-01
1.396320523338225872e-01
1.405860069011282132e-01
1.414883894777053674e-01
1.423402323086329080e-01
1.431426344524653338e-01
1.438967594658691618e-01
1.446038328549044127e-01
1.452651392903328009e-01
1.458820195851249779e-01
1.464558674331833954e-01
1.469881259092113424e-01
1.474802837306293801e-01
1.479338712834696867e-01
1.483504564152709482e-01
1.487316399991391869e-01
1.490790512743389029e-01
1.493943429700271275e-01
1.496791862200350653e-01
1.499352652779407657e-01
1.501642720430448330e-01
1.503679004092663973e-01
1.505478404504042023e-01
1.507057724566517876e-01
1.508433608387137470e-01
1.509622479173272636e-01
1.510640476174452962e-01
1.511503390877760866e-01
1.512226602677826381e-01
1.512825014256247713e-01
1.513312986918551872e-01
1.513704276149533401e-01
1.514011967659876223e-01
1.514248414208176907e-01
1.514425173492831567e-01
1.514552947417507345e-01
1.514641523042026816e-01
1.514699715537342617e-01
1.514735313468565936e-01
1.514755026734412313e-01
1.514764437491659121e-01
1.514767954401297079e-01
1.514768770503203132e-01
1.514768825129195196e-01
