-1.443837567351611839e-01
-1.443837516414188116e-01
-1.443836755366194602e-01
-1.443833475317401471e-01
-1.443824697154383607e-01
-1.443806306192885192e-01
-1.443773090471142384e-01
-1.443718782326336714e-01
-1.443636102988511694e-01
-1.443516809899134945e-01
-1.443351746468302110e-01
-1.443130893984202745e-01
-1.442843425391793499e-01
-1.442477760661642072e-01
-1.442021623475272241e-01
-1.441462098959793159e-01
-1.440785692212046831e-01
-1.439978387360884016e-01
-1.439025706925348147e-01
-1.437912771236451726e-01
-1.436624357700733712e-01
-1.435144959694821531e-01
-1.433458844891697670e-01
-1.431550112831170840e-01
-1.429402751559136209e-01
-1.427000693172445211e-01
-1.424327868118564766e-01
-1.421368258111579130e-01
-1.418105947538418343e-01
-1.414525173241434897e-01
-1.410610372575510363e-01
-1.406346229649725055e-01
-1.401717719675198426e-01
-1.396710151351978901e-01
-1.391309207238774492e-01
-1.385500982059840736e-01
-1.379272018913452469e-01
-1.372609343356051836e-01
-1.365500495345361720e-01
-1.357933559034472659e-01
-1.349897190417128079e-01
-1.341380642832148973e-01
-1.332373790342141207e-01
-1.322867149008305765e-01
-1.312851896089359260e-01
-1.302319887198211956e-01
-1.291263671455216977e-01
-1.279676504681453719e-01
-1.267552360679670143e-01
-1.254885940654207610e-01
-1.241672680824451869e-01
-1.227908758289139590e-01
-1.213591095201200371e-01
-1.198717361314751151e-01
-1.183285974967405868e-01
-1.167296102562236093e-01
-1.150747656614526382e-01
-1.133641292428957947e-01
-1.115978403473014136e-01
-1.097761115512276842e-01
-1.078992279572885404e-01
-1.059675463795768657e-01
-1.039814944246388317e-01
-1.019415694742623890e-01
-9.984833757621407180e-02
-9.770243224891256295e-02
-9.550455320586430374e-02
-9.325546500551140650e-02
-9.095599563195469472e-02
-8.860703501181503572e-02
-8.620953347229146080e-02
-8.376450014525826937e-02
-8.127300132202484872e-02
-7.873615876315757933e-02
-7.615514796753494742e-02
-7.353119640457929374e-02
-7.086558171337770107e-02
-6.815962987217594193e-02
-6.541471334150203432e-02
-6.263224918394959262e-02
-5.981369716343069853e-02
-5.696055782648973276e-02
-5.407437056805715347e-02
-5.115671168381613620e-02
-4.820919241115376175e-02
-4.523345696047598175e-02
-4.223118053848014253e-02
-3.920406736480058774e-02
-3.615384868327534140e-02
-3.308228076892114067e-02
-2.999114293155435984e-02
-2.688223551685554880e-02
-2.375737790554360851e-02
-2.061840651120787349e-02
-1.746717277723516815e-02
-1.430554117317234253e-02
-1.113538719077716843e-02
-7.958595339934149138e-03
-4.777057144548624290e-03
-1.592669138478358670e-03
1.592669138478358670e-03
4.777057144548652046e-03
7.958595339934176893e-03
1.113538719077719619e-02
1.430554117317242580e-02
1.746717277723522366e-02
2.061840651120797063e-02
2.375737790554374729e-02
2.688223551685567370e-02
2.999114293155452637e-02
3.308228076892130720e-02
3.615384868327545242e-02
3.920406736480067100e-02
4.223118053848023967e-02
4.523345696047612052e-02
4.820919241115390053e-02
5.115671168381624723e-02
5.407437056805725062e-02
5.696055782648981602e-02
5.981369716343082343e-02
6.263224918394971752e-02
6.541471334150208983e-02
6.815962987217599744e-02
7.086558171337775658e-02
7.353119640457939088e-02
7.615514796753503068e-02
7.873615876315759321e-02
8.127300132202489036e-02
8.376450014525835264e-02
8.620953347229157182e-02
8.860703501181516062e-02
9.095599563195475024e-02
9.325546500551148976e-02
9.550455320586437313e-02
9.770243224891267397e-02
9.984833757621416894e-02
1.019415694742624445e-01
1.039814944246389150e-01
1.059675463795769490e-01
1.078992279572886792e-01
1.097761115512277952e-01
1.115978403473014691e-01
1.133641292428958502e-01
1.150747656614526937e-01
1.167296102562236926e-01
1.183285974967406284e-01
1.198717361314751151e-01
1.213591095201200787e-01
1.227908758289140145e-01
1.241672680824452701e-01
1.254885940654208443e-01
1.267552360679670698e-01
1.279676504681453997e-01
1.291263671455217255e-01
1.302319887198212234e-01
1.312851896089359816e-01
1.322867149008306598e-01
1.332373790342142317e-01
1.341380642832150638e-01
1.349897190417129189e-01
1.357933559034473769e-01
1.365500495345362553e-01
1.372609343356052114e-01
1.379272018913452191e-01
1.385500982059840180e-01
1.391309207238773937e-01
1.396710151351978069e-01
1.401717719675197871e-01
1.406346229649725332e-01
1.410610372575510363e-01
1.414525173241435452e-01
1.418105947538418898e-01
1.421368258111579963e-01
1.424327868118565599e-01
1.427000693172446044e-01
1.429402751559137319e-01
1.431550112831171950e-01
1.433458844891699058e-01
1.435144959694822919e-01
1.436624357700734822e-01
1.437912771236452558e-01
1.439025706925348702e-01
1.439978387360884571e-01
1.440785692212047109e-01
1.441462098959793714e-01
1.442021623475273628e-01
1.442477760661642905e-01
1.442843425391794332e-01
1.443130893984203023e-01
1.443351746468302665e-01
1.443516809899135778e-01
1.443636102988512526e-01
1.443718782326337546e-01
1.443773090471143217e-01
1.443806306192885747e-01
1.443824697154384440e-01
1.443833475317402026e-01
1.443836755366194602e-01
1.443837516414188116e-01
1.443837567351612394e-01
