-1.549773235325968557e-01
-1.549773178813461660e-01
-1.549772334556961395e-01
-1.549768696536215351e-01
-1.549758962383654681e-01
-1.549738573271121911e-01
-1.549701758044116917e-01
-1.549641581165712434e-01
-1.549549994141109777e-01
-1.549417890062504410e-01
-1.549235160922778631e-01
-1.548990757347075697e-01
-1.548672750396367093e-01
-1.548268395103097606e-01
-1.547764195406691745e-01
-1.547145970165723083e-01
-1.546398919933844873e-01
-1.545507694197979509e-01
-1.544456458789647824e-01
-1.543228963193556402e-01
-1.541808607491512439e-01
-1.540178508694283188e-01
-1.538321566229040316e-01
-1.536220526365401629e-01
-1.533858045378706236e-01
-1.531216751264915799e-01
-1.528279303837328795e-01
-1.525028453051042732e-01
-1.521447095416687545e-01
-1.517518328380342285e-01
-1.513225502561619529e-01
-1.508552271756624374e-01
-1.503482640626795375e-01
-1.498001010008453981e-01
-1.492092219791193441e-01
-1.485741589325979273e-01
-1.478934955335987345e-01
-1.471658707314717762e-01
-1.463899820406824592e-01
-1.455645885777309134e-01
-1.446885138484284850e-01
-1.437606482879394965e-01
-1.427799515568160260e-01
-1.417454545970051605e-01
-1.406562614524934640e-01
-1.395115508598714360e-01
-1.383105776146554000e-01
-1.370526737196942624e-01
-1.357372493224176802e-01
-1.343637934480521323e-01
-1.329318745362436660e-01
-1.314411407887826344e-01
-1.298913203363321611e-01
-1.282822212322154987e-01
-1.266137312814267779e-01
-1.248858177130918040e-01
-1.230985267046282167e-01
-1.212519827658360139e-01
-1.193463879910970915e-01
-1.173820211877743824e-01
-1.153592368887841335e-01
-1.132784642571689898e-01
-1.111402058903279561e-01
-1.089450365313658214e-01
-1.066936016948089316e-01
-1.043866162137028486e-01
-1.020248627148575005e-01
-9.960919002874424333e-02
-9.714051154027589230e-02
-9.461980348641621519e-02
-9.204810320627723752e-02
-8.942650734906359977e-02
-8.675617004492497397e-02
-8.403830104347365104e-02
-8.127416382442033405e-02
-7.846507368447888653e-02
-7.561239580438798569e-02
-7.271754329959967400e-02
-6.978197525789078814e-02
-6.680719476686290681e-02
-6.379474693401392116e-02
-6.074621690178910738e-02
-5.766322785974917209e-02
-5.454743905573609941e-02
-5.140054380766417852e-02
-4.822426751732572514e-02
-4.502036568736990374e-02
-4.179062194239327455e-02
-3.853684605487524284e-02
-3.526087197649341309e-02
-3.196455587517159358e-02
-2.864977417804231985e-02
-2.531842162034581012e-02
-2.197240930014426885e-02
-1.861366273859593745e-02
-1.524411994541655102e-02
-1.186572948905015301e-02
-8.480448570979487455e-03
-5.090241103529652422e-03
-1.697075790454444233e-03
1.697075790454388722e-03
5.090241103529624667e-03
8.480448570979431944e-03
1.186572948905009750e-02
1.524411994541655102e-02
1.861366273859590970e-02
2.197240930014429661e-02
2.531842162034583787e-02
2.864977417804237536e-02
3.196455587517171848e-02
3.526087197649355187e-02
3.853684605487533998e-02
4.179062194239335781e-02
4.502036568736997313e-02
4.822426751732580841e-02
5.140054380766420628e-02
5.454743905573611329e-02
5.766322785974919984e-02
6.074621690178910738e-02
6.379474693401399055e-02
6.680719476686294844e-02
6.978197525789078814e-02
7.271754329959967400e-02
7.561239580438799956e-02
7.846507368447891428e-02
8.127416382442032017e-02
8.403830104347356778e-02
8.675617004492491846e-02
8.942650734906357202e-02
9.204810320627723752e-02
9.461980348641621519e-02
9.714051154027580903e-02
9.960919002874418782e-02
1.020248627148573894e-01
1.043866162137027653e-01
1.066936016948088484e-01
1.089450365313656688e-01
1.111402058903278589e-01
1.132784642571689204e-01
1.153592368887840780e-01
1.173820211877743547e-01
1.193463879910970915e-01
1.212519827658360416e-01
1.230985267046282305e-01
1.248858177130918734e-01
1.266137312814268334e-01
1.282822212322155542e-01
1.298913203363322166e-01
1.314411407887827177e-01
1.329318745362437215e-01
1.343637934480521601e-01
1.357372493224176524e-01
1.370526737196942069e-01
1.383105776146553723e-01
1.395115508598714360e-01
1.406562614524934363e-01
1.417454545970051605e-01
1.427799515568159427e-01
1.437606482879394409e-01
1.446885138484284572e-01
1.455645885777309134e-01
1.463899820406824870e-01
1.471658707314718040e-01
1.478934955335987067e-01
1.485741589325979550e-01
1.492092219791193441e-01
1.498001010008453981e-01
1.503482640626795375e-01
1.508552271756624097e-01
1.513225502561619251e-01
1.517518328380341730e-01
1.521447095416686990e-01
1.525028453051041621e-01
1.528279303837327685e-01
1.531216751264914411e-01
1.533858045378704849e-01
1.536220526365399963e-01
1.538321566229038373e-01
1.540178508694281523e-01
1.541808607491510497e-01
1.543228963193554182e-01
1.544456458789645881e-01
1.545507694197977289e-01
1.546398919933842930e-01
1.547145970165721418e-01
1.547764195406690635e-01
1.548268395103096773e-01
1.548672750396365427e-01
1.548990757347074032e-01
1.549235160922776688e-01
1.549417890062503300e-01
1.549549994141108944e-01
1.549641581165711601e-01
1.549701758044115807e-01
1.549738573271121078e-01
1.549758962383653849e-01
1.549768696536213963e-01
1.549772334556959730e-01
1.549773178813459440e-01
1.549773235325966891e-01
