-2.897712923258307510e-02
-2.897711981122335495e-02
-2.897705392600955290e-02
-2.897687551638274128e-02
-2.897652941923428357e-02
-2.897596187214698457e-02
-2.897512101663620582e-02
-2.897395740139102269e-02
-2.897242448551534677e-02
-2.897047914176907255e-02
-2.896808215980921017e-02
-2.896519864399834179e-02
-2.896179594703908455e-02
-2.895784153374848097e-02
-2.895330841329911073e-02
-2.894817236550803474e-02
-2.894241044407558361e-02
-2.893599646726606467e-02
-2.892890164513676338e-02
-2.892109292133831361e-02
-2.891253460574161327e-02
-2.890319151869743391e-02
-2.889303308998021971e-02
-2.888203376173430550e-02
-2.887016975960718726e-02
-2.885741593410165451e-02
-2.884374451937694525e-02
-2.882912414762953124e-02
-2.881352023905924334e-02
-2.879689772783094667e-02
-2.877922527181571086e-02
-2.876047646165507191e-02
-2.874062742409571117e-02
-2.871965355983747623e-02
-2.869752851136019023e-02
-2.867422290912454916e-02
-2.864970484164918590e-02
-2.862394122284005887e-02
-2.859690252590354684e-02
-2.856856383981306105e-02
-2.853890368404728844e-02
-2.850790016314331057e-02
-2.847553014592386564e-02
-2.844176781532315249e-02
-2.840658489471708723e-02
-2.836995139840644761e-02
-2.833183993968375197e-02
-2.829222742120093836e-02
-2.825109448044331104e-02
-2.820842171195408338e-02
-2.816418888480296673e-02
-2.811837331252093480e-02
-2.807095043778091645e-02
-2.802189316409769287e-02
-2.797117690323689884e-02
-2.791877998484917564e-02
-2.786468577394829102e-02
-2.780887661640528072e-02
-2.775133585514576867e-02
-2.769204319375095577e-02
-2.763097857298084034e-02
-2.756811818658300856e-02
-2.750344113827126249e-02
-2.743692901336922119e-02
-2.736856837394556832e-02
-2.729834641953838084e-02
-2.722624999060061987e-02
-2.715226483569952581e-02
-2.707637463499443578e-02
-2.699856181391598400e-02
-2.691880837603667989e-02
-2.683710023198135342e-02
-2.675342625197041704e-02
-2.666777755397982050e-02
-2.658014388294605360e-02
-2.649051489830134970e-02
-2.639887806622506772e-02
-2.630522009316186433e-02
-2.620952669372432833e-02
-2.611178704690146971e-02
-2.601199325329419179e-02
-2.591013999769844339e-02
-2.580622107415370819e-02
-2.570023038728686676e-02
-2.559216046652952603e-02
-2.548200350024186836e-02
-2.536975066566487733e-02
-2.525539642651944069e-02
-2.513893792635642221e-02
-2.502037547832396125e-02
-2.489970812705412373e-02
-2.477693532202243643e-02
-2.465205456413227178e-02
-2.452506331766131364e-02
-2.439595727321314939e-02
-2.426473441291275221e-02
-2.413139550582011142e-02
-2.399594362401126155e-02
-2.385838203062068050e-02
-2.371871324212214416e-02
-2.357693959407721612e-02
-2.343306284845888751e-02
-2.328708348480162948e-02
-2.313900430701398489e-02
-2.298882896946499374e-02
-2.283656645260276688e-02
-2.268222236512383930e-02
-2.252580588051450450e-02
-2.236732147560137329e-02
-2.220677750387068522e-02
-2.204417727002608296e-02
-2.187952830978687202e-02
-2.171283739426770054e-02
-2.154411591551207150e-02
-2.137337359075820731e-02
-2.120062066366338108e-02
-2.102586601490887691e-02
-2.084911910335679117e-02
-2.067038788637043378e-02
-2.048968148923653240e-02
-2.030701006790735022e-02
-2.012238748082220696e-02
-1.993582684552698894e-02
-1.974734222164554326e-02
-1.955694601794950860e-02
-1.936465222401928185e-02
-1.917047255128804389e-02
-1.897441974545050619e-02
-1.877650660184981141e-02
-1.857674866966365496e-02
-1.837516144913296096e-02
-1.817176007263940005e-02
-1.796655887140127805e-02
-1.775957261133133749e-02
-1.755081641811614274e-02
-1.734030533786916004e-02
-1.712805733120835103e-02
-1.691409275488336972e-02
-1.669843371829810019e-02
-1.648110137230771738e-02
-1.626211683290268092e-02
-1.604150015769923582e-02
-1.581927110982470769e-02
-1.559544763614982045e-02
-1.537004772936388826e-02
-1.514309039241329424e-02
-1.491459600883893698e-02
-1.468458405505486397e-02
-1.445307443464217446e-02
-1.422008725205032437e-02
-1.398564353285110251e-02
-1.374976344396870546e-02
-1.351246833143156245e-02
-1.327378052348530263e-02
-1.303372438596653304e-02
-1.279232324015147637e-02
-1.254960083506632615e-02
-1.230558034787708824e-02
-1.206028655919284820e-02
-1.181374251579575194e-02
-1.156597284362775521e-02
-1.131700176877723299e-02
-1.106685673780903947e-02
-1.081556301728285249e-02
-1.056314734659002594e-02
-1.030963481874542370e-02
-1.005505311148977704e-02
-9.799428036660107894e-03
-9.542786731906376801e-03
-9.285156247297879362e-03
-9.026565542149179999e-03
-8.767042943343419936e-03
-8.506615732663355689e-03
-8.245311083712812683e-03
-7.983156074142766512e-03
-7.720177741587647136e-03
-7.456402187975955109e-03
-7.191856377045408727e-03
-6.926568807014636675e-03
-6.660567992945825438e-03
-6.393882632726045206e-03
-6.126540635992147599e-03
-5.858571840376768092e-03
-5.590004879820739681e-03
-5.320868954149699653e-03
-5.051192116413472100e-03
-4.781004467653834217e-03
-4.510335125347729457e-03
-4.239213058192616013e-03
-3.967665845487869380e-03
-3.695722026552768907e-03
-3.423409549035416610e-03
-3.150755995199362031e-03
-2.877788796259071746e-03
-2.604536802037281384e-03
-2.331029691761271616e-03
-2.057296416487677804e-03
-1.783366320581316472e-03
-1.509268174629332937e-03
-1.235032521300322844e-03
-9.606864956785386711e-04
-6.862582505457702486e-04
-4.117732841276700029e-04
-1.372595911324284157e-04
1.372571829032533108e-04
4.117502847085542650e-04
6.861915848039613908e-04
9.605525198900753681e-04
1.234801649667747331e-03
1.508909646390284298e-03
1.782842113065872397e-03
2.056566866580743919e-03
2.330048532357360813e-03
2.603256540428200427e-03
2.876157803506071420e-03
3.148722345819199298e-03
3.420919346283947393e-03
3.692721890284599018e-03
3.964101546415972621e-03
4.235031369792432998e-03
4.505482595675139312e-03
4.775428666048596449e-03
5.044840834626085346e-03
5.313691105613652099e-03
5.581950499037188762e-03
5.849592539701457816e-03
6.116590359265601518e-03
6.382917176199605358e-03
6.648546042320679916e-03
6.913450748565502790e-03
7.177604961789943450e-03
7.440981451836671534e-03
7.703552897208490458e-03
7.965293185673801013e-03
8.226176311781623063e-03
8.486176069927651999e-03
8.745265249571268495e-03
9.003417971292830557e-03
9.260607670007608982e-03
9.516807918082285933e-03
9.771991861846837657e-03
1.002613463152662171e-02
1.027921231975924277e-02
1.053120093970578985e-02
1.078207642232308777e-02
1.103181471329314767e-02
1.128039228777877323e-02
1.152778415725120437e-02
1.177396541880449538e-02
1.201891185510868543e-02
1.226260096336798805e-02
1.250500994840582358e-02
1.274611610885059004e-02
1.298589683569537079e-02
1.322433058388890886e-02
1.346139475707677780e-02
1.369706744965735329e-02
1.393132724099034603e-02
1.416415554465520060e-02
1.439553320687637222e-02
1.462544130312987134e-02
1.485386013670128569e-02
1.508077057508479257e-02
1.530615219697617491e-02
1.552998404453592718e-02
1.575224545231222739e-02
1.597291685023941032e-02
1.619197911925884803e-02
1.640941238090269649e-02
1.662519669816330675e-02
1.683931330701392975e-02
1.705174342019600414e-02
1.726246831756009931e-02
1.747147073300538145e-02
1.767873631752881619e-02
1.788425151279016134e-02
1.808800319091318637e-02
1.828997699928418263e-02
1.849015847897540754e-02
1.868853202749409803e-02
1.888508155931793719e-02
1.907979074982382034e-02
1.927264629432898224e-02
1.946363589219519963e-02
1.965274768508867842e-02
1.983996890583352574e-02
2.002528754303212893e-02
2.020869095119515874e-02
2.039016644841028930e-02
2.056970170646979512e-02
2.074728679690249905e-02
2.092291374711061774e-02
2.109657443464235671e-02
2.126826008575616322e-02
2.143796071657486785e-02
2.160566654598987391e-02
2.177136545758570629e-02
2.193504672440001191e-02
2.209669995768146628e-02
2.225631905836349123e-02
2.241389693363242397e-02
2.256942750661066616e-02
2.272290429002178647e-02
2.287432072126854149e-02
2.302367191168738780e-02
2.317095079055012108e-02
2.331615699382054430e-02
2.345928787603062532e-02
2.360034747146998874e-02
2.373933241929294946e-02
2.387624372774162229e-02
2.401107633353554566e-02
2.414382827653355212e-02
2.427449427277268007e-02
2.440307336512510111e-02
2.452956667579872518e-02
2.465397788425494757e-02
2.477631006171764072e-02
2.489656609766337236e-02
2.501474847547736219e-02
2.513085975133041994e-02
2.524490249212258536e-02
2.535688155926466014e-02
2.546680530164088796e-02
2.557468394771761355e-02
2.568052714286443716e-02
2.578434214932454754e-02
2.588613529283860515e-02
2.598591126379993371e-02
2.608367408925740816e-02
2.617942986900291535e-02
2.627318743312476862e-02
2.636495956702804289e-02
2.645475739754183514e-02
2.654259233482679503e-02
2.662847229554430456e-02
2.671240632656249336e-02
2.679440062532890965e-02
2.687446499133930300e-02
2.695261096208345641e-02
2.702885571454367170e-02
2.710321496375858730e-02
2.717570539675944613e-02
2.724634030799988338e-02
2.731513447267566036e-02
2.738210029744134882e-02
2.744725319371400796e-02
2.751061107157193319e-02
2.757219642866544362e-02
2.763203182185149792e-02
2.769013807248441039e-02
2.774653348021637739e-02
2.780123432441655024e-02
2.785425572085137996e-02
2.790561331351785329e-02
2.795532583127111059e-02
2.800341676960273890e-02
2.804991054060190780e-02
2.809483091921609332e-02
2.813819860727886230e-02
2.818003394744360290e-02
2.822035504769185993e-02
2.825918213890508957e-02
2.829653754126894988e-02
2.833244944179568597e-02
2.836694679876210212e-02
2.840005777183671892e-02
2.843180638468725124e-02
2.846221434212439783e-02
2.849130131792457915e-02
2.851908641539091516e-02
2.854559250174010937e-02
2.857084665181046368e-02
2.859488064883695252e-02
2.861772483682191448e-02
2.863940830749104466e-02
2.865995690076894586e-02
2.867939583608634241e-02
2.869774897947896530e-02
2.871504373275598349e-02
2.873131157246574391e-02
2.874658817154367857e-02
2.876090770687809994e-02
2.877430107180761060e-02
2.878679457922982826e-02
2.879841181039124315e-02
2.880917470296718436e-02
2.881910732793391272e-02
2.882823918961668203e-02
2.883660527164928766e-02
2.884424173681925108e-02
2.885118249986737271e-02
2.885745810239548348e-02
2.886309567581897551e-02
2.886812037015885207e-02
2.887255673068924583e-02
2.887643366278536822e-02
2.887978238228179617e-02
2.888263831626355221e-02
2.888504125034963010e-02
2.888703433712648538e-02
2.888866360748492540e-02
2.888997750559033073e-02
2.889102642385286968e-02
2.889186223789778907e-02
2.889253784153564264e-02
2.889310668173253327e-02
2.889362229358034134e-02
