-1.501244729615135720e-01
-1.501244587155806109e-01
-1.501243584977146328e-01
-1.501240847749689411e-01
-1.501235479153275043e-01
-1.501226557519454718e-01
-1.501213131473893292e-01
-1.501194215578773306e-01
-1.501168785975197650e-01
-1.501135776025592228e-01
-1.501094071956110554e-01
-1.501042507962589700e-01
-1.500979849930569876e-01
-1.500904807008085484e-01
-1.500816113349887626e-01
-1.500712505344054259e-01
-1.500592693949682754e-01
-1.500455303470240309e-01
-1.500298866769867456e-01
-1.500121801928392951e-01
-1.499922432995360322e-01
-1.499699042425896578e-01
-1.499449935047457994e-01
-1.499173455311495207e-01
-1.498867946835222842e-01
-1.498531709891036401e-01
-1.498162977886475511e-01
-1.497759898190047234e-01
-1.497320537525769490e-01
-1.496842921502707924e-01
-1.496325104441503795e-01
-1.495765194786815577e-01
-1.495161332746512417e-01
-1.494511646803746152e-01
-1.493814233252918067e-01
-1.493067132420595189e-01
-1.492268326175485160e-01
-1.491415761210187485e-01
-1.490507416420436548e-01
-1.489541335049532345e-01
-1.488515614665972819e-01
-1.487428366047333361e-01
-1.486277693133812861e-01
-1.485061669940497264e-01
-1.483778330974820647e-01
-1.482425682972641767e-01
-1.481001764325518832e-01
-1.479504685861697533e-01
-1.477932627861303361e-01
-1.476283808085624427e-01
-1.474556455630825214e-01
-1.472748798080026345e-01
-1.470859036272953169e-01
-1.468885360050040112e-01
-1.466825978642152528e-01
-1.464679189325051589e-01
-1.462443354559148367e-01
-1.460116908859129536e-01
-1.457698294370179393e-01
-1.455185992798748162e-01
-1.452578455322754425e-01
-1.449874148722706813e-01
-1.447071543666060833e-01
-1.444169202880630776e-01
-1.441165760443575417e-01
-1.438059923380169969e-01
-1.434850431080890720e-01
-1.431536053696814692e-01
-1.428115567846388323e-01
-1.424587746964327550e-01
-1.420951386810835881e-01
-1.417205349197765973e-01
-1.413348584006724196e-01
-1.409380107927430681e-01
-1.405298986801914729e-01
-1.401104320688372207e-01
-1.396795233314680751e-01
-1.392370851315697933e-01
-1.387830323740549543e-01
-1.383172857868245620e-01
-1.378397750245727860e-01
-1.373504364025295577e-01
-1.368492118065186003e-01
-1.363360464291277496e-01
-1.358108890201258356e-01
-1.352736882531297147e-01
-1.347243951889705582e-01
-1.341629644497343565e-01
-1.335893595774188536e-01
-1.330035492618340809e-01
-1.324055084592933584e-01
-1.317952142424346218e-01
-1.311726486752734511e-01
-1.305377934547062857e-01
-1.298906332130565500e-01
-1.292311552738588942e-01
-1.285593552401863571e-01
-1.278752346575229293e-01
-1.271788002523154548e-01
-1.264700620281035137e-01
-1.257490334411005273e-01
-1.250157290072975713e-01
-1.242701644796305599e-01
-1.235123571678405363e-01
-1.227423321819581664e-01
-1.219601178717508172e-01
-1.211657501640910350e-01
-1.203592641554150494e-01
-1.195407024188192557e-01
-1.187101047657391495e-01
-1.178675161398427679e-01
-1.170129788057870657e-01
-1.161465444549379666e-01
-1.152682661802669761e-01
-1.143782052055906107e-01
-1.134764216111000257e-01
-1.125629824436861770e-01
-1.116379528752827893e-01
-1.107014020116542652e-01
-1.097533966809872141e-01
-1.087940103083987753e-01
-1.078233189052651003e-01
-1.068414039273870991e-01
-1.058483476862001615e-01
-1.048442362977139164e-01
-1.038291571023413351e-01
-1.028031988688929421e-01
-1.017664505053779700e-01
-1.007190047464090743e-01
-9.966095888474976738e-02
-9.859241389359765795e-02
-9.751347238658043814e-02
-9.642423925919420269e-02
-9.532482058404256886e-02
-9.421532239627408711e-02
-9.309584943109719402e-02
-9.196650764219098384e-02
-9.082740554917473341e-02
-8.967865476193367935e-02
-8.852036819475858631e-02
-8.735266080370604480e-02
-8.617565073585697899e-02
-8.498945730133392051e-02
-8.379420106205553997e-02
-8.259000406382871473e-02
-8.137699306665538423e-02
-8.015529670917730110e-02
-7.892504608400967292e-02
-7.768637174861894867e-02
-7.643940683652925006e-02
-7.518428329187724912e-02
-7.392113332605870779e-02
-7.265008788319209099e-02
-7.137128176446602690e-02
-7.008485123455500398e-02
-6.879093480589583420e-02
-6.748967081289754255e-02
-6.618119992067886259e-02
-6.486566269969346044e-02
-6.354319954455660280e-02
-6.221394980362768279e-02
-6.087805516699529296e-02
-5.953565911387109777e-02
-5.818690652526133100e-02
-5.683194200765502579e-02
-5.547091167537279710e-02
-5.410396192944197380e-02
-5.273123867334904291e-02
-5.135288656623260284e-02
-4.996905192389854145e-02
-4.857988281854060120e-02
-4.718552878324169808e-02
-4.578613880360189736e-02
-4.438186326708495888e-02
-4.297285276535364740e-02
-4.155925799157256240e-02
-4.014122793475109752e-02
-3.871891295277941902e-02
-3.729246518805531818e-02
-3.586203821533949510e-02
-3.442778530540790971e-02
-3.298986029821333876e-02
-3.154841764722227104e-02
-3.010361130019011122e-02
-2.865559359043522158e-02
-2.720451700165765763e-02
-2.575053579184466424e-02
-2.429380550645859893e-02
-2.283448166010573765e-02
-2.137271999501141884e-02
-1.990867738764739991e-02
-1.844251056614870654e-02
-1.697437520987890580e-02
-1.550442650805988754e-02
-1.403282134249858593e-02
-1.255971732007066244e-02
-1.108527197276792942e-02
-9.609641747098995879e-03
-8.132984948558519278e-03
-6.655457829535749159e-03
-5.177217576216142092e-03
-3.698417155462679906e-03
-2.219214742551017805e-03
-7.397661672812194666e-04
7.397679115883348810e-04
2.219231073818217492e-03
3.698462999285501152e-03
5.177305704469087333e-03
6.655601241855962913e-03
8.133192740881284299e-03
9.609923097946559967e-03
1.108563232036996471e-02
1.256016254923880693e-02
1.403335468907118688e-02
1.550505166453644557e-02
1.697509435440913705e-02
1.844332642724078042e-02
1.990959193483515799e-02
2.137373530791217280e-02
2.283559860817110931e-02
2.429502379858478056e-02
2.575185313920444474e-02
2.720592892516332517e-02
2.865709335248964318e-02
3.010518978175763527e-02
3.155006387687556146e-02
3.299156166568451010e-02
3.442952832525358886e-02
3.586380904371047618e-02
3.729425005550890404e-02
3.872069894641577692e-02
4.014300276775240039e-02
4.156101071867632224e-02
4.297457312448765832e-02
4.438354194317056800e-02
4.578776672620657462e-02
4.718709713468000055e-02
4.858138227635605544e-02
4.997047286443606628e-02
5.135421834054124113e-02
5.273247033116329474e-02
5.410508142748271521e-02
5.547190737938378913e-02
5.683280139341514992e-02
5.818761828203994346e-02
5.953621153453822479e-02
6.087843825600136594e-02
6.221415362722909626e-02
6.354321607202026434e-02
6.486548444714687611e-02
6.618082113261244959e-02
6.748908694507729789e-02
6.879014255316762139e-02
7.008384876984569134e-02
7.137006773664170134e-02
7.264866233289812847e-02
7.391949585105536680e-02
7.518243433928178954e-02
7.643734587429884542e-02
7.768409868188261291e-02
7.892256075432013684e-02
8.015260043578492644e-02
8.137408858562927838e-02
8.258689660707860258e-02
8.379089825668714631e-02
8.498596898133808919e-02
8.617198938247339068e-02
8.734883990835043410e-02
8.851640186207637706e-02
8.967455565379975346e-02
9.082318534211220040e-02
9.196217494792455205e-02
9.309141261755934926e-02
9.421078800189994218e-02
9.532019561168841859e-02
9.641953037712699959e-02
9.750868794228342851e-02
9.858756211478728049e-02
9.965604997949220611e-02
1.007140486955507008e-01
1.017614579756340454e-01
1.027981796713312856e-01
1.038241214813832858e-01
1.048391934719501706e-01
1.058433076874618350e-01
1.068363767365776706e-01
1.078183155354241196e-01
1.087890418911107437e-01
1.097484756015877083e-01
1.106965399114549775e-01
1.116331628667403819e-01
1.125582763809876152e-01
1.134718133398302242e-01
1.143737072406849353e-01
1.152638937033694522e-01
1.161423114211608543e-01
1.170089020056163387e-01
1.178636109438515323e-01
1.187063889994182386e-01
1.195371915067591495e-01
1.203559756316703588e-01
1.211626982323868174e-01
1.219573188075942782e-01
1.227397990433048702e-01
1.235101055698310801e-01
1.242682078507846566e-01
1.250140834160514969e-01
1.257477140952357464e-01
1.264690859515424093e-01
1.271781843303512460e-01
1.278749968388279978e-01
1.285595131789968593e-01
1.292317271296448411e-01
1.298916363062736223e-01
1.305392454945587810e-01
1.311745659057232671e-01
1.317976135886967104e-01
1.324084049042012212e-01
1.330069583676259104e-01
1.335932947267470527e-01
1.341674394584602970e-01
1.347294217818978124e-01
1.352792788051078998e-01
1.358170543557310761e-01
1.363427984172665697e-01
1.368565613785782398e-01
1.373583958629607527e-01
1.378483560864129098e-01
1.383265014130859172e-01
1.387928950280614970e-01
1.392476079566161429e-01
1.396907187499017156e-01
1.401223125379555123e-01
1.405424755388240132e-01
1.409512949539234727e-01
1.413488593280649852e-01
1.417352615627035795e-01
1.421105984911135434e-01
1.424749747890209639e-01
1.428285031001302052e-01
1.431713036413402029e-01
1.435034982622744038e-01
1.438252090511885906e-01
1.441365584333913763e-01
1.444376718957056382e-01
1.447286782773057057e-01
1.450097131786059756e-01
1.452809199934983753e-01
1.455424504663268837e-01
1.457944579940483598e-01
1.460370962291296093e-01
1.462705174061844360e-01
1.464948762134416771e-01
1.467103296424684122e-01
1.469170405182589068e-01
1.471151792603583031e-01
1.473049238607926636e-01
1.474864548725149105e-01
1.476599508240214742e-01
1.478255880500060904e-01
1.479835420711947125e-01
1.481339900376481278e-01
1.482771123312963957e-01
1.484130968447591459e-01
1.485421383552673336e-01
1.486644353327456758e-01
1.487801831329812197e-01
1.488895735782041763e-01
1.489927953123622861e-01
1.490900367717418462e-01
1.491814879003456606e-01
1.492673445266414489e-01
1.493478093586945998e-01
1.494230885943319820e-01
1.494933853671861768e-01
1.495588969486424114e-01
1.496198151116557573e-01
1.496763280861081180e-01
1.497286225157692663e-01
1.497768876877154376e-01
1.498213175687487519e-01
1.498621082715086150e-01
1.498994510077031050e-01
1.499335282988736029e-01
1.499645136656206634e-01
1.499925737838097295e-01
1.500178713491057969e-01
1.500405693178475108e-01
1.500608355767610036e-01
1.500788406024120836e-01
1.500947518576265238e-01
1.501087269078265340e-01
1.501209130083866194e-01
1.501314469005259056e-01
1.501404581230693369e-01
1.501480718501548572e-01
1.501544151653831094e-01
1.501596155293689339e-01
1.501637984060759379e-01
1.501670851921979299e-01
1.501695924841353336e-01
1.501714322139906799e-01
1.501727118205563871e-01
1.501735344203033173e-01
1.501739989783689444e-01
1.501742004795456886e-01
1.501742300992692514e-01
1.501741753746066166e-01
