-1.948363044011174050e-02
-1.948362307553146849e-02
-1.948357148073806208e-02
-1.948343152134917461e-02
-1.948315959851990367e-02
-1.948271312303702721e-02
-1.948205098941326041e-02
-1.948113404998149528e-02
-1.947992558898903673e-02
-1.947839179669185253e-02
-1.947650224344882677e-02
-1.947423027245171953e-02
-1.947155150281595568e-02
-1.946844255635451701e-02
-1.946488555039236484e-02
-1.946086509911555337e-02
-1.945636687938486278e-02
-1.945137357725588295e-02
-1.944586544527515323e-02
-1.943981895361116333e-02
-1.943320816348856686e-02
-1.942600742003048817e-02
-1.941819469285984215e-02
-1.940975208405304117e-02
-1.940066317610869909e-02
-1.939091084451892780e-02
-1.938047625706723967e-02
-1.936933851460857434e-02
-1.935747458060934831e-02
-1.934486166222132431e-02
-1.933147991289877951e-02
-1.931731345798002458e-02
-1.930234777230834323e-02
-1.928656743957486361e-02
-1.926995511106130432e-02
-1.925249131810322784e-02
-1.923415460037599875e-02
-1.921492330903848758e-02
-1.919477881574932487e-02
-1.917370670265617152e-02
-1.915169505020619667e-02
-1.912873156488432286e-02
-1.910480271701328614e-02
-1.907989290301458432e-02
-1.905398473315578559e-02
-1.902705958640083655e-02
-1.899910108558211519e-02
-1.897009607311912066e-02
-1.894003404628794365e-02
-1.890890387592036523e-02
-1.887669356105339813e-02
-1.884338919946460661e-02
-1.880897577508856139e-02
-1.877343717203404372e-02
-1.873675926379592821e-02
-1.869893144155121076e-02
-1.865994567030636667e-02
-1.861979414732426938e-02
-1.857846730355990419e-02
-1.853595441857092477e-02
-1.849224256250668261e-02
-1.844731805845251787e-02
-1.840116790711810585e-02
-1.835378257926858006e-02
-1.830515544043644083e-02
-1.825528039411191197e-02
-1.820415077195684794e-02
-1.815175852990080080e-02
-1.809809513189436503e-02
-1.804315051791315766e-02
-1.798691588188855439e-02
-1.792938459624501824e-02
-1.787055311359994972e-02
-1.781041790687291557e-02
-1.774897441108221757e-02
-1.768621644937263745e-02
-1.762213672390497421e-02
-1.755672690240845518e-02
-1.748997880587824238e-02
-1.742188716493671755e-02
-1.735244923880486026e-02
-1.728166416838564437e-02
-1.720952949640361385e-02
-1.713604290240994255e-02
-1.706120011476366244e-02
-1.698499731312682476e-02
-1.690742926976485788e-02
-1.682849408889932480e-02
-1.674819101599140173e-02
-1.666652200676856099e-02
-1.658348646201960458e-02
-1.649908469253504040e-02
-1.641331438110244997e-02
-1.632617508090396588e-02
-1.623766361142928855e-02
-1.614778185076626293e-02
-1.605653043222864812e-02
-1.596391600562120996e-02
-1.586993961921846427e-02
-1.577460626129418425e-02
-1.567791537690355411e-02
-1.557987010349710759e-02
-1.548047015221515679e-02
-1.537971811637117367e-02
-1.527761934321115317e-02
-1.517417880656401520e-02
-1.506940465252773823e-02
-1.496329961497317590e-02
-1.485587110229158458e-02
-1.474712133183063434e-02
-1.463705705493364810e-02
-1.452568167004304744e-02
-1.441300370696117598e-02
-1.429903084312220476e-02
-1.418377153551354797e-02
-1.406723221030645871e-02
-1.394941867791604437e-02
-1.383033669982321363e-02
-1.370999141291808984e-02
-1.358838902723012373e-02
-1.346553747415028465e-02
-1.334144698752806613e-02
-1.321612770766189895e-02
-1.308958904279092055e-02
-1.296183951395245976e-02
-1.283288759817081959e-02
-1.270274135087258102e-02
-1.257140891881436580e-02
-1.243889936218457726e-02
-1.230522358196899438e-02
-1.217039148234775117e-02
-1.203441224768578288e-02
-1.189729428288538796e-02
-1.175904737048711485e-02
-1.161968101423557428e-02
-1.147920719046456595e-02
-1.133763807636314555e-02
-1.119498930858884266e-02
-1.105127628077124877e-02
-1.090651430225346961e-02
-1.076071597199586803e-02
-1.061389450118424213e-02
-1.046606067104727429e-02
-1.031722495418176469e-02
-1.016739745924047020e-02
-1.001658996095739981e-02
-9.864813800801008892e-03
-9.712080395201549976e-03
-9.558399905313045425e-03
-9.403783446915827890e-03
-9.248242566047783567e-03
-9.091789383633546232e-03
-8.934436392637964269e-03
-8.776197920220078427e-03
-8.617088792341971726e-03
-8.457123208070849163e-03
-8.296314595668473693e-03
-8.134676797167967460e-03
-7.972224249841753166e-03
-7.808971921705926481e-03
-7.644935051760495467e-03
-7.480130656131959294e-03
-7.314576204861471254e-03
-7.148289297785253432e-03
-6.981285807987088962e-03
-6.813582329869545193e-03
-6.645195022091128847e-03
-6.476140549303890590e-03
-6.306434696736926485e-03
-6.136094402906669756e-03
-5.965136918539296063e-03
-5.793579043490704183e-03
-5.621436747593919550e-03
-5.448725556667760248e-03
-5.275462482144513410e-03
-5.101663984459605186e-03
-4.927347555724166661e-03
-4.752530275384504732e-03
-4.577231092437615903e-03
-4.401467858202348649e-03
-4.225258192984044509e-03
-4.048619259376284168e-03
-3.871569173421688520e-03
-3.694126503064235068e-03
-3.516309148174408955e-03
-3.338135641177072260e-03
-3.159624489862331020e-03
-2.980794582627989409e-03
-2.801663249784695775e-03
-2.622247689608041971e-03
-2.442565673914095375e-03
-2.262635168643042927e-03
-2.082474456394006745e-03
-1.902100981621548254e-03
-1.721534322315185217e-03
-1.540791956413951197e-03
-1.359893333545459521e-03
-1.178853713332914110e-03
-9.976937678936280418e-04
-8.164299422660399597e-04
-6.350844143952483201e-04
-4.536736617944923944e-04
-2.722201102956095520e-04
-9.074192194722524585e-05
9.074041439300142842e-05
2.722083320077471613e-04
4.536432349295065058e-04
6.350239045191975740e-04
8.163328471188675828e-04
9.975494060369613503e-04
1.178657417935210366e-03
1.359636531055682940e-03
1.540471323869502251e-03
1.721143960382951615e-03
1.901639104467545832e-03
2.081938087323959019e-03
2.262024134753726906e-03
2.441878330750397313e-03
2.621483465387135919e-03
2.800818995407197698e-03
2.979867049088522069e-03
3.158607487518262646e-03
3.337022538305464692e-03
3.515090924011903678e-03
3.692794212077060018e-03
3.870112807318224629e-03
4.047030100575270406e-03
4.223527765655536725e-03
4.399589820695805342e-03
4.575199590909143077e-03
4.750341580068092456e-03
4.924997940485155434e-03
5.099151465227248770e-03
5.272784719857710745e-03
5.445881504925770972e-03
5.618424753848560299e-03
5.790398023956429274e-03
5.961784874241305571e-03
6.132569130607588154e-03
6.302733001060895762e-03
6.472258730457512016e-03
6.641128669791086792e-03
6.809326712862277114e-03
6.976836069053880818e-03
7.143640674161910037e-03
7.309724472923308236e-03
7.475071997208392049e-03
7.639666301823128808e-03
7.803490101221301906e-03
7.966526507888649355e-03
8.128759805914691911e-03
8.290174488137909414e-03
8.450755089471951448e-03
8.610486558205822372e-03
8.769354340395465325e-03
8.927342770594103721e-03
9.084436139863854426e-03
9.240619128416525940e-03
9.395878937588069552e-03
9.550202882894400641e-03
9.703579700976249639e-03
9.855997352946978957e-03
1.000744487510167591e-02
1.015790911241118422e-02
1.030737642174016019e-02
1.045583199546930644e-02
1.060326324697840120e-02
1.074965631594976267e-02
1.089499826761620646e-02
1.103927536886836064e-02
1.118247570014136924e-02
1.132458652743670996e-02
1.146559612030071881e-02
1.160549271618321193e-02
1.174426744346613802e-02
1.188191241084688571e-02
1.201842064385349323e-02
1.215378388395383508e-02
1.228799460417313166e-02
1.242104254769301613e-02
1.255291690907660296e-02
1.268360550617703836e-02
1.281309892060029237e-02
1.294138783173904433e-02
1.306846453232072408e-02
1.319431992804841192e-02
1.331894610602107204e-02
1.344233365780948125e-02
1.356447312851739861e-02
1.368535399357491411e-02
1.380496838600201587e-02
1.392330936979013084e-02
1.404037138392542905e-02
1.415614771081784296e-02
1.427063246938458513e-02
1.438381813939328124e-02
1.449569705966795991e-02
1.460625996138115168e-02
1.471550041422894917e-02
1.482341228648492715e-02
1.492999275099282652e-02
1.503523579144344646e-02
1.513913936623303980e-02
1.524169658071730660e-02
1.534290535633626995e-02
1.544275722772751880e-02
1.554125235656100834e-02
1.563838655486873841e-02
1.573416331646693145e-02
1.582858006175989762e-02
1.592163823527331656e-02
1.601333494791704753e-02
1.610366884990890174e-02
1.619263640555617528e-02
1.628023622591279196e-02
1.636646971253263860e-02
1.645133927491522485e-02
1.653484779896870205e-02
1.661699651940724137e-02
1.669778651544846088e-02
1.677721669197842352e-02
1.685528578826679669e-02
1.693199279606460994e-02
1.700734008936535119e-02
1.708133158200933477e-02
1.715397180891721496e-02
1.722526426459831256e-02
1.729521208830425011e-02
1.736381738930087987e-02
1.743108143433248075e-02
1.749700671137523894e-02
1.756159809482990553e-02
1.762486343436417413e-02
1.768680995558374880e-02
1.774744494091307773e-02
1.780677346974546965e-02
1.786480103723449286e-02
1.792153067245298714e-02
1.797696815529496728e-02
1.803112031472070553e-02
1.808399902402967052e-02
1.813561469342465926e-02
1.818597839360509144e-02
1.823509767620194039e-02
1.828298002341518375e-02
1.832963006928310656e-02
1.837505377216506336e-02
1.841925920888843465e-02
1.846225863023031460e-02
1.850406538600372908e-02
1.854469269465752052e-02
1.858415230693119535e-02
1.862245501628428945e-02
1.865961005015114027e-02
1.869562655266623907e-02
1.873051560922921188e-02
1.876429112568901020e-02
1.879696808720071610e-02
1.882855979808623764e-02
1.885907816801801751e-02
1.888853320955945214e-02
1.891693486735883389e-02
1.894429282083782279e-02
1.897062108576651890e-02
1.899593700787934741e-02
1.902026197914426231e-02
1.904361534385737992e-02
1.906601576165969925e-02
1.908747783663605063e-02
1.910801543532614916e-02
1.912763945343536054e-02
1.914636386724596906e-02
1.916420446798246247e-02
1.918118122610610460e-02
1.919731243164059936e-02
1.921261636207102774e-02
1.922710851209736421e-02
1.924080484191913187e-02
1.925371969584428744e-02
1.926587076165645757e-02
1.927727849400335397e-02
1.928796733326271912e-02
1.929796038267751757e-02
1.930727847390335122e-02
1.931593880012328485e-02
1.932395614442385112e-02
1.933134397428238477e-02
1.933811714394981923e-02
1.934429548020327044e-02
1.934990302491286507e-02
1.935496573824911637e-02
1.935950725011875012e-02
1.936354893416847300e-02
1.936710886577809598e-02
1.937020327609547538e-02
1.937284762903875024e-02
1.937506073488839270e-02
1.937686402881123177e-02
1.937828171551556761e-02
1.937934185432132334e-02
1.938007626264251493e-02
1.938051999236461292e-02
1.938071079008144015e-02
1.938068855733201395e-02
1.938049481083744391e-02
1.938017214273776018e-02
1.937976368082878348e-02
1.937931254879898813e-02
