-2.143719805885431207e-01
-2.143719638537209538e-01
-2.143718458420468820e-01
-2.143715225058692719e-01
-2.143708859990430815e-01
-2.143698238235464681e-01
-2.143682179760974804e-01
-2.143659440947708328e-01
-2.143628706056146527e-01
-2.143588578692671720e-01
-2.143537573275734187e-01
-2.143474106144256097e-01
-2.143396479777724961e-01
-2.143302902846199454e-01
-2.143191576170701829e-01
-2.143060671703067299e-01
-2.142908304924769358e-01
-2.142732473629465062e-01
-2.142531053435793031e-01
-2.142301774833238193e-01
-2.142042245548629598e-01
-2.141750005623331010e-01
-2.141422595136973639e-01
-2.141057573666895475e-01
-2.140652481128722806e-01
-2.140204795487705980e-01
-2.139711910253854210e-01
-2.139171115317450855e-01
-2.138579603902752146e-01
-2.137934513828827765e-01
-2.137233001233280472e-01
-2.136472268133824681e-01
-2.135649541854591216e-01
-2.134762031705492724e-01
-2.133806909369126148e-01
-2.132781284850369385e-01
-2.131682204779997980e-01
-2.130506676704163604e-01
-2.129251739855532455e-01
-2.127914499680330918e-01
-2.126492119560287886e-01
-2.124981780588584279e-01
-2.123380661352042009e-01
-2.121685915465883476e-01
-2.119894660398587427e-01
-2.118003990881364151e-01
-2.116011038987167803e-01
-2.113913018493356610e-01
-2.111707222427306463e-01
-2.109390992950041510e-01
-2.106961695213567520e-01
-2.104416705565979318e-01
-2.101753385726780610e-01
-2.098969099692317708e-01
-2.096061245458533673e-01
-2.093027326756713435e-01
-2.089864931073593113e-01
-2.086571737734201626e-01
-2.083145452564304778e-01
-2.079583839951515689e-01
-2.075884650372142315e-01
-2.072045666371720996e-01
-2.068064690573139242e-01
-2.063939636023295887e-01
-2.059668506691804957e-01
-2.055249399784554731e-01
-2.050680466020929071e-01
-2.045959907192214100e-01
-2.041085952158562811e-01
-2.036056844782725972e-01
-2.030870871260356259e-01
-2.025526403462248326e-01
-2.020021924317018380e-01
-2.014356005550198281e-01
-2.008527292755759308e-01
-2.002534489304205190e-01
-1.996376346669966051e-01
-1.990051642207369686e-01
-1.983559197857633072e-01
-1.976897917800702342e-01
-1.970066817260846814e-01
-1.963065002899349598e-01
-1.955891656739795481e-01
-1.948546017683946974e-01
-1.941027377545108956e-01
-1.933335048677821411e-01
-1.925468382933259726e-01
-1.917426789260368858e-01
-1.909209783804802218e-01
-1.900816957237413674e-01
-1.892247981212222818e-01
-1.883502571512355173e-01
-1.874580510014589307e-01
-1.865481596330564595e-01
-1.856205670864827795e-01
-1.846752623763507073e-01
-1.837122437629615523e-01
-1.827315181817093515e-01
-1.817330986776161672e-01
-1.807170044348605509e-01
-1.796832591488872477e-01
-1.786318899967731522e-01
-1.775629266326829436e-01
-1.764764018630475551e-01
-1.753723581989434788e-01
-1.742508422656144085e-01
-1.731119106752989079e-01
-1.719556196926617098e-01
-1.707820356068567857e-01
-1.695912223635727134e-01
-1.683832512600326736e-01
-1.671581914380343148e-01
-1.659161233735127750e-01
-1.646571298347627166e-01
-1.633813033189577824e-01
-1.620887361892207612e-01
-1.607795291806520810e-01
-1.594537821180227188e-01
-1.581115998847263948e-01
-1.567530859649526875e-01
-1.553783514118610432e-01
-1.539875109206053361e-01
-1.525806854879996899e-01
-1.511579981291464592e-01
-1.497195764075835711e-01
-1.482655501745467341e-01
-1.467960512596967748e-01
-1.453112125148739164e-01
-1.438111711988133423e-01
-1.422960702511243125e-01
-1.407660570345948270e-01
-1.392212816694286537e-01
-1.376618974634934434e-01
-1.360880600504717208e-01
-1.344999256199868043e-01
-1.328976500065671140e-01
-1.312813905423620420e-01
-1.296513077358620314e-01
-1.280075654153002562e-01
-1.263503292413911683e-01
-1.246797668459094649e-01
-1.229960496924405039e-01
-1.212993503207146495e-01
-1.195898430223548137e-01
-1.178677038088448564e-01
-1.161331140594256822e-01
-1.143862575486725153e-01
-1.126273210766976091e-01
-1.108564918001931354e-01
-1.090739598138828342e-01
-1.072799150296157716e-01
-1.054745476702415447e-01
-1.036580473973737621e-01
-1.018306077217280142e-01
-9.999242412642679600e-02
-9.814369436129938284e-02
-9.628461614892400156e-02
-9.441538968664955900e-02
-9.253621485179956696e-02
-9.064729169136566400e-02
-8.874881872695655760e-02
-8.684099759735744439e-02
-8.492403122004002491e-02
-8.299812492677430265e-02
-8.106348325363574303e-02
-7.912031329617849607e-02
-7.716882207646696967e-02
-7.520921677967259966e-02
-7.324170316369835176e-02
-7.126648885191944061e-02
-6.928378349193584085e-02
-6.729379826582568280e-02
-6.529674411796021483e-02
-6.329283378488539946e-02
-6.128228007560609925e-02
-5.926529666480820357e-02
-5.724209464495033650e-02
-5.521288762071432932e-02
-5.317788964004169228e-02
-5.113731737071508521e-02
-4.909138591642825400e-02
-4.704031167540803637e-02
-4.498431108814118784e-02
-4.292360026738301082e-02
-4.085839360721899016e-02
-3.878890544183763445e-02
-3.671535212015888949e-02
-3.463795090766130791e-02
-3.255691928300344373e-02
-3.047247467548899746e-02
-2.838483594782734154e-02
-2.629422171480261250e-02
-2.420084997533666904e-02
-2.210493833491714022e-02
-2.000670678079327636e-02
-1.790637615767998181e-02
-1.580416787783517352e-02
-1.370030195160570896e-02
-1.159500084480330484e-02
-9.488484107900901909e-03
-7.380972943846264567e-03
-5.272682898538938456e-03
-3.163835911958595704e-03
-1.054649844479865761e-03
1.054651230992020849e-03
3.163849213966479779e-03
5.272720866341146229e-03
7.381046706724403439e-03
9.488606515660746865e-03
1.159518208288731755e-02
1.370055447497531276e-02
1.580450216992465573e-02
1.790680537868902245e-02
2.000724313762167195e-02
2.210559598505626444e-02
2.420164238038935434e-02
2.629516316339922111e-02
2.838593966410174474e-02
3.047375348490444225e-02
3.255838386966150577e-02
3.463961027025477812e-02
3.671721205854988623e-02
3.879096938540177453e-02
4.086066157073720007e-02
4.292607010503102227e-02
4.498697802725304395e-02
4.704316971923711010e-02
4.909442800752550351e-02
5.114053630379883364e-02
5.318127907841074808e-02
5.521644184623691887e-02
5.724581034090009402e-02
5.926917115397889457e-02
6.128631356579111733e-02
6.329702629944639058e-02
6.530109799413469363e-02
6.729831475615022374e-02
6.928846496672363964e-02
7.127133617168496249e-02
7.324671717370573321e-02
7.521439681820640821e-02
7.717416683394912047e-02
7.912582033371434731e-02
8.106914937933640264e-02
8.300394634926411275e-02
8.493000368001879519e-02
8.684711664256888897e-02
8.875507998996423620e-02
9.065369105564591301e-02
9.254274896007330664e-02
9.442205579480322797e-02
9.629141284372533249e-02
9.815062096522741975e-02
9.999948179393969294e-02
1.018377985317374668e-01
1.036653756393025039e-01
1.054820184536410799e-01
1.072875354606710463e-01
1.090817373279696634e-01
1.108644353060431187e-01
1.126354396956925630e-01
1.143945615978755326e-01
1.161416134618130092e-01
1.178764092189886203e-01
1.195987642238727777e-01
1.213084972471512035e-01
1.230054319681032626e-01
1.246893940899063136e-01
1.263602100749295909e-01
1.280177079698932019e-01
1.296617187898835843e-01
1.312920755410444951e-01
1.329086137380235955e-01
1.345111720033790870e-01
1.360995921637165318e-01
1.376737184812764636e-01
1.392333950027141443e-01
1.407784664783281459e-01
1.423087810255763141e-01
1.438241896019307187e-01
1.453245460750116624e-01
1.468097083824452809e-01
1.482795405059676441e-01
1.497339091578291925e-01
1.511726835109837852e-01
1.525957329398496265e-01
1.540029307258335423e-01
1.553941529132812915e-01
1.567692797785573688e-01
1.581281952639786992e-01
1.594707901415031159e-01
1.607969594590851203e-01
1.621066006867852294e-01
1.633996120822526765e-01
1.646758954274668008e-01
1.659353559834735869e-01
1.671779038586883037e-01
1.684034538798804825e-01
1.696119286909636981e-01
1.708032564753205196e-01
1.719773696250944117e-01
1.731342008851931569e-01
1.742736878702823011e-01
1.753957703798720846e-01
1.765003954904028616e-01
1.775875124836969743e-01
1.786570816106906601e-01
1.797090669469985635e-01
1.807434404555990359e-01
1.817601735773617389e-01
1.827592436689788880e-01
1.837406314469793300e-01
1.847043247086527784e-01
1.856503167024762813e-01
1.865786098415811445e-01
1.874892146484832267e-01
1.883821476848284160e-01
1.892574276132137356e-01
1.901150769922471673e-01
1.909551226255868928e-01
1.917775984333756067e-01
1.925825439708515607e-01
1.933700090088574797e-01
1.941400514899234153e-01
1.948927376965071123e-01
1.956281353124041389e-01
1.963463163459925331e-01
1.970473557279055488e-01
1.977313361283969395e-01
1.983983459507955849e-01
1.990484845207114439e-01
1.996818609531296751e-01
2.002985936665373501e-01
2.008988042929660267e-01
2.014826175853988155e-01
2.020501619074548394e-01
2.026015718796946308e-01
2.031369884897342160e-01
2.036565622870433190e-01
2.041604541821799290e-01
2.046488344564089679e-01
2.051218771197994561e-01
2.055797582653345335e-01
2.060226564129769011e-01
2.064507551449129008e-01
2.068642435872360963e-01
2.072633194022452385e-01
2.076481903771372761e-01
2.080190739709583125e-01
2.083761916949636861e-01
2.087197664292506083e-01
2.090500222063115254e-01
2.093671869435295707e-01
2.096714933407595738e-01
2.099631815796921819e-01
2.102425014672746895e-01
2.105097121086779710e-01
2.107650764582839620e-01
2.110088568984033186e-01
2.112413143812461591e-01
2.114627105960150133e-01
2.116733096683127147e-01
2.118733806011525167e-01
2.120632007662171525e-01
2.122430558305532511e-01
2.124132358417482602e-01
2.125740285967899212e-01
2.127257190038546186e-01
2.128685893588361799e-01
2.130029222020809465e-01
2.131290018741073822e-01
2.132471185946401282e-01
2.133575696158351298e-01
2.134606549642421580e-01
2.135566712918794408e-01
2.136459081774667035e-01
2.137286494366715806e-01
2.138051744989598046e-01
2.138757610594798075e-01
2.139406887595975415e-01
2.140002412877757831e-01
2.140547035383094099e-01
2.141043541815141338e-01
2.141494619456998927e-01
2.141902848948962768e-01
2.142270729442397603e-01
2.142600699463723668e-01
2.142895185825524629e-01
2.143156641671236651e-01
2.143387525925777304e-01
2.143590239329653535e-01
2.143767053404230793e-01
2.143920105222041905e-01
2.144051390795996270e-01
2.144162804484772700e-01
2.144256160940590239e-01
2.144333264373372017e-01
2.144395889002468358e-01
2.144445750434716413e-01
2.144484478021362883e-01
2.144513607270346345e-01
2.144534585224442402e-01
2.144548776361040465e-01
2.144557468491917196e-01
2.144561878663011067e-01
2.144563159054198032e-01
2.144562402879064966e-01
2.144560650284684233e-01
