4.996677139995878147e-01
4.986667130135749582e-01
4.976657121174045129e-01
4.966647114009989927e-01
4.956637109543441388e-01
4.946627108672306816e-01
4.936617112292526754e-01
4.926607121298076097e-01
4.916597136580964644e-01
4.906587159031235990e-01
4.896577189536969188e-01
4.886567228984275979e-01
4.876557278763959946e-01
4.866547340469900562e-01
4.856537414984232193e-01
4.846527503172464169e-01
4.836517605888291382e-01
4.826507723973592623e-01
4.816497858258435572e-01
4.806488009561071251e-01
4.796478178687937910e-01
4.786468366433658250e-01
4.776458573581041089e-01
4.766448800901081362e-01
4.756439049152959564e-01
4.746429319084041754e-01
4.736419611429880105e-01
4.726409926914212356e-01
4.716400266248961248e-01
4.706390630134236197e-01
4.696381019258332179e-01
4.686371434297728622e-01
4.676361875917093847e-01
4.666352344769278404e-01
4.656342841495320073e-01
4.646333366724442748e-01
4.636323921074055332e-01
4.626314505149752843e-01
4.616305119545315860e-01
4.606295764842710527e-01
4.596286441612089657e-01
4.586277150411790515e-01
4.576267891788336484e-01
4.566258666276437062e-01
4.556249474398987309e-01
4.546240316667068404e-01
4.536231193579945420e-01
4.526222105625071768e-01
4.516213053278084755e-01
4.506204037002808915e-01
4.496195057251252680e-01
4.486186114463611152e-01
4.476177209068265550e-01
4.466168341481782100e-01
4.456159512108914256e-01
4.446150721342598255e-01
4.436141969563958676e-01
4.426133257142305100e-01
4.416124584435132117e-01
4.406115951788122098e-01
4.396107359535140202e-01
4.386098807998238813e-01
4.376090297487657543e-01
4.366081828301817680e-01
4.356073400727331624e-01
4.346065015038992896e-01
4.336056671499782800e-01
4.326048370360868756e-01
4.316040111861602080e-01
4.306031896229521871e-01
4.296023723680351680e-01
4.286015594418001173e-01
4.276007508634566134e-01
4.265999466510326799e-01
4.255991468213751183e-01
4.245983513901491202e-01
4.235975603718384885e-01
4.225967737797456381e-01
4.215959916259915952e-01
4.205952139215158869e-01
4.195944406760765966e-01
4.185936718982504190e-01
4.175929075954326608e-01
4.165921477738371292e-01
4.155913924384962987e-01
4.145906415932610889e-01
4.135898952408009754e-01
4.125891533826043234e-01
4.115884160189775542e-01
4.105876831490462009e-01
4.095869547707540193e-01
4.085862308808632659e-01
4.075855114749551422e-01
4.065847965474291836e-01
4.055840860915035373e-01
4.045833800992148510e-01
4.035826785614183843e-01
4.025819814677880082e-01
4.015812888068162612e-01
4.005806005658141267e-01
3.995799167309110889e-01
3.985792372870552436e-01
3.975785622180134649e-01
3.965778915063710164e-01
3.955772251335317735e-01
3.945765630797180568e-01
3.935759053239710203e-01
3.925752518441501526e-01
3.915746026169336647e-01
3.905739576178183237e-01
3.895733168211193420e-01
3.885726801999880853e-01
3.875720478721017548e-01
3.865714199526938399e-01
3.855707964197333526e-01
3.845701772512479244e-01
3.835695624253243063e-01
3.825689519201074806e-01
3.815683457138014933e-01
3.805677437846688993e-01
3.795671461110309841e-01
3.785665526712679863e-01
3.775659634438184864e-01
3.765653784071800736e-01
3.755647975399089011e-01
3.745642208206198531e-01
3.735636482279866000e-01
3.725630797407414319e-01
3.715625153376754253e-01
3.705619549976383320e-01
3.695613986995385791e-01
3.685608464223434355e-01
3.675602981450787343e-01
3.665597538468290950e-01
3.655592135067379234e-01
3.645586771040070784e-01
3.635581446178975384e-01
3.625576160277285687e-01
3.615570913128784425e-01
3.605565704527841087e-01
3.595560534269410247e-01
3.585555402149036008e-01
3.575550307962848673e-01
3.565545251507565849e-01
3.555540232580491899e-01
3.545535250979517938e-01
3.535530306503123499e-01
3.525525398950374312e-01
3.515520528120923971e-01
3.505515693815012823e-01
3.495510895833466303e-01
3.485506133977701038e-01
3.475501408049718188e-01
3.465496717852106223e-01
3.455492063188041474e-01
3.445487443861285914e-01
3.435482859676189937e-01
3.425478310437692353e-01
3.415473795951316505e-01
3.405469316023174153e-01
3.395464870459963258e-01
3.385460459068970196e-01
3.375456081658068652e-01
3.365451738035717955e-01
3.355447428010965849e-01
3.345443151393445169e-01
3.335438907993378832e-01
3.325434697621575397e-01
3.315430520089430733e-01
3.305426375208927459e-01
3.295422262792634394e-01
3.285418182653710439e-01
3.275414134605899585e-01
3.265410118463532574e-01
3.255406134041528565e-01
3.245402181155392363e-01
3.235398259621217742e-01
3.225394369255684679e-01
3.215390509876059899e-01
3.205386681300197438e-01
3.195382883346538083e-01
3.185379115834111596e-01
3.175375378582533381e-01
3.165371671412005594e-01
3.155367994143317700e-01
3.145364346597848693e-01
3.135360728597559876e-01
3.125357139965005415e-01
3.115353580523321786e-01
3.105350050096234993e-01
3.095346548508057793e-01
3.085343075583689698e-01
3.075339631148618635e-01
3.065336215028917621e-01
3.055332827051248090e-01
3.045329467042858784e-01
3.035326134831584644e-01
3.025322830245848471e-01
3.015319553114660378e-01
3.005316303267616673e-01
2.995313080534901529e-01
2.985309884747285869e-01
2.975306715736128482e-01
2.965303573333374909e-01
2.955300457371556333e-01
2.945297367683794021e-01
2.935294304103793772e-01
2.925291266465850359e-01
2.915288254604844198e-01
2.905285268356242456e-01
2.895282307556102386e-01
2.885279372041065771e-01
2.875276461648361703e-01
2.865273576215807694e-01
2.855270715581806895e-01
2.845267879585349768e-01
2.835265068066016303e-01
2.825262280863970465e-01
2.815259517819965196e-01
2.805256778775338522e-01
2.795254063572018555e-01
2.785251372052519603e-01
2.775248704059941063e-01
2.765246059437971859e-01
2.755243438030886560e-01
2.745240839683547596e-01
2.735238264241405259e-01
2.725235711550495488e-01
2.715233181457442080e-01
2.705230673809455588e-01
2.695228188454333873e-01
2.685225725240462658e-01
2.675223284016814418e-01
2.665220864632947828e-01
2.655218466939008870e-01
2.645216090785731944e-01
2.635213736024438202e-01
2.625211402507035552e-01
2.615209090086018096e-01
2.605206798614468355e-01
2.595204527946055051e-01
2.585202277935036430e-01
2.575200048436254718e-01
2.565197839305140559e-01
2.555195650397711904e-01
2.545193481570573457e-01
2.535191332680918896e-01
2.525189203586525322e-01
2.515187094145759916e-01
2.505185004217577172e-01
2.495182933661515556e-01
2.485180882337705011e-01
2.475178850106859452e-01
2.465176836830280382e-01
2.455174842369858002e-01
2.445172866588067595e-01
2.435170909347973422e-01
2.425168970513225941e-01
2.415167049948061806e-01
2.405165147517307200e-01
2.395163263086373118e-01
2.385161396521259525e-01
2.375159547688551753e-01
2.365157716455423276e-01
2.355155902689635150e-01
2.345154106259534355e-01
2.335152327034056008e-01
2.325150564882722259e-01
2.315148819675640901e-01
2.305147091283509531e-01
2.295145379577610278e-01
2.285143684429814803e-01
2.275142005712579574e-01
2.265140343298949199e-01
2.255138697062556430e-01
2.245137066877618826e-01
2.235135452618944030e-01
2.225133854161923941e-01
2.215132271382539708e-01
2.205130704157358679e-01
2.195129152363534952e-01
2.185127615878810770e-01
2.175126094581514569e-01
2.165124588350562929e-01
2.155123097065458626e-01
2.145121620606291468e-01
2.135120158853739680e-01
2.125118711689066853e-01
2.115117278994125827e-01
2.105115860651354809e-01
2.095114456543779036e-01
2.085113066555012995e-01
2.075111690569255152e-01
2.065110328471294332e-01
2.055108980146504727e-01
2.045107645480846725e-01
2.035106324360870522e-01
2.025105016673710845e-01
2.015103722307091672e-01
2.005102441149322623e-01
1.995101173089300628e-01
1.985099918016510756e-01
1.975098675821023442e-01
1.965097446393498926e-01
1.955096229625181148e-01
1.945095025407904687e-01
1.935093833634088933e-01
1.925092654196740583e-01
1.915091486989454472e-01
1.905090331906411638e-01
1.895089188842381533e-01
1.885088057692719254e-01
1.875086938353366928e-01
1.865085830720855653e-01
1.855084734692301895e-01
1.845083650165410538e-01
1.835082577038472385e-01
1.825081515210365546e-01
1.815080464580556829e-01
1.805079425049097575e-01
1.795078396516629204e-01
1.785077378884377952e-01
1.775076372054157359e-01
1.765075375928369938e-01
1.755074390410003016e-01
1.745073415402633443e-01
1.735072450810422884e-01
1.725071496538120863e-01
1.715070552491065603e-01
1.705069618575179857e-01
1.695068694696975908e-01
1.685067780763551959e-01
1.675066876682592409e-01
1.665065982362371189e-01
1.655065097711747313e-01
1.645064222640168217e-01
1.635063357057667532e-01
1.625062500874865923e-01
1.615061654002973024e-01
1.605060816353782727e-01
1.595059987839678728e-01
1.585059168373629812e-01
1.575058357869193737e-01
1.565057556240514181e-01
1.555056763402321296e-01
1.545055979269934487e-01
1.535055203759257969e-01
1.525054436786785483e-01
1.515053678269596138e-01
1.505052928125355793e-01
1.495052186272319561e-01
1.485051452629327640e-01
1.475050727115808646e-01
1.465050009651777951e-01
1.455049300157837122e-01
1.445048598555176700e-01
1.435047904765572313e-01
1.425047218711388841e-01
1.415046540315576806e-01
1.405045869501673483e-01
1.395045206193805398e-01
1.385044550316683609e-01
1.375043901795608980e-01
1.365043260556467186e-01
1.355042626525731486e-01
1.345041999630464113e-01
1.335041379798311556e-01
1.325040766957510385e-01
1.315040161036881428e-01
1.305039561965835315e-01
1.295038969674368046e-01
1.285038384093062924e-01
1.275037805153091397e-01
1.265037232786210553e-01
1.255036666924766731e-01
1.245036107501691219e-01
1.235035554450502893e-01
1.225035007705309320e-01
1.215034467200802881e-01
1.205033932872265623e-01
1.195033404655564541e-01
1.185032882487154215e-01
1.175032366304077924e-01
1.165031856043963754e-01
1.155031351645029181e-01
1.145030853046077185e-01
1.135030360186497778e-01
1.125029873006269943e-01
1.115029391445957335e-01
1.105028915446713139e-01
1.095028444950276042e-01
1.085027979898971900e-01
1.075027520235714990e-01
1.065027065904004949e-01
1.055026616847930532e-01
1.045026173012165993e-01
1.035025734341972897e-01
1.025025300783201226e-01
1.015024872282286189e-01
1.005024448786252383e-01
9.950240302427094952e-02
9.850236165998549343e-02
9.750232078064742514e-02
9.650228038119383622e-02
9.550224045662074335e-02
9.450220100198264417e-02
9.350216201239297531e-02
9.250212348302373766e-02
9.150208540910563515e-02
9.050204778592821353e-02
8.950201060883958282e-02
8.850197387324673648e-02
8.750193757461520450e-02
8.650190170846928928e-02
8.550186627039212117e-02
8.450183125602532541e-02
8.350179666106949394e-02
8.250176248128374135e-02
8.150172871248588524e-02
8.050169535055265446e-02
7.950166239141924496e-02
7.850162983107980552e-02
7.750159766558700758e-02
7.650156589105225335e-02
7.550153450364582852e-02
7.450150349959649976e-02
7.350147287519197270e-02
7.250144262677850338e-02
7.150141275076103697e-02
7.050138324360342990e-02
6.950135410182803342e-02
6.850132532201609614e-02
6.750129690080738931e-02
6.650126883490062313e-02
6.550124112105301655e-02
6.450121375608054708e-02
6.350118673685804793e-02
6.250116006031884719e-02
6.150113372345519802e-02
6.050110772331792480e-02
5.950108205701654801e-02
5.850105672171947852e-02
5.750103171465359431e-02
5.650100704155588960e-02
5.550098271075191991e-02
5.450095871689000088e-02
5.350093505447797021e-02
5.250091171801243156e-02
5.150088870197917085e-02
5.050086600085282318e-02
4.950084360909698389e-02
4.850082152116438894e-02
4.750079973149656104e-02
4.650077823452419823e-02
4.550075702466683386e-02
4.450073609633298233e-02
4.350071544392028478e-02
4.250069506181516910e-02
4.150067494439325239e-02
4.050065508601896624e-02
3.950063548104573719e-02
3.850061612381612541e-02
3.750059700866145707e-02
3.650057812990226136e-02
3.550055948184788895e-02
3.450054105879665767e-02
3.350052285503605370e-02
3.250050486484229451e-02
3.150048708248083529e-02
3.050046950220587291e-02
2.950045211826080385e-02
2.850043492487784949e-02
2.750041791627820878e-02
2.650040108667222824e-02
2.550038443025901685e-02
2.450036794122689016e-02
2.350035161375297124e-02
2.250033544200337118e-02
2.150031942013334516e-02
2.050030354228691079e-02
1.950028780259729227e-02
1.850027219518652483e-02
1.750025671416562470e-02
1.650024135363475919e-02
1.550022610768285979e-02
1.450021097038804892e-02
1.350019593581727566e-02
1.250018099802647012e-02
1.150016615106070478e-02
1.050015138895381631e-02
9.500136705728844458e-03
8.500122095397646960e-03
7.500107551961055635e-03
6.500093069409060287e-03
5.500078641720402770e-03
4.500064262863033224e-03
3.500049926793662083e-03
2.500035627458199392e-03
1.500021358791374252e-03
5.000071147168962593e-04
-5.000071108524316299e-04
-1.500021324014825207e-03
-2.500035530879629164e-03
-3.500049737567150019e-03
-4.500063950208714122e-03
-5.500078174946776075e-03
-6.500092417934474204e-03
-7.500106685336301038e-03
-8.500120983327651841e-03
-9.500135318094947781e-03
-1.050014969583572960e-02
-1.150016412275822915e-02
-1.250017860508202683e-02
-1.350019314903761446e-02
-1.450020776086649761e-02
-1.550022244682131012e-02
-1.650023721316537864e-02
-1.750025206617336626e-02
-1.850026701213086308e-02
-1.950028205733445735e-02
-2.050029720809188119e-02
-2.150031247072154567e-02
-2.250032785155321388e-02
-2.350034335692755688e-02
-2.450035899319625773e-02
-2.550037476672214337e-02
-2.650039068387870581e-02
-2.750040675105080643e-02
-2.850042297463420415e-02
-2.950043936103567688e-02
-3.050045591667313594e-02
-3.150047264797516816e-02
-3.250048956138172629e-02
-3.350050666334365712e-02
-3.450052396032283336e-02
-3.550054145879225076e-02
-3.650055916523559790e-02
-3.750057708614790153e-02
-3.850059522803511020e-02
-3.950061359741418449e-02
-4.050063220081321497e-02
-4.150065104477097117e-02
-4.250067013583758851e-02
-4.350068948057408957e-02
-4.450070908555253668e-02
-4.550072895735609441e-02
-4.650074910257864791e-02
-4.750076952782539969e-02
-4.850079023971248099e-02
-4.950081124486713918e-02
-5.050083254992731446e-02
-5.150085416154229212e-02
-5.250087608637227926e-02
-5.350089833108848808e-02
-5.450092090237325382e-02
-5.550094380691961149e-02
-5.650096705143194120e-02
-5.750099064262553100e-02
-5.850101458722668096e-02
-5.950103889197282808e-02
-6.050106356361209525e-02
-6.150108860890395046e-02
-6.250111403461876269e-02
-6.350113984753794072e-02
-6.450116605445402329e-02
-6.550119266217019343e-02
-6.650121967750101393e-02
-6.750124710727196942e-02
-6.850127495831954960e-02
-6.950130323749134642e-02
-7.050133195164569322e-02
-7.150136110765220598e-02
-7.250139071239147803e-02
-7.350142077275506614e-02
-7.450145129564567092e-02
-7.550148228797670669e-02
-7.650151375667291198e-02
-7.750154570866991943e-02
-7.850157815091442226e-02
-7.950161109036418816e-02
-8.050164453398772624e-02
-8.150167848876485599e-02
-8.250171296168631874e-02
-8.350174795975387476e-02
-8.450178348998042821e-02
-8.550181955938952749e-02
-8.650185617501611468e-02
-8.750189334390601203e-02
-8.850193107311606078e-02
-8.950196936971425987e-02
-9.050200824077926642e-02
-9.150204769340110345e-02
-9.250208773468067414e-02
-9.350212837172992841e-02
-9.450216961167193230e-02
-9.550221146164045161e-02
-9.650225392878057640e-02
-9.750229702024833245e-02
-9.850234074321075062e-02
-9.950238510484599175e-02
-1.005024301123428887e-01
-1.015024757729016541e-01
-1.025025220937333809e-01
-1.035025690820601946e-01
-1.045026167451153370e-01
-1.055026650901427637e-01
-1.065027141243977543e-01
-1.075027638551464965e-01
-1.085028142896663217e-01
-1.095028654352452335e-01
-1.105029172991826014e-01
-1.115029698887886750e-01
-1.125030232113847645e-01
-1.135030772743032546e-01
-1.145031320848872713e-01
-1.155031876504912514e-01
-1.165032439784805529e-01
-1.175033010762315533e-01
-1.185033589511317598e-01
-1.195034176105793655e-01
-1.205034770619839019e-01
-1.215035373127658358e-01
-1.225035983703566117e-01
-1.235036602421988455e-01
-1.245037229357457975e-01
-1.255037864584621354e-01
-1.265038508178233656e-01
-1.275039160213160272e-01
-1.285039820764378726e-01
-1.295040489906972014e-01
-1.305041167716138040e-01
-1.315041854267182397e-01
-1.325042549635522260e-01
-1.335043253896684989e-01
-1.345043967126305084e-01
-1.355044689400131119e-01
-1.365045420794020192e-01
-1.375046161383939314e-01
-1.385046911245967627e-01
-1.395047670456290301e-01
-1.405048439091206580e-01
-1.415049217227124789e-01
-1.425050004940562887e-01
-1.435050802308150408e-01
-1.445051609406624027e-01
-1.455052426312833658e-01
-1.465053253103738296e-01
-1.475054089856407125e-01
-1.485054936648020629e-01
-1.495055793555866153e-01
-1.505056660657344558e-01
-1.515057538029966067e-01
-1.525058425751350255e-01
-1.535059323899228834e-01
-1.545060232551440094e-01
-1.555061151785935569e-01
-1.565062081680776429e-01
-1.575063022314133476e-01
-1.585063973764288814e-01
-1.595064936109632237e-01
-1.605065909428665671e-01
-1.615066893800001513e-01
-1.625067889302361235e-01
-1.635068896014578443e-01
-1.645069914015592771e-01
-1.655070943384457927e-01
-1.665071984200336974e-01
-1.675073036542502058e-01
-1.685074100490338012e-01
-1.695075176123335137e-01
-1.705076263521098645e-01
-1.715077362763341440e-01
-1.725078473929887446e-01
-1.735079597100671889e-01
-1.745080732355736575e-01
-1.755081879775237108e-01
-1.765083039439437340e-01
-1.775084211428713532e-01
-1.785085395823548249e-01
-1.795086592704537298e-01
-1.805087802152386400e-01
-1.815089024247910354e-01
-1.825090259072036369e-01
-1.835091506705797681e-01
-1.845092767230341047e-01
-1.855094040726923132e-01
-1.865095327276909964e-01
-1.875096626961778867e-01
-1.885097939863114580e-01
-1.895099266062615084e-01
-1.905100605642087164e-01
-1.915101958683448069e-01
-1.925103325268726351e-01
-1.935104705480057419e-01
-1.945106099399689925e-01
-1.955107507109981879e-01
-1.965108928693401202e-01
-1.975110364232527671e-01
-1.985111813810047088e-01
-1.995113277508759608e-01
-2.005114755411573912e-01
-2.015116247601508592e-01
-2.025117754161694650e-01
-2.035119275175368836e-01
-2.045120810725881699e-01
-2.055122360896693146e-01
-2.065123925771373270e-01
-2.075125505433602913e-01
-2.085127099967170328e-01
-2.095128709455977012e-01
-2.105130333984033819e-01
-2.115131973635460960e-01
-2.125133628494491334e-01
-2.135135298645463586e-01
-2.145136984172829886e-01
-2.155138685161152035e-01
-2.165140401695102024e-01
-2.175142133859462312e-01
-2.185143881739123328e-01
-2.195145645419087910e-01
-2.205147424984469084e-01
-2.215149220520488960e-01
-2.225151032112481775e-01
-2.235152859845888351e-01
-2.245154703806262475e-01
-2.255156564079268122e-01
-2.265158440750678626e-01
-2.275160333906378618e-01
-2.285162243632360146e-01
-2.295164170014727945e-01
-2.305166113139696937e-01
-2.315168073093590850e-01
-2.325170049962845820e-01
-2.335172043834004285e-01
-2.345174054793722485e-01
-2.355176082928765735e-01
-2.365178128326010099e-01
-2.375180191072439051e-01
-2.385182271255149589e-01
-2.395184368961347232e-01
-2.405186484278348524e-01
-2.415188617293580753e-01
-2.425190768094577787e-01
-2.435192936768987848e-01
-2.445195123404567406e-01
-2.455197328089183395e-01
-2.465199550910814330e-01
-2.475201791957545305e-01
-2.485204051317574936e-01
-2.495206329079210639e-01
-2.505208625330870298e-01
-2.515210940161083930e-01
-2.525213273658487023e-01
-2.535215625911829140e-01
-2.545217997009968647e-01
-2.555220387041874930e-01
-2.565222796096627844e-01
-2.575225224263413826e-01
-2.585227671631533664e-01
-2.595230138290397504e-01
-2.605232624329524294e-01
-2.615235129838545114e-01
-2.625237654907198181e-01
-2.635240199625334401e-01
-2.645242764082914588e-01
-2.655245348370009473e-01
-2.665247952576800250e-01
-2.675250576793576918e-01
-2.685253221110740496e-01
-2.695255885618802472e-01
-2.705258570408385355e-01
-2.715261275570221011e-01
-2.725264001195149555e-01
-2.735266747374123786e-01
-2.745269514198206418e-01
-2.755272301758569520e-01
-2.765275110146497295e-01
-2.775277939453379972e-01
-2.785280789770721022e-01
-2.795283661190134938e-01
-2.805286553803343907e-01
-2.815289467702183357e-01
-2.825292402978594186e-01
-2.835295359724632203e-01
-2.845298338032460350e-01
-2.855301337994353705e-01
-2.865304359702697257e-01
-2.875307403249983684e-01
-2.885310468728818911e-01
-2.895313556231918217e-01
-2.905316665852106239e-01
-2.915319797682319192e-01
-2.925322951815600980e-01
-2.935326128345108754e-01
-2.945329327364107352e-01
-2.955332548965973194e-01
-2.965335793244194273e-01
-2.975339060292364057e-01
-2.985342350204190365e-01
-2.995345663073490372e-01
-3.005348998994191168e-01
-3.015352358060329752e-01
-3.025355740366053037e-01
-3.035359146005618403e-01
-3.045362575073393696e-01
-3.055366027663858342e-01
-3.065369503871597789e-01
-3.075373003791311288e-01
-3.085376527517807999e-01
-3.095380075146005883e-01
-3.105383646770934480e-01
-3.115387242487731578e-01
-3.125390862391647095e-01
-3.135394506578039753e-01
-3.145398175142379849e-01
-3.155401868180247038e-01
-3.165405585787330334e-01
-3.175409328059430325e-01
-3.185413095092457514e-01
-3.195416886982431204e-01
-3.205420703825484496e-01
-3.215424545717855409e-01
-3.225428412755895757e-01
-3.235432305036067269e-01
-3.245436222654940472e-01
-3.255440165709199141e-01
-3.265444134295631406e-01
-3.275448128511140866e-01
-3.285452148452739918e-01
-3.295456194217550316e-01
-3.305460265902805950e-01
-3.315464363605846732e-01
-3.325468487424126929e-01
-3.335472637455209055e-01
-3.345476813796766646e-01
-3.355481016546584261e-01
-3.365485245802553038e-01
-3.375489501662677361e-01
-3.385493784225071523e-01
-3.395498093587959731e-01
-3.405502429849677215e-01
-3.415506793108665784e-01
-3.425511183463481046e-01
-3.435515601012788522e-01
-3.445520045855362534e-01
-3.455524518090090091e-01
-3.465529017815963120e-01
-3.475533545132089008e-01
-3.485538100137683393e-01
-3.495542682932071821e-01
-3.505547293614691973e-01
-3.515551932285087555e-01
-3.525556599042916073e-01
-3.535561293987943832e-01
-3.545566017220048161e-01
-3.555570768839216300e-01
-3.565575548945544293e-01
-3.575580357639239759e-01
-3.585585195020620231e-01
-3.595590061190113707e-01
-3.605594956248259209e-01
-3.615599880295702340e-01
-3.625604833433201946e-01
-3.635609815761627339e-01
-3.645614827381957745e-01
-3.655619868395279526e-01
-3.665624938902793395e-01
-3.675630039005807759e-01
-3.685635168805742601e-01
-3.695640328404127817e-01
-3.705645517902600994e-01
-3.715650737402914072e-01
-3.725655987006925574e-01
-3.735661266816606707e-01
-3.745666576934038594e-01
-3.755671917461410048e-01
-3.765677288501022568e-01
-3.775682690155287013e-01
-3.785688122526724708e-01
-3.795693585717967999e-01
-3.805699079831756371e-01
-3.815704604970941993e-01
-3.825710161238487506e-01
-3.835715748737464348e-01
-3.845721367571056093e-01
-3.855727017842552895e-01
-3.865732699655358151e-01
-3.875738413112985170e-01
-3.885744158319056618e-01
-3.895749935377306739e-01
-3.905755744391576356e-01
-3.915761585465820649e-01
-3.925767458704102486e-01
-3.935773364210596315e-01
-3.945779302089587048e-01
-3.955785272445467293e-01
-3.965791275382741787e-01
-3.975797311006025181e-01
-3.985803379420042036e-01
-3.995809480729629048e-01
-4.005815615039728939e-01
-4.015821782455397670e-01
-4.025827983081801120e-01
-4.035834217024215076e-01
-4.045840484388026348e-01
-4.055846785278728328e-01
-4.065853119801928761e-01
-4.075859488063344194e-01
-4.085865890168800529e-01
-4.095872326224236359e-01
-4.105878796335695746e-01
-4.115885300609337660e-01
-4.125891839151428764e-01
-4.135898412068346741e-01
-4.145905019466580299e-01
-4.155911661452725281e-01
-4.165918338133490773e-01
-4.175925049615694662e-01
-4.185931796006265304e-01
-4.195938577412243187e-01
-4.205945393940773713e-01
-4.215952245699117751e-01
-4.225959132794643858e-01
-4.235966055334832170e-01
-4.245973013427272180e-01
-4.255980007179662183e-01
-4.265987036699812607e-01
-4.275994102095643234e-01
-4.286001203475185428e-01
-4.296008340946579351e-01
-4.306015514618073969e-01
-4.316022724598030935e-01
-4.326029970994921814e-01
-4.336037253917328083e-01
-4.346044573473938910e-01
-4.356051929773557263e-01
-4.366059322925094355e-01
-4.376066753037572421e-01
-4.386074220220124165e-01
-4.396081724581989425e-01
-4.406089266232522395e-01
-4.416096845281185512e-01
-4.426104461837551129e-01
-4.436112116011303175e-01
-4.446119807912232713e-01
-4.456127537650244608e-01
-4.466135305335351413e-01
-4.476143111077677816e-01
-4.486150954987457862e-01
-4.496158837175033285e-01
-4.506166757750860730e-01
-4.516174716825502866e-01
-4.526182714509635052e-01
-4.536190750914043668e-01
-4.546198826149620564e-01
-4.556206940327371946e-01
-4.566215093558413374e-01
-4.576223285953970321e-01
-4.586231517625379839e-01
-4.596239788684085004e-01
-4.606248099241643246e-01
-4.616256449409720242e-01
-4.626264839300093246e-01
-4.636273269024648869e-01
-4.646281738695382524e-01
-4.656290248424402312e-01
-4.666298798323924579e-01
-4.676307388506276697e-01
-4.686316019083897610e-01
-4.696324690169332294e-01
-4.706333401875240630e-01
-4.716342154314389634e-01
-4.726350947599657903e-01
-4.736359781844034500e-01
-4.746368657160616178e-01
-4.756377573662612934e-01
-4.766386531463343568e-01
-4.776395530676236789e-01
-4.786404571414832887e-01
-4.796413653792779841e-01
-4.806422777923837764e-01
-4.816431943921877235e-01
-4.826441151900877080e-01
-4.836450401974929370e-01
-4.846459694258232198e-01
-4.856469028865096904e-01
-4.866478405909944738e-01
-4.876487825507305751e-01
-4.886497287771823239e-01
-4.896506792818245413e-01
-4.906516340761434836e-01
-4.916525931716363984e-01
-4.926535565798114691e-01
-4.936545243121877591e-01
-4.946554963802955451e-01
-4.956564727956760397e-01
-4.966574535698816129e-01
-4.976584387144755151e-01
-4.986594282410318768e-01
-4.996604221611361529e-01
