4.988916982851348547e-01
4.978906974167443544e-01
4.968896973425588892e-01
4.958886988575972876e-01
4.948877027573989063e-01
4.938867098341021555e-01
4.928857208764212405e-01
4.918847366696464385e-01
4.908837579956440433e-01
4.898827856328561436e-01
4.888818203563010667e-01
4.878808629375728234e-01
4.868799157312919679e-01
4.858789816297221509e-01
4.848780612489232422e-01
4.838771551757278799e-01
4.828762639830397885e-01
4.818753882298342228e-01
4.808745284611581350e-01
4.798736852081295634e-01
4.788728589879381881e-01
4.778720503038451084e-01
4.768712596451826768e-01
4.758704874873549984e-01
4.748697342918373199e-01
4.738690005061765298e-01
4.728682865639907695e-01
4.718675928849698775e-01
4.708669198748748341e-01
4.698662679255382058e-01
4.688656374148640338e-01
4.678650287068276681e-01
4.668644421514761000e-01
4.658638780849275185e-01
4.648633368293716428e-01
4.638628186930697228e-01
4.628623239703542613e-01
4.618618529416294027e-01
4.608614058733705998e-01
4.598609830181247249e-01
4.588605846145101808e-01
4.578602108872167342e-01
4.568598620470056271e-01
4.558595382907094096e-01
4.548592398012323845e-01
4.538589667475499412e-01
4.528587192847089993e-01
4.518584975538281201e-01
4.508583016820970624e-01
4.498581317827771153e-01
4.488579879552009877e-01
4.478578702847728077e-01
4.468577788429682895e-01
4.458577136873342339e-01
4.448576748614893051e-01
4.438576623951233646e-01
4.428576763039975828e-01
4.418577165899449932e-01
4.408577832408695496e-01
4.398578762307470691e-01
4.388579955196245663e-01
4.378581410536204754e-01
4.368583127649249276e-01
4.358585105717991959e-01
4.348587343785760839e-01
4.338589840756599814e-01
4.328592595395264198e-01
4.318595606327226277e-01
4.308598872038671423e-01
4.298602390876500312e-01
4.288606161048326704e-01
4.278610180622479664e-01
4.268614447528002454e-01
4.258618959554651973e-01
4.248623714352900982e-01
4.238628709433935327e-01
4.228633942169655047e-01
4.218639409792676043e-01
4.208645109396327300e-01
4.198651037934652552e-01
4.188657192222410286e-01
4.178663568935071515e-01
4.168670164608824780e-01
4.158676975640570039e-01
4.148683998287923669e-01
4.138691228669214572e-01
4.128698662763487515e-01
4.118706296410502010e-01
4.108714125310728993e-01
4.098722145025357477e-01
4.088730350976289007e-01
4.078738738446138767e-01
4.068747302578237801e-01
4.058756038376631348e-01
4.048764940706077731e-01
4.038774004292051134e-01
4.028783223720738271e-01
4.018792593439042271e-01
4.008802107754580457e-01
3.998811760835682683e-01
3.988821546711395216e-01
3.978831459271476301e-01
3.968841492266401150e-01
3.958851639307358061e-01
3.948861893866250083e-01
3.938872249275693349e-01
3.928882698729020406e-01
3.918893235280276888e-01
3.908903851844222621e-01
3.898914541196333294e-01
3.888925295972796015e-01
3.878936108668446514e-01
3.868946955876212956e-01
3.858957820317319709e-01
3.848968702463436697e-01
3.838979602780465128e-01
3.828990521728538043e-01
3.819001459762020323e-01
3.809012417329508682e-01
3.799023394873832227e-01
3.789034392832049125e-01
3.779045411635453822e-01
3.769056451709567601e-01
3.759067513474147471e-01
3.749078597343180053e-01
3.739089703724884362e-01
3.729100833021710693e-01
3.719111985630341732e-01
3.709123161941692004e-01
3.699134362340907312e-01
3.689145587207364740e-01
3.679156836914674322e-01
3.669168111830676815e-01
3.659179412317445923e-01
3.649190738731286077e-01
3.639202091422732432e-01
3.629213470736555314e-01
3.619224877011752994e-01
3.609236310581558915e-01
3.599247771773435023e-01
3.589259260909076765e-01
3.579270778304410872e-01
3.569282324269598128e-01
3.559293899109026715e-01
3.549305503121320537e-01
3.539317136599332003e-01
3.529328799830147578e-01
3.519340493095085010e-01
3.509352216669693880e-01
3.499363970823755055e-01
3.489375755821280123e-01
3.479387571920514732e-01
3.469399419373935811e-01
3.459411298428249903e-01
3.449423209324398165e-01
3.439435152297550813e-01
3.429447127577111565e-01
3.419459135386716531e-01
3.409471175944231991e-01
3.399483249461756063e-01
3.389495356145618699e-01
3.379507496196382799e-01
3.369519669808842544e-01
3.359531877172022840e-01
3.349544118469181542e-01
3.339556393877806673e-01
3.329568703569619759e-01
3.319581047710574162e-01
3.309593426460853971e-01
3.299605839974874555e-01
3.289618288401283674e-01
3.279630771882960927e-01
3.269643290557019411e-01
3.259655844554801285e-01
3.249668434001880546e-01
3.239681059018064690e-01
3.229693719717391387e-01
3.219706416208132360e-01
3.209719148592788951e-01
3.199731916968093781e-01
3.189744721425012419e-01
3.179757562048743380e-01
3.169770438918714794e-01
3.159783352108587184e-01
3.149796301686252908e-01
3.139809287713836716e-01
3.129822310247694084e-01
3.119835369338413433e-01
3.109848465030813913e-01
3.099861597363945398e-01
3.089874766371093484e-01
3.079887972079770053e-01
3.069901214511723819e-01
3.059914493682932557e-01
3.049927809603604767e-01
3.039941162278184117e-01
3.029954551705342780e-01
3.019967977877987542e-01
3.009981440783253692e-01
2.999994940402510579e-01
2.990008476711359386e-01
2.980022049679631468e-01
2.970035659271391681e-01
2.960049305444935608e-01
2.950062988152790111e-01
2.940076707341714446e-01
2.930090462952701369e-01
2.920104254920972142e-01
2.910118083175981529e-01
2.900131947641415575e-01
2.890145848235193271e-01
2.880159784869464334e-01
2.870173757450609764e-01
2.860187765879242949e-01
2.850201810050209117e-01
2.840215889852584774e-01
2.830230005169679375e-01
2.820244155879033099e-01
2.810258341852417407e-01
2.800272562955836153e-01
2.790286819049525580e-01
2.780301109987953212e-01
2.770315435619817301e-01
2.760329795788049601e-01
2.750344190329811478e-01
2.740358619076498359e-01
2.730373081853736950e-01
2.720387578481384128e-01
2.710402108773530272e-01
2.700416672538495377e-01
2.690431269578834050e-01
2.680445899691330514e-01
2.670460562667002491e-01
2.660475258291097322e-01
2.650489986343094739e-01
2.640504746596707975e-01
2.630519538819879877e-01
2.620534362774786796e-01
2.610549218217835254e-01
2.600564104899664164e-01
2.590579022565143719e-01
2.580593970953377614e-01
2.570608949797699716e-01
2.560623958825676283e-01
2.550638997759103188e-01
2.540654066314012027e-01
2.530669164200663457e-01
2.520684291123549969e-01
2.510699446781397004e-01
2.500714630867160726e-01
2.490729843068028859e-01
2.480745083065422907e-01
2.470760350534993433e-01
2.460775645146623669e-01
2.450790966564430073e-01
2.440806314446758440e-01
2.430821688446188900e-01
2.420837088209531196e-01
2.410852513377827189e-01
2.400867963586352238e-01
2.390883438464610766e-01
2.380898937636341528e-01
2.370914460719513173e-01
2.360930007326326185e-01
2.350945577063215108e-01
2.340961169530842712e-01
2.330976784324106654e-01
2.320992421032134490e-01
2.311008079238285606e-01
2.301023758520152895e-01
2.291039458449558031e-01
2.281055178592557853e-01
2.271070918509437986e-01
2.261086677754717278e-01
2.251102455877146691e-01
2.241118252419707357e-01
2.231134066919614467e-01
2.221149898908312270e-01
2.211165747911479629e-01
2.201181613449024743e-01
2.191197495060094869e-01
2.181213395043741232e-01
2.171229315076577682e-01
2.161245255057924475e-01
2.151261214887170148e-01
2.141277194463775679e-01
2.131293193687274767e-01
2.121309212457269944e-01
2.111325250673437570e-01
2.101341308235523397e-01
2.091357385043345340e-01
2.081373480996793202e-01
2.071389595995826727e-01
2.061405729940478937e-01
2.051421882730852519e-01
2.041438054267121494e-01
2.031454244449533153e-01
2.021470453178403626e-01
2.011486680354122869e-01
2.001502925877149952e-01
1.991519189648016386e-01
1.981535471567325291e-01
1.971551771535750286e-01
1.961568089454037433e-01
1.951584425223002739e-01
1.941600778743535205e-01
1.931617149916594056e-01
1.921633538643209571e-01
1.911649944824484748e-01
1.901666368361591974e-01
1.891682809155777745e-01
1.881699267108357387e-01
1.871715742120718118e-01
1.861732234094319871e-01
1.851748742930691971e-01
1.841765268531437016e-01
1.831781810798227272e-01
1.821798369632806891e-01
1.811814944936992744e-01
1.801831536612670259e-01
1.791848144561799250e-01
1.781864768686409195e-01
1.771881408888600073e-01
1.761898065070545694e-01
1.751914737134488698e-01
1.741931424982745558e-01
1.731948128517701857e-01
1.721964847641815344e-01
1.711981582257615930e-01
1.701998332267702918e-01
1.692015097574749716e-01
1.682031878081498844e-01
1.672048673690764431e-01
1.662065484305433327e-01
1.652082309828462048e-01
1.642099150162879828e-01
1.632116005211786680e-01
1.622132874878353115e-01
1.612149759065822641e-01
1.602166657677508710e-01
1.592183570616797772e-01
1.582200497787145110e-01
1.572217439092080116e-01
1.562234394435201568e-01
1.552251363720179855e-01
1.542268346850758365e-01
1.532285343730749316e-01
1.522302354264038482e-01
1.512319378354581578e-01
1.502336415906405931e-01
1.492353466823611030e-01
1.482370531010366588e-01
1.472387608370914758e-01
1.462404698809568193e-01
1.452421802230710601e-01
1.442438918538798687e-01
1.432456047638358543e-01
1.422473189433989260e-01
1.412490343830360151e-01
1.402507510732211859e-01
1.392524690044357749e-01
1.382541881671680295e-01
1.372559085519136080e-01
1.362576301491750796e-01
1.352593529494621472e-01
1.342610769432918405e-01
1.332628021211881286e-01
1.322645284736822802e-01
1.312662559913125304e-01
1.302679846646244144e-01
1.292697144841704893e-01
1.282714454405103899e-01
1.272731775242111341e-01
1.262749107258465675e-01
1.252766450359979189e-01
1.242783804452534252e-01
1.232801169442084566e-01
1.222818545234656135e-01
1.212835931736344630e-01
1.202853328853319276e-01
1.192870736491818823e-01
1.182888154558153632e-01
1.172905582958706783e-01
1.162923021599930468e-01
1.152940470388350847e-01
1.142957929230563330e-01
1.132975398033234937e-01
1.122992876703105547e-01
1.113010365146984287e-01
1.103027863271753978e-01
1.093045370984366549e-01
1.083062888191846096e-01
1.073080414801289018e-01
1.063097950719861379e-01
1.053115495854802380e-01
1.043133050113421306e-01
1.033150613403098356e-01
1.023168185631287141e-01
1.013185766705510249e-01
1.003203356533363816e-01
9.932209550225136463e-02
9.832385620806968762e-02
9.732561776157237776e-02
9.632738015354737338e-02
9.532914337478995415e-02
9.433090741610232477e-02
9.333267226829404517e-02
9.233443792218165580e-02
9.133620436858880254e-02
9.033797159834645873e-02
8.933973960229249500e-02
8.834150837127216493e-02
8.734327789613764714e-02
8.634504816774829505e-02
8.534681917697076181e-02
8.434859091467857006e-02
8.335036337175265320e-02
8.235213653908086961e-02
8.135391040755825254e-02
8.035568496808710715e-02
7.935746021157666363e-02
7.835923612894350743e-02
7.736101271111119060e-02
7.636278994901039840e-02
7.536456783357912970e-02
7.436634635576228058e-02
7.336812550651210241e-02
7.236990527678784091e-02
7.137168565755586114e-02
7.037346663978980010e-02
6.937524821447027534e-02
6.837703037258517635e-02
6.737881310512940092e-02
6.638059640310510490e-02
6.538238025752150795e-02
6.438416465939487965e-02
6.338594959974884480e-02
6.238773506961394627e-02
6.138952106002803361e-02
6.039130756203596462e-02
5.939309456668973031e-02
5.839488206504860057e-02
5.739667004817879115e-02
5.639845850715384523e-02
5.540024743305428656e-02
5.440203681696777899e-02
5.340382664998927914e-02
5.240561692322066173e-02
5.140740762777114975e-02
5.040919875475694673e-02
4.941099029530139630e-02
4.841278224053511409e-02
4.741457458159566152e-02
4.641636730962793445e-02
4.541816041578380925e-02
4.441995389122230242e-02
4.342174772710970937e-02
4.242354191461926438e-02
4.142533644493154310e-02
4.042713130923409476e-02
3.942892649872159483e-02
3.843072200459603932e-02
3.743251781806632844e-02
3.643431393034869681e-02
3.543611033266639426e-02
3.443790701624975525e-02
3.343970397233645558e-02
3.244150119217106137e-02
3.144329866700550091e-02
3.044509638809862057e-02
2.944689434671661846e-02
2.844869253413266283e-02
2.745049094162705858e-02
2.645228956048741031e-02
2.545408838200823032e-02
2.445588739749139998e-02
2.345768659824576038e-02
2.245948597558728929e-02
2.146128552083926416e-02
2.046308522533188401e-02
1.946488508040268919e-02
1.846668507739620754e-02
1.746848520766408619e-02
1.647028546256527892e-02
1.547208583346566108e-02
1.447388631173844586e-02
1.347568688876383744e-02
1.247748755592915579e-02
1.147928830462903796e-02
1.048108912626501826e-02
9.482890012246003586e-03
8.484690953987857054e-03
7.486491942913586252e-03
6.488292970453491543e-03
5.490094028044793101e-03
4.491895107132064593e-03
3.493696199166794296e-03
2.495497295607825277e-03
1.497298387920972459e-03
4.990994675791828646e-04
-4.990994739373490283e-04
-1.497298445141294256e-03
-2.495497454538299961e-03
-3.493696510626821770e-03
-4.491895621898182346e-03
-5.490094796836677421e-03
-6.488294043919138644e-03
-7.486493371615591912e-03
-8.484692788388818047e-03
-9.482892302694466424e-03
-1.048109192298115472e-02
-1.147929165769004389e-02
-1.247749151525548092e-02
-1.347569150410457203e-02
-1.447389163265729375e-02
-1.547209190932659004e-02
-1.647029234251793858e-02
-1.746849294063002045e-02
-1.846669371205426902e-02
-1.946489466517497408e-02
-2.046309580836941366e-02
-2.146129715000738916e-02
-2.245949869845190530e-02
-2.345770046205871567e-02
-2.445590244917644415e-02
-2.545410466814668898e-02
-2.645230712730357869e-02
-2.745050983497443822e-02
-2.844871279947935525e-02
-2.944691602913127038e-02
-3.044511953223610901e-02
-3.144332331709232681e-02
-3.244152739199156893e-02
-3.343973176521825019e-02
-3.443793644504963836e-02
-3.543614143975598596e-02
-3.643434675760006541e-02
-3.743255240683786289e-02
-3.843075839571809954e-02
-3.942896473248237721e-02
-4.042717142536526864e-02
-4.142537848259388034e-02
-4.242358591238851173e-02
-4.342179372296222500e-02
-4.442000192252092833e-02
-4.541821051926353547e-02
-4.641641952138146621e-02
-4.741462893705934711e-02
-4.841283877447456752e-02
-4.941104904179748070e-02
-5.040925974719097369e-02
-5.140747089881114035e-02
-5.240568250480681645e-02
-5.340389457331971151e-02
-5.440210711248451292e-02
-5.540032013042842790e-02
-5.639853363527187052e-02
-5.739674763512800371e-02
-5.839496213810287106e-02
-5.939317715229546629e-02
-6.039139268579733766e-02
-6.138960874669322637e-02
-6.238782534306061556e-02
-6.338604248296986210e-02
-6.438426017448431460e-02
-6.538247842565980683e-02
-6.638069724454542797e-02
-6.737891663918299523e-02
-6.837713661760716488e-02
-6.937535718784561267e-02
-7.037357835791853422e-02
-7.137180013583931115e-02
-7.237002252961408089e-02
-7.336824554724184766e-02
-7.436646919671460743e-02
-7.536469348601686213e-02
-7.636291842312632749e-02
-7.736114401601347501e-02
-7.835937027264164301e-02
-7.935759720096711989e-02
-8.035582480893875557e-02
-8.135405310449858596e-02
-8.235228209558141665e-02
-8.335051179011487843e-02
-8.434874219601962153e-02
-8.534697332120881608e-02
-8.634520517358880431e-02
-8.734343776105872592e-02
-8.834167109151054575e-02
-8.933990517282922039e-02
-9.033814001289225404e-02
-9.133637561957032303e-02
-9.233461200072688724e-02
-9.333284916421823174e-02
-9.433108711789363332e-02
-9.532932586959494414e-02
-9.632756542715713299e-02
-9.732580579840799384e-02
-9.832404699116815971e-02
-9.932228901325122761e-02
-1.003205318724633283e-01
-1.013187755766038339e-01
-1.023170201334647894e-01
-1.033152655508311896e-01
-1.043135118364809655e-01
-1.053117589981845542e-01
-1.063100070437056344e-01
-1.073082559808006403e-01
-1.083065058172189288e-01
-1.093047565607024596e-01
-1.103030082189863231e-01
-1.113012607997984210e-01
-1.122995143108594940e-01
-1.132977687598832467e-01
-1.142960241545759453e-01
-1.152942805026370143e-01
-1.162925378117586894e-01
-1.172907960896260038e-01
-1.182890553439170100e-01
-1.192873155823022946e-01
-1.202855768124456159e-01
-1.212838390420035162e-01
-1.222821022786253764e-01
-1.232803665299535695e-01
-1.242786318036229881e-01
-1.252768981072617527e-01
-1.262751654484906561e-01
-1.272734338349234828e-01
-1.282717032741669261e-01
-1.292699737738201571e-01
-1.302682453414756303e-01
-1.312665179847185282e-01
-1.322647917111268723e-01
-1.332630665282716897e-01
-1.342613424437165415e-01
-1.352596194650181605e-01
-1.362578975997260633e-01
-1.372561768553826056e-01
-1.382544572395231486e-01
-1.392527387596755317e-01
-1.402510214233608499e-01
-1.412493052380929259e-01
-1.422475902113784774e-01
-1.432458763507171162e-01
-1.442441636636010993e-01
-1.452424521575158001e-01
-1.462407418399393755e-01
-1.472390327183428216e-01
-1.482373248001901678e-01
-1.492356180929379217e-01
-1.502339126040357908e-01
-1.512322083409262663e-01
-1.522305053110447060e-01
-1.532288035218193900e-01
-1.542271029806711879e-01
-1.552254036950141691e-01
-1.562237056722551309e-01
-1.572220089197937098e-01
-1.582203134450225479e-01
-1.592186192553268764e-01
-1.602169263580849878e-01
-1.612152347606680691e-01
-1.622135444704401186e-01
-1.632118554947580569e-01
-1.642101678409714216e-01
-1.652084815164228671e-01
-1.662067965284479143e-01
-1.672051128843748125e-01
-1.682034305915248995e-01
-1.692017496572119917e-01
-1.702000715376348339e-01
-1.711983980500038638e-01
-1.721967290938392903e-01
-1.731950645620649321e-01
-1.741934043489172246e-01
-1.751917483499459138e-01
-1.761900964620136401e-01
-1.771884485832961320e-01
-1.781868046132817907e-01
-1.791851644527723275e-01
-1.801835280038823206e-01
-1.811818951700393809e-01
-1.821802658559841248e-01
-1.831786399677699240e-01
-1.841770174127634052e-01
-1.851753980996441173e-01
-1.861737819384045589e-01
-1.871721688403503447e-01
-1.881705587180997341e-01
-1.891689514855843524e-01
-1.901673470580486358e-01
-1.911657453520500538e-01
-1.921641462854591365e-01
-1.931625497774590861e-01
-1.941609557485464710e-01
-1.951593641205306706e-01
-1.961577748165340696e-01
-1.971561877609921964e-01
-1.981546028796531411e-01
-1.991530200995784150e-01
-2.001514393491423405e-01
-2.011498605580322729e-01
-2.021482836572486286e-01
-2.031467085791044680e-01
-2.041451352572262457e-01
-2.051435636265531992e-01
-2.061419936233376549e-01
-2.071404251851449163e-01
-2.081388582508530427e-01
-2.091372927606533760e-01
-2.101357286560501525e-01
-2.111341658798605581e-01
-2.121326043762149227e-01
-2.131310440905561931e-01
-2.141294849696406544e-01
-2.151279269615374579e-01
-2.161263700156287881e-01
-2.171248140826098627e-01
-2.181232591144885991e-01
-2.191217050645862252e-01
-2.201201518875368357e-01
-2.211185995392874748e-01
-2.221170479770984141e-01
-2.231154971595424308e-01
-2.241139470465056960e-01
-2.251123975991872750e-01
-2.261108487800991551e-01
-2.271093005530665232e-01
-2.281077528832270995e-01
-2.291062057370319982e-01
-2.301046590822452276e-01
-2.311031128879437457e-01
-2.321015671245175715e-01
-2.331000217636694793e-01
-2.340984767784154985e-01
-2.350969321430845249e-01
-2.360953878333185985e-01
-2.370938438260723757e-01
-2.380923000996138517e-01
-2.390907566335238876e-01
-2.400892134086963503e-01
-2.410876704073381949e-01
-2.420861276129690209e-01
-2.430845850104217942e-01
-2.440830425858422636e-01
-2.450815003266892667e-01
-2.460799582217347015e-01
-2.470784162610630830e-01
-2.480768744360723199e-01
-2.490753327394731320e-01
-2.500737911652892720e-01
-2.510722497088575533e-01
-2.520707083668274895e-01
-2.530691671371618212e-01
-2.540676260191363500e-01
-2.550660850133396051e-01
-2.560645441216735096e-01
-2.570630033473523812e-01
-2.580614626949040424e-01
-2.590599221701690436e-01
-2.600583817803011066e-01
-2.610568415337667925e-01
-2.620553014403456116e-01
-2.630537615111301353e-01
-2.640522217585259956e-01
-2.650506821962517190e-01
-2.660491428393390034e-01
-2.670476037041321082e-01
-2.680460648082886310e-01
-2.690445261707791191e-01
-2.700429878118870697e-01
-2.710414497532090405e-01
-2.720399120176543173e-01
-2.730383746294454128e-01
-2.740368376141177897e-01
-2.750353009985199160e-01
-2.760337648108132647e-01
-2.770322290804720922e-01
-2.780306938382837711e-01
-2.790291591163488460e-01
-2.800276249480805335e-01
-2.810260913682054440e-01
-2.820245584127625826e-01
-2.830230261191044594e-01
-2.840214945258963120e-01
-2.850199636731166053e-01
-2.860184336020565876e-01
-2.870169043553204014e-01
-2.880153759768253607e-01
-2.890138485118018408e-01
-2.900123220067929997e-01
-2.910107965096552229e-01
-2.920092720695574573e-01
-2.930077487369820433e-01
-2.940062265637242711e-01
-2.950047056028922143e-01
-2.960031859089071737e-01
-2.970016675375031223e-01
-2.980001505457273159e-01
-2.989986349919398489e-01
-2.999971209358139324e-01
-3.009956084383356711e-01
-3.019940975618040646e-01
-3.029925883698312838e-01
-3.039910809273423387e-01
-3.049895753005754107e-01
-3.059880715570814091e-01
-3.069865697657244707e-01
-3.079850699966815153e-01
-3.089835723214426899e-01
-3.099820768128110360e-01
-3.109805835449023226e-01
-3.119790925931457126e-01
-3.129776040342830412e-01
-3.139761179463694263e-01
-3.149746344087727690e-01
-3.159731535021738646e-01
-3.169716753085666805e-01
-3.179701999112581889e-01
-3.189687273948682567e-01
-3.199672578453298666e-01
-3.209657913498886739e-01
-3.219643279971036720e-01
-3.229628678768466377e-01
-3.239614110803024638e-01
-3.249599576999690487e-01
-3.259585078296570182e-01
-3.269570615644902256e-01
-3.279556190009054739e-01
-3.289541802366525713e-01
-3.299527453707943314e-01
-3.309513145037062953e-01
-3.319498877370773426e-01
-3.329484651739091916e-01
-3.339470469185165102e-01
-3.349456330765271383e-01
-3.359442237548815324e-01
-3.369428190618334873e-01
-3.379414191069496365e-01
-3.389400240011096743e-01
-3.399386338565063004e-01
-3.409372487866449974e-01
-3.419358689063443646e-01
-3.429344943317361172e-01
-3.439331251802647538e-01
-3.449317615706880558e-01
-3.459304036230762547e-01
-3.469290514588130869e-01
-3.479277052005951276e-01
-3.489263649724318461e-01
-3.499250308996458281e-01
-3.509237031088724423e-01
-3.519223817280602851e-01
-3.529210668864707356e-01
-3.539197587146784008e-01
-3.549184573445707258e-01
-3.559171629093479949e-01
-3.569158755435237196e-01
-3.579145953829243609e-01
-3.589133225646892744e-01
-3.599120572272709873e-01
-3.609107995104346434e-01
-3.619095495552587805e-01
-3.629083075041346640e-01
-3.639070735007668422e-01
-3.649058476901723691e-01
-3.659046302186816924e-01
-3.669034212339380985e-01
-3.679022208848978792e-01
-3.689010293218304981e-01
-3.698998466963179244e-01
-3.708986731612555765e-01
-3.718975088708517118e-01
-3.728963539806274818e-01
-3.738952086474173209e-01
-3.748940730293681689e-01
-3.758929472859403598e-01
-3.768918315779070660e-01
-3.778907260673544100e-01
-3.788896309176817412e-01
-3.798885462936009705e-01
-3.808874723611373470e-01
-3.818864092876289584e-01
-3.828853572417269535e-01
-3.838843163933954861e-01
-3.848832869139115487e-01
-3.858822689758651947e-01
-3.868812627531595938e-01
-3.878802684210106988e-01
-3.888792861559477454e-01
-3.898783161358124749e-01
-3.908773585397600780e-01
-3.918764135482584732e-01
-3.928754813430887505e-01
-3.938745621073449499e-01
-3.948736560254337835e-01
-3.958727632830754128e-01
-3.968718840673026715e-01
-3.978710185664615651e-01
-3.988701669702110486e-01
-3.998693294695229161e-01
-4.008685062566820778e-01
-4.018676975252864492e-01
-4.028669034702468954e-01
-4.038661242877873980e-01
-4.048653601754445552e-01
-4.058646113320683035e-01
-4.068638779578214737e-01
-4.078631602541799572e-01
-4.088624584239325399e-01
-4.098617726711808462e-01
-4.108611032013397280e-01
-4.118604502211369311e-01
-4.128598139386133181e-01
-4.138591945631225899e-01
-4.148585923053312863e-01
-4.158580073772192853e-01
-4.168574399920792484e-01
-4.178568903645168975e-01
-4.188563587104509600e-01
-4.198558452471128910e-01
-4.208553501930474838e-01
-4.218548737681123151e-01
-4.228544161934780776e-01
-4.238539776916284696e-01
-4.248535584863598613e-01
-4.258531588027819614e-01
-4.268527788673173173e-01
-4.278524189077015372e-01
-4.288520791529832898e-01
-4.298517598335238610e-01
-4.308514611809978745e-01
-4.318511834283929041e-01
-4.328509268100095286e-01
-4.338506915614609993e-01
-4.348504779196739056e-01
-4.358502861228877867e-01
-4.368501164106550205e-01
-4.378499700129512839e-01
-4.388498525623883983e-01
-4.398497648759023826e-01
-4.408497068981018230e-01
-4.418496785581854103e-01
-4.428496797699424392e-01
-4.438497104317520869e-01
-4.448497704265841346e-01
-4.458498596219986343e-01
-4.468499778701458536e-01
-4.478501250077664975e-01
-4.488503008561912644e-01
-4.498505052213415123e-01
-4.508507378937287036e-01
-4.518509986484546270e-01
-4.528512872452115645e-01
-4.538516034282816802e-01
-4.548519469265377424e-01
-4.558523174534428457e-01
-4.568527147070502448e-01
-4.578531383700036317e-01
-4.588535881095367475e-01
-4.598540635774738816e-01
-4.608545644102295946e-01
-4.618550902288086069e-01
-4.628556406388062427e-01
-4.638562152304075981e-01
-4.648568135783885391e-01
-4.658574352421150921e-01
-4.668580797655434989e-01
-4.678587466772205494e-01
-4.688594354902829164e-01
-4.698601457024579320e-01
-4.708608767960630881e-01
-4.718616282380062033e-01
-4.728623994797854779e-01
-4.738631899574891615e-01
-4.748639990917959963e-01
-4.758648262879751067e-01
-4.768656709358856660e-01
-4.778665324099775069e-01
-4.788674100692902891e-01
-4.798683032574543317e-01
-4.808692113026901693e-01
-4.818701335178086076e-01
-4.828710692002108340e-01
-4.838720176318880850e-01
-4.848729780794221456e-01
-4.858739497939850716e-01
-4.868749320113391899e-01
-4.878759239518372093e-01
-4.888769248204217766e-01
-4.898779338066263089e-01
-4.908789500845742171e-01
-4.918799728129795157e-01
-4.928810011351461018e-01
-4.938820341789684765e-01
-4.948830710569313007e-01
-4.958841108661096730e-01
-4.968851526881689629e-01
-4.978861955893646440e-01
-4.988872386205426834e-01
