-1.461689116914124120e-01
-1.461689065064967485e-01
-1.461688290408205415e-01
-1.461684951805002908e-01
-1.461676017243246639e-01
-1.461657299328266435e-01
-1.461623494511295751e-01
-1.461568225685317413e-01
-1.461484087872737814e-01
-1.461362696701513086e-01
-1.461194739373480322e-01
-1.460970027828391304e-01
-1.460677553810740825e-01
-1.460305545550781292e-01
-1.459841525776841842e-01
-1.459272370782905837e-01
-1.458584370283281251e-01
-1.457763287795038054e-01
-1.456794421298545361e-01
-1.455662663936851675e-01
-1.454352564525684677e-01
-1.452848387657428575e-01
-1.451134173194442989e-01
-1.449193794959460768e-01
-1.447011018443407904e-01
-1.444569557363798440e-01
-1.441853128919725613e-01
-1.438845507602384277e-01
-1.435530577432896637e-01
-1.431892382511942841e-01
-1.427915175778230183e-01
-1.423583465885145394e-01
-1.418882062116932352e-01
-1.413796117277417996e-01
-1.408311168495601784e-01
-1.402413175903307052e-01
-1.396088559150522601e-01
-1.389324231734039017e-01
-1.382107633124451951e-01
-1.374426758685562411e-01
-1.366270187388657631e-01
-1.357627107332047556e-01
-1.348487339083611902e-01
-1.338841356870938415e-01
-1.328680307649914849e-01
-1.317996028088406490e-01
-1.306781059506853804e-01
-1.295028660822353239e-01
-1.282732819546961722e-01
-1.269888260894680432e-01
-1.256490455054787014e-01
-1.242535622691951502e-01
-1.228020738735877415e-01
-1.212943534525100647e-01
-1.197302498371057428e-01
-1.181096874609628145e-01
-1.164326661208087421e-01
-1.146992605995778985e-01
-1.129096201586898274e-01
-1.110639679063518681e-01
-1.091626000486488890e-01
-1.072058850301048916e-01
-1.051942625702995265e-01
-1.031282426030011024e-01
-1.010084041241336994e-01
-9.883539395473742162e-02
-9.660992542490427770e-02
-9.433277698448333526e-02
-9.200479074614764663e-02
-8.962687096620261529e-02
-8.719998246829727129e-02
-8.472514901497038564e-02
-8.220345163173210790e-02
-7.963602688814470920e-02
-7.702406514012520578e-02
-7.436880873745327358e-02
-7.167155020022472622e-02
-6.893363036775146391e-02
-6.615643652316986756e-02
-6.334140049678331497e-02
-6.048999675093330586e-02
-5.760374044896643397e-02
-5.468418551064196942e-02
-5.173292265611045826e-02
-4.875157744038385865e-02
-4.574180828001769838e-02
-4.270530447353239334e-02
-3.964378421691582000e-02
-3.655899261537547129e-02
-3.345269969234072882e-02
-3.032669839656169930e-02
-2.718280260800479131e-02
-2.402284514310953911e-02
-2.084867575984855614e-02
-1.766215916291777321e-02
-1.446517300928371053e-02
-1.125960591422428547e-02
-8.047355457919708188e-03
-4.830326192585887579e-03
-1.610427650085982654e-03
1.610427650086010409e-03
4.830326192585943090e-03
8.047355457919763699e-03
1.125960591422436874e-02
1.446517300928382155e-02
1.766215916291782873e-02
2.084867575984863941e-02
2.402284514310962238e-02
2.718280260800487458e-02
3.032669839656179644e-02
3.345269969234079821e-02
3.655899261537551292e-02
3.964378421691583387e-02
4.270530447353235171e-02
4.574180828001772614e-02
4.875157744038388641e-02
5.173292265611043050e-02
5.468418551064191391e-02
5.760374044896640622e-02
6.048999675093333361e-02
6.334140049678332884e-02
6.615643652316982593e-02
6.893363036775143615e-02
7.167155020022467071e-02
7.436880873745330134e-02
7.702406514012524741e-02
7.963602688814469532e-02
8.220345163173214953e-02
8.472514901497041340e-02
8.719998246829732680e-02
8.962687096620269855e-02
9.200479074614767439e-02
9.433277698448336301e-02
9.660992542490431934e-02
9.883539395473750488e-02
1.010084041241338104e-01
1.031282426030011579e-01
1.051942625702995959e-01
1.072058850301049471e-01
1.091626000486490000e-01
1.110639679063518959e-01
1.129096201586897996e-01
1.146992605995778292e-01
1.164326661208086311e-01
1.181096874609627034e-01
1.197302498371056456e-01
1.212943534525099676e-01
1.228020738735876305e-01
1.242535622691950670e-01
1.256490455054785904e-01
1.269888260894679599e-01
1.282732819546960890e-01
1.295028660822352407e-01
1.306781059506853249e-01
1.317996028088405380e-01
1.328680307649913461e-01
1.338841356870937027e-01
1.348487339083610792e-01
1.357627107332046446e-01
1.366270187388657076e-01
1.374426758685562133e-01
1.382107633124452228e-01
1.389324231734040127e-01
1.396088559150523711e-01
1.402413175903308440e-01
1.408311168495603172e-01
1.413796117277419107e-01
1.418882062116933185e-01
1.423583465885146226e-01
1.427915175778230739e-01
1.431892382511943118e-01
1.435530577432896637e-01
1.438845507602384000e-01
1.441853128919725335e-01
1.444569557363797607e-01
1.447011018443406793e-01
1.449193794959459380e-01
1.451134173194441879e-01
1.452848387657427465e-01
1.454352564525683011e-01
1.455662663936850565e-01
1.456794421298544251e-01
1.457763287795036666e-01
1.458584370283279863e-01
1.459272370782904449e-01
1.459841525776840176e-01
1.460305545550779349e-01
1.460677553810738327e-01
1.460970027828387974e-01
1.461194739373476714e-01
1.461362696701509478e-01
1.461484087872734483e-01
1.461568225685314359e-01
1.461623494511292976e-01
1.461657299328264215e-01
1.461676017243244974e-01
1.461684951805001520e-01
1.461688290408203195e-01
1.461689065064964710e-01
1.461689116914121900e-01
