-1.479460651979485342e-01
-1.479460599211695204e-01
-1.479459810843603007e-01
-1.479456413247918767e-01
-1.479447321127375925e-01
-1.479428273857245069e-01
-1.479393875664079816e-01
-1.479337639257485293e-01
-1.479252032629211899e-01
-1.479128528705361267e-01
-1.478957657544948678e-01
-1.478729060777953519e-01
-1.478431547979844607e-01
-1.478053154684179915e-01
-1.477581201740970074e-01
-1.477002355735727301e-01
-1.476302690192464184e-01
-1.475467747293206511e-01
-1.474482599856761778e-01
-1.473331913330418463e-01
-1.472000007559832457e-01
-1.470470918114492875e-01
-1.468728456958731388e-01
-1.466756272271179107e-01
-1.464537907228750380e-01
-1.462056857584593528e-01
-1.459296627882877284e-01
-1.456240786166729806e-01
-1.452873017049008397e-01
-1.449177173028809440e-01
-1.445137323949656494e-01
-1.440737804508062381e-01
-1.435963259733612496e-01
-1.430798688373804417e-01
-1.425229484128560375e-01
-1.419241474690569604e-01
-1.412820958558390072e-01
-1.405954739599508396e-01
-1.398630159350307545e-01
-1.390835127049100672e-01
-1.382558147407056959e-01
-1.373788346129936888e-01
-1.364515493211100328e-01
-1.354730024023211854e-01
-1.344423058242478208e-01
-1.333586416645098915e-01
-1.322212635820897431e-01
-1.310294980853869695e-01
-1.297827456023586679e-01
-1.284804813585123939e-01
-1.271222560688380354e-01
-1.257076964500392913e-01
-1.242365055596523216e-01
-1.227084629688213469e-01
-1.211234247756432514e-01
-1.194813234660932338e-01
-1.177821676296079423e-01
-1.160260415364305076e-01
-1.142131045838174208e-01
-1.123435906181711186e-01
-1.104178071400990779e-01
-1.084361343993086590e-01
-1.063990243861336615e-01
-1.043069997263521009e-01
-1.021606524857975040e-01
-9.996064289109445056e-02
-9.770769797265732581e-02
-9.540261013588927086e-02
-9.304623566630321196e-02
-9.063949317406017059e-02
-8.818336198318796337e-02
-8.567888047050126188e-02
-8.312714435899851151e-02
-8.052930497026219991e-02
-7.788656744013504329e-02
-7.520018890169336001e-02
-7.247147663928379946e-02
-6.970178621713866984e-02
-6.689251958583559976e-02
-6.404512316961981366e-02
-6.116108593736628574e-02
-5.824193745972199021e-02
-5.528924595473652670e-02
-5.230461632406643857e-02
-4.928968818162036969e-02
-4.624613387630364947e-02
-4.317565651032118090e-02
-4.007998795430421646e-02
-3.696088686034715298e-02
-3.382013667386654654e-02
-3.065954364503438445e-02
-2.748093484038627299e-02
-2.428615615506539427e-02
-2.107707032603511887e-02
-1.785555494647564356e-02
-1.462350048147481596e-02
-1.138280828503149267e-02
-8.135388618306205188e-03
-4.883158668987641615e-03
-1.628040571585276375e-03
1.628040571585220864e-03
4.883158668987669371e-03
8.135388618306232944e-03
1.138280828503157593e-02
1.462350048147495474e-02
1.785555494647569907e-02
2.107707032603522990e-02
2.428615615506549141e-02
2.748093484038638401e-02
3.065954364503453711e-02
3.382013667386674083e-02
3.696088686034729176e-02
4.007998795430439687e-02
4.317565651032137519e-02
4.624613387630388539e-02
4.928968818162060561e-02
5.230461632406666062e-02
5.528924595473674874e-02
5.824193745972225389e-02
6.116108593736657717e-02
6.404512316962010510e-02
6.689251958583589119e-02
6.970178621713896128e-02
7.247147663928410477e-02
7.520018890169369308e-02
7.788656744013539024e-02
8.052930497026247747e-02
8.312714435899887233e-02
8.567888047050162270e-02
8.818336198318835195e-02
9.063949317406055917e-02
9.304623566630357279e-02
9.540261013588965944e-02
9.770769797265771439e-02
9.996064289109485301e-02
1.021606524857978926e-01
1.043069997263524618e-01
1.063990243861339946e-01
1.084361343993090199e-01
1.104178071400994943e-01
1.123435906181715904e-01
1.142131045838178094e-01
1.160260415364308961e-01
1.177821676296083309e-01
1.194813234660936641e-01
1.211234247756437232e-01
1.227084629688217909e-01
1.242365055596527379e-01
1.257076964500397354e-01
1.271222560688385073e-01
1.284804813585128935e-01
1.297827456023591119e-01
1.310294980853873581e-01
1.322212635820901594e-01
1.333586416645103079e-01
1.344423058242483482e-01
1.354730024023217128e-01
1.364515493211105046e-01
1.373788346129941884e-01
1.382558147407062232e-01
1.390835127049106223e-01
1.398630159350313373e-01
1.405954739599513947e-01
1.412820958558395901e-01
1.419241474690575433e-01
1.425229484128566482e-01
1.430798688373810801e-01
1.435963259733618880e-01
1.440737804508068487e-01
1.445137323949662600e-01
1.449177173028815824e-01
1.452873017049015336e-01
1.456240786166736745e-01
1.459296627882883668e-01
1.462056857584599634e-01
1.464537907228757041e-01
1.466756272271184935e-01
1.468728456958737494e-01
1.470470918114499537e-01
1.472000007559839119e-01
1.473331913330424292e-01
1.474482599856767606e-01
1.475467747293211784e-01
1.476302690192469458e-01
1.477002355735732853e-01
1.477581201740975347e-01
1.478053154684185466e-01
1.478431547979850158e-01
1.478729060777958793e-01
1.478957657544953397e-01
1.479128528705365431e-01
1.479252032629216618e-01
1.479337639257490011e-01
1.479393875664084812e-01
1.479428273857250342e-01
1.479447321127381476e-01
1.479456413247924595e-01
1.479459810843608836e-01
1.479460599211701310e-01
1.479460651979492003e-01
