-1.532308249538134326e-01
-1.532308193972454213e-01
-1.532307363846299175e-01
-1.532303786607671636e-01
-1.532294214752663586e-01
-1.532274164805309258e-01
-1.532237960439504498e-01
-1.532178779319312012e-01
-1.532088703339863356e-01
-1.531958771920490792e-01
-1.531779038010195881e-01
-1.531538626465925312e-01
-1.531225794468862866e-01
-1.530827993649552521e-01
-1.530331933599951011e-01
-1.529723646459040798e-01
-1.528988552268428225e-01
-1.528111524805189636e-01
-1.527076957611036567e-01
-1.525868829949497962e-01
-1.524470772436154753e-01
-1.522866132100870740e-01
-1.521038036655350256e-01
-1.518969457754087982e-01
-1.516643273051762331e-01
-1.514042326875256750e-01
-1.511149489343670549e-01
-1.507947713784831834e-01
-1.504420092311839763e-01
-1.500549909437986495e-01
-1.496320693622962550e-01
-1.491716266657454881e-01
-1.486720790807080361e-01
-1.481318813649967481e-01
-1.475495310555184347e-01
-1.469235724761580875e-01
-1.462526005028395026e-01
-1.455352640840192335e-01
-1.447702695159296393e-01
-1.439563834728843916e-01
-1.430924357938914981e-01
-1.421773220276884575e-01
-1.412100057391166563e-01
-1.401895205804903621e-01
-1.391149721322904598e-01
-1.379855395181234512e-01
-1.368004767994340232e-01
-1.355591141559479851e-01
-1.342608588582490659e-01
-1.329051960392648724e-01
-1.314916892717517549e-01
-1.300199809591309486e-01
-1.284897925472394120e-01
-1.269009245647214623e-01
-1.252532564999042364e-01
-1.235467465220744659e-01
-1.217814310551055962e-01
-1.199574242113801842e-01
-1.180749170939118520e-01
-1.161341769744970442e-01
-1.141355463556242844e-01
-1.120794419237361866e-01
-1.099663534012842864e-01
-1.077968423048368818e-01
-1.055715406163006964e-01
-1.032911493741003467e-01
-1.009564371909254521e-01
-9.856823870440892255e-02
-9.612745296684142848e-02
-9.363504177975801035e-02
-9.109202797895790682e-02
-8.849949367523543553e-02
-8.585857845581371106e-02
-8.317047755118393837e-02
-8.043643997176137816e-02
-7.765776661847938189e-02
-7.483580837115277884e-02
-7.197196415815539094e-02
-6.906767901067360771e-02
-6.612444210451852433e-02
-6.314378479220721097e-02
-6.012727862775739396e-02
-5.707653338637996843e-02
-5.399319508100439147e-02
-5.087894397732839469e-02
-4.773549260885205647e-02
-4.456458379313352203e-02
-4.136798865029009398e-02
-3.814750462456945046e-02
-3.490495350962362353e-02
-3.164217947794159547e-02
-2.836104711473023954e-02
-2.506343945637795612e-02
-2.175125603349697956e-02
-1.842641091840874212e-02
-1.509083077682410456e-02
-1.174645292336667923e-02
-8.395223380498417765e-03
-5.039094940332888850e-03
-1.680025228757847655e-03
1.680025228757875411e-03
5.039094940332944361e-03
8.395223380498445520e-03
1.174645292336667923e-02
1.509083077682413232e-02
1.842641091840865886e-02
2.175125603349692405e-02
2.506343945637790060e-02
2.836104711473017015e-02
3.164217947794153996e-02
3.490495350962355414e-02
3.814750462456936719e-02
4.136798865029006622e-02
4.456458379313352203e-02
4.773549260885209811e-02
5.087894397732845020e-02
5.399319508100441922e-02
5.707653338637996843e-02
6.012727862775738008e-02
6.314378479220722484e-02
6.612444210451853821e-02
6.906767901067362159e-02
7.197196415815540482e-02
7.483580837115280660e-02
7.765776661847945128e-02
8.043643997176147531e-02
8.317047755118398000e-02
8.585857845581379433e-02
8.849949367523554655e-02
9.109202797895801784e-02
9.363504177975812137e-02
9.612745296684149787e-02
9.856823870440903357e-02
1.009564371909255909e-01
1.032911493741004716e-01
1.055715406163007797e-01
1.077968423048369095e-01
1.099663534012842725e-01
1.120794419237361172e-01
1.141355463556242567e-01
1.161341769744970442e-01
1.180749170939117965e-01
1.199574242113801426e-01
1.217814310551055546e-01
1.235467465220745076e-01
1.252532564999042364e-01
1.269009245647214901e-01
1.284897925472394398e-01
1.300199809591310041e-01
1.314916892717518382e-01
1.329051960392649556e-01
1.342608588582491491e-01
1.355591141559480406e-01
1.368004767994341064e-01
1.379855395181235067e-01
1.391149721322905985e-01
1.401895205804905287e-01
1.412100057391167673e-01
1.421773220276885963e-01
1.430924357938916647e-01
1.439563834728846137e-01
1.447702695159298336e-01
1.455352640840193723e-01
1.462526005028396414e-01
1.469235724761583095e-01
1.475495310555186845e-01
1.481318813649969701e-01
1.486720790807082582e-01
1.491716266657457102e-01
1.496320693622964770e-01
1.500549909437988993e-01
1.504420092311841983e-01
1.507947713784833776e-01
1.511149489343672492e-01
1.514042326875259248e-01
1.516643273051764551e-01
1.518969457754090480e-01
1.521038036655353032e-01
1.522866132100873793e-01
1.524470772436156973e-01
1.525868829949500183e-01
1.527076957611039065e-01
1.528111524805191579e-01
1.528988552268429613e-01
1.529723646459042186e-01
1.530331933599952399e-01
1.530827993649553631e-01
1.531225794468864254e-01
1.531538626465926700e-01
1.531779038010197269e-01
1.531958771920492179e-01
1.532088703339864744e-01
1.532178779319313955e-01
1.532237960439506164e-01
1.532274164805310923e-01
1.532294214752665529e-01
1.532303786607673024e-01
1.532307363846300563e-01
1.532308193972455601e-01
1.532308249538135436e-01
