-2.167904653554110841e-02
-2.167904223858445681e-02
-2.167901233130147334e-02
-2.167893180687057234e-02
-2.167877658374297439e-02
-2.167852379923704623e-02
-2.167815210313266475e-02
-2.167764195126556728e-02
-2.167697589912172609e-02
-2.167613889543169164e-02
-2.167511857576496018e-02
-2.167390548049705212e-02
-2.167249149773472008e-02
-2.167086805262144131e-02
-2.166902905660807177e-02
-2.166696866152374029e-02
-2.166468205527475113e-02
-2.166216325033706175e-02
-2.165940699913481218e-02
-2.165640685001614385e-02
-2.165315685955635991e-02
-2.164965070748899392e-02
-2.164588433927541744e-02
-2.164185374952990598e-02
-2.163755530694695672e-02
-2.163298333917950539e-02
-2.162813178073759099e-02
-2.162299260625314204e-02
-2.161755750032914869e-02
-2.161181752346220605e-02
-2.160576589024695154e-02
-2.159939662225054957e-02
-2.159270476295739594e-02
-2.158568434749239678e-02
-2.157832956708737385e-02
-2.157063355321036865e-02
-2.156258930940270838e-02
-2.155418950163606739e-02
-2.154542856353875921e-02
-2.153630184681041768e-02
-2.152680531421294341e-02
-2.151693386691978446e-02
-2.150668205008841177e-02
-2.149604342897130579e-02
-2.148501111387937992e-02
-2.147357797358318693e-02
-2.146173831156347050e-02
-2.144948769973521394e-02
-2.143682224878244724e-02
-2.142373728463532051e-02
-2.141022747404795756e-02
-2.139628664748383438e-02
-2.138190781620128572e-02
-2.136708371018358060e-02
-2.135180807213234513e-02
-2.133607619772858940e-02
-2.131988403600694817e-02
-2.130322734707417592e-02
-2.128610145767481296e-02
-2.126850151704729602e-02
-2.125042207923507134e-02
-2.123185770692087929e-02
-2.121280368840805161e-02
-2.119325685184023783e-02
-2.117321430638521157e-02
-2.115267273435329082e-02
-2.113162780965014212e-02
-2.111007475499997524e-02
-2.108800788969424772e-02
-2.106542136784844699e-02
-2.104230989183099657e-02
-2.101866980574793389e-02
-2.099449804774038142e-02
-2.096979143912393664e-02
-2.094454606423866092e-02
-2.091875776495446052e-02
-2.089242173446901121e-02
-2.086553296157079782e-02
-2.083808691259807222e-02
-2.081008055140518703e-02
-2.078151153921450542e-02
-2.075237739880126178e-02
-2.072267495347419192e-02
-2.069240072056206803e-02
-2.066155072768987785e-02
-2.063012064792237032e-02
-2.059810658135564909e-02
-2.056550581657875035e-02
-2.053231645604353811e-02
-2.049853621215375066e-02
-2.046416208305881085e-02
-2.042919053411786090e-02
-2.039361757193192126e-02
-2.035743879332665637e-02
-2.032065011194415100e-02
-2.028324875756683937e-02
-2.024523292310096909e-02
-2.020660095564925235e-02
-2.016735056644476318e-02
-2.012747948730016223e-02
-2.008698500050954891e-02
-2.004586448887926697e-02
-2.000411520019509254e-02
-1.996173592607963093e-02
-1.991872587979538062e-02
-1.987508455056350570e-02
-1.983081022229097809e-02
-1.978590096565092590e-02
-1.974035418373093487e-02
-1.969416704310774854e-02
-1.964733663082154913e-02
-1.959986112599671967e-02
-1.955173965658011520e-02
-1.950297148411235873e-02
-1.945355521415135028e-02
-1.940348912072532850e-02
-1.935277116352113538e-02
-1.930139914530763084e-02
-1.924937060744762868e-02
-1.919668439571368956e-02
-1.914333980943298125e-02
-1.908933719026430220e-02
-1.903467534277951748e-02
-1.897935406371589750e-02
-1.892337166744388968e-02
-1.886672782700478737e-02
-1.880942066986385219e-02
-1.875145044174443901e-02
-1.869281704628242280e-02
-1.863352141607757528e-02
-1.857356301297932721e-02
-1.851294112373815318e-02
-1.845165463436734127e-02
-1.838970219317637156e-02
-1.832708257375919442e-02
-1.826379503500808951e-02
-1.819984032627350312e-02
-1.813521924172239314e-02
-1.806993265188190992e-02
-1.800398051645619307e-02
-1.793736338380013534e-02
-1.787008098939668610e-02
-1.780213376474467160e-02
-1.773352168231912343e-02
-1.766424663087284158e-02
-1.759430963556713606e-02
-1.752371251009474801e-02
-1.745245484148120682e-02
-1.738053841357873816e-02
-1.730796196954074301e-02
-1.723472782843049611e-02
-1.716083431131149029e-02
-1.708628570367027796e-02
-1.701108136906500853e-02
-1.693522576845073180e-02
-1.685871769135145748e-02
-1.678156007866749705e-02
-1.670375283671422101e-02
-1.662529739398090067e-02
-1.654619521925413880e-02
-1.646644787270367186e-02
-1.638605915999137921e-02
-1.630503024723934519e-02
-1.622336442111147956e-02
-1.614106233677217034e-02
-1.605812715685096120e-02
-1.597455981445506865e-02
-1.589036322115041852e-02
-1.580553937999582687e-02
-1.572009203754197795e-02
-1.563402324851642308e-02
-1.554733523360655664e-02
-1.546002911048264226e-02
-1.537210651888297822e-02
-1.528356852132248603e-02
-1.519441659619196958e-02
-1.510465288588162640e-02
-1.501428050275086315e-02
-1.492330238766840719e-02
-1.483172140949090730e-02
-1.473954014024586590e-02
-1.464676183339679721e-02
-1.455338916758287804e-02
-1.445942534127959977e-02
-1.436487342671155520e-02
-1.426973750981924000e-02
-1.417402084725293346e-02
-1.407772650117924962e-02
-1.398085686731551959e-02
-1.388341493460206258e-02
-1.378540319659730604e-02
-1.368682457254293515e-02
-1.358768197666014588e-02
-1.348797939511131930e-02
-1.338772021163798891e-02
-1.328690738002030400e-02
-1.318554301851761375e-02
-1.308362970502286414e-02
-1.298116955364638989e-02
-1.287816523692986680e-02
-1.277461993042169203e-02
-1.267053771511179178e-02
-1.256592302542069474e-02
-1.246078050380792016e-02
-1.235511490397430551e-02
-1.224893195110867035e-02
-1.214223797091515920e-02
-1.203503864611448620e-02
-1.192733967667390996e-02
-1.181914679432901662e-02
-1.171046466180659940e-02
-1.160129659466789184e-02
-1.149164498385364316e-02
-1.138151152826301880e-02
-1.127089792110614122e-02
-1.115980616045265245e-02
-1.104823876519243908e-02
-1.093619942181052462e-02
-1.082369276440934072e-02
-1.071072297997265575e-02
-1.059729426168582768e-02
-1.048341084894013030e-02
-1.036907707302507989e-02
-1.025429665625036957e-02
-1.013907347482393556e-02
-1.002341142748135530e-02
-9.907314860643079771e-03
-9.790787536847336131e-03
-9.673833294808375366e-03
-9.556456231810488838e-03
-9.438661219826862542e-03
-9.320452964316570943e-03
-9.201836551327762653e-03
-9.082817148511602295e-03
-8.963400266405215436e-03
-8.843590462023974766e-03
-8.723391976094929320e-03
-8.602808819394470660e-03
-8.481845724320428298e-03
-8.360507266697818005e-03
-8.238798695192069144e-03
-8.116725598086403301e-03
-7.994294596615372436e-03
-7.871511513046401676e-03
-7.748382407763550195e-03
-7.624912412448401136e-03
-7.501107759825558288e-03
-7.376973213719292474e-03
-7.252514360856728015e-03
-7.127735654602182849e-03
-7.002642927593531394e-03
-6.877240532623606420e-03
-6.751533446602984295e-03
-6.625525889003175059e-03
-6.499223459733855304e-03
-6.372631200958702932e-03
-6.245754826532555135e-03
-6.118599695590880641e-03
-5.991172101769266095e-03
-5.863477426763158418e-03
-5.735521083567691331e-03
-5.607307813223938453e-03
-5.478843360115719097e-03
-5.350132976390416933e-03
-5.221182403005439343e-03
-5.091997103886535675e-03
-4.962583468115382840e-03
-4.832947289763210585e-03
-4.703094294229867578e-03
-4.573029760479324635e-03
-4.442759734283246303e-03
-4.312290112703939804e-03
-4.181626960713169527e-03
-4.050776147124634380e-03
-3.919744190851753851e-03
-3.788537180102195118e-03
-3.657160990325713373e-03
-3.525620962781340906e-03
-3.393923086773598802e-03
-3.262073026934732972e-03
-3.130076474851695156e-03
-2.997938612862672408e-03
-2.865665285385878003e-03
-2.733261940262386031e-03
-2.600734078694530438e-03
-2.468086836129798622e-03
-2.335326340093594327e-03
-2.202458764771743349e-03
-2.069490585589847664e-03
-1.936427800846286101e-03
-1.803276921343761191e-03
-1.670043886467954125e-03
-1.536734264202744421e-03
-1.403352816170332779e-03
-1.269904878209316551e-03
-1.136395963031409939e-03
-1.002831967993170897e-03
-8.692188585989191196e-04
-7.355633615108228551e-04
-6.018724571897025866e-04
-4.681525224817031927e-04
-3.344102557492033279e-04
-2.006518377949441378e-04
-6.688487810761756247e-05
6.688466764639619533e-05
2.006499868841826739e-04
3.344056923014031291e-04
4.681451690347650241e-04
6.018626344980425313e-04
7.355524320832446117e-04
8.692080949076509688e-04
1.002823725548510070e-03
1.136392330473766366e-03
1.269908329769170452e-03
1.403364839486231225e-03
1.536756037622290932e-03
1.670076144032306420e-03
1.803320416668356685e-03
1.936484119220961697e-03
2.069561787109087253e-03
2.202548488853491027e-03
2.335438941508175686e-03
2.468228345207157393e-03
2.600910755857950563e-03
2.733480834290254874e-03
2.865932484626174115e-03
2.998259806355152435e-03
3.130455443106552188e-03
3.262512479013553179e-03
3.394423611764677690e-03
3.526182200960268492e-03
3.657781018669103296e-03
3.789213816282697295e-03
3.920474536286154554e-03
4.051557723413434092e-03
4.182457223982950778e-03
4.313167361078239920e-03
4.443682537722429965e-03
4.573997600548662668e-03
4.704106912920110600e-03
4.834005098961331043e-03
4.963686924243631421e-03
5.093147090112593728e-03
5.222379658441893974e-03
5.351378548916575772e-03
5.480138062874680138e-03
5.608652720060301744e-03
5.736917004365460482e-03
5.864925408819901542e-03
5.992672918729888276e-03
6.120154228579696015e-03
6.247363666374766700e-03
6.374294870444354583e-03
6.500942135961865903e-03
6.627299604620554702e-03
6.753361710422768616e-03
6.879122686653176694e-03
7.004577446565227183e-03
7.129720843431927579e-03
7.254547270376391493e-03
7.379050797551991309e-03
7.503225615974131596e-03
7.627066319395952448e-03
7.750567227235535817e-03
7.873722730793619728e-03
7.996527543091842133e-03
8.118976458002136187e-03
8.241064002644276493e-03
8.362784119436052904e-03
8.484131453353204594e-03
8.605100564373909661e-03
8.725686506833467415e-03
8.845883591289002701e-03
8.965686909104885610e-03
9.085091065328360777e-03
9.204090690085802579e-03
9.322679601353450057e-03
9.440852345930426243e-03
9.558603804281834426e-03
9.675929379861062524e-03
9.792824377910656214e-03
9.909284691563862574e-03
1.002530635955711444e-02
1.014088509086389159e-02
1.025601603297755446e-02
1.037069446910612522e-02
1.048491611820690991e-02
1.059867685561432030e-02
1.071197258855023995e-02
1.082479956727976436e-02
1.093715456692001195e-02
1.104903411541892019e-02
1.116043445072273030e-02
1.127135180458120958e-02
1.138178286280895971e-02
1.149172395636079494e-02
1.160117092159191135e-02
1.171011890589366763e-02
1.181856283816755046e-02
1.192649689518779019e-02
1.203391460736629934e-02
1.214080969733404361e-02
1.224717715769041079e-02
1.235301292468605691e-02
1.245831369200145131e-02
1.256307712900119403e-02
1.266730123900983510e-02
1.277098434237341693e-02
1.287412386392772570e-02
1.297671739174638059e-02
1.307876257270221623e-02
1.318025748697346580e-02
1.328119948360237737e-02
1.338158597472791436e-02
1.348141434032561550e-02
1.358068163222019356e-02
1.367938448577716778e-02
1.377751923991092295e-02
1.387508288414316185e-02
1.397207276989699196e-02
1.406848617016241351e-02
1.416431991867979009e-02
1.425957119588116759e-02
1.435423652039830369e-02
1.444831214714601894e-02
1.454179385632092467e-02
1.463467871484135444e-02
1.472696383282453766e-02
1.481864746280727244e-02
1.490972701793826308e-02
1.500020089299402073e-02
1.509006658382574736e-02
1.517932127571397158e-02
1.526796134605478902e-02
1.535598367286707469e-02
1.544338586822310497e-02
1.553016542333763780e-02
1.561632033529268201e-02
1.570184848701110594e-02
1.578674829298024399e-02
1.587101751493405835e-02
1.595465369887469689e-02
1.603765510683294662e-02
1.612002003938303382e-02
1.620174763302388229e-02
1.628283537346603485e-02
1.636328214737651707e-02
1.644308480234818806e-02
1.652224167654453221e-02
1.660074897580978912e-02
1.667860553868640364e-02
1.675581007804546538e-02
1.683236270334525705e-02
1.690826370175032775e-02
1.698351261407466187e-02
1.705811057344730833e-02
1.713205577048633119e-02
1.720534858345262527e-02
1.727798631972783314e-02
1.734997048988284538e-02
1.742129906418489818e-02
1.749197356014548996e-02
1.756199145796587605e-02
1.763135425720474200e-02
1.770005883071538652e-02
1.776810602975409728e-02
1.783549290833838855e-02
1.790222168405252237e-02
1.796829149932977279e-02
1.803370455473419717e-02
1.809846035876224932e-02
1.816256001709766130e-02
1.822600292046389417e-02
1.828878816321500775e-02
1.835091513033988361e-02
1.841238359070384786e-02
1.847319463045714663e-02
1.853334843736456974e-02
1.859284576228900990e-02
1.865168666477760515e-02
1.870987117948433656e-02
1.876739869690289067e-02
1.882426874430384936e-02
1.888048231018950654e-02
1.893604059196950587e-02
1.899094550038949933e-02
1.904519793594104324e-02
1.909879943334077609e-02
1.915175050256814546e-02
1.920405162896179560e-02
1.925570307264841061e-02
1.930670642325542016e-02
1.935706393640478432e-02
1.940677806973083522e-02
1.945585070207734787e-02
1.950428370635485728e-02
1.955207799892589790e-02
1.959923424590856098e-02
1.964575242823777060e-02
1.969163407862496371e-02
1.973688113787199980e-02
1.978149627752187265e-02
1.982548154349133077e-02
1.986883923376437169e-02
1.991157129344152746e-02
1.995367919921338731e-02
1.999516467294887648e-02
2.003603020958355171e-02
2.007627966202798001e-02
2.011591665665006176e-02
2.015494445634887291e-02
2.019336544806038872e-02
2.023118147922446305e-02
2.026839344582179528e-02
2.030500191060024759e-02
2.034100850402558933e-02
2.037641579671988293e-02
2.041122720901535417e-02
2.044544552770650656e-02
2.047907398051554764e-02
2.051211512893421143e-02
2.054457174460023669e-02
2.057644599605110494e-02
2.060774155425066853e-02
2.063846297044069286e-02
2.066861568368378102e-02
2.069820437793739795e-02
2.072723339902345432e-02
2.075570623676360402e-02
2.078362558724649103e-02
2.081099346617727372e-02
2.083781238993026932e-02
2.086408597301888865e-02
2.088981803015178482e-02
2.091501193288573465e-02
2.093967024141809782e-02
2.096379530699039526e-02
2.098738888377489273e-02
2.101045289986519168e-02
2.103299026137807684e-02
2.105500592610700869e-02
2.107650587651078641e-02
2.109749634134525445e-02
2.111798300767822947e-02
2.113797137051178984e-02
2.115746604958163371e-02
2.117647120960827398e-02
2.119499123547667271e-02
2.121303170588438244e-02
2.123059868475401027e-02
2.124769768488675784e-02
2.126433326940106380e-02
2.128050921412375299e-02
2.129622854478003743e-02
2.131149364288786527e-02
2.132630739319946525e-02
2.134067415769392087e-02
2.135459941828167160e-02
2.136808862633987963e-02
2.138114674993175576e-02
2.139377834950869847e-02
2.140598771263073005e-02
2.141777887145643669e-02
2.142915668071205745e-02
2.144012763421365361e-02
2.145069970782885124e-02
2.146088075789938723e-02
2.147067787652527995e-02
2.148009721864675356e-02
2.148914393936314851e-02
2.149782217113758651e-02
2.150613583814496924e-02
2.151408992642828491e-02
2.152169032763973436e-02
2.152894289565044847e-02
2.153585248315609615e-02
2.154242333340072521e-02
2.154865905060369610e-02
2.155456304051579439e-02
2.156013912615686520e-02
2.156539320125316558e-02
2.157033290787750343e-02
2.157496690462499048e-02
2.157930323837467870e-02
2.158334983214415734e-02
2.158711354997348494e-02
2.159060067481686010e-02
2.159381635692742343e-02
2.159676651056895505e-02
2.159945705446919897e-02
2.160189390591813266e-02
2.160408113545814537e-02
2.160602233966376837e-02
2.160772003927025411e-02
2.160917720993630817e-02
2.161039679434627672e-02
2.161138456830613216e-02
2.161214784314382034e-02
2.161269690536245583e-02
2.161304543596232960e-02
2.161320989909613563e-02
2.161320913540832125e-02
2.161306396601810412e-02
2.161279679650242661e-02
2.161243122087895888e-02
2.161199162558905332e-02
2.161150279348074757e-02
2.161098950779173980e-02
