-3.120891347881912803e-02
-3.120890812389311153e-02
-3.120887082008415997e-02
-3.120877030582844963e-02
-3.120857645414855039e-02
-3.120826069591549345e-02
-3.120779644311085996e-02
-3.120715951208886257e-02
-3.120632854683841675e-02
-3.120528544224523970e-02
-3.120401576735391119e-02
-3.120250909668531233e-02
-3.120075717435311785e-02
-3.119875154425356262e-02
-3.119648668301401237e-02
-3.119395704264190522e-02
-3.119115754169028004e-02
-3.118808075611949338e-02
-3.118471895173001440e-02
-3.118106198799914033e-02
-3.117709944860897614e-02
-3.117282017901568461e-02
-3.116821565985749415e-02
-3.116327795730747599e-02
-3.115800008073787986e-02
-3.115237343566783917e-02
-3.114638942375978423e-02
-3.114003773974656844e-02
-3.113330783522336512e-02
-3.112618873794640098e-02
-3.111867184803212769e-02
-3.111074963547520028e-02
-3.110241536153587200e-02
-3.109366100732149224e-02
-3.108447815213429694e-02
-3.107485698644218280e-02
-3.106478702028023231e-02
-3.105425745414638894e-02
-3.104325937008151765e-02
-3.103178531157457787e-02
-3.101982847060963389e-02
-3.100738108344604574e-02
-3.099443465963489658e-02
-3.098097959741299978e-02
-3.096700520437078649e-02
-3.095250055823485849e-02
-3.093745604798825780e-02
-3.092186398894433350e-02
-3.090571726252798468e-02
-3.088900843252391157e-02
-3.087172928142060610e-02
-3.085387101809158525e-02
-3.083542373579314586e-02
-3.081637733075601529e-02
-3.079672274211656471e-02
-3.077645276868654425e-02
-3.075556090849904459e-02
-3.073404024025996190e-02
-3.071188321416076436e-02
-3.068908161101340654e-02
-3.066562637099062155e-02
-3.064150796687720862e-02
-3.061671789218257597e-02
-3.059124933713201766e-02
-3.056509633773241488e-02
-3.053825252697449366e-02
-3.051071081922017772e-02
-3.048246355540430719e-02
-3.045350216298662802e-02
-3.042381764097192368e-02
-3.039340167988492658e-02
-3.036224784285052047e-02
-3.033035053464927522e-02
-3.029770409799074221e-02
-3.026430205052388703e-02
-3.023013759230152447e-02
-3.019520295728134879e-02
-3.015949000802227442e-02
-3.012299097527084552e-02
-3.008569991281291600e-02
-3.004761173759967763e-02
-3.000872137313886912e-02
-2.996902291714947236e-02
-2.992851017037365113e-02
-2.988717603146858609e-02
-2.984501294724657000e-02
-2.980201346980154709e-02
-2.975817190211939647e-02
-2.971348337236803111e-02
-2.966794329897646729e-02
-2.962154624370625516e-02
-2.957428673424308818e-02
-2.952615862606517566e-02
-2.947715545951432037e-02
-2.942727095875798116e-02
-2.937650040893529518e-02
-2.932484029130837111e-02
-2.927228710168105347e-02
-2.921883685426969468e-02
-2.916448497940339613e-02
-2.910922669660697890e-02
-2.905305624255647909e-02
-2.899596832865210944e-02
-2.893795841322783710e-02
-2.887902368503926856e-02
-2.881916095993797278e-02
-2.875836697341755191e-02
-2.869663769084182872e-02
-2.863396913186490658e-02
-2.857035645046572536e-02
-2.850579504877431489e-02
-2.844028119780442343e-02
-2.837381262679989496e-02
-2.830638708798804623e-02
-2.823800198897319716e-02
-2.816865415611485846e-02
-2.809834041914438182e-02
-2.802705674860339613e-02
-2.795479942213368110e-02
-2.788156503433588881e-02
-2.780735221676116503e-02
-2.773215892368425736e-02
-2.765598382964017804e-02
-2.757882389567700362e-02
-2.750067755701234712e-02
-2.742154129112085378e-02
-2.734141312769711521e-02
-2.726029045593442862e-02
-2.717817349634138457e-02
-2.709506171834452637e-02
-2.701095535497042774e-02
-2.692585336255889222e-02
-2.683975540684027661e-02
-2.675266003664898695e-02
-2.666456607705819035e-02
-2.657547224620751200e-02
-2.648537899188094583e-02
-2.639428652476819015e-02
-2.630219530089136434e-02
-2.620910463967512233e-02
-2.611501464671993344e-02
-2.601992434821708000e-02
-2.592383341573418001e-02
-2.582674105556522284e-02
-2.572864873941504982e-02
-2.562955732158906166e-02
-2.552946865530455328e-02
-2.542838265329747105e-02
-2.532630082271343161e-02
-2.522322279871681838e-02
-2.511914972529324247e-02
-2.501408125484085032e-02
-2.490802001344931405e-02
-2.480096744614716103e-02
-2.469292643228267886e-02
-2.458389782993767453e-02
-2.447388402320379783e-02
-2.436288590873149362e-02
-2.425090531475355971e-02
-2.413794312992441696e-02
-2.402400216535690095e-02
-2.390908520416710342e-02
-2.379319545838667893e-02
-2.367633522278940472e-02
-2.355850719580009425e-02
-2.343971378234920022e-02
-2.331995728247230129e-02
-2.319923982085194888e-02
-2.307756448760261286e-02
-2.295493488569669630e-02
-2.283135440702127594e-02
-2.270682589739170948e-02
-2.258135198332300239e-02
-2.245493559941773298e-02
-2.232757904203047650e-02
-2.219928505363635146e-02
-2.207005675058905381e-02
-2.193989845517171217e-02
-2.180881424616142039e-02
-2.167680784186933746e-02
-2.154388310113439925e-02
-2.141004380558595224e-02
-2.127529394533415885e-02
-2.113963688981677913e-02
-2.100307718190205786e-02
-2.086561950887713679e-02
-2.072726904292154088e-02
-2.058802984153492235e-02
-2.044790635963812317e-02
-2.030690280060154507e-02
-2.016502370345026052e-02
-2.002227305591664994e-02
-1.987865576698678166e-02
-1.973417696327756793e-02
-1.958884212951930714e-02
-1.944265558043173359e-02
-1.929562171433151993e-02
-1.914774455709156165e-02
-1.899902826608407605e-02
-1.884947621970437664e-02
-1.869909286276531801e-02
-1.854788344272458034e-02
-1.839585430148125283e-02
-1.824301173457865480e-02
-1.808936254825496692e-02
-1.793491397087750017e-02
-1.777967373899620729e-02
-1.762364917931920349e-02
-1.746684798902408547e-02
-1.730927800999840227e-02
-1.715094689185574228e-02
-1.699186080967307610e-02
-1.683202547760685730e-02
-1.667144587949340173e-02
-1.651012717884998982e-02
-1.634807363864364954e-02
-1.618529009370037533e-02
-1.602178189937582264e-02
-1.585755558162325191e-02
-1.569261717418438118e-02
-1.552697335399922177e-02
-1.536063088953049452e-02
-1.519359723556040417e-02
-1.502587914915127359e-02
-1.485748376844831659e-02
-1.468841816440709727e-02
-1.451869010238012944e-02
-1.434830628540425396e-02
-1.417727349536567968e-02
-1.400559824578646861e-02
-1.383328778744552165e-02
-1.366034877131471620e-02
-1.348678833891182871e-02
-1.331261402116503192e-02
-1.313783417468147863e-02
-1.296245677957878761e-02
-1.278648965238252111e-02
-1.260994072495066898e-02
-1.243281827157039637e-02
-1.225513018261614046e-02
-1.207688412315267162e-02
-1.189808812881121627e-02
-1.171875040743025620e-02
-1.153887905376504291e-02
-1.135848128509198834e-02
-1.117756506093755056e-02
-1.099613812333552834e-02
-1.081420902446864757e-02
-1.063178561769888980e-02
-1.044887719519545580e-02
-1.026549310479166893e-02
-1.008164323965232007e-02
-9.897336527961205638e-03
-9.712582217541079754e-03
-9.527389298917613575e-03
-9.341766613388591267e-03
-9.155722050407245904e-03
-8.969263981260980345e-03
-8.782400641415818998e-03
-8.595140789176464874e-03
-8.407492087974637041e-03
-8.219463176918236774e-03
-8.031062351233859975e-03
-7.842298760729424917e-03
-7.653180513538006269e-03
-7.463716533845306950e-03
-7.273915752598641982e-03
-7.083787457151078520e-03
-6.893340251982064959e-03
-6.702582966439732393e-03
-6.511524857257061649e-03
-6.320175383676469860e-03
-6.128543703098524031e-03
-5.936639180304858349e-03
-5.744471565105577909e-03
-5.552050687151671715e-03
-5.359385662665906019e-03
-5.166485498078177835e-03
-4.973359309327331224e-03
-4.780016371975139705e-03
-4.586465312827248120e-03
-4.392714954895324958e-03
-4.198774254317760163e-03
-4.004652609729996565e-03
-3.810358532065013376e-03
-3.615900710401784290e-03
-3.421287639311473838e-03
-3.226528356292134025e-03
-3.031630985696066871e-03
-2.836604112103593284e-03
-2.641456439967791725e-03
-2.446197686964433904e-03
-2.250837040498044478e-03
-2.055384281054364187e-03
-1.859849333854145942e-03
-1.664242793995178438e-03
-1.468574414964302771e-03
-1.272853744427187433e-03
-1.077089979766118755e-03
-8.812923976885163324e-04
-6.854693384730700667e-04
-4.896285231386077186e-04
-2.937777712709137290e-04
-9.792478555548100871e-05
9.792255063855587194e-05
2.937572145297676074e-04
4.895705562992236359e-04
6.853548417826427208e-04
8.811005817553063668e-04
1.076800145700558542e-03
1.272442699485190620e-03
1.468018655725836230e-03
1.663515457921940777e-03
1.858922943123529625e-03
2.054228053949690158e-03
2.249419632617113973e-03
2.444484822263968959e-03
2.639413507114170276e-03
2.834194316351859588e-03
3.028817887122316199e-03
3.223274464793215999e-03
3.417556503694581249e-03
3.611655577162052599e-03
3.805563942043031778e-03
3.999273079404633280e-03
4.192775429791011088e-03
4.386062303725714318e-03
4.579124893985972444e-03
4.771953707918344390e-03
4.964540003312485628e-03
5.156874470206601613e-03
5.348947810092624655e-03
5.540750480263097189e-03
5.732273813652238870e-03
5.923508903156904370e-03
6.114446876420764898e-03
6.305078862748864088e-03
6.495396907204957493e-03
6.685393049615850902e-03
6.875059197243467424e-03
7.064387082153247843e-03
7.253368818262370676e-03
7.441996270292842997e-03
7.630260684436361573e-03
7.818153189208490450e-03
8.005665221729116321e-03
8.192788549861079739e-03
8.379514395478057653e-03
8.565834317385827290e-03
8.751740029362256590e-03
8.937223672437280553e-03
9.122276741530405131e-03
9.306890704719149310e-03
9.491057485295696650e-03
9.674769017241027780e-03
9.858017145975957185e-03
1.004079312541136110e-02
1.022308905459526351e-02
1.040489677028448579e-02
1.058620824796909637e-02
1.076701518116728734e-02
1.094731024759577898e-02
1.112708643233981803e-02
1.130633692430127457e-02
1.148505428293784131e-02
1.166323192007266696e-02
1.184086241434496173e-02
1.201793875736863193e-02
1.219445230011528825e-02
1.237039599978753679e-02
1.254576180864623580e-02
1.272054280593341163e-02
1.289473058200826805e-02
1.306831821104275509e-02
1.324129800605140794e-02
1.341366307956011472e-02
1.358540544543872242e-02
1.375651872930910846e-02
1.392699635751015741e-02
1.409683285957234050e-02
1.426602156625648293e-02
1.443455701386733153e-02
1.460243289468735745e-02
1.476964330140538573e-02
1.493618096590416944e-02
1.510203954201099624e-02
1.526721255660633270e-02
1.543169428261001452e-02
1.559547827627034977e-02
1.575855903408852204e-02
1.592093121057807509e-02
1.608258970434093410e-02
1.624352866158694508e-02
1.640374272288849800e-02
1.656322648276727094e-02
1.672197439444048084e-02
1.687998003028551991e-02
1.703723642792451948e-02
1.719373647884599177e-02
1.734947298807126836e-02
1.750443824505500123e-02
1.765862546909766073e-02
1.781202889298122427e-02
1.796464367948004404e-02
1.811646463105795468e-02
1.826748739679282668e-02
1.841770752574121983e-02
1.856712096460855221e-02
1.871572276398510842e-02
1.886350830805186979e-02
1.901047345492546531e-02
1.915661466242939842e-02
1.930192798318775688e-02
1.944640941174571869e-02
1.959005467545732460e-02
1.973285939340818640e-02
1.987481820852483178e-02
2.001592586721688549e-02
2.015617754989991461e-02
2.029556921599868363e-02
2.043409611590406988e-02
2.057175391176385010e-02
2.070853828512241729e-02
2.084444530148176628e-02
2.097947043067586309e-02
2.111360971002036735e-02
2.124685952794663768e-02
2.137921746796853789e-02
2.151068061338570758e-02
2.164124600121865999e-02
2.177091040394824734e-02
2.189967071242717583e-02
2.202752289011581516e-02
2.215446305070167821e-02
2.228048790475044977e-02
2.240559517921684313e-02
2.252978251132489035e-02
2.265304751923865462e-02
2.277538774344863709e-02
2.289680079777404315e-02
2.301728341026851310e-02
2.313683206159389966e-02
2.325544342430512640e-02
2.337311496587162613e-02
2.348984381469302468e-02
2.360562678764565464e-02
2.372046066461227370e-02
2.383434236586118998e-02
2.394726859629123239e-02
2.405923622971656989e-02
2.417024284748969798e-02
2.428028790723197466e-02
2.438937030565725000e-02
2.449749040918337839e-02
2.460464655487522301e-02
2.471083976357036499e-02
2.481606785139253007e-02
2.492033101715619703e-02
2.502362753097769899e-02
2.512595849684257088e-02
2.522732373217821678e-02
2.532772307353530622e-02
2.542715594352527864e-02
2.552562097052212681e-02
2.562311692959640813e-02
2.571964156389350276e-02
2.581519338082172155e-02
2.590977250830959339e-02
2.600337860898720849e-02
2.609601285164167561e-02
2.618767395771597756e-02
2.627836338377514264e-02
2.636807940222483937e-02
2.645682283215628622e-02
2.654459240009107018e-02
2.663139054406019751e-02
2.671721846145548585e-02
2.680207887585816379e-02
2.688597304544993599e-02
2.696890321453800782e-02
2.705087064557607640e-02
2.713187670600530205e-02
2.721192279840262129e-02
2.729101181640222057e-02
2.736914693623559297e-02
2.744633127623061913e-02
2.752256682973056728e-02
2.759785560974666735e-02
2.767219861931334568e-02
2.774559645483833104e-02
2.781804970586158887e-02
2.788956015342861083e-02
2.796013078228629795e-02
2.802976414976238173e-02
2.809846313099754328e-02
2.816622982144844495e-02
2.823306696397153565e-02
2.829897608390385261e-02
2.836395974429482825e-02
2.842802095621791564e-02
2.849116436984520939e-02
2.855339376784486738e-02
2.861471264635286060e-02
2.867512348743964101e-02
2.873462861029519450e-02
2.879322936895359342e-02
2.885092761075347401e-02
2.890772639141641481e-02
2.896363046359652638e-02
2.901864491585959271e-02
2.907277465029787372e-02
2.912602431589742663e-02
2.917839852826971392e-02
2.922990130828814065e-02
2.928053687640832375e-02
2.933031045025255579e-02
2.937922856191980264e-02
2.942729776190351754e-02
2.947452372021605593e-02
2.952091171293489552e-02
2.956646616113915021e-02
2.961119147455969214e-02
2.965509131066008247e-02
2.969817121043281244e-02
2.974043752261571610e-02
2.978189763024104153e-02
2.982255769640174831e-02
2.986242357429678973e-02
2.990150010415354442e-02
2.993979161434767028e-02
2.997730186374394923e-02
3.001403583281041232e-02
3.004999983453341544e-02
3.008520110186566066e-02
3.011964609218047845e-02
3.015334089811332052e-02
3.018629111938462423e-02
3.021850211057867941e-02
3.024997913526423360e-02
3.028072883241703095e-02
3.031075954611864298e-02
3.034008066597574521e-02
3.036870067249516220e-02
3.039662737098144246e-02
3.042386727099869598e-02
3.045042640533245776e-02
3.047630961376279757e-02
3.050152280702398550e-02
3.052607301807754026e-02
3.054996854256935429e-02
3.057321697610163036e-02
3.059582531111189330e-02
3.061779985574628743e-02
3.063914651276305329e-02
3.065987080375560947e-02
3.067997921661450023e-02
3.069947998188232025e-02
3.071838268842646408e-02
3.073669639058527331e-02
3.075442942866054435e-02
3.077158917611459710e-02
3.078818274457448267e-02
3.080421666834683853e-02
3.081969867684140191e-02
3.083463828412372210e-02
3.084904686764392695e-02
3.086293535441311797e-02
3.087631376882572776e-02
3.088919064901089750e-02
3.090157362557763299e-02
3.091346891559407922e-02
3.092488308199219799e-02
3.093582382599968650e-02
3.094630056123785777e-02
3.095632240527579349e-02
3.096589775379414433e-02
3.097503392900278346e-02
3.098373771697215256e-02
3.099201514335232083e-02
3.099987275178279350e-02
3.100731881284990443e-02
3.101436370560538280e-02
3.102101812862214508e-02
3.102729239384318521e-02
3.103319588323077277e-02
3.103873785155334547e-02
3.104392658087584689e-02
3.104877084885144384e-02
3.105328026877993142e-02
3.105746599341153297e-02
3.106133845900507090e-02
3.106490631052296475e-02
3.106817623127101913e-02
3.107115329866446535e-02
3.107384155456219960e-02
3.107624460218158524e-02
3.107836807397613976e-02
3.108021952881982741e-02
3.108180922428074866e-02
3.108315153927643237e-02
3.108426500342476723e-02
3.108517173876536310e-02
3.108589687879264457e-02
3.108646798748890966e-02
3.108691447835744415e-02
3.108726703345562892e-02
3.108755702242801261e-02
3.108781592153941897e-02
