0.000000000000000000e+00
-1.673575469840030833e-02
-3.395936396033116811e-02
-5.181218987264844811e-02
-7.043559452220778117e-02
-8.997093999586988633e-02
-1.105595883804885160e-01
-1.323429017629247917e-01
-1.554622422300342421e-01
-1.800589718686718965e-01
-2.062744527656995841e-01
-2.343685732658255527e-01
-2.642757277209718536e-01
-2.939469036405891189e-01
-3.242671772413385223e-01
-3.553126321454123104e-01
-3.885514380979220306e-01
-4.236487032831318666e-01
-4.613048572696365479e-01
-5.009953784834753066e-01
-5.418637550832048344e-01
-5.826392330799425867e-01
-6.229937646116711081e-01
-6.636794008852625604e-01
-7.054392913570121104e-01
-7.485731945015560163e-01
-7.934840946520902438e-01
-8.400189760998405530e-01
-8.875711027537316333e-01
-9.347018357096644747e-01
-9.810289881595698480e-01
-1.026868925611285954e+00
-1.073098942575694714e+00
-1.119889793372518927e+00
-1.167779073658751443e+00
-1.216704500163630964e+00
-1.266418406263372765e+00
-1.315491408455419453e+00
-1.363442693428017938e+00
-1.410343189770009831e+00
-1.457035274208404729e+00
-1.503723816281982151e+00
-1.550867227917746005e+00
-1.598614004338265504e+00
-1.646850278206391405e+00
-1.694421704619964997e+00
-1.740565324596509145e+00
-1.785360870979951331e+00
-1.829337451406899184e+00
-1.872999944965902275e+00
-1.916374413910060914e+00
-1.960153857437894942e+00
-2.003791400698127223e+00
-2.047114892388365526e+00
-2.088292997942209350e+00
-2.128422764983708859e+00
-2.166580418469787883e+00
-2.204849653881108207e+00
-2.241548415644547099e+00
-2.279092545582580343e+00
-2.315602802167149310e+00
-2.352329456090793691e+00
-2.386715637678006097e+00
-2.419893144038864907e+00
-2.451267806795849324e+00
-2.481962551295069819e+00
-2.511681484675629239e+00
-2.541004053883939573e+00
-2.570139492302605522e+00
-2.598589578246979670e+00
-2.625616750780674469e+00
-2.650681142349285757e+00
-2.674342367657057906e+00
-2.696735380031177520e+00
-2.718227457163562732e+00
-2.738841652824987261e+00
-2.759144996378596559e+00
-2.778701054306127460e+00
-2.796924515595452299e+00
-2.813170703873679734e+00
-2.827975231449280535e+00
-2.841464279345299548e+00
-2.854119358400101003e+00
-2.865733692981141445e+00
-2.877222084688126902e+00
-2.887905947002333384e+00
-2.897877403489141912e+00
-2.905723338423036317e+00
-2.912630606441148906e+00
-2.917892070547029704e+00
-2.922768603595475856e+00
-2.926179086112596472e+00
-2.929636106528372697e+00
-2.932214299044159311e+00
-2.934159361882771488e+00
-2.934411257776867288e+00
-2.933212504996433267e+00
-2.931077015998369451e+00
-2.927861460592064979e+00
-2.923918640455766660e+00
-2.919432456359868588e+00
-2.914435251572249808e+00
-2.909284967408412914e+00
-2.901892698596648223e+00
-2.894593751973313811e+00
-2.884651764596852352e+00
-2.875955627773194578e+00
-2.864298166684364766e+00
-2.854343112678058514e+00
-2.841895432704208524e+00
-2.831134735316409134e+00
-2.817207333683201753e+00
-2.804037528437448135e+00
-2.788151031644744204e+00
-2.773384965417053927e+00
-2.756181784934736090e+00
-2.740080196673870816e+00
-2.722287481760622185e+00
-2.705571815951262504e+00
-2.686877923234438192e+00
-2.668107570175909160e+00
-2.647842308345638607e+00
-2.627631369472382517e+00
-2.606376708225394356e+00
-2.584925255925142995e+00
-2.563017410754111047e+00
-2.541106700894667725e+00
-2.518369203999893724e+00
-2.494679968529914138e+00
-2.470227852555276105e+00
-2.445388357527140677e+00
-2.419971325213627455e+00
-2.394168287851258459e+00
-2.368270271213936518e+00
-2.342497397771321488e+00
-2.316456861887475238e+00
-2.289873846350911180e+00
-2.262709191413363907e+00
-2.235252454002794043e+00
-2.207563100064561024e+00
-2.179052102994800233e+00
-2.150546284126071406e+00
-2.121600212870946134e+00
-2.092594594101474748e+00
-2.062401827906030327e+00
-2.032067697247372795e+00
-2.000982614861448017e+00
-1.970128117939447865e+00
-1.938492624145951027e+00
-1.907127966938589214e+00
-1.875513040240151419e+00
-1.844264700162182580e+00
-1.812086010280348880e+00
-1.779792986568041302e+00
-1.746911573135468299e+00
-1.714297104731774102e+00
-1.680996335577925382e+00
-1.647986190379350901e+00
-1.614718547406220228e+00
-1.582021517037220049e+00
-1.548478863937074790e+00
-1.514991289895137205e+00
-1.480813056397646710e+00
-1.447101613841291545e+00
-1.412656467612651845e+00
-1.378447936985121913e+00
-1.344027522805928854e+00
-1.310062962634871875e+00
-1.275622712526972347e+00
-1.240929798161604314e+00
-1.205862574636687556e+00
-1.171026483617897185e+00
-1.135676833490526061e+00
-1.100538614268578019e+00
-1.064960664620714592e+00
-1.030217027110522654e+00
-9.946627151403831801e-01
-9.593714390043361906e-01
-9.232879345380866631e-01
-8.878087580236844190e-01
-8.518712273732144125e-01
-8.160590963577777357e-01
-7.802043900273748500e-01
-7.447301270701178755e-01
-7.092692529265125501e-01
-6.733924469047369854e-01
-6.374101573339242544e-01
-6.013562303326150937e-01
-5.654004448536156247e-01
-5.290814780866388567e-01
-4.928948843753716558e-01
-4.567460195670267620e-01
-4.208011330877838296e-01
-3.842703533410926076e-01
-3.477602752994706226e-01
-3.109395002945903874e-01
-2.747257277474707826e-01
-2.375662416554848999e-01
-2.015534132158843250e-01
-1.644365518441031349e-01
-1.293510046109480061e-01
-9.195176149770832585e-02
-5.650875182359239163e-02
-1.872096386516797911e-02
1.679206565846108959e-02
5.426764027242202137e-02
9.029992853864557412e-02
1.269794521174940072e-01
1.630187080599977967e-01
1.992287323331945192e-01
2.360869747902940019e-01
2.723233683533069494e-01
3.091038558693858240e-01
3.452578326233768924e-01
3.821591822529930571e-01
4.183287341428494344e-01
4.546313211603028037e-01
4.906871659611622416e-01
5.273721822916299651e-01
5.638365885498066721e-01
6.004575420247135753e-01
6.367789805469603603e-01
6.734527808043881958e-01
7.095783823747182639e-01
7.455717549213809470e-01
7.811810867750849097e-01
8.172430033331573584e-01
8.530975490040040299e-01
8.888135972631074910e-01
9.243249779343359895e-01
9.598091189763623410e-01
9.952438674515743378e-01
1.030018800907222198e+00
1.065119726433356284e+00
1.099976768271476724e+00
1.135618254479020317e+00
1.170494084486270348e+00
1.205825565615545436e+00
1.240703577274284264e+00
1.275791395689645391e+00
1.310242424183273746e+00
1.344454447469049629e+00
1.378970574417361927e+00
1.413289490667908765e+00
1.447808857608182231e+00
1.481558346875530452e+00
1.515709306437545756e+00
1.549181050266409621e+00
1.582555898319355281e+00
1.615210286783475224e+00
1.648176489495219110e+00
1.681167041462803713e+00
1.714043253665371802e+00
1.746641362571253131e+00
1.779002412348666740e+00
1.811319219393695334e+00
1.843000165810204649e+00
1.874359483756327549e+00
1.905575151608457807e+00
1.937055131732390745e+00
1.968335728486826364e+00
1.999415500691423597e+00
2.030223516479888524e+00
2.060842585035667973e+00
2.090907107428705114e+00
2.120040972478045571e+00
2.148908545160586492e+00
2.177658978581614946e+00
2.206184169942303264e+00
2.234136297583819708e+00
2.261820954264989858e+00
2.289073687412202851e+00
2.315804319786499921e+00
2.342008560542301332e+00
2.367743771025462518e+00
2.393596723199885812e+00
2.419375114771737945e+00
2.444498863959528645e+00
2.469206334272575631e+00
2.493402893182300684e+00
2.517020584748914214e+00
2.539429061772381591e+00
2.561581665433920296e+00
2.583130552030344251e+00
2.604921333560237251e+00
2.625807463630449590e+00
2.646436157630624120e+00
2.666183525934212373e+00
2.685536571987952481e+00
2.703526316971256449e+00
2.720931098564174810e+00
2.737839130669826204e+00
2.754794363291187320e+00
2.771007086142203590e+00
2.786772792525749498e+00
2.801596623327478497e+00
2.815830775380518070e+00
2.828530458755694532e+00
2.840496373648286887e+00
2.851512595080916146e+00
2.862885247664272548e+00
2.872987892999526949e+00
2.883260316307040494e+00
2.891680785603845560e+00
2.900515348257065362e+00
2.906690198548048887e+00
2.912994112182738071e+00
2.917229631030195058e+00
2.922308197642608629e+00
2.925821582681191302e+00
2.929227000077456289e+00
2.931093369564741202e+00
2.932370815813187370e+00
2.931885344210428457e+00
2.930168450210761222e+00
2.927297001780808205e+00
2.924307884359347742e+00
2.920501947848863189e+00
2.916192739066594264e+00
2.910438815268014512e+00
2.904079175713324634e+00
2.895681424662649217e+00
2.886220977158161727e+00
2.874981350588631912e+00
2.863970307323039144e+00
2.851874841256993420e+00
2.839681535141631130e+00
2.825806990021734411e+00
2.811374558595512774e+00
2.794797438601268169e+00
2.776812011795328328e+00
2.757011530178878012e+00
2.736934881075280934e+00
2.716225192067010852e+00
2.695053725914953624e+00
2.672697536937722163e+00
2.649440005823894495e+00
2.624475942455585464e+00
2.597851806418825849e+00
2.569507383170715809e+00
2.540698896456117684e+00
2.511504047542825635e+00
2.482010911037526579e+00
2.451562496843172401e+00
2.420313927043372892e+00
2.387567998311726392e+00
2.353180441555593916e+00
2.317028679829050475e+00
2.280327922287908038e+00
2.243379227914061413e+00
2.206344431771217085e+00
2.168567675355745017e+00
2.130082994097939775e+00
2.090315964942326410e+00
2.048955418782462345e+00
2.005928077233032347e+00
1.962313376189718905e+00
1.918832350672129206e+00
1.875652679430021230e+00
1.832319933364712883e+00
1.788594742574551422e+00
1.744106751018966062e+00
1.698144139462518520e+00
1.650791098802179668e+00
1.602597324792967459e+00
1.554966483722759918e+00
1.507736802347304783e+00
1.461055589889503015e+00
1.414235051432975787e+00
1.367223420782113452e+00
1.319165392952365456e+00
1.269856489369816099e+00
1.220067282976271095e+00
1.170858747389208254e+00
1.122937330427350222e+00
1.075926508734366571e+00
1.029680662159284665e+00
9.837370218501350072e-01
9.374492960581333190e-01
8.904288856434570132e-01
8.430922656623285327e-01
7.969038150076562799e-01
7.523590583943988719e-01
7.096756555365870689e-01
6.682781873459725519e-01
6.279698309802876910e-01
5.878379388888271828e-01
5.471585203186006829e-01
5.063499527696472269e-01
4.664307673768665063e-01
4.288621482595014744e-01
3.933851497800635033e-01
3.604530335862363710e-01
3.290162434175947781e-01
2.991575984866351456e-01
2.691678356352205648e-01
2.397699115799470093e-01
2.112913139338013779e-01
1.843007768591113371e-01
1.588733855171678144e-01
1.349114107316295441e-01
1.123171233261642393e-01
9.099279412443120330e-02
7.084069395009588710e-02
5.176309362682327692e-02
3.366226397827330741e-02
1.644047582811107577e-02
1.405126015541213746e-15
