0.000000000000000000e+00
-1.421820426655793536e-02
-2.871193409779769848e-02
-4.355337264901507771e-02
-5.881470307550571569e-02
-7.456810853256942706e-02
-9.088577217550040943e-02
-1.078398771595986683e-01
-1.255026066401598028e-01
-1.439461437724791626e-01
-1.632426717118571347e-01
-1.836420970002763109e-01
-2.052565507217092855e-01
-2.260892932312792147e-01
-2.470608062965526930e-01
-2.682420128335568088e-01
-2.911021042919929025e-01
-3.153123165706979147e-01
-3.415757670161710946e-01
-3.693976633526856457e-01
-3.979611843447639630e-01
-4.260668636454386093e-01
-4.534170944649961177e-01
-4.807910156397334211e-01
-5.089259185285881504e-01
-5.381494604108776336e-01
-5.688518767700567746e-01
-6.009175502659336310e-01
-6.337550165250563916e-01
-6.660068173489127608e-01
-6.973145133776852411e-01
-7.280347560795967787e-01
-7.590353198435813020e-01
-7.905126894530082327e-01
-8.229882911861040595e-01
-8.564224590042692764e-01
-8.905724816238517194e-01
-9.240777708589321682e-01
-9.564919954919948175e-01
-9.879157296748866113e-01
-1.019210150223808231e+00
-1.050565829043273558e+00
-1.082470125239105796e+00
-1.115018794627380849e+00
-1.148152147901926323e+00
-1.180699800936041877e+00
-1.211988209803414707e+00
-1.242079685488559404e+00
-1.271555804425540170e+00
-1.300902197674473015e+00
-1.330180283671821950e+00
-1.360055409145301208e+00
-1.390013896199648658e+00
-1.419891536482556615e+00
-1.447926803117015604e+00
-1.475214132948842405e+00
-1.500867187991862695e+00
-1.526935066463678492e+00
-1.551759140126422798e+00
-1.577692993159012680e+00
-1.602872365866855331e+00
-1.628527381111384287e+00
-1.652150808369034829e+00
-1.674890355427866018e+00
-1.696160085086902081e+00
-1.717108246290451889e+00
-1.737406928187069433e+00
-1.757666126177858557e+00
-1.778019281756597403e+00
-1.798036840420542015e+00
-1.816934817193414986e+00
-1.834274333566564330e+00
-1.850552946475861660e+00
-1.865992655947311452e+00
-1.880908062506133849e+00
-1.895359533143960995e+00
-1.909880952981689584e+00
-1.924008545846884521e+00
-1.937225803691723369e+00
-1.948791878073153461e+00
-1.959374520455981150e+00
-1.968912226041461988e+00
-1.978071464603989416e+00
-1.986414561890243791e+00
-1.995046835565135401e+00
-2.003068495677039262e+00
-2.010794104149150829e+00
-2.016633855803660946e+00
-2.021978323493961227e+00
-2.025915757766861613e+00
-2.029922445790832697e+00
-2.032646840972288871e+00
-2.035875756533047642e+00
-2.038284485584404671e+00
-2.040593767873053022e+00
-2.041186023676075489e+00
-2.040986111591229335e+00
-2.039789317503959420e+00
-2.038193945387218431e+00
-2.035867468490322629e+00
-2.033536130385603435e+00
-2.030821486439731594e+00
-2.028220236053805081e+00
-2.023765852977046364e+00
-2.019408924892349688e+00
-2.013000336372098964e+00
-2.007693213242883523e+00
-2.000083725294234949e+00
-1.994016776146429137e+00
-1.986033900239599248e+00
-1.979641878652037779e+00
-1.970548069215077192e+00
-1.962244474949543793e+00
-1.951577023739356598e+00
-1.942129491468121305e+00
-1.930530828099989771e+00
-1.920154355885072883e+00
-1.908299886259131606e+00
-1.897651766089039072e+00
-1.885187007084326627e+00
-1.872835612383126458e+00
-1.859103169566404201e+00
-1.845656528068556845e+00
-1.831245388819461306e+00
-1.816861641915176406e+00
-1.802063723107233173e+00
-1.787455092382327804e+00
-1.772066018350549665e+00
-1.755962170156861735e+00
-1.739172322671740378e+00
-1.722220873875194513e+00
-1.704802991119998890e+00
-1.687236995446665500e+00
-1.669620628262370232e+00
-1.652343625818245787e+00
-1.634788322190365184e+00
-1.616842571119081917e+00
-1.598301910698444184e+00
-1.579616498907752575e+00
-1.560614239107882550e+00
-1.540973511452771838e+00
-1.521252775963982673e+00
-1.501229260286007339e+00
-1.481144048037255745e+00
-1.460007183670080755e+00
-1.438807962496047033e+00
-1.416933825983825557e+00
-1.395484106171720917e+00
-1.373246073733215944e+00
-1.351530179241480223e+00
-1.329483057004180457e+00
-1.308000278110926562e+00
-1.285515515108930362e+00
-1.263055498697109202e+00
-1.239977702306126695e+00
-1.217196968986141048e+00
-1.193778783046833603e+00
-1.170556559547563769e+00
-1.147222373435674792e+00
-1.124257846694974416e+00
-1.100724183200524342e+00
-1.076994968740595082e+00
-1.052920410934109485e+00
-1.029047505652841199e+00
-1.004783429145607254e+00
-9.805535615011473638e-01
-9.563318964239797548e-01
-9.324614903150884038e-01
-9.081847402766368704e-01
-8.836922016318426998e-01
-8.588375281146001239e-01
-8.342501800962102143e-01
-8.092654542655285388e-01
-7.843713182430793740e-01
-7.593203635002514496e-01
-7.347456156802009142e-01
-7.098057977835393606e-01
-6.846268219390057030e-01
-6.591295110368013965e-01
-6.337803362385541206e-01
-6.082864113430745956e-01
-5.826921950890049384e-01
-5.571577092761215155e-01
-5.319643323548688407e-01
-5.067299217533129951e-01
-4.811680900607356870e-01
-4.553764408873268166e-01
-4.296193034796043642e-01
-4.038493265603796400e-01
-3.778274994389566044e-01
-3.518617985219414934e-01
-3.260646428437630195e-01
-3.004244932039871752e-01
-2.743842731125642476e-01
-2.483075615942569314e-01
-2.221252619371529291e-01
-1.963735510970180953e-01
-1.699305955351777531e-01
-1.442969657688901175e-01
-1.179162430680448514e-01
-9.304136464009632457e-02
-6.637727892841549515e-02
-4.102705949964604443e-02
-1.392671457770205956e-02
1.154354903297745948e-02
3.843928929669103434e-02
6.441856938617063211e-02
9.067404545125193338e-02
1.166389672919373455e-01
1.425456532148790534e-01
1.692595254100615620e-01
1.952000519389337774e-01
2.217667632775646713e-01
2.475565393161035244e-01
2.741433006494023994e-01
2.998825703642790663e-01
3.258065614534970122e-01
3.514559625325637260e-01
3.777142460775330113e-01
4.038667037672868942e-01
4.300048217739089185e-01
4.561165414028203191e-01
4.822776186767586681e-01
5.082555652519995526e-01
5.337769903794719051e-01
5.592626600195966802e-01
5.849330121727980281e-01
6.105790515890429093e-01
6.360863611969838072e-01
6.612448854747887683e-01
6.866961038418425423e-01
7.115850524299547342e-01
7.364721693742861675e-01
7.608322217943013221e-01
7.858948210637953791e-01
8.106929611592059715e-01
8.358230770044978719e-01
8.603903572421165435e-01
8.855050060574738424e-01
9.099390567230873916e-01
9.345377504575433925e-01
9.581694492313422851e-01
9.827376271823777820e-01
1.006550027052363738e+00
1.031101250332693953e+00
1.054471205567877323e+00
1.078740779332860278e+00
1.101972705901046234e+00
1.125560241198716893e+00
1.148142595085530404e+00
1.171314584665794190e+00
1.194345149313051690e+00
1.217451254541806138e+00
1.240264881315770618e+00
1.262960865274429301e+00
1.285667897043968999e+00
1.307833476701950381e+00
1.329650476008569226e+00
1.351488978973316435e+00
1.373335685931156291e+00
1.395232115727656153e+00
1.416518346245967397e+00
1.437930879180371990e+00
1.458733120111021631e+00
1.479545822795267807e+00
1.499104135994516529e+00
1.519053802757001970e+00
1.538555942772604768e+00
1.558589046163986191e+00
1.577570514320358219e+00
1.597009353845750379e+00
1.615341257997945812e+00
1.633823240488449180e+00
1.651091529657433554e+00
1.668627283865935951e+00
1.685740902526854601e+00
1.703559011439483850e+00
1.720415253562306512e+00
1.737605665952848710e+00
1.754104669084599610e+00
1.770527385102919737e+00
1.785668650562009629e+00
1.800629026069673122e+00
1.815127760818040281e+00
1.829663577494547777e+00
1.843759775533086342e+00
1.857346518308379713e+00
1.870666018571639944e+00
1.883399590130418799e+00
1.895311858075841460e+00
1.906529696413751918e+00
1.917650311712841615e+00
1.928691341957459615e+00
1.939372890977668407e+00
1.949516510122537793e+00
1.959203475194758015e+00
1.968264000685187920e+00
1.976402013956345849e+00
1.983773767684746669e+00
1.990792334265726105e+00
1.998057607656866352e+00
2.004670842390984475e+00
2.011164333669449356e+00
2.016525849447610153e+00
2.021813692353400693e+00
2.025338075440928698e+00
2.028475503135042768e+00
2.030584421765769587e+00
2.033168501132510020e+00
2.035134220028377516e+00
2.036938369184371211e+00
2.037894361133630206e+00
2.038407872743130511e+00
2.037547305394924457e+00
2.035725437324107823e+00
2.032922007521536845e+00
2.030320854523024021e+00
2.027181901767251659e+00
2.023859938182896112e+00
2.019531111322801831e+00
2.014850699426056657e+00
2.008596837615096664e+00
2.001423621716141188e+00
1.992946266829819235e+00
1.984737620510750311e+00
1.975910594848745205e+00
1.967084914015249542e+00
1.957124959553681487e+00
1.946811776858767384e+00
1.934969833304420517e+00
1.922013706551147783e+00
1.907753391633130624e+00
1.893536648328798533e+00
1.879040495916730169e+00
1.864484517960155019e+00
1.849009601266309311e+00
1.833102722027560416e+00
1.815701125058518439e+00
1.797104433847706906e+00
1.777030193093796839e+00
1.756880346488352007e+00
1.736615383449968464e+00
1.716427655638179672e+00
1.695584627996319593e+00
1.674350588721783550e+00
1.651845776022970780e+00
1.628180717568138203e+00
1.602849377324827351e+00
1.577505430075819559e+00
1.551946793136316893e+00
1.526874050535014682e+00
1.501167885513719380e+00
1.475270213980924616e+00
1.448290324605099322e+00
1.420092157076898953e+00
1.390512571255651642e+00
1.360529503581229260e+00
1.330973216841157880e+00
1.301767888076097890e+00
1.272753719535322237e+00
1.243389074321427978e+00
1.213625268069397745e+00
1.182447710947782449e+00
1.150184347088949011e+00
1.117141421896112208e+00
1.084836120197947285e+00
1.053021594105172820e+00
1.021859238537611070e+00
9.906236831549328770e-01
9.592632081467278304e-01
9.268210849415153829e-01
8.932102588753776384e-01
8.589281366131111817e-01
8.252573751713934147e-01
7.925783085190941657e-01
7.608542238278583891e-01
7.296785019720892773e-01
6.988455075994448595e-01
6.675118935201187487e-01
6.353619050055971940e-01
6.027413083455281928e-01
5.710289280402326417e-01
5.407858020827684964e-01
5.120799530037644098e-01
4.845091182137797881e-01
4.576053740208986809e-01
4.307200228161113809e-01
4.028389887031189054e-01
3.745500251715815909e-01
3.466561973246991557e-01
3.206113814781067495e-01
2.961628016190617219e-01
2.736127401717393659e-01
2.521311886223646104e-01
2.315661320110016519e-01
2.104316990080040417e-01
1.893084697618771239e-01
1.684824398053041961e-01
1.483697626235440381e-01
1.290580458060664459e-01
1.105189653163650698e-01
9.272419711794036012e-02
7.564541717428625855e-02
5.925430144890152934e-02
4.352252590528466608e-02
2.842176650692998519e-02
1.392369921733605312e-02
1.226449497515602616e-15
