0.000000000000000000e+00
-7.327538742423400295e-03
-1.464489948035502080e-02
-2.187354897637701356e-02
-2.893495399307157920e-02
-3.575058129302281784e-02
-4.224189763881232296e-02
-4.833036979302410274e-02
-5.393746451824036475e-02
-5.898464857704351083e-02
-6.339338873201726121e-02
-6.735470991537209628e-02
-7.138969426995395162e-02
-7.421694539377252098e-02
-7.682054964490614424e-02
-7.906148952238091498e-02
-8.200445258211960797e-02
-8.520716001627051672e-02
-8.915136203357154621e-02
-9.347172570907989753e-02
-9.778458781094298558e-02
-1.014407416598242656e-01
-1.043554038151525976e-01
-1.070476070346260966e-01
-1.098686628849459557e-01
-1.129904584096444453e-01
-1.164363616580274957e-01
-1.202993453425220682e-01
-1.241085456110879726e-01
-1.274261355990558287e-01
-1.299978846226452489e-01
-1.323788033917763229e-01
-1.349154493116027642e-01
-1.377915265065990658e-01
-1.410124539692165502e-01
-1.445905780260220985e-01
-1.482342536758840534e-01
-1.513342865838644691e-01
-1.537003446109642679e-01
-1.556164967697175605e-01
-1.576609678117217028e-01
-1.598723232651011461e-01
-1.624814471672823557e-01
-1.653390803699426037e-01
-1.685114866721558191e-01
-1.712093610661402365e-01
-1.734117683396493581e-01
-1.750601084114652706e-01
-1.769429931521199761e-01
-1.788798514733963563e-01
-1.812290046057383475e-01
-1.836793286488404287e-01
-1.864236101210090535e-01
-1.887771731255112606e-01
-1.905196341558317852e-01
-1.918206062764269137e-01
-1.930638591544082960e-01
-1.946937963669251315e-01
-1.964160785466717574e-01
-1.986104810345923066e-01
-2.008686077897436639e-01
-2.030907762587281784e-01
-2.046493877795757532e-01
-2.057037358452543929e-01
-2.067147238863628333e-01
-2.077832065382628768e-01
-2.091681745297085671e-01
-2.105148576884227352e-01
-2.122728810507192865e-01
-2.137030827039069214e-01
-2.148582961289981497e-01
-2.153571491495817614e-01
-2.159544558146320459e-01
-2.166862350811488980e-01
-2.177290306343869219e-01
-2.189338053700545794e-01
-2.203180677330205117e-01
-2.217464755755477190e-01
-2.225726775090114407e-01
-2.230704203353660320e-01
-2.230833091152368830e-01
-2.236116144284099883e-01
-2.238632370377130199e-01
-2.247174369712252595e-01
-2.251954872845560451e-01
-2.262702385256985527e-01
-2.264126187366279630e-01
-2.267085428774051614e-01
-2.261376950074803216e-01
-2.264725877520161468e-01
-2.261727306860396858e-01
-2.268439839065332642e-01
-2.265890851866617095e-01
-2.275332997730993567e-01
-2.267893494523497422e-01
-2.271761078880573936e-01
-2.254769704239984462e-01
-2.258816205652189324e-01
-2.244982714888098252e-01
-2.251008822628958461e-01
-2.241736785921094322e-01
-2.245048109622657106e-01
-2.240245445293905791e-01
-2.230034589624330377e-01
-2.224423149960913504e-01
-2.206484328883729362e-01
-2.207373989391563096e-01
-2.189444355286818411e-01
-2.191310540222191627e-01
-2.175166268748307541e-01
-2.174079633159140823e-01
-2.156530283399280545e-01
-2.145796028722677384e-01
-2.130236371821341568e-01
-2.120441607726470112e-01
-2.110719967978946787e-01
-2.100955099784028723e-01
-2.092927379017067435e-01
-2.082497943862266221e-01
-2.069750727669643076e-01
-2.052109003782837948e-01
-2.035459120967928193e-01
-2.019673903946087867e-01
-2.005891145744626014e-01
-1.991587214016720120e-01
-1.978480755182365769e-01
-1.964901695691849692e-01
-1.950427285401060973e-01
-1.931413169772354388e-01
-1.915556444818451165e-01
-1.899801001064201078e-01
-1.886910122454475147e-01
-1.869540285493605236e-01
-1.855271583100955579e-01
-1.833901034854323320e-01
-1.815480498564938927e-01
-1.787847555210088923e-01
-1.763438201779776171e-01
-1.736587090462922978e-01
-1.717424084527167660e-01
-1.693940910017652512e-01
-1.677316520677457068e-01
-1.659212667273109731e-01
-1.643489313635847215e-01
-1.622970386752795868e-01
-1.604888206638815373e-01
-1.585168554991178702e-01
-1.569237878538146391e-01
-1.550314297705643884e-01
-1.531509536266401628e-01
-1.511097664711670840e-01
-1.490965265727464961e-01
-1.466775952165255137e-01
-1.442172429795351984e-01
-1.418518711357271422e-01
-1.396609614545244460e-01
-1.373566631056371834e-01
-1.349786241885461424e-01
-1.324688776123863487e-01
-1.300068278007877887e-01
-1.271248582441556751e-01
-1.242739705264928746e-01
-1.212693372354045340e-01
-1.187480705335612063e-01
-1.159151246122452905e-01
-1.133130084323661912e-01
-1.104718106400646993e-01
-1.079406491235157944e-01
-1.050897728979352380e-01
-1.022312553960067760e-01
-9.944661467442041103e-02
-9.678357601449383285e-02
-9.429180551363798568e-02
-9.137230279916261355e-02
-8.874669110191811539e-02
-8.574488562601495500e-02
-8.303911846726186319e-02
-7.977261815604319573e-02
-7.689069421126364101e-02
-7.392597032938438839e-02
-7.113293036276309433e-02
-6.811700015330642011e-02
-6.500544506310867998e-02
-6.209413045424614502e-02
-5.897726366391432135e-02
-5.595849540348449974e-02
-5.275735004141479667e-02
-4.993749487885734695e-02
-4.709571709027100123e-02
-4.412661032562394808e-02
-4.119528379188998335e-02
-3.806786947352132355e-02
-3.535598807521622006e-02
-3.186437554784097431e-02
-2.927068313713248118e-02
-2.564630087418657764e-02
-2.364378117652961298e-02
-1.964233967630484023e-02
-1.753190561043364154e-02
-1.320606991374448716e-02
-1.111671146463442603e-02
-6.845804957286592482e-03
-4.239085822487375158e-03
-5.972630599757398732e-04
2.396477990803642412e-03
5.351674001431374825e-03
9.167454013692193440e-03
1.167551072437197912e-02
1.554763313536763544e-02
1.773191991202638373e-02
2.160090913992351869e-02
2.371646131471445360e-02
2.703513833427928503e-02
2.922520989754702481e-02
3.263798575538971042e-02
3.513273276525207683e-02
3.854387216274085537e-02
4.108674735977414783e-02
4.482272562385200554e-02
4.746547964020461641e-02
5.111581140183595051e-02
5.372095582783630724e-02
5.758521699000627297e-02
6.035336083888731551e-02
6.386948678142675973e-02
6.635377643400761083e-02
6.962824537602095576e-02
7.207753702301741838e-02
7.500399451066264156e-02
7.739028727538455055e-02
8.050365672575268694e-02
8.325057618585192387e-02
8.623926078674309936e-02
8.881675069696955138e-02
9.172999549673946373e-02
9.439359076851956687e-02
9.717021769348346827e-02
9.976569645117570884e-02
1.027927643676979225e-01
1.056825786740783757e-01
1.086868271762213567e-01
1.112544478017012950e-01
1.141188432063371533e-01
1.167171753155701874e-01
1.194358776535544980e-01
1.219170870857593098e-01
1.247793097328358525e-01
1.276293768341058010e-01
1.304594187767018354e-01
1.330286629225859163e-01
1.356067337523076677e-01
1.381645221536513535e-01
1.406806420757752141e-01
1.430314244617760799e-01
1.456831155750500373e-01
1.482436345359918473e-01
1.508796361827082766e-01
1.528816423785677170e-01
1.550899111196447078e-01
1.568304192441547507e-01
1.589540786665484540e-01
1.606175727598802006e-01
1.629199062084324412e-01
1.650700526258148115e-01
1.676890960079123194e-01
1.695975741052376251e-01
1.720421818995857277e-01
1.740507365334482137e-01
1.764723948914485585e-01
1.783033629627570338e-01
1.805336848061455945e-01
1.823718713093364363e-01
1.844529204322487292e-01
1.858136073386241760e-01
1.871939604393910717e-01
1.882327742277700722e-01
1.897340924586466970e-01
1.908174649581184656e-01
1.926576753102268169e-01
1.943243867632499233e-01
1.965244522812615857e-01
1.979235793717644687e-01
1.996052254743071186e-01
2.007216226774800605e-01
2.023822163446601929e-01
2.035470087940955686e-01
2.052214676578016095e-01
2.066776960438812816e-01
2.085751922636701061e-01
2.097616500444318688e-01
2.110003884662153828e-01
2.117949829323811928e-01
2.130354982410669340e-01
2.138734183145704626e-01
2.152436949241076092e-01
2.163710452891737246e-01
2.181179925946617193e-01
2.189742372447547880e-01
2.202465191871793015e-01
2.203426613662460287e-01
2.217899767295092583e-01
2.215902661109287186e-01
2.233457023352383997e-01
2.229878198998630767e-01
2.251964277906720047e-01
2.243835378350727827e-01
2.258329868310642030e-01
2.245099202886507439e-01
2.255606119955932964e-01
2.248132657124384259e-01
2.256728651989595713e-01
2.256281233013289478e-01
2.264102663439397922e-01
2.265976547694558974e-01
2.263358737148381261e-01
2.259601293246200626e-01
2.253984377823786411e-01
2.252856958599830928e-01
2.250027319727096464e-01
2.252817686520703078e-01
2.254312146570685016e-01
2.257127107929632337e-01
2.252338820666633656e-01
2.246130673573016601e-01
2.238024623582002548e-01
2.232650207496638395e-01
2.227183238321767955e-01
2.223667973853318547e-01
2.222062618109975352e-01
2.217836951789220745e-01
2.210347951201066252e-01
2.196050938291976840e-01
2.185084230805683092e-01
2.171658680781831385e-01
2.164882339947946932e-01
2.153861691574153747e-01
2.151232310369209366e-01
2.139724210283800721e-01
2.130836788381376135e-01
2.108287326344760459e-01
2.093168048364921208e-01
2.072544667481745206e-01
2.062116511115604789e-01
2.047890213976148177e-01
2.041969499174365321e-01
2.031355200404473538e-01
2.019023938365215598e-01
1.997639900737122054e-01
1.975780903972517155e-01
1.953364922922225522e-01
1.934293554270208326e-01
1.916047292301493177e-01
1.901126615821945032e-01
1.886245733141259096e-01
1.868046792194121009e-01
1.844807850903698032e-01
1.819304420495363728e-01
1.797712841365898817e-01
1.777443439054474938e-01
1.761721899635097510e-01
1.744402955320352444e-01
1.730026981534901476e-01
1.705633690694051963e-01
1.678174528886630934e-01
1.640467536200824195e-01
1.610061431480614702e-01
1.577233314952152798e-01
1.555015789937296000e-01
1.530129077653334391e-01
1.514569880301142868e-01
1.489730091195945183e-01
1.465426396456307456e-01
1.429915985952367463e-01
1.401334965158466950e-01
1.369289965795274788e-01
1.345455567423599896e-01
1.317337995092719705e-01
1.295583282585879292e-01
1.265111703021232492e-01
1.232427908930354837e-01
1.190217525206304638e-01
1.152502581435704831e-01
1.117343160207783653e-01
1.089351486078369013e-01
1.064848866345249057e-01
1.042891218213931187e-01
1.019081570703594258e-01
9.858185872586418264e-02
9.459889215122417594e-02
9.018762685362179121e-02
8.632885885360737366e-02
8.272601960189795989e-02
7.979676940441883526e-02
7.707326162640318334e-02
7.463014615725291345e-02
7.145710997385393282e-02
6.792396670028848227e-02
6.393232725710683295e-02
5.927955169969797988e-02
5.400157795260364380e-02
4.818781723959657953e-02
4.192768078445159585e-02
3.531057981094128800e-02
2.842592554283994433e-02
2.136312920392198500e-02
1.421160201795986129e-02
7.060755208727946541e-03
6.314393452555577824e-16
