0.000000000000000000e+00
-9.883841494995769181e-03
-1.989802545231639588e-02
-2.996740634688014812e-02
-4.001683865360526615e-02
-4.997117684741273630e-02
-5.975527540321991932e-02
-6.929398879594775296e-02
-7.851217150051448268e-02
-8.733467799183848579e-02
-9.568636274484053350e-02
-1.038207920824239933e-01
-1.123534058605999003e-01
-1.195236096101369438e-01
-1.263306636310609077e-01
-1.327286916834372887e-01
-1.400496888577702215e-01
-1.478852452142116192e-01
-1.568477022267034671e-01
-1.665066918561341203e-01
-1.762009233984506151e-01
-1.849924326605105751e-01
-1.926867559847010858e-01
-2.000491123903811175e-01
-2.077059872843080579e-01
-2.159629650391048927e-01
-2.250867558199695084e-01
-2.350416314474139678e-01
-2.452909314727177992e-01
-2.548042211004977742e-01
-2.633044677494567054e-01
-2.712245564727115421e-01
-2.793103883410175681e-01
-2.877209266075438365e-01
-2.968470647773928661e-01
-3.066145899733059843e-01
-3.168219026733585242e-01
-3.263337674411248557e-01
-3.348832698286443033e-01
-3.426081330814050308e-01
-3.503832182204814072e-01
-3.582637987361092513e-01
-3.667518822134934187e-01
-3.757312039544555837e-01
-3.853029539343358345e-01
-3.943220124466749188e-01
-4.024878467275664895e-01
-4.097698793904425152e-01
-4.169563861753041722e-01
-4.242570371875590829e-01
-4.319231973275068359e-01
-4.401487692799323503e-01
-4.488519289258768863e-01
-4.573393403022231740e-01
-4.648917208168519832e-01
-4.716212855390761738e-01
-4.779859269644596287e-01
-4.844415440507104931e-01
-4.909825118431363489e-01
-4.980124787164651456e-01
-5.053569882160371396e-01
-5.127326156706323301e-01
-5.190935496040202102e-01
-5.247915337359502219e-01
-5.298108700414694283e-01
-5.351166204001459592e-01
-5.401685940901945759e-01
-5.458755090108554642e-01
-5.516556861301429304e-01
-5.578171998562038159e-01
-5.629756380898051082e-01
-5.675756071550048798e-01
-5.714395539213504849e-01
-5.755000734910029614e-01
-5.793600382440565744e-01
-5.835970531181624565e-01
-5.880478733944419778e-01
-5.927115535542081259e-01
-5.967450303753761842e-01
-5.999123660481786580e-01
-6.025482220527311750e-01
-6.049709508899129284e-01
-6.074114392833900311e-01
-6.097842753113769110e-01
-6.125646926550957216e-01
-6.153429218082608898e-01
-6.179413114533075513e-01
-6.194673105121744072e-01
-6.208415425030486823e-01
-6.216237499349286377e-01
-6.229655334309552872e-01
-6.236230384482157607e-01
-6.253637589869445179e-01
-6.262815150769767136e-01
-6.282325360423901550e-01
-6.278869221605558604e-01
-6.287862000423707354e-01
-6.275242679004727764e-01
-6.282290724785610792e-01
-6.268833231839312514e-01
-6.273236541876051620e-01
-6.266736667919797776e-01
-6.265484022660650076e-01
-6.257268853116780827e-01
-6.237376816780169086e-01
-6.226760733693492700e-01
-6.201472214335088662e-01
-6.192521366727230525e-01
-6.167102290486649041e-01
-6.161550990721722521e-01
-6.139746057822007552e-01
-6.126934057977915238e-01
-6.096009589740544188e-01
-6.073560327246730894e-01
-6.041455644577112816e-01
-6.016648094111561873e-01
-5.983918814519491036e-01
-5.959450562161248133e-01
-5.930064457087698138e-01
-5.900076632106808772e-01
-5.862365171774605033e-01
-5.822693380071083391e-01
-5.784002972458623937e-01
-5.741688859250455579e-01
-5.701594071871457503e-01
-5.658990773072483105e-01
-5.622057332246336303e-01
-5.577024255520168783e-01
-5.532329825775851306e-01
-5.479823874432203645e-01
-5.431575680555583707e-01
-5.380641287651868332e-01
-5.332269900922990136e-01
-5.283690814605992436e-01
-5.240232251583389900e-01
-5.193927381950320665e-01
-5.142939609829032532e-01
-5.090315285461541883e-01
-5.037120133644603648e-01
-4.981633402959927404e-01
-4.924789779094972952e-01
-4.864857832784096336e-01
-4.806064739482476811e-01
-4.744828482820755977e-01
-4.680481929229319271e-01
-4.611170853635037092e-01
-4.544517408235631550e-01
-4.476901163599497635e-01
-4.409570834324971211e-01
-4.342397809599965464e-01
-4.278545646928789137e-01
-4.214270760436577001e-01
-4.147241047591401775e-01
-4.076912135862518771e-01
-4.005879552126147547e-01
-3.936700065267287330e-01
-3.864293261410594593e-01
-3.793869739370890337e-01
-3.721976493765604133e-01
-3.654286062451875261e-01
-3.579280619881406444e-01
-3.505042552582731119e-01
-3.425239458338501519e-01
-3.350539201133523326e-01
-3.269590444344613878e-01
-3.192089787476364848e-01
-3.111164873672834230e-01
-3.036100995470364383e-01
-2.954793275693953780e-01
-2.874282852482443196e-01
-2.790075339590812331e-01
-2.710076688767960595e-01
-2.627866782278066582e-01
-2.546141407795392553e-01
-2.465228227079054868e-01
-2.386652963803405914e-01
-2.307085269805729255e-01
-2.224081963529460637e-01
-2.139401788008527538e-01
-2.055938168173131464e-01
-1.970340104131392267e-01
-1.885017865437231821e-01
-1.797214504024493564e-01
-1.715152782997086955e-01
-1.628523380449301838e-01
-1.544173746341335474e-01
-1.453529082511076376e-01
-1.370207000971805367e-01
-1.282075025734067675e-01
-1.199008711657980342e-01
-1.110471646249945876e-01
-1.030710766729144301e-01
-9.449102389865982055e-02
-8.635040812518213205e-02
-7.730487609578538810e-02
-6.921205514807136916e-02
-6.029166281344482820e-02
-5.240018276129753544e-02
-4.332764445576654105e-02
-3.596424441166559682e-02
-2.744654249232554924e-02
-2.024482722368143098e-02
-1.150342796944508680e-02
-3.870185893586172883e-03
4.650639170190180340e-03
1.300576160396742925e-02
2.156176805113631592e-02
3.054860378130713761e-02
3.875737694117319110e-02
4.830933338209191658e-02
5.699226276504901212e-02
6.690220632910309773e-02
7.533871158476466989e-02
8.494714654355862982e-02
9.345039770188323658e-02
1.026689321548364536e-01
1.106420341414770109e-01
1.194260964205457881e-01
1.276087708346798355e-01
1.365453688334130333e-01
1.446748764868211468e-01
1.534834782137115550e-01
1.618689826174843360e-01
1.706553074394889791e-01
1.786654018954025314e-01
1.871229527392694048e-01
1.952968583361097132e-01
2.039607818754206325e-01
2.119812867177149618e-01
2.203502280322554019e-01
2.283479394095933313e-01
2.365576678603200367e-01
2.441276244200505652e-01
2.517897498997012096e-01
2.595824659193848860e-01
2.675295727999514872e-01
2.754606574277019271e-01
2.832993085497791386e-01
2.913507633269629138e-01
2.993633408493665549e-01
3.069879459363655805e-01
3.146122825324455530e-01
3.220828478937314276e-01
3.301508397944178386e-01
3.376126284724141335e-01
3.456035983391828048e-01
3.530241581354024438e-01
3.610859005336105598e-01
3.681339897537069250e-01
3.755142629082922623e-01
3.823062454332774585e-01
3.898010390308394579e-01
3.966004916915295553e-01
4.037539307783463149e-01
4.103926149636991094e-01
4.175305364081990378e-01
4.238589986487912853e-01
4.304339218761749630e-01
4.365189245582303257e-01
4.434917099735689039e-01
4.498122402286024446e-01
4.566930543002701848e-01
4.628036762961319495e-01
4.694689663825873938e-01
4.750810960311989684e-01
4.807652856678046316e-01
4.855920808897994378e-01
4.912509367107932290e-01
4.963295946606333664e-01
5.020594371392596011e-01
5.071731765307636586e-01
5.134376132838236462e-01
5.184417640986612730e-01
5.242785568209797908e-01
5.288043197460855493e-01
5.345026143428230903e-01
5.392613690726132392e-01
5.447067983873664643e-01
5.491443868144350038e-01
5.541282086882495239e-01
5.583427466311383647e-01
5.621950430158140222e-01
5.656155034871221954e-01
5.691785279171355239e-01
5.729482425195671080e-01
5.766223356887569818e-01
5.803907887940633614e-01
5.841451140412553533e-01
5.878025257726336994e-01
5.910316903756530627e-01
5.937302821328298563e-01
5.966972949469956378e-01
5.994980258950800556e-01
6.025375374315214971e-01
6.049561174654513040e-01
6.077143202648384035e-01
6.096472372909329529e-01
6.115819573410516963e-01
6.122806759836021406e-01
6.139261581451194161e-01
6.148156274223912643e-01
6.171941677252288372e-01
6.181076170195408670e-01
6.206551901841795837e-01
6.213830228053986993e-01
6.231276074335998505e-01
6.226784736872682524e-01
6.231970062920874076e-01
6.229867399392242655e-01
6.232458137189358371e-01
6.234644290699726810e-01
6.232447627948197733e-01
6.236384653822715229e-01
6.227174768279558625e-01
6.220936830000077800e-01
6.203633943271129603e-01
6.197729837258367791e-01
6.185743924797446613e-01
6.179896473744377339e-01
6.166931924208043370e-01
6.156249766479968688e-01
6.134484821440873148e-01
6.108923224565907528e-01
6.075505744495868221e-01
6.047922991564844697e-01
6.022773131234574473e-01
6.000280119786616240e-01
5.978164218284179876e-01
5.955108052448340183e-01
5.926931175939857965e-01
5.888911491061088466e-01
5.844400262931424006e-01
5.799947943306679177e-01
5.756199962887827981e-01
5.716410943797237687e-01
5.672186634944340611e-01
5.633104640778057171e-01
5.583543234621195506e-01
5.533735359434741596e-01
5.469892672058057626e-01
5.415425317988307174e-01
5.357763469265170997e-01
5.310386801160956738e-01
5.257437434045246771e-01
5.208745096454895362e-01
5.151856511553928319e-01
5.087585890002486178e-01
5.013887639687915065e-01
4.939315797194149260e-01
4.869677272497997533e-01
4.804722642393562393e-01
4.742458203921076088e-01
4.681673402536778439e-01
4.617416606711489124e-01
4.546413277488821625e-01
4.464123078883514006e-01
4.380629938734054152e-01
4.299998604128985602e-01
4.224339142946073045e-01
4.150341893056474496e-01
4.077366959965634252e-01
4.000929473773296996e-01
3.917036263681017982e-01
3.822431680467966997e-01
3.724717611931919192e-01
3.631078776031484434e-01
3.544841869403465573e-01
3.464936992776472824e-01
3.385959923577848141e-01
3.311746926785500977e-01
3.225360184763855775e-01
3.136423645643515723e-01
3.034491879656695534e-01
2.944553794479881637e-01
2.854487343780344744e-01
2.777554790680147878e-01
2.697905653578662744e-01
2.622898529202179474e-01
2.538070371033714911e-01
2.443664915425490802e-01
2.340539402631448274e-01
2.240375042507683767e-01
2.149110034874911757e-01
2.067095540293379941e-01
1.992236584390551790e-01
1.920916738524839351e-01
1.846544175618861361e-01
1.760712738591213022e-01
1.665380410177934312e-01
1.568337763808881347e-01
1.479513120430857587e-01
1.398199591030705735e-01
1.325889659838793977e-01
1.257483718023675590e-01
1.191193595868986627e-01
1.115503106868441507e-01
1.033399890954213585e-01
9.496268817197546508e-02
8.627093707006804058e-02
7.724791552045619236e-02
6.795080679808696011e-02
5.843679417791055458e-02
4.876306093487384891e-02
3.898679034392626974e-02
2.916516568001732007e-02
1.935537021809378283e-02
9.614587233105154063e-03
8.534839501805890905e-16
