0.000000000000000000e+00
-9.358622661026268913e-03
-1.865194496936439794e-02
-2.779660553390443656e-02
-3.670924296353650362e-02
-4.530649586715309457e-02
-5.350500285364358927e-02
-6.122140253190036518e-02
-6.837233351081356547e-02
-7.487443439927356226e-02
-8.064434380617237219e-02
-8.594799672212227737e-02
-9.153056683030091900e-02
-9.585923847087937655e-02
-9.993281988871578758e-02
-1.035865768636388407e-01
-1.080091191758250913e-01
-1.126963461202473149e-01
-1.182287933274270564e-01
-1.241649391933931368e-01
-1.300744738133275957e-01
-1.351373264294894738e-01
-1.393187607596478306e-01
-1.432054719697092859e-01
-1.473657709166231733e-01
-1.519431765968053683e-01
-1.571457272050501563e-01
-1.629075401663955258e-01
-1.687927008432464904e-01
-1.739972079486487300e-01
-1.783374055280401715e-01
-1.822282810654936025e-01
-1.863122941684065281e-01
-1.906376327337502563e-01
-1.955325093955322946e-01
-2.008035891380049731e-01
-2.063976624368495383e-01
-2.112710241535706301e-01
-2.154098794852430665e-01
-2.188707896950224385e-01
-2.225263400688962667e-01
-2.263054698091698513e-01
-2.306138392132567327e-01
-2.352716158434999816e-01
-2.403428275405044279e-01
-2.448743362643315269e-01
-2.487241671136159182e-01
-2.518292390872690079e-01
-2.550815400292223978e-01
-2.583612926015915190e-01
-2.621860136669350583e-01
-2.661630778483835558e-01
-2.708238244619398105e-01
-2.747973417398627549e-01
-2.785469428127153035e-01
-2.810535608166074839e-01
-2.841810674582108120e-01
-2.866926783520792332e-01
-2.903007232342379451e-01
-2.933710693834857830e-01
-2.975886508669723929e-01
-3.009026200211271096e-01
-3.041053909978304048e-01
-3.061769224468775530e-01
-3.083318349041502260e-01
-3.104905405375204541e-01
-3.128249944822755757e-01
-3.155670153435612413e-01
-3.184427223821991726e-01
-3.215545857662857054e-01
-3.238083741966418794e-01
-3.257057201444280570e-01
-3.270463482586242199e-01
-3.288495569893634674e-01
-3.304513210691464309e-01
-3.326233453215330371e-01
-3.347417245750675674e-01
-3.372577541127238510e-01
-3.389701925972415930e-01
-3.403388447620157575e-01
-3.410947272644568873e-01
-3.422124717644441372e-01
-3.431329080032516909e-01
-3.444527377626073195e-01
-3.456565965227837434e-01
-3.472714482962228622e-01
-3.480933078154033189e-01
-3.486644709019076638e-01
-3.484408083671338141e-01
-3.487336352308075815e-01
-3.486884238997375318e-01
-3.492282908434306554e-01
-3.495259405151328047e-01
-3.503810009677246762e-01
-3.506728121851468982e-01
-3.505667256910650065e-01
-3.500059949841640705e-01
-3.494604814847384056e-01
-3.490490113385082971e-01
-3.486786602010245040e-01
-3.483124238969672049e-01
-3.483963965690732301e-01
-3.477494210012966880e-01
-3.474396577534777930e-01
-3.455241251413339598e-01
-3.450409953863574075e-01
-3.430318105793397354e-01
-3.428011711217575641e-01
-3.409014575799539926e-01
-3.408450910970994285e-01
-3.392177385632986208e-01
-3.384379954276419133e-01
-3.362380924267270310e-01
-3.348285803913892966e-01
-3.329781331265064259e-01
-3.316440700425731802e-01
-3.299437834196419783e-01
-3.287604096521178354e-01
-3.271509432860046918e-01
-3.256219974443600451e-01
-3.231307522390572950e-01
-3.211125606585498726e-01
-3.186142204744988327e-01
-3.167483772105780804e-01
-3.142297905678673731e-01
-3.124672333984609973e-01
-3.102321467574640779e-01
-3.082498613123149100e-01
-3.055546878021455637e-01
-3.030316381227813882e-01
-3.004877266578563355e-01
-2.981521551492690714e-01
-2.957054970392121729e-01
-2.931624653343061215e-01
-2.907626645995808889e-01
-2.877352235777975720e-01
-2.843968640679773729e-01
-2.806415196131433198e-01
-2.772082715980636047e-01
-2.736443261828742646e-01
-2.703842835331224381e-01
-2.670353248126765555e-01
-2.641332697606724178e-01
-2.611355433352077204e-01
-2.580302728101329102e-01
-2.545679560887307846e-01
-2.514137792805004601e-01
-2.480676351718853756e-01
-2.447982462494281974e-01
-2.412275095770054778e-01
-2.379802348475758833e-01
-2.343808034235151938e-01
-2.307679648524267324e-01
-2.266026125963007676e-01
-2.228469891632334776e-01
-2.188096112902403190e-01
-2.151093147740963940e-01
-2.108269210963842899e-01
-2.071965140862670196e-01
-2.029405013480631570e-01
-1.991491987083179038e-01
-1.943377967125920480e-01
-1.903896022912995312e-01
-1.857372355153152910e-01
-1.818199414162196825e-01
-1.770017136386916601e-01
-1.729132813076105779e-01
-1.682876063517765863e-01
-1.639242131134382441e-01
-1.590280481264138290e-01
-1.543547967556654077e-01
-1.498508650402886055e-01
-1.453401432554159434e-01
-1.408710974669746818e-01
-1.363552611098092504e-01
-1.320751138188540896e-01
-1.276266035965228918e-01
-1.228522475124021740e-01
-1.181763556738701648e-01
-1.133421901149830879e-01
-1.088522473099092641e-01
-1.037572278773228190e-01
-9.914487384179306029e-02
-9.417637720550872671e-02
-8.968849234668466175e-02
-8.455388142928756123e-02
-7.982807267782300598e-02
-7.493551443300937309e-02
-7.047383541842068555e-02
-6.566582518522515177e-02
-6.107565102891075043e-02
-5.648462479051136187e-02
-5.198306788187358196e-02
-4.719680356093222673e-02
-4.222465541761345059e-02
-3.750416397349982944e-02
-3.254324536268436707e-02
-2.794061383113935135e-02
-2.263476135225321248e-02
-1.839491914997627361e-02
-1.348304622083506925e-02
-9.527304881883424253e-03
-4.650427685114030991e-03
-5.607436149409387137e-04
3.894322890753954512e-03
8.620457085528308167e-03
1.318567325360692211e-02
1.867608590840040203e-02
2.315857808363736697e-02
2.926099885310742485e-02
3.420421100428164968e-02
4.049614950188978185e-02
4.514817730036390503e-02
5.098235149397641053e-02
5.564992760236230768e-02
6.104969710276858530e-02
6.521879362843763239e-02
7.016159463874194202e-02
7.439945944016321255e-02
7.939998628768263345e-02
8.356643876791783332e-02
8.851867586689143863e-02
9.300065860908600379e-02
9.797233924816831085e-02
1.022171341570787262e-01
1.067393518521686790e-01
1.111310684901568313e-01
1.156392889994893730e-01
1.199495621281636420e-01
1.243049952351824167e-01
1.288206392858071980e-01
1.333877756655657554e-01
1.376668083798485431e-01
1.420033411906631016e-01
1.462844561835021095e-01
1.508924137420651346e-01
1.550811295122760114e-01
1.595523481258354914e-01
1.638669817763329095e-01
1.684021087217040247e-01
1.724747361747492325e-01
1.764263238518518906e-01
1.804062474960582696e-01
1.843794427741719810e-01
1.884040401913553153e-01
1.922244432770228162e-01
1.964310041965623699e-01
2.005283191823714617e-01
2.045961597784781150e-01
2.082478716083092651e-01
2.120693951420723200e-01
2.157923752410163543e-01
2.196023503893304585e-01
2.230748984294014248e-01
2.269115483189035054e-01
2.304659003674965900e-01
2.341338554817511408e-01
2.370730452545156131e-01
2.403331416438590773e-01
2.433909121556760979e-01
2.467329380043138121e-01
2.498228904749637824e-01
2.532497529830061156e-01
2.567166517642971990e-01
2.601635700394715478e-01
2.633912113519608633e-01
2.665347535432163184e-01
2.698377881327859718e-01
2.731759496153952638e-01
2.762435621694868670e-01
2.793699784207200887e-01
2.824775949898035154e-01
2.853915773120998534e-01
2.876928891852148507e-01
2.899779280996417352e-01
2.920817729650995731e-01
2.945255384872569326e-01
2.968595482242047945e-01
2.994959836538142461e-01
3.021114936083846292e-01
3.049316158173978608e-01
3.070414018009033352e-01
3.091209670174410173e-01
3.110152191432472013e-01
3.132104462291351865e-01
3.151302775356469854e-01
3.172690917039698300e-01
3.193466327080752287e-01
3.214434452201804793e-01
3.230766603428578687e-01
3.243487322126334949e-01
3.257154674808303563e-01
3.271177761262039629e-01
3.288645085490476960e-01
3.303447331140810239e-01
3.325251833989538164e-01
3.341575991415298708e-01
3.360810974599522938e-01
3.368707847086342966e-01
3.381799663603221040e-01
3.391189306355607558e-01
3.401765622831118274e-01
3.413989496459425288e-01
3.419341326181123963e-01
3.435596973746637417e-01
3.430843472782499903e-01
3.441218448960826626e-01
3.427338888856922283e-01
3.439774946124984911e-01
3.431859683606365841e-01
3.445688830203247344e-01
3.444558590014925592e-01
3.457100029739692548e-01
3.456534346459497753e-01
3.455939268149383348e-01
3.448515136934998115e-01
3.444079582449794397e-01
3.438907539298931559e-01
3.435126015336253391e-01
3.430614823359024457e-01
3.426885641436043239e-01
3.419018058237165425e-01
3.404867208190697214e-01
3.387651701793756298e-01
3.371185243058162362e-01
3.359712069282101976e-01
3.348894506287152795e-01
3.341217704049876946e-01
3.335272146895244538e-01
3.324702373974192104e-01
3.311199689506536536e-01
3.287841863879315540e-01
3.271263119658693874e-01
3.250086194389444350e-01
3.239576776020975379e-01
3.221931507789807525e-01
3.214661988287906835e-01
3.196197669294851829e-01
3.179687585303510033e-01
3.148071333317460363e-01
3.124437003410135971e-01
3.094177944567815808e-01
3.074859540166208771e-01
3.047914061173406242e-01
3.029773417918442124e-01
3.002899629456918240e-01
2.974605059243383698e-01
2.935840172226767963e-01
2.898678943863454704e-01
2.863853944870501933e-01
2.833760024250125964e-01
2.806811524249521184e-01
2.782087670561041448e-01
2.756400686264208200e-01
2.726047531131297053e-01
2.685943713817165457e-01
2.645920319082741834e-01
2.605394938740335786e-01
2.572520566048644985e-01
2.537389182173052093e-01
2.509199326910105943e-01
2.474512404375243946e-01
2.439344868692787660e-01
2.390747985391103447e-01
2.343445865315771093e-01
2.295572615760529678e-01
2.256621590349769946e-01
2.220456758232786654e-01
2.187919228281672845e-01
2.157382102099151544e-01
2.118943259296177384e-01
2.075015070244310422e-01
2.020396567456136105e-01
1.971190709171945499e-01
1.921772388620090755e-01
1.880306445657445036e-01
1.837426458345272906e-01
1.799536669789918997e-01
1.753475864042354782e-01
1.702089356635614337e-01
1.641411644988808038e-01
1.585111695743853244e-01
1.533315252963116659e-01
1.490405181236869880e-01
1.451133634072782341e-01
1.415569806162378930e-01
1.376110000535915312e-01
1.327376094531308726e-01
1.268606184795816605e-01
1.208223410308682799e-01
1.151989474007553693e-01
1.101233449993762048e-01
1.056794519023750017e-01
1.014773840361365420e-01
9.756857016599947141e-02
9.266112778145055295e-02
8.757754707347724377e-02
8.168591353964385626e-02
7.508513138196709624e-02
6.793052927661435980e-02
6.029913893760574517e-02
5.226799207896404287e-02
4.391412041470924010e-02
3.531455565886348208e-02
2.654632952544895910e-02
1.768647372848553001e-02
8.812019981995395518e-03
7.892991815694472280e-16
