-2.355165744674450252e+02
-2.323768495064921353e+02
-2.292371687200878796e+02
-2.260973854634466989e+02
-2.229574033420105934e+02
-2.198173672191451260e+02
-2.166773491565262475e+02
-2.135373234214214335e+02
-2.103973113505061860e+02
-2.072572880458760096e+02
-2.041172347751491998e+02
-2.009771346077615704e+02
-1.978370543014458462e+02
-1.946971075318572275e+02
-1.915571113310547275e+02
-1.884171597703522707e+02
-1.852772054319080439e+02
-1.821372318367563707e+02
-1.789971993059484134e+02
-1.758571368951710951e+02
-1.727170756295785736e+02
-1.695769689145093082e+02
-1.664368776238193846e+02
-1.632967769282738288e+02
-1.601566722616153129e+02
-1.570165508927655651e+02
-1.538764210349898462e+02
-1.507362985499875663e+02
-1.475961553803257686e+02
-1.444560259290483657e+02
-1.413158598506151975e+02
-1.381757053854034325e+02
-1.350355474989820266e+02
-1.318953787682311827e+02
-1.287552019640490357e+02
-1.256150401367494993e+02
-1.224748539013796176e+02
-1.193346810857806304e+02
-1.161944765462459941e+02
-1.130542578173459844e+02
-1.099140825230422394e+02
-1.067738451793138950e+02
-1.036336441866962446e+02
-1.004934297792595430e+02
-9.735318425308116730e+01
-9.421293520931310184e+01
-9.107269912828117242e+01
-8.793243515676378763e+01
-8.479216729212794235e+01
-8.165185208389834770e+01
-7.851154870714637468e+01
-7.537120933897696773e+01
-7.223083356160564961e+01
-6.909043331240330588e+01
-6.595001271555989319e+01
-6.280957028493153871e+01
-5.966920683865857455e+01
-5.652876553586888519e+01
-5.338834536481269311e+01
-5.024799181623011179e+01
-4.710760332751317492e+01
-4.396721021571980259e+01
-4.082673701878358941e+01
-3.768624267772899827e+01
-3.454566308265869878e+01
-3.140498101197385949e+01
-2.826411657897133267e+01
-2.512293454204575482e+01
-2.198119713687118093e+01
-1.883830405548586384e+01
-1.569257493887569588e+01
-1.253865304265495340e+01
-9.355035541312471281e+00
-6.037653907545207588e+00
-2.055033229475522916e+00
2.054171113317340591e+00
6.035264639565530054e+00
9.353017352476513224e+00
1.253672055529533225e+01
1.569034321832966583e+01
1.883585418369295184e+01
2.197890157029765490e+01
2.512064568445609680e+01
2.826173219721518137e+01
3.140257267786257245e+01
3.454362644086412359e+01
3.768367321827459904e+01
4.082398765006166741e+01
4.396455097027384795e+01
4.710421349620112608e+01
5.024457149863473404e+01
5.338523068428431628e+01
5.652530369552933820e+01
5.966551714796057837e+01
6.280601243793950061e+01
6.594610776268027053e+01
6.908614495339355699e+01
7.222636568190945638e+01
7.536619047546278694e+01
7.850639838330448583e+01
8.164585128471318853e+01
8.478612976179114469e+01
8.792640961560027790e+01
9.106668557132759645e+01
9.420696672122113569e+01
9.735023590142429839e+01
1.004906265537237431e+02
1.036309847520468566e+02
1.067713055653645284e+02
1.099115908948169391e+02
1.130517542212630815e+02
1.161920088830509172e+02
1.193321655142924129e+02
1.224724102081707997e+02
1.256125724974601070e+02
1.287527822293456268e+02
1.318929351005270121e+02
1.350331038563612935e+02
1.381732138199082840e+02
1.413133682988274131e+02
1.444534400907713518e+02
1.475898808493601280e+02
1.507314341645032698e+02
1.538714869956422433e+02
1.570102021740855491e+02
1.601517837655696894e+02
1.632920345543089979e+02
1.664305049959333473e+02
1.695722719642030825e+02
1.727125235611020742e+02
1.758527782268090505e+02
1.789905417575704121e+02
1.821306196039378733e+02
1.852708087120247740e+02
1.884109787508654676e+02
1.915510980378313093e+02
1.946912619288545727e+02
1.978314243310572920e+02
2.009715286150847646e+02
2.041116527340584526e+02
2.072517778785348526e+02
2.103918970308845360e+02
2.135320049501263497e+02
2.166721025714820428e+02
2.198121925156208079e+02
2.229522765612738908e+02
2.260923545211877581e+02
2.292324252718413504e+02
2.323724893749951548e+02
2.355125497330786857e+02
