-2.355167900463366095e+02
-2.323771799717907811e+02
-2.292375087015605004e+02
-2.260975913600246372e+02
-2.229575443960053178e+02
-2.198175275832313389e+02
-2.166775043824972613e+02
-2.135374919546155752e+02
-2.103975100841174992e+02
-2.072574730952286473e+02
-2.041173862813537880e+02
-2.009773428836114988e+02
-1.978373915976281694e+02
-1.946974360332018250e+02
-1.915574964132227933e+02
-1.884175472946830610e+02
-1.852775897817276984e+02
-1.821375296630632192e+02
-1.789974482892556580e+02
-1.758573780698808093e+02
-1.727172882370026059e+02
-1.695771805479166119e+02
-1.664370857760466151e+02
-1.632969822447147976e+02
-1.601568658083137109e+02
-1.570167516469099951e+02
-1.538766420726595356e+02
-1.507364961571362585e+02
-1.475963780885242613e+02
-1.444562004158639184e+02
-1.413160437288410662e+02
-1.381758939375454247e+02
-1.350357158885828994e+02
-1.318955634458172881e+02
-1.287553810925214179e+02
-1.256151974394710464e+02
-1.224750286425218775e+02
-1.193348369785236827e+02
-1.161946290242802604e+02
-1.130544511789200044e+02
-1.099142283314775881e+02
-1.067740333489951752e+02
-1.036338014010185731e+02
-1.004935900003595464e+02
-9.735335824455390252e+01
-9.421311829419948936e+01
-9.107286304038835567e+01
-8.793260523822104346e+01
-8.479229731927458147e+01
-8.165200233921035533e+01
-7.851168788697857792e+01
-7.537135793380609528e+01
-7.223098525403555925e+01
-6.909057240616854756e+01
-6.595013098587679679e+01
-6.280973789046228006e+01
-5.966930767171415084e+01
-5.652887172921583669e+01
-5.338843810873497375e+01
-5.024801110911299418e+01
-4.710756288947327164e+01
-4.396713579346423728e+01
-4.082663980645565971e+01
-3.768607748916542732e+01
-3.454540556101562743e+01
-3.140457793663981079e+01
-2.826347797938423767e+01
-2.512191661530162179e+01
-2.197944514820749617e+01
-1.883511030209248460e+01
-1.568610796447441658e+01
-1.252326923487189347e+01
-9.310594436800327500e+00
-5.895917020995124602e+00
-1.617663526848292843e+00
1.617207736499175041e+00
5.894478425970147484e+00
9.308606942893142389e+00
1.252099091187610824e+01
1.568351063301295412e+01
1.883269172873383823e+01
2.197645956761652286e+01
2.511905478885834953e+01
2.826094942756048667e+01
3.140194791863550705e+01
3.454288952556574088e+01
3.768350181178848146e+01
4.082380063093521017e+01
4.396428468808176149e+01
4.710448413888072849e+01
5.024502848501530394e+01
5.338461702665263431e+01
5.652510977705503592e+01
5.966597716010238628e+01
6.280622805493307226e+01
6.594639374755345784e+01
6.908632003683720768e+01
7.222657680593810881e+01
7.536700944843460093e+01
7.850718386271562110e+01
8.164735455968516931e+01
8.478752974803899178e+01
8.792769418325187303e+01
9.106756865172887672e+01
9.420775199514866927e+01
9.734765656361656738e+01
1.004878401619828310e+02
1.036280276596224894e+02
1.067681400465922081e+02
1.099080715109157040e+02
1.130481866302544773e+02
1.161880410753023227e+02
1.193281524592544827e+02
1.224687262158825263e+02
1.256100707796766329e+02
1.287487225051056612e+02
1.318888789278059335e+02
1.350293910965607438e+02
1.381692085011719371e+02
1.413109404675494716e+02
1.444499245094638979e+02
1.475902916980390671e+02
1.507314642682839292e+02
1.538716116133433616e+02
1.570110018473100411e+02
1.601519299479603262e+02
1.632920949040256744e+02
1.664322463899829927e+02
1.695723890643279219e+02
1.727125465168930134e+02
1.758502147931960167e+02
1.789928484839742850e+02
1.821304890140669954e+02
1.852706182124920815e+02
1.884107434425223175e+02
1.915508602814101948e+02
1.946909676213384444e+02
1.978310669411325193e+02
2.009711619735980435e+02
2.041112532956095436e+02
2.072513401168275209e+02
2.103914250197591400e+02
2.135315027452753611e+02
2.166715631254545258e+02
2.198116102941961003e+02
2.229516510762991288e+02
2.260916980045545870e+02
2.292318069831886760e+02
2.323718136864106896e+02
2.355118549874167115e+02
